6.126431699999999869e-02 5.916677167705171048e-01
6.746437800000000540e-02 5.919291688287467990e-01
7.366443899999999823e-02 5.922157200834677893e-01
7.986490799999999834e-02 5.925289424287445428e-01
8.606497000000000452e-02 5.928711053494306604e-01
9.226543900000000464e-02 5.932454373044623308e-01
9.846549999999999747e-02 5.936560451586713194e-01
1.046659699999999971e-01 5.941081945403670073e-01
1.108660300000000043e-01 5.946081497583025621e-01
1.170665000000000039e-01 5.951634424402092449e-01
1.232665599999999972e-01 5.957825968118802828e-01
1.294666200000000045e-01 5.964753290852132794e-01
1.356670899999999902e-01 5.972523668318728829e-01
1.418671499999999974e-01 5.981251349622884739e-01
1.480676200000000109e-01 5.991059489536507687e-01
1.542676799999999904e-01 6.002073253112573115e-01
1.604681500000000038e-01 6.014422448000982246e-01
1.666682100000000111e-01 6.028232795095461727e-01
1.728686799999999968e-01 6.043629477343854806e-01
1.790687400000000040e-01 6.060726738516049039e-01
1.852688100000000060e-01 6.079631826005931217e-01
1.914692699999999970e-01 6.100439588971994231e-01
1.976693399999999989e-01 6.123225803078607976e-01
2.038697999999999899e-01 6.148054705606603720e-01
2.100698699999999919e-01 6.174966133375068278e-01
2.162703400000000054e-01 6.203987276257700856e-01
2.224704000000000126e-01 6.235118669478861841e-01
2.286704599999999921e-01 6.268347417881219297e-01
2.348709300000000055e-01 6.303642957680749559e-01
2.410709900000000128e-01 6.340950720387241724e-01
2.472714599999999985e-01 6.380210431934929538e-01
2.534715200000000057e-01 6.421338275335052304e-01
2.596719900000000192e-01 6.464249664778989324e-01
2.658720500000000264e-01 6.508839606613304740e-01
2.720725199999999844e-01 6.555007441751193875e-01
2.782725799999999916e-01 6.602635279688182646e-01
2.844726399999999988e-01 6.651610964115320934e-01
2.906731100000000123e-01 6.701821006681301096e-01
2.968731700000000195e-01 6.753141728954951128e-01
3.030736399999999775e-01 6.805463990395793639e-01
3.092736999999999847e-01 6.858667181900161003e-01
3.154741699999999982e-01 6.912647785384853361e-01
3.216742300000000054e-01 6.967291998271351039e-01
3.278747000000000189e-01 7.022504825843948195e-01
3.340747600000000261e-01 7.078181623035276759e-01
3.402752299999999841e-01 7.134237553849056557e-01
3.464752899999999913e-01 7.190578325947944993e-01
3.526753499999999986e-01 7.247126125269104380e-01
3.588758200000000120e-01 7.303808515942631363e-01
3.650758800000000193e-01 7.360547008813680403e-01
3.712763499999999772e-01 7.417283110065472362e-01
3.774764199999999792e-01 7.473948159189849338e-01
3.836768799999999979e-01 7.530492559235059113e-01
3.898769499999999999e-01 7.586856474848744369e-01
3.960770100000000071e-01 7.642994373565781263e-01
4.022774800000000206e-01 7.698864353839682817e-01
4.084763100000000091e-01 7.754405291159934821e-01
4.146780099999999858e-01 7.809617280923459859e-01
4.208797000000000232e-01 7.864436373552974313e-01
4.270773099999999878e-01 7.918790773831488883e-01
4.332790100000000200e-01 7.972717405922334910e-01
4.394807000000000019e-01 8.026146653066551506e-01
4.456783100000000220e-01 8.079011471525576749e-01
4.518800000000000039e-01 8.131349799944547208e-01
4.580776200000000187e-01 8.183061920857981342e-01
4.642793100000000006e-01 8.234185420141190148e-01
4.704809999999999826e-01 8.284656395474515600e-01
4.766786199999999973e-01 8.334413281308882260e-01
4.828803099999999793e-01 8.383493008637205035e-01
4.890820000000000167e-01 8.431835016066896449e-01
4.952796199999999760e-01 8.479381571656152694e-01
5.014813099999999579e-01 8.526169402690080279e-01
5.076829999999999954e-01 8.572142471877848280e-01
5.138806200000000102e-01 8.617248202319747197e-01
5.200823100000000476e-01 8.661524080469785725e-01
5.262839999999999741e-01 8.704920043097954530e-01
5.324816199999999888e-01 8.747390058324051587e-01
5.386833100000000263e-01 8.788973303156487615e-01
5.448849999999999527e-01 8.829626890358767133e-01
5.510826199999999675e-01 8.869312347117859208e-01
5.572843100000000049e-01 8.908071101396763947e-01
5.634819300000000197e-01 8.945843640654070894e-01
5.696836199999999462e-01 8.982672986977353613e-01
5.758853099999999836e-01 9.018529484230870530e-01
5.820829299999999984e-01 9.053388072818018273e-01
5.882846200000000358e-01 9.087294074480541939e-01
5.944863099999999623e-01 9.120225817138222224e-01
6.006839200000000378e-01 9.152166108134814904e-01
6.068856200000000145e-01 9.183162511622406932e-01
6.130873100000000520e-01 9.213200967026470289e-01
6.192849200000000165e-01 9.242271975996600997e-01
6.254866199999999932e-01 9.270424997131890832e-01
6.316883100000000306e-01 9.297653468389575071e-01
6.378859199999999952e-01 9.323955191677936183e-01
6.440876100000000326e-01 9.349381314200575499e-01
6.502852300000000474e-01 9.373916614904930222e-01
6.564869199999999738e-01 9.397613150973272989e-01
6.626886100000000113e-01 9.420475899535675213e-01
6.688862300000000261e-01 9.442513443545669238e-01
6.750879199999999525e-01 9.463778791489941833e-01
6.812896099999999899e-01 9.484282407435212781e-01
6.874872300000000047e-01 9.504037690102400404e-01
6.936889200000000422e-01 9.523097434741601974e-01
6.998906099999999686e-01 9.541475788008320080e-01
7.060882299999999834e-01 9.559188930931790118e-01
7.122899200000000208e-01 9.576287702439137961e-01
7.184916099999999473e-01 9.592787564811028345e-01
7.246892299999999620e-01 9.608705002458703959e-01
7.308909199999999995e-01 9.624086853852981127e-01
7.370885400000000143e-01 9.638937790439036091e-01
7.432902300000000517e-01 9.653300933876879375e-01
7.494919199999999782e-01 9.667188541329903018e-01
7.556895399999999929e-01 9.680612524167351296e-01
7.618912300000000304e-01 9.693609389166519819e-01
7.680929199999999568e-01 9.706187312132646960e-01
7.742905300000000324e-01 9.718353803027151017e-01
7.804922300000000090e-01 9.730138583459624346e-01
7.866939200000000465e-01 9.741545567264633387e-01
7.928915300000000110e-01 9.752578266167498677e-01
7.990932299999999877e-01 9.763260583039951035e-01
8.052949200000000252e-01 9.773593409334526694e-01
8.114925299999999897e-01 9.783577791256909961e-01
8.176942200000000271e-01 9.793233796315476969e-01
8.238959200000000038e-01 9.802561371305615889e-01
8.300935299999999684e-01 9.811561223306225488e-01
8.362952200000000058e-01 9.820251945209096389e-01
8.424928400000000206e-01 9.828629218882711793e-01
8.486945299999999470e-01 9.836711712580531453e-01
8.548962199999999845e-01 9.844502183673737861e-01
8.610938399999999993e-01 9.852004932159242889e-01
8.672955300000000367e-01 9.859239759009887916e-01
8.734972199999999631e-01 9.866212401963732059e-01
8.796948399999999779e-01 9.872930029340111213e-01
8.858965300000000154e-01 9.879413593262654780e-01
8.920982200000000528e-01 9.885671223000197516e-01
8.982958399999999566e-01 9.891711941416339027e-01
9.044975299999999940e-01 9.897556686873121290e-01
9.106992200000000315e-01 9.903214294277403740e-01
9.168968400000000463e-01 9.908693711432532414e-01
9.230985299999999727e-01 9.914014006895373043e-01
9.292961499999999875e-01 9.919179226356462653e-01
9.354978400000000249e-01 9.924206162124240560e-01
9.416995299999999514e-01 9.929100192337027009e-01
9.478971499999999661e-01 9.933865726683743791e-01
9.540988400000000036e-01 9.938515123617378544e-01
9.603005300000000410e-01 9.943049890744615205e-01
9.664981400000000056e-01 9.947470428581492996e-01
9.726998399999999823e-01 9.951784507546845848e-01
9.789015300000000197e-01 9.955989900691813999e-01
9.850991399999999842e-01 9.960083638954595475e-01
9.913008399999999609e-01 9.964069946991068738e-01
9.975025299999999984e-01 9.967944275006845878e-01
1.003700100000000095e+00 9.971701968332895571e-01
1.009901799999999961e+00 9.975345678397339322e-01
1.016099499999999933e+00 9.978868368796587340e-01
1.022301099999999963e+00 9.982272597199153275e-01
1.028502800000000050e+00 9.985554756562187162e-01
1.034700500000000023e+00 9.988712100298695606e-01
1.040902100000000052e+00 9.991748819929774372e-01
1.047103799999999918e+00 9.994664061040605674e-01
1.053301400000000054e+00 9.997458111005815828e-01
1.059503099999999920e+00 1.000013784850579013e+00
1.065704800000000008e+00 1.000270557644844072e+00
1.071902399999999922e+00 1.000516482647352712e+00
1.078104100000000010e+00 1.000752479461491484e+00
1.084305800000000097e+00 1.000979043859524076e+00
1.090503400000000012e+00 1.001196746367778889e+00
1.096705100000000099e+00 1.001406616770890379e+00
1.102906799999999965e+00 1.001609259974931776e+00
1.109104400000000101e+00 1.001805288515743131e+00
1.115306099999999967e+00 1.001995669608890083e+00
1.121503799999999940e+00 1.002180810722121507e+00
1.127705399999999969e+00 1.002361536915278961e+00
1.133907100000000057e+00 1.002538240351699139e+00
1.140104800000000029e+00 1.002711222543459346e+00
1.146306400000000059e+00 1.002881019837452037e+00
1.152508099999999924e+00 1.003047739138852590e+00
1.158705799999999897e+00 1.003211386798147808e+00
1.164907399999999926e+00 1.003372190104218298e+00
1.171109100000000014e+00 1.003529979922150650e+00
1.177306799999999987e+00 1.003684512623357117e+00
1.183508400000000016e+00 1.003835782771344887e+00
1.189710100000000104e+00 1.003983447671068285e+00
1.195907800000000076e+00 1.004127139540746949e+00
1.202109400000000106e+00 1.004266758257786885e+00
1.208307100000000078e+00 1.004401852432120545e+00
1.214508799999999944e+00 1.004532341391802808e+00
1.220710399999999973e+00 1.004657919086749063e+00
1.226908099999999946e+00 1.004778347602557353e+00
1.233109800000000034e+00 1.004893673372939000e+00
1.239311400000000063e+00 1.005003773698500691e+00
1.245509100000000036e+00 1.005108613460486966e+00
1.251710799999999901e+00 1.005208422781669553e+00
1.257912399999999931e+00 1.005303294292442473e+00
1.264110099999999903e+00 1.005393399324921333e+00
1.270311799999999991e+00 1.005479131190864184e+00
1.276513400000000020e+00 1.005560751659491325e+00
1.282711099999999993e+00 1.005638569606440491e+00
1.288912700000000022e+00 1.005713058334419152e+00
1.295110399999999995e+00 1.005784506556503866e+00
1.301312100000000083e+00 1.005853382552576392e+00
1.307513699999999890e+00 1.005919998045934793e+00
1.313711400000000085e+00 1.005984645050626680e+00
1.319913099999999950e+00 1.006047698456682848e+00
1.326114699999999980e+00 1.006109361633420018e+00
1.332312399999999952e+00 1.006169793001134183e+00
1.338514100000000040e+00 1.006229209766058563e+00
1.344715700000000069e+00 1.006287656203255887e+00
1.350913400000000042e+00 1.006345127649458826e+00
1.357115099999999908e+00 1.006401676762981978e+00
1.363316699999999937e+00 1.006457199213707909e+00
1.369514399999999910e+00 1.006511557494959463e+00
1.375716099999999997e+00 1.006564685883270638e+00
1.381913699999999912e+00 1.006616358610791240e+00
1.388115399999999999e+00 1.006666475180858278e+00
1.394317100000000087e+00 1.006714828851031474e+00
1.400514700000000001e+00 1.006761223224438506e+00
1.406716400000000089e+00 1.006805567141519697e+00
1.412918099999999955e+00 1.006847697405282904e+00
1.419115700000000091e+00 1.006887483193561916e+00
1.425317399999999957e+00 1.006924902821288326e+00
1.431519100000000044e+00 1.006959888613755405e+00
1.437716699999999959e+00 1.006992414423872662e+00
1.443918400000000046e+00 1.007022552840557861e+00
1.450120099999999912e+00 1.007050344599262459e+00
1.456317700000000048e+00 1.007075867341667985e+00
1.462519399999999914e+00 1.007099275522462811e+00
1.468721100000000002e+00 1.007120694602423372e+00
1.474918699999999916e+00 1.007140272399100311e+00
1.481120400000000004e+00 1.007158206492684727e+00
1.487317999999999918e+00 1.007174650611429856e+00
1.493519700000000006e+00 1.007189804521649856e+00
1.499721400000000093e+00 1.007203830225688712e+00
1.505919000000000008e+00 1.007216883315955158e+00
1.512120700000000095e+00 1.007229131536723665e+00
1.518322399999999961e+00 1.007240699908883430e+00
1.524520000000000097e+00 1.007251696292097431e+00
1.530721699999999963e+00 1.007262229640024431e+00
1.536923400000000051e+00 1.007272365747611476e+00
1.543120999999999965e+00 1.007282150355182093e+00
1.549322700000000053e+00 1.007291628147269247e+00
1.555524399999999918e+00 1.007300805320100023e+00
1.561722000000000055e+00 1.007309671758146230e+00
1.567923699999999920e+00 1.007318219922754166e+00
1.574121300000000057e+00 1.007326406777704575e+00
1.580322999999999922e+00 1.007334201435555299e+00
1.586524700000000010e+00 1.007341549190502672e+00
1.592722299999999924e+00 1.007348391548880340e+00
1.598924000000000012e+00 1.007354680765953248e+00
1.605125700000000100e+00 1.007360354712719008e+00
1.611323300000000014e+00 1.007365354126007473e+00
1.617525000000000102e+00 1.007369632290298744e+00
1.623726699999999967e+00 1.007373136481416243e+00
1.629924300000000104e+00 1.007375821293794882e+00
1.636125999999999969e+00 1.007377652570721205e+00
1.642327700000000057e+00 1.007378597432376122e+00
1.648525299999999971e+00 1.007378632809420971e+00
1.654727000000000059e+00 1.007377743338049303e+00
1.660924599999999973e+00 1.007375923075049418e+00
1.667126300000000061e+00 1.007373171046262783e+00
1.673327999999999927e+00 1.007369498343002379e+00
1.679525600000000063e+00 1.007364927352764505e+00
1.685727299999999929e+00 1.007359479969622162e+00
1.691929000000000016e+00 1.007353195657981981e+00
1.698126599999999931e+00 1.007346124607176652e+00
1.704328300000000018e+00 1.007338310780539370e+00
1.710530000000000106e+00 1.007329819391656223e+00
1.716727600000000020e+00 1.007320724004313384e+00
1.722929300000000108e+00 1.007311085344542612e+00
1.729130999999999974e+00 1.007300986091284489e+00
1.735328600000000110e+00 1.007290512562224016e+00
1.741530299999999976e+00 1.007279730703843246e+00
1.747732000000000063e+00 1.007268725701860657e+00
1.753929599999999978e+00 1.007257579693709992e+00
1.760131300000000065e+00 1.007246346756256905e+00
1.766328899999999980e+00 1.007235102450182218e+00
1.772530600000000067e+00 1.007223882520365432e+00
1.778732299999999933e+00 1.007212733048385767e+00
1.784929900000000069e+00 1.007201686390064355e+00
1.791131599999999935e+00 1.007190738305085320e+00
1.797333300000000023e+00 1.007179891150730144e+00
1.803530899999999937e+00 1.007169131550841312e+00
1.809732600000000025e+00 1.007158409793829978e+00
1.815934299999999890e+00 1.007147683571326446e+00
1.822131900000000027e+00 1.007136898304104244e+00
1.828333599999999892e+00 1.007125967923568011e+00
1.834535299999999980e+00 1.007114820310263115e+00
1.840732899999999894e+00 1.007103379637100060e+00
1.846934599999999982e+00 1.007091546401005067e+00
1.853132199999999896e+00 1.007079254602235574e+00
1.859333899999999984e+00 1.007066412473963890e+00
1.865535600000000072e+00 1.007052962097755522e+00
1.871733199999999986e+00 1.007038859972464007e+00
1.877934900000000074e+00 1.007024049977605973e+00
1.884136599999999939e+00 1.007008521518248934e+00
1.890334200000000076e+00 1.006992285209971749e+00
1.896535899999999941e+00 1.006975339344720277e+00
1.902737600000000029e+00 1.006957734366937585e+00
1.908935199999999943e+00 1.006939541777672753e+00
1.915136900000000031e+00 1.006920814446617518e+00
1.921338599999999897e+00 1.006901656483133012e+00
1.927536200000000033e+00 1.006882185285419951e+00
1.933737899999999899e+00 1.006862487920990867e+00
1.939935500000000035e+00 1.006842707461150344e+00
1.946137199999999901e+00 1.006822934730035257e+00
1.952338899999999988e+00 1.006803295183384517e+00
1.958536499999999902e+00 1.006783904823837617e+00
1.964738199999999990e+00 1.006764827958791075e+00
1.970939900000000078e+00 1.006746150584005406e+00
1.977137499999999992e+00 1.006727937706920484e+00
1.983339200000000080e+00 1.006710196141103797e+00
1.989540899999999946e+00 1.006692945496389102e+00
1.995738500000000082e+00 1.006676180228835094e+00
2.001940199999999948e+00 1.006659838438356047e+00
2.008141900000000035e+00 1.006643869979971351e+00
2.014339500000000172e+00 1.006628204609908650e+00
2.020541199999999815e+00 1.006612725309369960e+00
2.026742899999999903e+00 1.006597334355656903e+00
2.032940500000000039e+00 1.006581926456958653e+00
2.039142200000000127e+00 1.006566363219763671e+00
2.045339799999999819e+00 1.006550549661795690e+00
2.051541499999999907e+00 1.006534356343888215e+00
2.057743199999999995e+00 1.006517696711368925e+00
2.063940800000000131e+00 1.006500501112824297e+00
2.070142500000000219e+00 1.006482684685103823e+00
2.076344199999999862e+00 1.006464218153058754e+00
2.082541799999999999e+00 1.006445097336894356e+00
2.088743500000000086e+00 1.006425304053233827e+00
2.094945200000000174e+00 1.006404881792409389e+00
2.101142799999999866e+00 1.006383898415436073e+00
2.107344499999999954e+00 1.006362400515387279e+00
2.113546200000000042e+00 1.006340493787341916e+00
2.119743800000000178e+00 1.006318298869550043e+00
2.125945499999999821e+00 1.006295901796515624e+00
2.132143099999999958e+00 1.006273452367753896e+00
2.138344800000000046e+00 1.006251041179835770e+00
2.144546500000000133e+00 1.006228798574795302e+00
2.150744099999999825e+00 1.006206844943741574e+00
2.156945799999999913e+00 1.006185243426338083e+00
2.163147500000000001e+00 1.006164083524439201e+00
2.169345100000000137e+00 1.006143433382395758e+00
2.175546799999999781e+00 1.006123298131808230e+00
2.181748499999999868e+00 1.006103700882899687e+00
2.187946100000000005e+00 1.006084640150175291e+00
2.194147800000000093e+00 1.006066054578918401e+00
2.200349500000000180e+00 1.006047900468676648e+00
2.206547099999999872e+00 1.006030115405894154e+00
2.212748799999999960e+00 1.006012587661981428e+00
2.218946400000000096e+00 1.005995242104033238e+00
2.225148100000000184e+00 1.005977951504855250e+00
2.231349799999999828e+00 1.005960621646529995e+00
2.237547399999999964e+00 1.005943161463392466e+00
2.243749100000000052e+00 1.005925452516290397e+00
2.249950800000000140e+00 1.005907422060995593e+00
2.256148399999999832e+00 1.005889012662949167e+00
2.262350099999999919e+00 1.005870147380181656e+00
2.268551800000000007e+00 1.005850804692944189e+00
2.274749400000000144e+00 1.005830984462612543e+00
2.280951099999999787e+00 1.005810667437224248e+00
2.287152799999999875e+00 1.005789893333630447e+00
2.293350400000000011e+00 1.005768721446497427e+00
2.299552100000000099e+00 1.005747185153317957e+00
2.305749699999999791e+00 1.005725387738535481e+00
2.311951399999999879e+00 1.005703385447761500e+00
2.318153099999999966e+00 1.005681284326957359e+00
2.324350700000000103e+00 1.005659193408084073e+00
2.330552400000000191e+00 1.005637176688124246e+00
2.336754099999999834e+00 1.005615337143426880e+00
2.342951699999999970e+00 1.005593768889830208e+00
2.349153400000000058e+00 1.005572511848446204e+00
2.355355100000000146e+00 1.005551634924677140e+00
2.361552699999999838e+00 1.005531190233849959e+00
2.367754399999999926e+00 1.005511172502963069e+00
2.373956100000000013e+00 1.005491599843661765e+00
2.380153700000000150e+00 1.005472472205310108e+00
2.386355399999999793e+00 1.005453735761518086e+00
2.392557099999999881e+00 1.005435360475730677e+00
2.398754700000000017e+00 1.005417303283909769e+00
2.404956400000000105e+00 1.005399475954406707e+00
2.411153999999999797e+00 1.005381831260697689e+00
2.417355699999999885e+00 1.005364271565091450e+00
2.423557399999999973e+00 1.005346733937209969e+00
2.429755000000000109e+00 1.005329158075232598e+00
2.435956700000000197e+00 1.005311454273120075e+00
2.442158399999999840e+00 1.005293575569317532e+00
2.448355999999999977e+00 1.005275485409949709e+00
2.454557700000000064e+00 1.005257122785458090e+00
2.460759400000000152e+00 1.005238475026443368e+00
2.466956999999999844e+00 1.005219543223189183e+00
2.473158699999999932e+00 1.005200303761244696e+00
2.479360400000000020e+00 1.005180782900601866e+00
2.485558000000000156e+00 1.005161018994655153e+00
2.491759699999999800e+00 1.005141020996231260e+00
2.497957299999999936e+00 1.005120858554319430e+00
2.504159000000000024e+00 1.005100554364929621e+00
2.510360700000000111e+00 1.005080175075997229e+00
2.516558299999999804e+00 1.005059789271830262e+00
2.522759999999999891e+00 1.005039424608529242e+00
2.528961699999999979e+00 1.005019146726088941e+00
2.535159300000000115e+00 1.004999016681999757e+00
2.541361000000000203e+00 1.004979049672194424e+00
2.547562699999999847e+00 1.004959293712631485e+00
2.553760299999999983e+00 1.004939788162098724e+00
2.559962000000000071e+00 1.004920525099059825e+00
2.566163700000000158e+00 1.004901526601209127e+00
2.572361299999999851e+00 1.004882805447554928e+00
2.578562999999999938e+00 1.004864329259624212e+00
2.584760600000000075e+00 1.004846107577272996e+00
2.590962300000000162e+00 1.004828095114832953e+00
2.597163999999999806e+00 1.004810277726829293e+00
2.603361599999999942e+00 1.004792636959558783e+00
2.609563300000000030e+00 1.004775116953771530e+00
2.615765000000000118e+00 1.004757695756589575e+00
2.621962599999999810e+00 1.004740351273976984e+00
2.628164299999999898e+00 1.004723028289928655e+00
2.634365999999999985e+00 1.004705708283665677e+00
2.640563600000000122e+00 1.004688375830425251e+00
2.646765300000000209e+00 1.004670984865307037e+00
2.652966999999999853e+00 1.004653527920199574e+00
2.659164599999999989e+00 1.004636002195006261e+00
2.665366300000000077e+00 1.004618374686619298e+00
2.671568000000000165e+00 1.004600651691375024e+00
2.677765599999999857e+00 1.004582844116949980e+00
2.683967299999999945e+00 1.004564931564787766e+00
2.690164900000000081e+00 1.004546944563009969e+00
2.696366600000000169e+00 1.004528869413207071e+00
2.702568299999999812e+00 1.004510730872352431e+00
2.708765899999999949e+00 1.004492556155039962e+00
2.714967600000000036e+00 1.004474338191677862e+00
2.721169300000000124e+00 1.004456107314793067e+00
2.727366899999999816e+00 1.004437894777513440e+00
2.733568599999999904e+00 1.004419696147273333e+00
2.739770299999999992e+00 1.004401543218313542e+00
2.745967900000000128e+00 1.004383467356505966e+00
2.752169600000000216e+00 1.004365463405792358e+00
2.758371299999999859e+00 1.004347561113543064e+00
2.764568899999999996e+00 1.004329788623353981e+00
2.770770600000000083e+00 1.004312137178675846e+00
2.776968200000000220e+00 1.004294642883556854e+00
2.783169899999999863e+00 1.004277293072714627e+00
2.789371599999999951e+00 1.004260107258979184e+00
2.795569200000000087e+00 1.004243101648461201e+00
2.801770900000000175e+00 1.004226255629179665e+00
2.807972599999999819e+00 1.004209579072797620e+00
2.814170199999999955e+00 1.004193077945744195e+00
2.820371900000000043e+00 1.004176722002487310e+00
2.826573600000000130e+00 1.004160510309487941e+00
2.832771199999999823e+00 1.004144438211986179e+00
2.838972899999999910e+00 1.004128466122103269e+00
2.845174599999999998e+00 1.004112583677336357e+00
2.851372200000000134e+00 1.004096778083193975e+00
2.857573899999999778e+00 1.004081003631472901e+00
2.863775599999999866e+00 1.004065245139386331e+00
2.869973200000000002e+00 1.004049487346373448e+00
2.876174900000000090e+00 1.004033684562045892e+00
2.882372600000000062e+00 1.004017834347409988e+00
2.888574199999999870e+00 1.004001896048912323e+00
2.894775899999999957e+00 1.003985862409722429e+00
2.900973500000000094e+00 1.003969731740757210e+00
2.907175200000000181e+00 1.003953475015277208e+00
2.913376899999999825e+00 1.003937100662448456e+00
2.919574499999999961e+00 1.003920623233276022e+00
2.925776200000000049e+00 1.003904030479338516e+00
2.931977900000000137e+00 1.003887348664141754e+00
2.938175499999999829e+00 1.003870609783509060e+00
2.944377199999999917e+00 1.003853817510064195e+00
2.950578900000000004e+00 1.003837012859907674e+00
2.956776500000000141e+00 1.003820240002751163e+00
2.962978199999999784e+00 1.003803511764756129e+00
2.969175900000000201e+00 1.003786885627877323e+00
2.975377500000000008e+00 1.003770375319475328e+00
2.981579200000000096e+00 1.003754023865476297e+00
2.987776900000000069e+00 1.003737871168413287e+00
2.993978499999999876e+00 1.003721921108166049e+00
3.000180199999999964e+00 1.003706202243733969e+00
3.006377899999999936e+00 1.003690736514764703e+00
3.012579500000000188e+00 1.003675508531482574e+00
3.018781199999999831e+00 1.003660524401057241e+00
3.024978899999999804e+00 1.003645782523391317e+00
3.031180500000000055e+00 1.003631245292575302e+00
3.037382200000000143e+00 1.003616896095884226e+00
3.043579900000000116e+00 1.003602712552287946e+00
3.049781499999999923e+00 1.003588640061074511e+00
3.055979199999999896e+00 1.003574656433926959e+00
3.062180899999999983e+00 1.003560702088645673e+00
3.068382499999999791e+00 1.003546744343299491e+00
3.074580200000000207e+00 1.003532751374532683e+00
3.080781899999999851e+00 1.003518668120778834e+00
3.086983500000000102e+00 1.003504471310536328e+00
3.093181200000000075e+00 1.003490143373341859e+00
3.099382900000000163e+00 1.003475646883225325e+00
3.105584499999999970e+00 1.003460980202722563e+00
3.111782199999999943e+00 1.003446150039319917e+00
3.117983800000000194e+00 1.003431144088532401e+00
3.124185499999999838e+00 1.003415986376039459e+00
3.130383199999999810e+00 1.003400710126268081e+00
3.136584800000000062e+00 1.003385326154650370e+00
3.142782500000000034e+00 1.003369890082115967e+00
3.148984200000000122e+00 1.003354423097499115e+00
3.155185799999999929e+00 1.003338979186104929e+00
3.161383499999999902e+00 1.003323612624542838e+00
3.167585199999999990e+00 1.003308347924886768e+00
3.173786799999999797e+00 1.003293236778430852e+00
3.179984500000000214e+00 1.003278325388129000e+00
3.186186199999999857e+00 1.003263625926864799e+00
3.192387800000000109e+00 1.003249172235372244e+00
3.198585500000000081e+00 1.003234988541100048e+00
3.204787200000000169e+00 1.003221063433348270e+00
3.210988799999999976e+00 1.003207403792853336e+00
3.217186499999999949e+00 1.003194006038080621e+00
3.223388200000000037e+00 1.003180832770839803e+00
3.229589799999999844e+00 1.003167864829720424e+00
3.235787499999999817e+00 1.003155075343179270e+00
3.241989199999999904e+00 1.003142408275740527e+00
3.248186800000000041e+00 1.003129837045301898e+00
3.254388500000000128e+00 1.003117300235585541e+00
3.260590200000000216e+00 1.003104761612304330e+00
3.266787799999999908e+00 1.003092187007957659e+00
3.272989499999999996e+00 1.003079521091067683e+00
3.279191200000000084e+00 1.003066738797600888e+00
3.285388800000000220e+00 1.003053822038338705e+00
3.291590499999999864e+00 1.003040734759959252e+00
3.297792199999999951e+00 1.003027474908157357e+00
3.303989800000000088e+00 1.003014049658485618e+00
3.310191500000000175e+00 1.003000448262477917e+00
3.316393199999999819e+00 1.002986694978736715e+00
3.322590799999999955e+00 1.002972822166187772e+00
3.328792500000000043e+00 1.002958841285499725e+00
3.334990100000000179e+00 1.002944806001081490e+00
3.341191799999999823e+00 1.002930736843157034e+00
3.347393499999999911e+00 1.002916684439983053e+00
3.353591100000000047e+00 1.002902699879715476e+00
3.359792800000000135e+00 1.002888805268575823e+00
3.365994499999999778e+00 1.002875047611075043e+00
3.372192099999999915e+00 1.002861469125618354e+00
3.378393800000000002e+00 1.002848079380120661e+00
3.384595500000000090e+00 1.002834908158007021e+00
3.390793099999999782e+00 1.002821977113512952e+00
3.396994799999999870e+00 1.002809274332982836e+00
3.403196499999999958e+00 1.002796805594101004e+00
3.409394100000000094e+00 1.002784568282546918e+00
3.415595800000000182e+00 1.002772528388422568e+00
3.421793399999999874e+00 1.002760677731575178e+00
3.427995099999999962e+00 1.002748971337084738e+00
3.434196800000000049e+00 1.002737383929695358e+00
3.440394400000000186e+00 1.002725887506277447e+00
3.446596099999999829e+00 1.002714430377144472e+00
3.452797799999999917e+00 1.002702984265127384e+00
3.458995400000000053e+00 1.002691522890519549e+00
3.465197100000000141e+00 1.002680000570383978e+00
3.471398799999999785e+00 1.002668398819392959e+00
3.477596399999999921e+00 1.002656704756581751e+00
3.483798100000000009e+00 1.002644888340213702e+00
3.489999800000000096e+00 1.002632949179348198e+00
3.496197399999999789e+00 1.002620893819011094e+00
3.502399099999999876e+00 1.002608711317008572e+00
3.508600799999999964e+00 1.002596420703363300e+00
3.514798400000000100e+00 1.002584046740605750e+00
3.521000100000000188e+00 1.002571594215249107e+00
3.527197699999999880e+00 1.002559104349775021e+00
3.533399399999999968e+00 1.002546587906603781e+00
3.539601100000000056e+00 1.002534081767919139e+00
3.545798700000000192e+00 1.002521622920475419e+00
3.552000399999999836e+00 1.002509222597709471e+00
3.558202099999999923e+00 1.002496914679045226e+00
3.564399700000000060e+00 1.002484729735878100e+00
3.570601400000000147e+00 1.002472670326950865e+00
3.576803099999999791e+00 1.002460758776866578e+00
3.583000699999999927e+00 1.002449012159989383e+00
3.589202400000000015e+00 1.002437419241994698e+00
3.595404100000000103e+00 1.002425987142900876e+00
3.601601699999999795e+00 1.002414717786513476e+00
3.607803399999999883e+00 1.002403586429656324e+00
3.614001000000000019e+00 1.002392594192893949e+00
3.620202700000000107e+00 1.002381709847474767e+00
3.626404400000000194e+00 1.002370921725375785e+00
3.632601999999999887e+00 1.002360216457839792e+00
3.638803699999999974e+00 1.002349558865520018e+00
3.645005400000000062e+00 1.002338935257451658e+00
3.651203000000000198e+00 1.002328332853752668e+00
3.657404699999999842e+00 1.002317719531834905e+00
3.663606399999999930e+00 1.002307086472015163e+00
3.669804000000000066e+00 1.002296427628332376e+00
3.676005700000000154e+00 1.002285718841463114e+00
3.682207399999999797e+00 1.002274960323548791e+00
3.688404999999999934e+00 1.002264155702116133e+00
3.694606700000000021e+00 1.002253290357949966e+00
3.700804300000000158e+00 1.002242381356307055e+00
3.707005999999999801e+00 1.002231419704729953e+00
3.713207699999999889e+00 1.002220420425203207e+00
3.719405300000000025e+00 1.002209400592035005e+00
3.725607000000000113e+00 1.002198356892276099e+00
3.731808700000000201e+00 1.002187308902578788e+00
3.738006299999999893e+00 1.002176276759792151e+00
3.744207999999999981e+00 1.002165258803566106e+00
3.750409700000000068e+00 1.002154274964181857e+00
3.756607300000000205e+00 1.002143344399775371e+00
3.762808999999999848e+00 1.002132463592587008e+00
3.769010699999999936e+00 1.002121649495037570e+00
3.775208300000000072e+00 1.002110917449890115e+00
3.781410000000000160e+00 1.002100259959102679e+00
3.787611699999999804e+00 1.002089689215919233e+00
3.793809299999999940e+00 1.002079215526193501e+00
3.800011000000000028e+00 1.002068826798780510e+00
3.806208600000000164e+00 1.002058536952697088e+00
3.812410299999999808e+00 1.002048331055839236e+00
3.818611999999999895e+00 1.002038213228946040e+00
3.824809600000000032e+00 1.002028186080192729e+00
3.831011300000000119e+00 1.002018231192279840e+00
3.837213000000000207e+00 1.002008349050476976e+00
3.843410599999999899e+00 1.001998539063658322e+00
3.849612299999999987e+00 1.001988780451830818e+00
3.855814000000000075e+00 1.001979071323289450e+00
3.862011600000000211e+00 1.001969409211619588e+00
3.868213299999999855e+00 1.001959772208781407e+00
3.874414999999999942e+00 1.001950157480759884e+00
3.880612600000000079e+00 1.001940562210835495e+00
3.886814300000000166e+00 1.001930964820939574e+00
3.893011899999999859e+00 1.001921369610049295e+00
3.899213599999999946e+00 1.001911756188139879e+00
3.905415300000000034e+00 1.001902124129917748e+00
3.911612900000000170e+00 1.001892474209195694e+00
3.917814599999999814e+00 1.001882789406740804e+00
3.924016299999999902e+00 1.001873073405258108e+00
3.930213900000000038e+00 1.001863331696964510e+00
3.936415600000000126e+00 1.001853552287758964e+00
3.942617300000000213e+00 1.001843744446286211e+00
3.948814899999999906e+00 1.001833919475589640e+00
3.955016599999999993e+00 1.001824071087643597e+00
3.961218300000000081e+00 1.001814214292845673e+00
3.967415900000000217e+00 1.001804365734925595e+00
3.973617599999999861e+00 1.001794523857452379e+00
3.979815199999999997e+00 1.001784714150638411e+00
3.986016900000000085e+00 1.001774936740599031e+00
3.992218600000000173e+00 1.001765211408642164e+00
3.998416199999999865e+00 1.001755557483736014e+00
4.004617900000000397e+00 1.001745974335330747e+00
4.010819599999999596e+00 1.001736479204252461e+00
4.017017199999999733e+00 1.001727087306849784e+00
4.023218899999999820e+00 1.001717793026140058e+00
4.029420599999999908e+00 1.001708606835643112e+00
4.035618200000000044e+00 1.001699536066380736e+00
4.041819900000000132e+00 1.001690567053665104e+00
4.048021600000000220e+00 1.001681701086429843e+00
4.054219200000000356e+00 1.001672936172138151e+00
4.060420900000000444e+00 1.001664250143645019e+00
4.066618499999999692e+00 1.001655641435345023e+00
4.072820199999999780e+00 1.001647083539297434e+00
4.079017799999999916e+00 1.001638571147156265e+00
4.085211400000000381e+00 1.001630086542026898e+00
4.091404899999999678e+00 1.001621606638625428e+00
4.097639199999999704e+00 1.001613058024982017e+00
4.103832699999999889e+00 1.001604536423562397e+00
4.110026300000000354e+00 1.001595971573609356e+00
4.116219799999999651e+00 1.001587351968298067e+00
4.122413400000000117e+00 1.001578668528776417e+00
4.128606900000000302e+00 1.001569916139588567e+00
4.134841200000000327e+00 1.001561034607261647e+00
4.141034699999999624e+00 1.001552142352773123e+00
4.147228300000000090e+00 1.001543187351169983e+00
4.153421800000000275e+00 1.001534179577685979e+00
4.159615399999999852e+00 1.001525131780868660e+00
4.165808900000000037e+00 1.001516060177364720e+00
4.172043200000000063e+00 1.001506923058984144e+00
4.178236700000000248e+00 1.001497859922233280e+00
4.184430299999999825e+00 1.001488831403511304e+00
4.190623800000000010e+00 1.001479858320767136e+00
4.196817399999999587e+00 1.001470960002067923e+00
4.203010899999999772e+00 1.001462154612213551e+00
4.209245199999999798e+00 1.001453400466954191e+00
4.215438699999999983e+00 1.001444824381824583e+00
4.221632299999999560e+00 1.001436376973924514e+00
4.227825799999999745e+00 1.001428062794605722e+00
4.234019400000000211e+00 1.001419881493889497e+00
4.240212900000000396e+00 1.001411828855220287e+00
4.246447200000000421e+00 1.001403844127099596e+00
4.252640699999999718e+00 1.001396019087559708e+00
4.258834300000000184e+00 1.001388284880839086e+00
4.265027800000000369e+00 1.001380622892576788e+00
4.271221399999999946e+00 1.001373012006105956e+00
4.277414900000000131e+00 1.001365430445364746e+00
4.283649200000000157e+00 1.001357805889632857e+00
4.289842700000000342e+00 1.001350216407579152e+00
4.296036299999999919e+00 1.001342591922866676e+00
4.302229800000000104e+00 1.001334914995361203e+00
4.308423399999999681e+00 1.001327170782427611e+00
4.314616899999999866e+00 1.001319348625824057e+00
4.320810400000000051e+00 1.001311441621462794e+00
4.327044700000000077e+00 1.001303394441696026e+00
4.333238299999999654e+00 1.001295314425552974e+00
4.339431799999999839e+00 1.001287156001565704e+00
4.345625400000000305e+00 1.001278929575742493e+00
4.351818899999999601e+00 1.001270649762255216e+00
4.358012399999999786e+00 1.001262333858270903e+00
4.364246699999999812e+00 1.001253946751648138e+00
4.370440300000000278e+00 1.001245619519759211e+00
4.376633799999999574e+00 1.001237319528906156e+00
4.382827400000000040e+00 1.001229068186228588e+00
4.389020900000000225e+00 1.001220886249551745e+00
4.395214400000000410e+00 1.001212792042956767e+00
4.401448700000000436e+00 1.001204748962322366e+00
4.407642300000000013e+00 1.001196874442876972e+00
4.413835800000000198e+00 1.001189124030583910e+00
4.420029399999999775e+00 1.001181501523085160e+00
4.426222899999999960e+00 1.001174006845641840e+00
4.432416400000000145e+00 1.001166635241437897e+00
4.438650700000000171e+00 1.001159330552328530e+00
4.444844299999999748e+00 1.001152175829253643e+00
4.451037799999999933e+00 1.001145107647820831e+00
4.457231400000000399e+00 1.001138107879788297e+00
4.463424899999999695e+00 1.001131157210979783e+00
4.469618399999999880e+00 1.001124235176174659e+00
4.475852699999999906e+00 1.001117275898768755e+00
4.482046300000000372e+00 1.001110350803847693e+00
4.488239799999999669e+00 1.001103396772769383e+00
4.494433299999999853e+00 1.001096398245263641e+00
4.500626900000000319e+00 1.001089342586588327e+00
4.506820399999999616e+00 1.001082220885507912e+00
4.513054699999999642e+00 1.001074979947463417e+00
4.519248300000000107e+00 1.001067712819062816e+00
4.525441800000000292e+00 1.001060374823202093e+00
4.531635299999999589e+00 1.001052971738541464e+00
4.537828900000000054e+00 1.001045512685660110e+00
4.544022400000000239e+00 1.001038010049117633e+00
4.550256700000000265e+00 1.001030428522228899e+00
4.556450299999999842e+00 1.001022883509282480e+00
4.562643800000000027e+00 1.001015342930158925e+00
4.568837300000000212e+00 1.001007824157141401e+00
4.575030899999999789e+00 1.001000344122247920e+00
4.581224399999999974e+00 1.000992918990126546e+00
4.587458700000000000e+00 1.000985514604967097e+00
4.593652299999999578e+00 1.000978239698144368e+00
4.599845799999999763e+00 1.000971054943051497e+00
4.606039299999999947e+00 1.000963966334956101e+00
4.612232900000000413e+00 1.000956976683883060e+00
4.618426399999999710e+00 1.000950085917351462e+00
4.624660699999999736e+00 1.000943246048217938e+00
4.630854300000000201e+00 1.000936540158357424e+00
4.637047800000000386e+00 1.000929914546809796e+00
4.643241299999999683e+00 1.000923358162297383e+00
4.649434900000000148e+00 1.000916858369343743e+00
4.655628400000000333e+00 1.000910401811959671e+00
4.661862700000000359e+00 1.000903932082783276e+00
4.668056299999999936e+00 1.000897519767924182e+00
4.674249800000000121e+00 1.000891109392851863e+00
4.680443300000000306e+00 1.000884688739231310e+00
4.686636899999999883e+00 1.000878247158176748e+00
4.692830400000000068e+00 1.000871776225772392e+00
4.699064700000000094e+00 1.000865226376696393e+00
4.705258299999999672e+00 1.000858679070733892e+00
4.711451799999999857e+00 1.000852090018511387e+00
4.717645300000000042e+00 1.000845459687848882e+00
4.723838899999999619e+00 1.000838790747019980e+00
4.730032399999999804e+00 1.000832088181210278e+00
4.736266699999999830e+00 1.000825313963410901e+00
4.742460300000000295e+00 1.000818564573650704e+00
4.748653799999999592e+00 1.000811804881964973e+00
4.754847299999999777e+00 1.000805044318963999e+00
4.761040900000000242e+00 1.000798292562846026e+00
4.767234400000000427e+00 1.000791559491099658e+00
4.773428000000000004e+00 1.000784854069794783e+00
4.779662300000000030e+00 1.000778141116872799e+00
4.785855800000000215e+00 1.000771515777923559e+00
4.792049300000000400e+00 1.000764940087420785e+00
4.798242899999999977e+00 1.000758418642433867e+00
4.804436400000000162e+00 1.000751954881284211e+00
4.810629999999999740e+00 1.000745550327656774e+00
4.816864299999999766e+00 1.000739163858904712e+00
4.823057799999999951e+00 1.000732877848515390e+00
4.829251300000000136e+00 1.000726647943849024e+00
4.835444899999999713e+00 1.000720470595920064e+00
4.841638399999999898e+00 1.000714341648997863e+00
4.847832000000000363e+00 1.000708255841432193e+00
4.854066300000000389e+00 1.000702168069893538e+00
4.860259799999999686e+00 1.000696152007555462e+00
4.866453299999999871e+00 1.000690161699401948e+00
4.872646900000000336e+00 1.000684191108683452e+00
4.878840399999999633e+00 1.000678234697424784e+00
4.885034000000000098e+00 1.000672286884476403e+00
4.891268300000000124e+00 1.000666303771310828e+00
4.897461800000000309e+00 1.000660359154582402e+00
4.903655299999999606e+00 1.000654410084292234e+00
4.909848900000000071e+00 1.000648453332515286e+00
4.916042400000000256e+00 1.000642486647213891e+00
4.922235999999999834e+00 1.000636508097619837e+00
4.928470199999999579e+00 1.000630477439036436e+00
4.934663800000000045e+00 1.000624472911701313e+00
4.940857300000000230e+00 1.000618455783059968e+00
4.947050899999999807e+00 1.000612426953477296e+00
4.953244399999999992e+00 1.000606388384766232e+00
4.959437999999999569e+00 1.000600342294428291e+00
4.965672200000000203e+00 1.000594252133499173e+00
4.971865799999999780e+00 1.000588200834062302e+00
4.978059299999999965e+00 1.000582152939410996e+00
4.984252900000000430e+00 1.000576112786147887e+00
4.990446399999999727e+00 1.000570085449216107e+00
4.996640000000000192e+00 1.000564075858623836e+00
5.002874199999999938e+00 1.000558050206438621e+00
5.009067800000000403e+00 1.000552092242586122e+00
5.015261299999999700e+00 1.000546167814779341e+00
5.021454900000000166e+00 1.000540281486034688e+00
5.027648400000000350e+00 1.000534437714230673e+00
5.033841999999999928e+00 1.000528639927308783e+00
5.040076199999999673e+00 1.000522853508646337e+00
5.046269800000000139e+00 1.000517155687797866e+00
5.052463300000000324e+00 1.000511509482602035e+00
5.058656899999999901e+00 1.000505914317829426e+00
5.064850400000000086e+00 1.000500368758802772e+00
5.071043999999999663e+00 1.000494869774604334e+00
5.077278200000000297e+00 1.000489377761244691e+00
5.083471799999999874e+00 1.000483959039937698e+00
5.089665300000000059e+00 1.000478571615758705e+00
5.095858899999999636e+00 1.000473208316964291e+00
5.102052399999999821e+00 1.000467861720684137e+00
5.108246000000000286e+00 1.000462523714279017e+00
5.114480200000000032e+00 1.000457151380234944e+00
5.120673799999999609e+00 1.000451806887562523e+00
5.126867299999999794e+00 1.000446448124961973e+00
5.133060900000000260e+00 1.000441068544143164e+00
5.139254399999999556e+00 1.000435663063894864e+00
5.145448000000000022e+00 1.000430227620737744e+00
5.151682199999999767e+00 1.000424724031063972e+00
5.157875800000000233e+00 1.000419223375984323e+00
5.164069300000000418e+00 1.000413691216977652e+00
5.170262899999999995e+00 1.000408130396979622e+00
5.176456400000000180e+00 1.000402545873354754e+00
5.182649999999999757e+00 1.000396943867436717e+00
5.188884200000000391e+00 1.000391295493573418e+00
5.195077799999999968e+00 1.000385683344496845e+00
5.201271300000000153e+00 1.000380080544979400e+00
5.207464899999999730e+00 1.000374497157770382e+00
5.213658399999999915e+00 1.000368943648682007e+00
5.219851900000000100e+00 1.000363429835483542e+00
5.226045499999999677e+00 1.000357964744740480e+00
5.232279799999999703e+00 1.000352521054391319e+00
5.238473299999999888e+00 1.000347176337282651e+00
5.244666900000000354e+00 1.000341899210899888e+00
5.250860399999999650e+00 1.000336692294241603e+00
5.257053899999999835e+00 1.000331555730833211e+00
5.263247500000000301e+00 1.000326487395979624e+00
5.269481800000000327e+00 1.000321450413258706e+00
5.275675299999999623e+00 1.000316504221113956e+00
5.281868900000000089e+00 1.000311607330725661e+00
5.288062400000000274e+00 1.000306750109367426e+00
5.294255899999999571e+00 1.000301921518515380e+00
5.300449500000000036e+00 1.000297109788345296e+00
5.306683800000000062e+00 1.000292271445595071e+00
5.312877300000000247e+00 1.000287457948054515e+00
5.319070899999999824e+00 1.000282626532090546e+00
5.325264400000000009e+00 1.000277767501237980e+00
5.331457900000000194e+00 1.000272872503203736e+00
5.337651499999999771e+00 1.000267935111749829e+00
5.343885799999999797e+00 1.000262918352120778e+00
5.350079299999999982e+00 1.000257886050719636e+00
5.356272899999999559e+00 1.000252806185569554e+00
5.362466399999999744e+00 1.000247682119765669e+00
5.368659899999999929e+00 1.000242519318654377e+00
5.374853500000000395e+00 1.000237325379933928e+00
5.381087800000000421e+00 1.000232075579942093e+00
5.387281299999999717e+00 1.000226849574710197e+00
5.393474900000000183e+00 1.000221624951378452e+00
5.399668400000000368e+00 1.000216414354631489e+00
5.405861899999999665e+00 1.000211230165135579e+00
5.412055500000000130e+00 1.000206084233643988e+00
5.418289800000000156e+00 1.000200954237687734e+00
5.424483300000000341e+00 1.000195916692454112e+00
5.430676899999999918e+00 1.000190945273421672e+00
5.436870400000000103e+00 1.000186045431168180e+00
5.443063900000000288e+00 1.000181219939887844e+00
5.449257499999999865e+00 1.000176469024925296e+00
5.455491799999999891e+00 1.000171759990168052e+00
5.461685300000000076e+00 1.000167149638803599e+00
5.467878899999999653e+00 1.000162599854919732e+00
5.474072399999999838e+00 1.000158101844083713e+00
5.480265900000000023e+00 1.000153645023416527e+00
5.486459499999999601e+00 1.000149217691495895e+00
5.492693799999999626e+00 1.000144778708600857e+00
5.498887299999999811e+00 1.000140373655743931e+00
5.505080900000000277e+00 1.000135961381719563e+00
5.511274399999999574e+00 1.000131530925890688e+00
5.517467899999999759e+00 1.000127072443509402e+00
5.523661500000000224e+00 1.000122577803465918e+00
5.529895800000000250e+00 1.000118011083766190e+00
5.536089300000000435e+00 1.000113428190213760e+00
5.542282900000000012e+00 1.000108797917683923e+00
5.548476400000000197e+00 1.000104121436700577e+00
5.554669900000000382e+00 1.000099402032739393e+00
5.560863499999999959e+00 1.000094645162628249e+00
5.567097799999999985e+00 1.000089826823028716e+00
5.573291300000000170e+00 1.000085019107079143e+00
5.579484899999999747e+00 1.000080200750587345e+00
5.585678399999999932e+00 1.000075382929776602e+00
5.591871900000000117e+00 1.000070576886655127e+00
5.598065499999999695e+00 1.000065793692500815e+00
5.604299799999999721e+00 1.000061012864669641e+00
5.610493299999999905e+00 1.000056306412932416e+00
5.616686900000000371e+00 1.000051650876531584e+00
5.622880399999999668e+00 1.000047052687724980e+00
5.629073899999999853e+00 1.000042516081259603e+00
5.635267500000000318e+00 1.000038043181619152e+00
5.641501800000000344e+00 1.000033605328226161e+00
5.647695299999999641e+00 1.000029258425699563e+00
5.653888799999999826e+00 1.000024969126880103e+00
5.660082400000000291e+00 1.000020731490848913e+00
5.666275899999999588e+00 1.000016538285328549e+00
5.672469500000000053e+00 1.000012380846631910e+00
5.678703800000000079e+00 1.000008222852538653e+00
5.684897300000000264e+00 1.000004108910112599e+00
5.691090799999999561e+00 1.000000002054264758e+00
5.697284400000000026e+00 9.999958929506634897e-01
5.703477900000000211e+00 9.999917732324203890e-01
