6.126431699999999869e-02 5.653468293188295490e+01 7.518954909552454602e+00 7.518954909552454602e+00
6.746437800000000540e-02 5.579133194103225435e+01 7.469359540217102911e+00 7.469359540217102911e+00
7.366443899999999823e-02 5.500299927874316808e+01 7.416400695670587240e+00 7.416400695670587240e+00
7.986490799999999834e-02 5.417597207486204525e+01 7.360432872790977576e+00 7.360432872790977576e+00
8.606497000000000452e-02 5.331686402006538117e+01 7.301839769542014302e+00 7.301839769542014302e+00
9.226543900000000464e-02 5.243215215316052991e+01 7.241004913212014671e+00 7.241004913212014671e+00
9.846549999999999747e-02 5.152854934863364633e+01 7.178338898981689198e+00 7.178338898981689198e+00
1.046659699999999971e-01 5.061246576198629299e+01 7.114243864388280159e+00 7.114243864388280159e+00
1.108660300000000043e-01 4.969041038775636565e+01 7.049142528546033404e+00 7.049142528546033404e+00
1.170665000000000039e-01 4.876843968685450648e+01 6.983440390441842283e+00 6.983440390441842283e+00
1.232665599999999972e-01 4.785257787790256856e+01 6.917555773385753781e+00 6.917555773385753781e+00
1.294666200000000045e-01 4.694832957691589570e+01 6.851885111187716149e+00 6.851885111187716149e+00
1.356670899999999902e-01 4.606081070593170779e+01 6.786811527214506867e+00 6.786811527214506867e+00
1.418671499999999974e-01 4.519487169001687477e+01 6.722713119717133701e+00 6.722713119717133701e+00
1.480676200000000109e-01 4.435464736753206694e+01 6.659928480661941208e+00 6.659928480661941208e+00
1.542676799999999904e-01 4.354397799370083533e+01 6.598786100011185596e+00 6.598786100011185596e+00
1.604681500000000038e-01 4.276593768809088658e+01 6.539567087207752039e+00 6.539567087207752039e+00
1.666682100000000111e-01 4.202324203077569820e+01 6.482533612005084933e+00 6.482533612005084933e+00
1.728686799999999968e-01 4.131782520356848920e+01 6.427894305569163969e+00 6.427894305569163969e+00
1.790687400000000040e-01 4.065122850390091003e+01 6.375831593125786512e+00 6.375831593125786512e+00
1.852688100000000060e-01 4.002427130551603085e+01 6.326473844529512114e+00 6.326473844529512114e+00
1.914692699999999970e-01 3.943722020851369336e+01 6.279906066854319846e+00 6.279906066854319846e+00
1.976693399999999989e-01 3.888990332813533257e+01 6.236176980180672125e+00 6.236176980180672125e+00
2.038697999999999899e-01 3.838148639548058583e+01 6.195279363796323935e+00 6.195279363796323935e+00
2.100698699999999919e-01 3.791078203451446171e+01 6.157173217842296431e+00 6.157173217842296431e+00
2.162703400000000054e-01 3.747603198770322308e+01 6.121767064149306492e+00 6.121767064149306492e+00
2.224704000000000126e-01 3.707519143404721262e+01 6.088940091185592429e+00 6.088940091185592429e+00
2.286704599999999921e-01 3.670577282284535414e+01 6.058528932244637843e+00 6.058528932244637843e+00
2.348709300000000055e-01 3.636499016773797166e+01 6.030339142016639009e+00 6.030339142016639009e+00
2.410709900000000128e-01 3.604986831523927293e+01 6.004154254783871991e+00 6.004154254783871991e+00
2.472714599999999985e-01 3.575714092302031588e+01 5.979727495715863483e+00 5.979727495715863483e+00
2.534715200000000057e-01 3.548346954150971300e+01 5.956800277121074849e+00 5.956800277121074849e+00
2.596719900000000192e-01 3.522533827112744831e+01 5.935093787896485118e+00 5.935093787896485118e+00
2.658720500000000264e-01 3.497924883840108379e+01 5.914325729819172039e+00 5.914325729819172039e+00
2.720725199999999844e-01 3.474163051938399605e+01 5.894203128446116935e+00 5.894203128446116935e+00
2.782725799999999916e-01 3.450901709877850010e+01 5.874437598509197223e+00 5.874437598509197223e+00
2.844726399999999988e-01 3.427797908176921027e+01 5.854739881648817423e+00 5.854739881648817423e+00
2.906731100000000123e-01 3.404521294643154050e+01 5.834827584978971693e+00 5.834827584978971693e+00
2.968731700000000195e-01 3.380762638612181803e+01 5.814432593651922332e+00 5.814432593651922332e+00
3.030736399999999775e-01 3.356226711102552684e+01 5.793295013291272610e+00 5.793295013291272610e+00
3.092736999999999847e-01 3.330648450289461238e+01 5.771177046573308544e+00 5.771177046573308544e+00
3.154741699999999982e-01 3.303783146338685128e+01 5.747854509587630112e+00 5.747854509587630112e+00
3.216742300000000054e-01 3.275422991658352601e+01 5.723131128725212236e+00 5.723131128725212236e+00
3.278747000000000189e-01 3.245385387393179855e+01 5.696828404817175340e+00 5.696828404817175340e+00
3.340747600000000261e-01 3.213530149780008571e+01 5.668800710714752888e+00 5.668800710714752888e+00
3.402752299999999841e-01 3.179745203138598342e+01 5.638922949587623634e+00 5.638922949587623634e+00
3.464752899999999913e-01 3.143964479552688829e+01 5.607106633151084374e+00 5.607106633151084374e+00
3.526753499999999986e-01 3.106152903880481020e+01 5.573287094597299429e+00 5.573287094597299429e+00
3.588758200000000120e-01 3.066312023559297728e+01 5.537429027589697128e+00 5.537429027589697128e+00
3.650758800000000193e-01 3.024487203199211294e+01 5.499533801331901728e+00 5.499533801331901728e+00
3.712763499999999772e-01 2.980746686371795207e+01 5.459621494546847309e+00 5.459621494546847309e+00
3.774764199999999792e-01 2.935200601161560741e+01 5.417749164700743414e+00 5.417749164700743414e+00
3.836768799999999979e-01 2.887974417463652799e+01 5.373987734879614564e+00 5.373987734879614564e+00
3.898769499999999999e-01 2.839227686126011463e+01 5.328440377939882566e+00 5.328440377939882566e+00
3.960770100000000071e-01 2.789128515269489128e+01 5.281220043957162602e+00 5.281220043957162602e+00
4.022774800000000206e-01 2.737856358210396834e+01 5.232452922110620186e+00 5.232452922110620186e+00
4.084763100000000091e-01 2.685617987937388307e+01 5.182294846819686995e+00 5.182294846819686995e+00
4.146780099999999858e-01 2.632565977742317642e+01 5.130853708441040162e+00 5.130853708441040162e+00
4.208797000000000232e-01 2.578911678835933330e+01 5.078298611578422772e+00 5.078298611578422772e+00
4.270773099999999878e-01 2.524869938022054328e+01 5.024808392388762535e+00 5.024808392388762535e+00
4.332790100000000200e-01 2.470537025942719822e+01 4.970449703943014441e+00 4.970449703943014441e+00
4.394807000000000019e-01 2.416101790790386517e+01 4.915385835100217982e+00 4.915385835100217982e+00
4.456783100000000220e-01 2.361736933650901094e+01 4.859770502452663621e+00 4.859770502452663621e+00
4.518800000000000039e-01 2.307490854994331997e+01 4.803634930960440919e+00 4.803634930960440919e+00
4.580776200000000187e-01 2.253537852726044477e+01 4.747144249679005057e+00 4.747144249679005057e+00
4.642793100000000006e-01 2.199894218067548479e+01 4.690302994549018223e+00 4.690302994549018223e+00
4.704809999999999826e-01 2.146668349323716996e+01 4.633215243568678865e+00 4.633215243568678865e+00
4.766786199999999973e-01 2.093955383811519511e+01 4.575975725254144422e+00 4.575975725254144422e+00
4.828803099999999793e-01 2.041737054768578474e+01 4.518558459031573271e+00 4.518558459031573271e+00
4.890820000000000167e-01 1.990092066458489128e+01 4.461044795178018774e+00 4.461044795178018774e+00
4.952796199999999760e-01 1.939093126401315104e+01 4.403513513549509817e+00 4.403513513549509817e+00
5.014813099999999579e-01 1.888710508396555809e+01 4.345929714568052660e+00 4.345929714568052660e+00
5.076829999999999954e-01 1.839015012909233704e+01 4.288373832712387923e+00 4.288373832712387923e+00
5.138806200000000102e-01 1.790076954490031369e+01 4.230930103996083602e+00 4.230930103996083602e+00
5.200823100000000476e-01 1.741872711425520137e+01 4.173574860267298625e+00 4.173574860267298625e+00
5.262839999999999741e-01 1.694477936857429867e+01 4.116403693586708989e+00 4.116403693586708989e+00
5.324816199999999888e-01 1.647968519749631966e+01 4.059517852836259877e+00 4.059517852836259877e+00
5.386833100000000263e-01 1.602330588102082132e+01 4.002912175032175668e+00 4.002912175032175668e+00
5.448849999999999527e-01 1.557642610407580008e+01 3.946698126798628081e+00 3.946698126798628081e+00
5.510826199999999675e-01 1.513979430702984708e+01 3.890988859792565258e+00 3.890988859792565258e+00
5.572843100000000049e-01 1.471327317892185604e+01 3.835788469001106815e+00 3.835788469001106815e+00
5.634819300000000197e-01 1.429781173985560727e+01 3.781244734192116042e+00 3.781244734192116042e+00
5.696836199999999462e-01 1.389318992830574118e+01 3.727356962823086040e+00 3.727356962823086040e+00
5.758853099999999836e-01 1.349993060154772451e+01 3.674225170229462822e+00 3.674225170229462822e+00
5.820829299999999984e-01 1.311843512460432493e+01 3.621938034340776102e+00 3.621938034340776102e+00
5.882846200000000358e-01 1.274825657163745518e+01 3.570470077123943042e+00 3.570470077123943042e+00
5.944863099999999623e-01 1.238959853084915963e+01 3.519886153109097471e+00 3.519886153109097471e+00
6.006839200000000378e-01 1.204253020876276814e+01 3.470234892447882746e+00 3.470234892447882746e+00
6.068856200000000145e-01 1.170633837330602312e+01 3.421452670037395727e+00 3.421452670037395727e+00
6.130873100000000520e-01 1.138090884280761372e+01 3.373560262216700689e+00 3.373560262216700689e+00
6.192849200000000165e-01 1.106601836646239789e+01 3.326562545100031354e+00 3.326562545100031354e+00
6.254866199999999932e-01 1.076076158774667668e+01 3.280359978378390995e+00 3.280359978378390995e+00
6.316883100000000306e-01 1.046481333533517244e+01 3.234936372687285733e+00 3.234936372687285733e+00
6.378859199999999952e-01 1.017779516628806569e+01 3.190265688980788550e+00 3.190265688980788550e+00
6.440876100000000326e-01 9.898757396275426501e+00 3.146229075619801030e+00 3.146229075619801030e+00
6.502852300000000474e-01 9.627506413162508991e+00 3.102822330260388561e+00 3.102822330260388561e+00
6.564869199999999738e-01 9.363153728077872273e+00 3.059927078882415330e+00 3.059927078882415330e+00
6.626886100000000113e-01 9.105391601956778658e+00 3.017514142793166432e+00 3.017514142793166432e+00
6.688862300000000261e-01 8.853952045331375587e+00 2.975559114743206557e+00 2.975559114743206557e+00
6.750879199999999525e-01 8.608140670739523159e+00 2.933963304259193272e+00 2.933963304259193272e+00
6.812896099999999899e-01 8.367833242063717591e+00 2.892720733507422093e+00 2.892720733507422093e+00
6.874872300000000047e-01 8.132966484761004367e+00 2.851835634247002815e+00 2.851835634247002815e+00
6.936889200000000422e-01 7.903090515383202508e+00 2.811243588766936252e+00 2.811243588766936252e+00
6.998906099999999686e-01 7.678289514130752558e+00 2.770972665713386629e+00 2.770972665713386629e+00
7.060882299999999834e-01 7.458696307922397573e+00 2.731061388530546807e+00 2.731061388530546807e+00
7.122899200000000208e-01 7.244064599210451760e+00 2.691480001636729735e+00 2.691480001636729735e+00
7.184916099999999473e-01 7.034622196265287286e+00 2.652286220652908089e+00 2.652286220652908089e+00
7.246892299999999620e-01 6.830609847972931803e+00 2.613543542390853514e+00 2.613543542390853514e+00
7.308909199999999995e-01 6.631881065721724866e+00 2.575243884707179465e+00 2.575243884707179465e+00
7.370885400000000143e-01 6.438817765686711603e+00 2.537482564607432156e+00 2.537482564607432156e+00
7.432902300000000517e-01 6.251275003252317219e+00 2.500254987646723492e+00 2.500254987646723492e+00
7.494919199999999782e-01 6.069466793419754147e+00 2.463628785637104635e+00 2.463628785637104635e+00
7.556895399999999929e-01 5.893560121797603024e+00 2.427665570418957586e+00 2.427665570418957586e+00
7.618912300000000304e-01 5.723338862568331464e+00 2.392350071074116791e+00 2.392350071074116791e+00
7.680929199999999568e-01 5.558892915632653420e+00 2.357730458647182559e+00 2.357730458647182559e+00
7.742905300000000324e-01 5.400253356585096753e+00 2.323844520742533781e+00 2.323844520742533781e+00
7.804922300000000090e-01 5.247096474360584573e+00 2.290654158610719637e+00 2.290654158610719637e+00
7.866939200000000465e-01 5.099374187125365054e+00 2.258179396577110865e+00 2.258179396577110865e+00
7.928915300000000110e-01 4.956987948250164422e+00 2.226429416857889976e+00 2.226429416857889976e+00
7.990932299999999877e-01 4.819530568743759957e+00 2.195342927367785801e+00 2.195342927367785801e+00
8.052949200000000252e-01 4.686856271713807587e+00 2.164914841677105795e+00 2.164914841677105795e+00
8.114925299999999897e-01 4.558791849867098733e+00 2.135132747598401437e+00 2.135132747598401437e+00
8.176942200000000271e-01 4.434906814427518995e+00 2.105921844330296722e+00 2.105921844330296722e+00
8.238959200000000038e-01 4.315026391262744454e+00 2.077264160202727972e+00 2.077264160202727972e+00
8.300935299999999684e-01 4.198974761774412201e+00 2.049140005410662990e+00 2.049140005410662990e+00
8.362952200000000058e-01 4.086362949364282571e+00 2.021475438723973728e+00 2.021475438723973728e+00
8.424928400000000206e-01 3.977123713172410646e+00 1.994272727881623242e+00 1.994272727881623242e+00
8.486945299999999470e-01 3.870922650211357396e+00 1.967466048045393157e+00 1.967466048045393157e+00
8.548962199999999845e-01 3.767668571398199884e+00 1.941048317636168363e+00 1.941048317636168363e+00
8.610938399999999993e-01 3.667290641963223852e+00 1.915017138817097786e+00 1.915017138817097786e+00
8.672955300000000367e-01 3.569549018737003365e+00 1.889325016702262161e+00 1.889325016702262161e+00
8.734972199999999631e-01 3.474428620260216150e+00 1.863981925947839180e+00 1.863981925947839180e+00
8.796948399999999779e-01 3.381930844512747836e+00 1.839002676592056407e+00 1.839002676592056407e+00
8.858965300000000154e-01 3.291895414139381693e+00 1.814358127310973234e+00 1.814358127310973234e+00
8.920982200000000528e-01 3.204360452475828236e+00 1.790072750609825958e+00 1.790072750609825958e+00
8.982958399999999566e-01 3.119368125028276317e+00 1.766173299828835086e+00 1.766173299828835086e+00
9.044975299999999940e-01 3.036799738002386562e+00 1.742641597690812283e+00 1.742641597690812283e+00
9.106992200000000315e-01 2.956705919456184883e+00 1.719507464204847569e+00 1.719507464204847569e+00
9.168968400000000463e-01 2.879127562050586953e+00 1.696799210882238507e+00 1.696799210882238507e+00
9.230985299999999727e-01 2.803946572191956754e+00 1.674498901818677332e+00 1.674498901818677332e+00
9.292961499999999875e-01 2.731235521830924995e+00 1.652645007807461708e+00 1.652645007807461708e+00
9.354978400000000249e-01 2.660860739955119847e+00 1.631214498450501038e+00 1.631214498450501038e+00
9.416995299999999514e-01 2.592819318867820133e+00 1.610223375456902195e+00 1.610223375456902195e+00
9.478971499999999661e-01 2.527088690983719577e+00 1.589681946486063424e+00 1.589681946486063424e+00
9.540988400000000036e-01 2.463504583184915386e+00 1.569555536827198505e+00 1.569555536827198505e+00
9.603005300000000410e-01 2.402021289101807344e+00 1.549845569436454351e+00 1.549845569436454351e+00
9.664981400000000056e-01 2.342578091027389231e+00 1.530548297515432532e+00 1.530548297515432532e+00
9.726998399999999823e-01 2.284990413571421186e+00 1.511618474871030848e+00 1.511618474871030848e+00
9.789015300000000197e-01 2.229187782746637314e+00 1.493046477088585844e+00 1.493046477088585844e+00
9.850991399999999842e-01 2.175093677062092556e+00 1.474819879531765965e+00 1.474819879531765965e+00
9.913008399999999609e-01 2.122527374963895763e+00 1.456889623466340655e+00 1.456889623466340655e+00
9.975025299999999984e-01 2.071420721265934795e+00 1.439243107076054295e+00 1.439243107076054295e+00
1.003700100000000095e+00 2.021709448227640760e+00 1.421868294965339174e+00 1.421868294965339174e+00
1.009901799999999961e+00 1.973240568392677252e+00 1.404720815106217824e+00 1.404720815106217824e+00
1.016099499999999933e+00 1.926002569464601910e+00 1.387804946476485890e+00 1.387804946476485890e+00
1.022301099999999963e+00 1.879872861957539110e+00 1.371084556822641520e+00 1.371084556822641520e+00
1.028502800000000050e+00 1.834831775946942356e+00 1.354559624360235581e+00 1.354559624360235581e+00
1.034700500000000023e+00 1.790872275128021718e+00 1.338234760842813342e+00 1.338234760842813342e+00
1.040902100000000052e+00 1.747914989113870332e+00 1.322087360621025720e+00 1.322087360621025720e+00
1.047103799999999918e+00 1.705975155889411399e+00 1.306129838832805756e+00 1.306129838832805756e+00
1.053301400000000054e+00 1.665077630208144699e+00 1.290378870800411359e+00 1.290378870800411359e+00
1.059503099999999920e+00 1.625173171403859307e+00 1.274822800001576439e+00 1.274822800001576439e+00
1.065704800000000008e+00 1.586299169323725611e+00 1.259483691567193642e+00 1.259483691567193642e+00
1.071902399999999922e+00 1.548492988762307565e+00 1.244384582338718737e+00 1.244384582338718737e+00
1.078104100000000010e+00 1.511717601205550876e+00 1.229519256134506744e+00 1.229519256134506744e+00
1.084305800000000097e+00 1.476009392512583673e+00 1.214911269398956328e+00 1.214911269398956328e+00
1.090503400000000012e+00 1.441397935626206328e+00 1.200582331881577591e+00 1.200582331881577591e+00
1.096705100000000099e+00 1.407838777038977085e+00 1.186523820679120211e+00 1.186523820679120211e+00
1.102906799999999965e+00 1.375349524917719890e+00 1.172752968411387098e+00 1.172752968411387098e+00
1.109104400000000101e+00 1.343937128547786797e+00 1.159283023488132836e+00 1.159283023488132836e+00
1.115306099999999967e+00 1.313538320134169712e+00 1.146096994208679387e+00 1.146096994208679387e+00
1.121503799999999940e+00 1.284162985778268373e+00 1.133209153589163520e+00 1.133209153589163520e+00
1.127705399999999969e+00 1.255736125256211810e+00 1.120596325737422738e+00 1.120596325737422738e+00
1.133907100000000057e+00 1.228231763453290659e+00 1.108256181328708179e+00 1.108256181328708179e+00
1.140104800000000029e+00 1.201617359003438024e+00 1.096183086442879873e+00 1.096183086442879873e+00
1.146306400000000059e+00 1.175804972013667626e+00 1.084345411764013223e+00 1.084345411764013223e+00
1.152508099999999924e+00 1.150754723630384335e+00 1.072732363467414185e+00 1.072732363467414185e+00
1.158705799999999897e+00 1.126425269615540348e+00 1.061331837652833343e+00 1.061331837652833343e+00
1.164907399999999926e+00 1.102729326921198627e+00 1.050109197617656642e+00 1.050109197617656642e+00
1.171109100000000014e+00 1.079628376641974308e+00 1.039051671786333397e+00 1.039051671786333397e+00
1.177306799999999987e+00 1.057087597639338572e+00 1.028147653617581536e+00 1.028147653617581536e+00
1.183508400000000016e+00 1.035034024889113224e+00 1.017366219652054982e+00 1.017366219652054982e+00
1.189710100000000104e+00 1.013443747966876307e+00 1.006699432783626946e+00 1.006699432783626946e+00
1.195907800000000076e+00 9.922997169712101106e-01 9.961424180162242736e-01 9.961424180162242736e-01
1.202109400000000106e+00 9.715513900354743049e-01 9.856730644769969851e-01 9.856730644769969851e-01
1.208307100000000078e+00 9.512086175020924017e-01 9.752992451048511091e-01 9.752992451048511091e-01
1.214508799999999944e+00 9.312362107192717620e-01 9.650058086453530137e-01 9.650058086453530137e-01
1.220710399999999973e+00 9.116448345683226817e-01 9.548009397609130700e-01 9.548009397609130700e-01
1.226908099999999946e+00 8.924487117972161876e-01 9.446950363991631905e-01 9.446950363991631905e-01
1.233109800000000034e+00 8.736303807904413077e-01 9.346819677250873815e-01 9.346819677250873815e-01
1.239311400000000063e+00 8.552128421521765222e-01 9.247771851382237118e-01 9.247771851382237118e-01
1.245509100000000036e+00 8.372190724541348494e-01 9.149967608981656175e-01 9.149967608981656175e-01
1.251710799999999901e+00 8.196388309131862338e-01 9.053390695828752444e-01 9.053390695828752444e-01
1.257912399999999931e+00 8.024961849647843648e-01 8.958215140109018204e-01 8.958215140109018204e-01
1.264110099999999903e+00 7.858114748130737848e-01 8.864600807780764757e-01 8.864600807780764757e-01
1.270311799999999991e+00 7.695709678709878876e-01 8.772519409331551721e-01 8.772519409331551721e-01
1.276513400000000020e+00 7.537898474601747445e-01 8.682107160477661179e-01 8.682107160477661179e-01
1.282711099999999993e+00 7.384773097834300692e-01 8.593470252368539120e-01 8.593470252368539120e-01
1.288912700000000022e+00 7.236097107958727737e-01 8.506525205957322644e-01 8.506525205957322644e-01
1.295110399999999995e+00 7.091969879657524789e-01 8.421383425339048490e-01 8.421383425339048490e-01
1.301312100000000083e+00 6.952077923290286288e-01 8.337912162700136243e-01 8.337912162700136243e-01
1.307513699999999890e+00 6.816349577583583619e-01 8.256118687121438704e-01 8.256118687121438704e-01
1.313711400000000085e+00 6.684663360442512081e-01 8.175979060909165375e-01 8.175979060909165375e-01
1.319913099999999950e+00 6.556625331848029425e-01 8.097299137272890857e-01 8.097299137272890857e-01
1.326114699999999980e+00 6.432080163340866408e-01 8.020025039450230375e-01 8.020025039450230375e-01
1.332312399999999952e+00 6.310849038926995558e-01 7.944085245594356692e-01 7.944085245594356692e-01
1.338514100000000040e+00 6.192525958131522845e-01 7.869260421495480884e-01 7.869260421495480884e-01
1.344715700000000069e+00 6.076949245100722319e-01 7.795478975085958773e-01 7.795478975085958773e-01
1.350913400000000042e+00 5.963961265673610734e-01 7.722668752234301826e-01 7.722668752234301826e-01
1.357115099999999908e+00 5.853215518811362150e-01 7.650631032020406286e-01 7.650631032020406286e-01
1.363316699999999937e+00 5.744613542202476886e-01 7.579322886777206669e-01 7.579322886777206669e-01
1.369514399999999910e+00 5.638078551926757331e-01 7.508713972396843239e-01 7.508713972396843239e-01
1.375716099999999997e+00 5.533367939496490751e-01 7.438661129192867261e-01 7.438661129192867261e-01
1.381913699999999912e+00 5.430546391046939814e-01 7.369224105051317419e-01 7.369224105051317419e-01
1.388115399999999999e+00 5.329439137482220312e-01 7.300300772901223700e-01 7.300300772901223700e-01
1.394317100000000087e+00 5.230106489415828896e-01 7.231947517381350776e-01 7.231947517381350776e-01
1.400514700000000001e+00 5.132630203030316141e-01 7.164237714530636847e-01 7.164237714530636847e-01
1.406716400000000089e+00 5.036920000372160366e-01 7.097126179216599606e-01 7.097126179216599606e-01
1.412918099999999955e+00 4.943094452388615001e-01 7.030714367963339928e-01 7.030714367963339928e-01
1.419115700000000091e+00 4.851275450065369310e-01 6.965109798176457589e-01 6.965109798176457589e-01
1.425317399999999957e+00 4.761405077683599774e-01 6.900293528309936475e-01 6.900293528309936475e-01
1.431519100000000044e+00 4.673603898597054607e-01 6.836376158899577504e-01 6.836376158899577504e-01
1.437716699999999959e+00 4.587976938211723033e-01 6.773460665133977932e-01 6.773460665133977932e-01
1.443918400000000046e+00 4.504445096550076522e-01 6.711516294065057453e-01 6.711516294065057453e-01
1.450120099999999912e+00 4.423081315418647685e-01 6.650625019814789818e-01 6.650625019814789818e-01
1.456317700000000048e+00 4.343931662206025335e-01 6.590850978596030085e-01 6.590850978596030085e-01
1.462519399999999914e+00 4.266863404394195536e-01 6.532123241637588507e-01 6.532123241637588507e-01
1.468721100000000002e+00 4.191879156842936438e-01 6.474472300383202761e-01 6.474472300383202761e-01
1.474918699999999916e+00 4.118954850940776402e-01 6.417908421706230992e-01 6.417908421706230992e-01
1.481120400000000004e+00 4.047903533626975303e-01 6.362313677921715982e-01 6.362313677921715982e-01
1.487317999999999918e+00 3.978713226750460463e-01 6.307704199429821079e-01 6.307704199429821079e-01
1.493519700000000006e+00 3.911174852472050212e-01 6.253938640946239413e-01 6.253938640946239413e-01
1.499721400000000093e+00 3.845210195103472284e-01 6.200975886990266472e-01 6.200975886990266472e-01
1.505919000000000008e+00 3.780734702231904887e-01 6.148767927180130988e-01 6.148767927180130988e-01
1.512120700000000095e+00 3.717539003467858483e-01 6.097162457625562304e-01 6.097162457625562304e-01
1.518322399999999961e+00 3.655549266463308800e-01 6.046113848136924762e-01 6.046113848136924762e-01
1.524520000000000097e+00 3.594699725771978716e-01 5.995581477865160602e-01 5.995581477865160602e-01
1.530721699999999963e+00 3.534818936422165492e-01 5.945434329317047517e-01 5.945434329317047517e-01
1.536923400000000051e+00 3.475873815736618688e-01 5.895654175523373786e-01 5.895654175523373786e-01
1.543120999999999965e+00 3.417847754329281229e-01 5.846236186068162199e-01 5.846236186068162199e-01
1.549322700000000053e+00 3.360628942919920426e-01 5.797093187900226319e-01 5.797093187900226319e-01
1.555524399999999918e+00 3.304240356887498398e-01 5.748252218620455434e-01 5.748252218620455434e-01
1.561722000000000055e+00 3.248720863664186775e-01 5.699755138305668822e-01 5.699755138305668822e-01
1.567923699999999920e+00 3.194015421657871445e-01 5.651562104107032969e-01 5.651562104107032969e-01
1.574121300000000057e+00 3.140227934507954788e-01 5.603773670044102095e-01 5.603773670044102095e-01
1.580322999999999922e+00 3.087328650319933199e-01 5.556373502852317570e-01 5.556373502852317570e-01
1.586524700000000010e+00 3.035400973481987008e-01 5.509447316638926839e-01 5.509447316638926839e-01
1.592722299999999924e+00 2.984527934147825357e-01 5.463083318189303483e-01 5.463083318189303483e-01
1.598924000000000012e+00 2.934690269230516013e-01 5.417278162722046764e-01 5.417278162722046764e-01
1.605125700000000100e+00 2.885964788769622147e-01 5.372117635318145457e-01 5.372117635318145457e-01
1.611323300000000014e+00 2.838416913411536124e-01 5.327679526221088535e-01 5.327679526221088535e-01
1.617525000000000102e+00 2.792006973594455266e-01 5.283944524306112278e-01 5.283944524306112278e-01
1.623726699999999967e+00 2.746776999721470824e-01 5.240970329739971234e-01 5.240970329739971234e-01
1.629924300000000104e+00 2.702751645975899342e-01 5.198799521020116554e-01 5.198799521020116554e-01
1.636125999999999969e+00 2.659853886982627147e-01 5.157377130851134028e-01 5.157377130851134028e-01
1.642327700000000057e+00 2.618080102255636588e-01 5.116717797822776248e-01 5.116717797822776248e-01
1.648525299999999971e+00 2.577410460948631465e-01 5.076820324719628630e-01 5.076820324719628630e-01
1.654727000000000059e+00 2.537733290155648191e-01 5.037591974500960079e-01 5.037591974500960079e-01
1.660924599999999973e+00 2.499034050789371852e-01 4.999033957465554012e-01 4.999033957465554012e-01
1.667126300000000061e+00 2.461188001079230026e-01 4.961036183177088832e-01 4.961036183177088832e-01
1.673327999999999927e+00 2.424143975052392153e-01 4.923559662533187886e-01 4.923559662533187886e-01
1.679525600000000063e+00 2.387848290226639858e-01 4.886561459990695355e-01 4.886561459990695355e-01
1.685727299999999929e+00 2.352178147381009388e-01 4.849925924569373770e-01 4.849925924569373770e-01
1.691929000000000016e+00 2.317088472591373183e-01 4.813614517793643466e-01 4.813614517793643466e-01
1.698126599999999931e+00 2.282540658207264095e-01 4.777594225347380763e-01 4.777594225347380763e-01
1.704328300000000018e+00 2.248437782661624196e-01 4.741769482652677392e-01 4.741769482652677392e-01
1.710530000000000106e+00 2.214763193894275506e-01 4.706127063620653694e-01 4.706127063620653694e-01
1.716727600000000020e+00 2.181511554711960121e-01 4.670665428728502100e-01 4.670665428728502100e-01
1.722929300000000108e+00 2.148624391356604990e-01 4.635325653453708505e-01 4.635325653453708505e-01
1.729130999999999974e+00 2.116121687632480930e-01 4.600132267264149810e-01 4.600132267264149810e-01
1.735328600000000110e+00 2.084033766671548882e-01 4.565121867674015177e-01 4.565121867674015177e-01
1.741530299999999976e+00 2.052337258124770913e-01 4.530272903617144076e-01 4.530272903617144076e-01
1.747732000000000063e+00 2.021080540700129768e-01 4.495642935888180536e-01 4.495642935888180536e-01
1.753929599999999978e+00 1.990316477828659447e-01 4.461296311419652438e-01 4.461296311419652438e-01
1.760131300000000065e+00 1.960040204142182441e-01 4.427234129953127595e-01 4.427234129953127595e-01
1.766328899999999980e+00 1.930328197327249029e-01 4.393550042195091265e-01 4.393550042195091265e-01
1.772530600000000067e+00 1.901175782291464611e-01 4.360247449734320768e-01 4.360247449734320768e-01
1.778732299999999933e+00 1.872633314216395894e-01 4.327393342667610887e-01 4.327393342667610887e-01
1.784929900000000069e+00 1.844743399123996708e-01 4.295047612220377342e-01 4.295047612220377342e-01
1.791131599999999935e+00 1.817485736128667262e-01 4.263198020416911205e-01 4.263198020416911205e-01
1.797333300000000023e+00 1.790886677437959207e-01 4.231886904724604381e-01 4.231886904724604381e-01
1.803530899999999937e+00 1.764961268458927479e-01 4.201144211353530222e-01 4.201144211353530222e-01
1.809732600000000025e+00 1.739663608562459773e-01 4.170927485059479634e-01 4.170927485059479634e-01
1.815934299999999890e+00 1.714990118200824532e-01 4.141243917231662297e-01 4.141243917231662297e-01
1.822131900000000027e+00 1.690927087342212198e-01 4.112088383464310160e-01 4.112088383464310160e-01
1.828333599999999892e+00 1.667406040044983884e-01 4.083388347983796240e-01 4.083388347983796240e-01
1.834535299999999980e+00 1.644400827905126150e-01 4.055121240980503750e-01 4.055121240980503750e-01
1.840732899999999894e+00 1.621880212149509337e-01 4.027257394492571030e-01 4.027257394492571030e-01
1.846934599999999982e+00 1.599766721681970538e-01 3.999708391473021374e-01 3.999708391473021374e-01
1.853132199999999896e+00 1.578042323006722258e-01 3.972458084117090338e-01 3.972458084117090338e-01
1.859333899999999984e+00 1.556633325830342474e-01 3.945419275350013355e-01 3.945419275350013355e-01
1.865535600000000072e+00 1.535513464266131667e-01 3.918562828724495017e-01 3.918562828724495017e-01
1.871733199999999986e+00 1.514661511768428392e-01 3.891865249168358076e-01 3.891865249168358076e-01
1.877934900000000074e+00 1.494022030442401505e-01 3.865258116144899003e-01 3.865258116144899003e-01
1.884136599999999939e+00 1.473588995062585505e-01 3.838735462444091695e-01 3.838735462444091695e-01
1.890334200000000076e+00 1.453364252009169966e-01 3.812301472875892494e-01 3.812301472875892494e-01
1.896535899999999941e+00 1.433318030470110138e-01 3.785918687016547879e-01 3.785918687016547879e-01
1.902737600000000029e+00 1.413468819631680251e-01 3.759612772123853142e-01 3.759612772123853142e-01
1.908935199999999943e+00 1.393841844293489396e-01 3.733419135716601334e-01 3.733419135716601334e-01
1.915136900000000031e+00 1.374429564178608065e-01 3.707329988251124031e-01 3.707329988251124031e-01
1.921338599999999897e+00 1.355268175699676225e-01 3.681396712797571080e-01 3.681396712797571080e-01
1.927536200000000033e+00 1.336396288240849217e-01 3.655675434500236243e-01 3.655675434500236243e-01
1.933737899999999899e+00 1.317816482336635897e-01 3.630174213914031944e-01 3.630174213914031944e-01
1.939935500000000035e+00 1.299580432408954378e-01 3.604969392947677265e-01 3.604969392947677265e-01
1.946137199999999901e+00 1.281689030729287471e-01 3.580068478017267575e-01 3.580068478017267575e-01
1.952338899999999988e+00 1.264175831479949219e-01 3.555525040665512004e-01 3.555525040665512004e-01
1.958536499999999902e+00 1.247068419641560733e-01 3.531385591579544458e-01 3.531385591579544458e-01
1.964738199999999990e+00 1.230354547731897924e-01 3.507641013176658884e-01 3.507641013176658884e-01
1.970939900000000078e+00 1.214049349221576618e-01 3.484321094878565783e-01 3.484321094878565783e-01
1.977137499999999992e+00 1.198159835087061337e-01 3.461444546843212566e-01 3.461444546843212566e-01
1.983339200000000080e+00 1.182654595107284767e-01 3.438974549349391174e-01 3.438974549349391174e-01
1.989540899999999946e+00 1.167527242683116112e-01 3.416909777391138880e-01 3.416909777391138880e-01
1.995738500000000082e+00 1.152764477333928089e-01 3.395238544394087454e-01 3.395238544394087454e-01
2.001940199999999948e+00 1.138318910443209681e-01 3.373898205997343802e-01 3.373898205997343802e-01
2.008141900000000035e+00 1.124168873672219404e-01 3.352862767356009077e-01 3.352862767356009077e-01
2.014339500000000172e+00 1.110289647090174636e-01 3.332100909471642503e-01 3.332100909471642503e-01
2.020541199999999815e+00 1.096628288015889657e-01 3.311537842175277802e-01 3.311537842175277802e-01
2.026742899999999903e+00 1.083160201195531441e-01 3.291139925915534947e-01 3.291139925915534947e-01
2.032940500000000039e+00 1.069862470664540016e-01 3.270875220280559659e-01 3.270875220280559659e-01
2.039142200000000127e+00 1.056689368232425069e-01 3.250675880847589405e-01 3.250675880847589405e-01
2.045339799999999819e+00 1.043634841135802072e-01 3.230533765704673987e-01 3.230533765704673987e-01
2.051541499999999907e+00 1.030663649990123248e-01 3.210395069131092294e-01 3.210395069131092294e-01
2.057743199999999995e+00 1.017772610389176963e-01 3.190254865036925014e-01 3.190254865036925014e-01
2.063940800000000131e+00 1.004964724785169239e-01 3.170117860246159935e-01 3.170117860246159935e-01
2.070142500000000219e+00 9.922239722213103963e-02 3.149958685794641555e-01 3.149958685794641555e-01
2.076344199999999862e+00 9.795658011010066613e-02 3.129801592914487895e-01 3.129801592914487895e-01
2.082541799999999999e+00 9.670108263163179618e-02 3.109679768587624293e-01 3.109679768587624293e-01
2.088743500000000086e+00 9.545592782098703821e-02 3.089594274674055674e-01 3.089594274674055674e-01
2.094945200000000174e+00 9.422397678047382541e-02 3.069592428653579730e-01 3.069592428653579730e-01
2.101142799999999866e+00 9.300827470225987714e-02 3.049725802465852453e-01 3.049725802465852453e-01
2.107344499999999954e+00 9.180954688797884899e-02 3.030009024540666895e-01 3.030009024540666895e-01
2.113546200000000042e+00 9.063089450742453645e-02 3.010496545545676694e-01 3.010496545545676694e-01
2.119743800000000178e+00 8.947519563852163182e-02 2.991240472421460850e-01 2.991240472421460850e-01
2.125945499999999821e+00 8.834275596841836831e-02 2.972250931001929608e-01 2.972250931001929608e-01
2.132143099999999958e+00 8.723652262157051418e-02 2.953582953322464455e-01 2.953582953322464455e-01
2.138344800000000046e+00 8.615602220375161158e-02 2.935234610789256848e-01 2.935234610789256848e-01
2.144546500000000133e+00 8.510247225995846987e-02 2.917232802845163286e-01 2.917232802845163286e-01
2.150744099999999825e+00 8.407648008960827424e-02 2.899594455947387961e-01 2.899594455947387961e-01
2.156945799999999913e+00 8.307608746426817237e-02 2.882292272901347818e-01 2.882292272901347818e-01
2.163147500000000001e+00 8.210087023315155996e-02 2.865324942011840403e-01 2.865324942011840403e-01
2.169345100000000137e+00 8.114987987842881001e-02 2.848681798278439037e-01 2.848681798278439037e-01
2.175546799999999781e+00 8.021990436153104975e-02 2.832311853619425279e-01 2.832311853619425279e-01
2.181748499999999868e+00 7.930933201722413506e-02 2.816191258015409149e-01 2.816191258015409149e-01
2.187946100000000005e+00 7.841631015368616398e-02 2.800291237598085403e-01 2.800291237598085403e-01
2.194147800000000093e+00 7.753714095547706298e-02 2.784549172765262148e-01 2.784549172765262148e-01
2.200349500000000180e+00 7.666993591842671818e-02 2.768933656092661399e-01 2.768933656092661399e-01
2.206547099999999872e+00 7.581291606178895692e-02 2.753414535840706945e-01 2.753414535840706945e-01
2.212748799999999960e+00 7.496284578856569902e-02 2.737934363504094248e-01 2.737934363504094248e-01
2.218946400000000096e+00 7.411907436639675328e-02 2.722481852398593305e-01 2.722481852398593305e-01
2.225148100000000184e+00 7.327910191445165256e-02 2.707011302422870358e-01 2.707011302422870358e-01
2.231349799999999828e+00 7.244254381372249030e-02 2.691515257503150349e-01 2.691515257503150349e-01
2.237547399999999964e+00 7.160946976825988131e-02 2.675994577129405805e-01 2.675994577129405805e-01
2.243749100000000052e+00 7.077876197636762123e-02 2.660427822294144096e-01 2.660427822294144096e-01
2.249950800000000140e+00 6.995140008683005395e-02 2.644832699564002021e-01 2.644832699564002021e-01
2.256148399999999832e+00 6.912875475536008063e-02 2.629234769954179596e-01 2.629234769954179596e-01
2.262350099999999919e+00 6.831090400972619769e-02 2.613635475917140960e-01 2.613635475917140960e-01
2.268551800000000007e+00 6.749982345354586799e-02 2.598072813713000473e-01 2.598072813713000473e-01
2.274749400000000144e+00 6.669764629445262827e-02 2.582588745705607369e-01 2.582588745705607369e-01
2.280951099999999787e+00 6.590499834423949044e-02 2.567196882676501812e-01 2.567196882676501812e-01
2.287152799999999875e+00 6.512408902918849496e-02 2.551942182518806557e-01 2.551942182518806557e-01
2.293350400000000011e+00 6.435699313970337510e-02 2.536868012721658627e-01 2.536868012721658627e-01
2.299552100000000099e+00 6.360407960584284204e-02 2.521984924733747246e-01 2.521984924733747246e-01
2.305749699999999791e+00 6.286746756135382086e-02 2.507338580274985906e-01 2.507338580274985906e-01
2.311951399999999879e+00 6.214699071955117476e-02 2.492929816893190709e-01 2.492929816893190709e-01
2.318153099999999966e+00 6.144359432799815363e-02 2.478781844535701551e-01 2.478781844535701551e-01
2.324350700000000103e+00 6.075780194826069930e-02 2.464909774175531587e-01 2.464909774175531587e-01
2.330552400000000191e+00 6.008840348485389865e-02 2.451293607156309062e-01 2.451293607156309062e-01
2.336754099999999834e+00 5.943519454195248658e-02 2.437933439246290912e-01 2.437933439246290912e-01
2.342951699999999970e+00 5.879760263819238525e-02 2.424821697325235947e-01 2.424821697325235947e-01
2.349153400000000058e+00 5.817352026969146300e-02 2.411918743857086600e-01 2.411918743857086600e-01
2.355355100000000146e+00 5.756189754503031331e-02 2.399206067536307219e-01 2.399206067536307219e-01
2.361552699999999838e+00 5.696151199814022958e-02 2.386661098651005064e-01 2.386661098651005064e-01
2.367754399999999926e+00 5.636989139282220368e-02 2.374234432250156013e-01 2.374234432250156013e-01
2.373956100000000013e+00 5.578577387321551062e-02 2.361901223023848417e-01 2.361901223023848417e-01
2.380153700000000150e+00 5.520797002076498206e-02 2.349637632077869742e-01 2.349637632077869742e-01
2.386355399999999793e+00 5.463430810354624051e-02 2.337398299467727536e-01 2.337398299467727536e-01
2.392557099999999881e+00 5.406398601656006025e-02 2.325166359995775867e-01 2.325166359995775867e-01
2.398754700000000017e+00 5.349646172657183257e-02 2.312930213529405810e-01 2.312930213529405810e-01
2.404956400000000105e+00 5.293036984264535422e-02 2.300660119240678925e-01 2.300660119240678925e-01
2.411153999999999797e+00 5.236616329330493619e-02 2.288365427402383467e-01 2.288365427402383467e-01
2.417355699999999885e+00 5.180311892589793688e-02 2.276029853185101148e-01 2.276029853185101148e-01
2.423557399999999973e+00 5.124193768489120060e-02 2.263668210778496670e-01 2.263668210778496670e-01
2.429755000000000109e+00 5.068358878109151255e-02 2.251301596434638341e-01 2.251301596434638341e-01
2.435956700000000197e+00 5.012816408424211612e-02 2.238931979409873041e-01 2.238931979409873041e-01
2.442158399999999840e+00 4.957704147058397681e-02 2.226590251271750587e-01 2.226590251271750587e-01
2.448355999999999977e+00 4.903170264188259214e-02 2.214310336016218628e-01 2.214310336016218628e-01
2.454557700000000064e+00 4.849259834603887598e-02 2.202103502245952027e-01 2.202103502245952027e-01
2.460759400000000152e+00 4.796124793989794272e-02 2.190005660720947545e-01 2.190005660720947545e-01
2.466956999999999844e+00 4.743907047552139988e-02 2.178051204070312885e-01 2.178051204070312885e-01
2.473158699999999932e+00 4.692631345032990953e-02 2.166248218702785389e-01 2.166248218702785389e-01
2.479360400000000020e+00 4.642407694556907605e-02 2.154624722441684792e-01 2.154624722441684792e-01
2.485558000000000156e+00 4.593320750517060347e-02 2.143203385243001302e-01 2.143203385243001302e-01
2.491759699999999800e+00 4.545332880395077518e-02 2.131978630379553763e-01 2.131978630379553763e-01
2.497957299999999936e+00 4.498508359010569557e-02 2.120968731266580920e-01 2.120968731266580920e-01
2.504159000000000024e+00 4.452759668174856300e-02 2.110156313682675089e-01 2.110156313682675089e-01
2.510360700000000111e+00 4.408067612498922649e-02 2.099539857325629089e-01 2.099539857325629089e-01
2.516558299999999804e+00 4.364387938349535007e-02 2.089111758223943238e-01 2.089111758223943238e-01
2.522759999999999891e+00 4.321571515154291887e-02 2.078838982498233678e-01 2.078838982498233678e-01
2.528961699999999979e+00 4.279542227121727743e-02 2.068705447162966227e-01 2.068705447162966227e-01
2.535159300000000115e+00 4.238213160763972670e-02 2.058692099553493804e-01 2.058692099553493804e-01
2.541361000000000203e+00 4.197412455976635981e-02 2.048758759829140130e-01 2.048758759829140130e-01
2.547562699999999847e+00 4.157052822089173788e-02 2.038885191002468844e-01 2.038885191002468844e-01
2.553760299999999983e+00 4.117053539050365141e-02 2.029052374644470524e-01 2.029052374644470524e-01
2.559962000000000071e+00 4.077267229081163458e-02 2.019224412758810483e-01 2.019224412758810483e-01
2.566163700000000158e+00 4.037642631020793571e-02 2.009388621203174186e-01 2.009388621203174186e-01
2.572361299999999851e+00 3.998147885274693641e-02 1.999536917707371020e-01 1.999536917707371020e-01
2.578562999999999938e+00 3.958694743005183869e-02 1.989646889024578591e-01 1.989646889024578591e-01
2.584760600000000075e+00 3.919322263790987054e-02 1.979727825684881037e-01 1.979727825684881037e-01
2.590962300000000162e+00 3.879987874511554163e-02 1.969768482464767656e-01 1.969768482464767656e-01
2.597163999999999806e+00 3.840748437452244646e-02 1.959782752616280321e-01 1.959782752616280321e-01
2.603361599999999942e+00 3.801679389826667643e-02 1.949789575781619433e-01 1.949789575781619433e-01
2.609563300000000030e+00 3.762794183461785902e-02 1.939792304207279272e-01 1.939792304207279272e-01
2.615765000000000118e+00 3.724195394230801759e-02 1.929817451012090235e-01 1.929817451012090235e-01
2.621962599999999810e+00 3.685991809363544508e-02 1.919893697412318745e-01 1.919893697412318745e-01
2.628164299999999898e+00 3.648218701187310592e-02 1.910031073356480980e-01 1.910031073356480980e-01
2.634365999999999985e+00 3.610984788628390785e-02 1.900259137230601580e-01 1.900259137230601580e-01
2.640563600000000122e+00 3.574390300780230095e-02 1.890605802588215534e-01 1.890605802588215534e-01
2.646765300000000209e+00 3.538451898524553468e-02 1.881077323908975640e-01 1.881077323908975640e-01
2.652966999999999853e+00 3.503244605765662434e-02 1.871695649876245759e-01 1.871695649876245759e-01
2.659164599999999989e+00 3.468824457923520843e-02 1.862478042266141887e-01 1.862478042266141887e-01
2.665366300000000077e+00 3.435160720516896443e-02 1.853418657647779300e-01 1.853418657647779300e-01
2.671568000000000165e+00 3.402271892111469187e-02 1.844524841825522510e-01 1.844524841825522510e-01
2.677765599999999857e+00 3.370155475140793749e-02 1.835798320933101357e-01 1.835798320933101357e-01
2.683967299999999945e+00 3.338727863086208419e-02 1.827218613928341118e-01 1.827218613928341118e-01
2.690164900000000081e+00 3.307974137446491325e-02 1.818783697267624955e-01 1.818783697267624955e-01
2.696366600000000169e+00 3.277784635884282982e-02 1.810465309218677876e-01 1.810465309218677876e-01
2.702568299999999812e+00 3.248101985455625895e-02 1.802249146332333685e-01 1.802249146332333685e-01
2.708765899999999949e+00 3.218862489228416918e-02 1.794118861510690666e-01 1.794118861510690666e-01
2.714967600000000036e+00 3.189943703331154373e-02 1.786041349838002612e-01 1.786041349838002612e-01
2.721169300000000124e+00 3.161284483481888868e-02 1.778000135962280737e-01 1.778000135962280737e-01
2.727366899999999816e+00 3.132830002279727438e-02 1.769980226522241962e-01 1.769980226522241962e-01
2.733568599999999904e+00 3.104479445796691842e-02 1.761953304090858041e-01 1.761953304090858041e-01
2.739770299999999992e+00 3.076201686403933974e-02 1.753910398624722866e-01 1.753910398624722866e-01
2.745967900000000128e+00 3.047980640102944047e-02 1.745846682874227784e-01 1.745846682874227784e-01
2.752169600000000216e+00 3.019760721343337645e-02 1.737745873637263905e-01 1.737745873637263905e-01
2.758371299999999859e+00 2.991559204511068729e-02 1.729612443442480885e-01 1.729612443442480885e-01
2.764568899999999996e+00 2.963409635059078770e-02 1.721455673277438314e-01 1.721455673277438314e-01
2.770770600000000083e+00 2.935304687528154932e-02 1.713273091929058134e-01 1.713273091929058134e-01
2.776968200000000220e+00 2.907324301759893481e-02 1.705087769518007501e-01 1.705087769518007501e-01
2.783169899999999863e+00 2.879484457252433002e-02 1.696904374810918048e-01 1.696904374810918048e-01
2.789371599999999951e+00 2.851863734325983321e-02 1.688746201868706887e-01 1.688746201868706887e-01
2.795569200000000087e+00 2.824543641036530647e-02 1.680637867310067202e-01 1.680637867310067202e-01
2.801770900000000175e+00 2.797551445583748575e-02 1.672588247472685252e-01 1.672588247472685252e-01
2.807972599999999819e+00 2.770965150406463212e-02 1.664621623795168315e-01 1.664621623795168315e-01
2.814170199999999955e+00 2.744854795785789045e-02 1.656760331425698174e-01 1.656760331425698174e-01
2.820371900000000043e+00 2.719228985868659201e-02 1.649008485687280812e-01 1.649008485687280812e-01
2.826573600000000130e+00 2.694136271493187407e-02 1.641382426947841922e-01 1.641382426947841922e-01
2.832771199999999823e+00 2.669610124328674478e-02 1.633894159463419593e-01 1.633894159463419593e-01
2.838972899999999910e+00 2.645620942823399477e-02 1.626536486779008306e-01 1.626536486779008306e-01
2.845174599999999998e+00 2.622173285552028763e-02 1.619312596613769473e-01 1.619312596613769473e-01
2.851372200000000134e+00 2.599256241820737875e-02 1.612220903542916361e-01 1.612220903542916361e-01
2.857573899999999778e+00 2.576800914522153416e-02 1.605241699720684756e-01 1.605241699720684756e-01
2.863775599999999866e+00 2.554773351562519487e-02 1.598365837836419612e-01 1.598365837836419612e-01
2.869973200000000002e+00 2.533130328886563226e-02 1.591581078326380350e-01 1.591581078326380350e-01
2.876174900000000090e+00 2.511780581547568003e-02 1.584859798703837364e-01 1.584859798703837364e-01
2.882372600000000062e+00 2.490687350822727922e-02 1.578191164220205667e-01 1.578191164220205667e-01
2.888574199999999870e+00 2.469760180438161645e-02 1.571547065931581111e-01 1.571547065931581111e-01
2.894775899999999957e+00 2.448952744533159850e-02 1.564913015005358066e-01 1.564913015005358066e-01
2.900973500000000094e+00 2.428226871634107248e-02 1.558276891837297173e-01 1.558276891837297173e-01
2.907175200000000181e+00 2.407512540372320695e-02 1.551616105991530659e-01 1.551616105991530659e-01
2.913376899999999825e+00 2.386792380281291259e-02 1.544924716703468259e-01 1.544924716703468259e-01
2.919574499999999961e+00 2.366061866063850702e-02 1.538200853615629415e-01 1.538200853615629415e-01
2.925776200000000049e+00 2.345288813516107837e-02 1.531433581163776092e-01 1.531433581163776092e-01
2.931977900000000137e+00 2.324495605088438416e-02 1.524629661618990828e-01 1.524629661618990828e-01
2.938175499999999829e+00 2.303717353579657831e-02 1.517800169185541392e-01 1.517800169185541392e-01
2.944377199999999917e+00 2.282959230821875185e-02 1.510946468549390909e-01 1.510946468549390909e-01
2.950578900000000004e+00 2.262277027246788197e-02 1.504086775171827595e-01 1.504086775171827595e-01
2.956776500000000141e+00 2.241733281234139716e-02 1.497241891356951016e-01 1.497241891356951016e-01
2.962978199999999784e+00 2.221354010625724296e-02 1.490420749528710842e-01 1.490420749528710842e-01
2.969175900000000201e+00 2.201220304831668848e-02 1.483651005065432793e-01 1.483651005065432793e-01
2.975377500000000008e+00 2.181359380833152589e-02 1.476942578719007693e-01 1.476942578719007693e-01
2.981579200000000096e+00 2.161832135759437015e-02 1.470317018795415098e-01 1.470317018795415098e-01
2.987776900000000069e+00 2.142692559447121475e-02 1.463793892406687613e-01 1.463793892406687613e-01
2.993978499999999876e+00 2.123948476207650551e-02 1.457377259397047986e-01 1.457377259397047986e-01
3.000180199999999964e+00 2.105633128918944427e-02 1.451079987085117373e-01 1.451079987085117373e-01
3.006377899999999936e+00 2.087767588840138896e-02 1.444910927649223353e-01 1.444910927649223353e-01
3.012579500000000188e+00 2.070325972041837936e-02 1.438862735649873437e-01 1.438862735649873437e-01
3.018781199999999831e+00 2.053303955845515658e-02 1.432935433243771595e-01 1.432935433243771595e-01
3.024978899999999804e+00 2.036685437464512416e-02 1.427124885027414858e-01 1.427124885027414858e-01
3.031180500000000055e+00 2.020412043054782905e-02 1.421411989204671988e-01 1.421411989204671988e-01
3.037382200000000143e+00 2.004448537818325979e-02 1.415785484393142779e-01 1.415785484393142779e-01
3.043579900000000116e+00 1.988753580722742165e-02 1.410231747168791405e-01 1.410231747168791405e-01
3.049781499999999923e+00 1.973251963107492887e-02 1.404724870964949024e-01 1.404724870964949024e-01
3.055979199999999896e+00 1.957907162023646286e-02 1.399252358234084337e-01 1.399252358234084337e-01
3.062180899999999983e+00 1.942645389870450295e-02 1.393788143826187875e-01 1.393788143826187875e-01
3.068382499999999791e+00 1.927427002867035388e-02 1.388318048167290486e-01 1.388318048167290486e-01
3.074580200000000207e+00 1.912218269795777636e-02 1.382829805072112728e-01 1.382829805072112728e-01
3.080781899999999851e+00 1.896965502630087314e-02 1.377303707477071648e-01 1.377303707477071648e-01
3.086983500000000102e+00 1.881654701571715618e-02 1.371734194941467422e-01 1.371734194941467422e-01
3.093181200000000075e+00 1.866282512461666515e-02 1.366119508850403008e-01 1.366119508850403008e-01
3.099382900000000163e+00 1.850828198503705335e-02 1.360451468632271899e-01 1.360451468632271899e-01
3.105584499999999970e+00 1.835312258282061418e-02 1.354736970146626363e-01 1.354736970146626363e-01
3.111782199999999943e+00 1.819765333835233687e-02 1.348986780452363643e-01 1.348986780452363643e-01
3.117983800000000194e+00 1.804198420078841070e-02 1.343204533970475123e-01 1.343204533970475123e-01
3.124185499999999838e+00 1.788659366610887563e-02 1.337407703959749006e-01 1.337407703959749006e-01
3.130383199999999810e+00 1.773202356022507073e-02 1.331616444785249376e-01 1.331616444785249376e-01
3.136584800000000062e+00 1.757854959175907117e-02 1.325841226986062271e-01 1.325841226986062271e-01
3.142782500000000034e+00 1.742684547077219190e-02 1.320107778583710645e-01 1.320107778583710645e-01
3.148984200000000122e+00 1.727718243917586785e-02 1.314426964086474747e-01 1.314426964086474747e-01
3.155185799999999929e+00 1.713008593335541702e-02 1.308819541929116259e-01 1.308819541929116259e-01
3.161383499999999902e+00 1.698600613139743948e-02 1.303303730194824428e-01 1.303303730194824428e-01
3.167585199999999990e+00 1.684504260849157067e-02 1.297884532941646907e-01 1.297884532941646907e-01
3.173786799999999797e+00 1.670748139542249655e-02 1.292574229799685337e-01 1.292574229799685337e-01
3.179984500000000214e+00 1.657349084285854313e-02 1.287380706817472242e-01 1.287380706817472242e-01
3.186186199999999857e+00 1.644288153904152269e-02 1.282297997309577164e-01 1.282297997309577164e-01
3.192387800000000109e+00 1.631561983597819981e-02 1.277326106989840060e-01 1.277326106989840060e-01
3.198585500000000081e+00 1.619155963528512432e-02 1.272460594096537223e-01 1.272460594096537223e-01
3.204787200000000169e+00 1.607023564019388270e-02 1.267684331377251228e-01 1.267684331377251228e-01
3.210988799999999976e+00 1.595135276351155804e-02 1.262986649316276688e-01 1.262986649316276688e-01
3.217186499999999949e+00 1.583455227425731998e-02 1.258354174080466015e-01 1.258354174080466015e-01
3.223388200000000037e+00 1.571922541839029450e-02 1.253763351609477050e-01 1.253763351609477050e-01
3.229589799999999844e+00 1.560498187728853736e-02 1.249199018462972405e-01 1.249199018462972405e-01
3.235787499999999817e+00 1.549143759489305175e-02 1.244646037831360769e-01 1.244646037831360769e-01
3.241989199999999904e+00 1.537803062714883894e-02 1.240081877423778733e-01 1.240081877423778733e-01
3.248186800000000041e+00 1.526454765897645484e-02 1.235497780612189317e-01 1.235497780612189317e-01
3.254388500000000128e+00 1.515054864632909941e-02 1.230875649540972144e-01 1.230875649540972144e-01
3.260590200000000216e+00 1.503590298953373303e-02 1.226209728779450447e-01 1.226209728779450447e-01
3.266787799999999908e+00 1.492057435487600427e-02 1.221498029260628948e-01 1.221498029260628948e-01
3.272989499999999996e+00 1.480439341921377383e-02 1.216733061078467404e-01 1.216733061078467404e-01
3.279191200000000084e+00 1.468751427787864938e-02 1.211920553414234658e-01 1.211920553414234658e-01
3.285388800000000220e+00 1.457018153217154617e-02 1.207070069721370709e-01 1.207070069721370709e-01
3.291590499999999864e+00 1.445248508071371625e-02 1.202184889304208359e-01 1.202184889304208359e-01
3.297792199999999951e+00 1.433481201159888564e-02 1.197280752856191427e-01 1.197280752856191427e-01
3.303989800000000088e+00 1.421759659132871764e-02 1.192375636757507656e-01 1.192375636757507656e-01
3.310191500000000175e+00 1.410106863256506762e-02 1.187479205399617349e-01 1.187479205399617349e-01
3.316393199999999819e+00 1.398569893178915058e-02 1.182611471777149231e-01 1.182611471777149231e-01
3.322590799999999955e+00 1.387194294786548224e-02 1.177792127154256435e-01 1.177792127154256435e-01
3.328792500000000043e+00 1.375999916663397070e-02 1.173030228367281658e-01 1.173030228367281658e-01
3.334990100000000179e+00 1.365031534005429689e-02 1.168345639785346030e-01 1.168345639785346030e-01
3.341191799999999823e+00 1.354298267934475261e-02 1.163743213915542085e-01 1.163743213915542085e-01
3.347393499999999911e+00 1.343823599261377739e-02 1.159234057152125630e-01 1.159234057152125630e-01
3.353591100000000047e+00 1.333622103760040249e-02 1.154825572872388434e-01 1.154825572872388434e-01
3.359792800000000135e+00 1.323679656416961413e-02 1.150512779771246802e-01 1.150512779771246802e-01
3.365994499999999778e+00 1.313994042276223247e-02 1.146295791790331586e-01 1.146295791790331586e-01
3.372192099999999915e+00 1.304554489262521252e-02 1.142170954482086831e-01 1.142170954482086831e-01
3.378393800000000002e+00 1.295324612272680254e-02 1.138123285181653899e-01 1.138123285181653899e-01
3.384595500000000090e+00 1.286281111115173195e-02 1.134143337993559486e-01 1.134143337993559486e-01
3.390793099999999782e+00 1.277396002668074008e-02 1.130219448898342888e-01 1.130219448898342888e-01
3.396994799999999870e+00 1.268621239728867818e-02 1.126330874889287514e-01 1.126330874889287514e-01
3.403196499999999958e+00 1.259925741663900194e-02 1.122464138252933369e-01 1.122464138252933369e-01
3.409394100000000094e+00 1.251279327761653688e-02 1.118605975203804115e-01 1.118605975203804115e-01
3.415595800000000182e+00 1.242637513010138098e-02 1.114736521788955298e-01 1.114736521788955298e-01
3.421793399999999874e+00 1.233983082746001325e-02 1.110847911617968281e-01 1.110847911617968281e-01
3.427995099999999962e+00 1.225281604555968247e-02 1.106924389719536467e-01 1.106924389719536467e-01
3.434196800000000049e+00 1.216522489035619728e-02 1.102960783090504854e-01 1.102960783090504854e-01
3.440394400000000186e+00 1.207702629601761952e-02 1.098955244585402558e-01 1.098955244585402558e-01
3.446596099999999829e+00 1.198809006028894210e-02 1.094901368173815948e-01 1.094901368173815948e-01
3.452797799999999917e+00 1.189853580080329869e-02 1.090804097938914974e-01 1.090804097938914974e-01
3.458995400000000053e+00 1.180855485276376474e-02 1.086671746792183951e-01 1.086671746792183951e-01
3.465197100000000141e+00 1.171822164859856116e-02 1.082507350949570291e-01 1.082507350949570291e-01
3.471398799999999785e+00 1.162783985682112539e-02 1.078324619807093376e-01 1.078324619807093376e-01
3.477596399999999921e+00 1.153775037482126543e-02 1.074139207683122710e-01 1.074139207683122710e-01
3.483798100000000009e+00 1.144813726456747269e-02 1.069959684500657870e-01 1.069959684500657870e-01
3.489999800000000096e+00 1.135936965558944495e-02 1.065803436642491081e-01 1.065803436642491081e-01
3.496197399999999789e+00 1.127180445324756780e-02 1.061687545996823356e-01 1.061687545996823356e-01
3.502399099999999876e+00 1.118559986321842302e-02 1.057619963087801374e-01 1.057619963087801374e-01
3.508600799999999964e+00 1.110104957175880348e-02 1.053615184579208830e-01 1.053615184579208830e-01
3.514798400000000100e+00 1.101839262330028303e-02 1.049685315859009427e-01 1.049685315859009427e-01
3.521000100000000188e+00 1.093764553086872503e-02 1.045831990850764059e-01 1.045831990850764059e-01
3.527197699999999880e+00 1.085897625505868533e-02 1.042064117751815011e-01 1.042064117751815011e-01
3.533399399999999968e+00 1.078227507593390935e-02 1.038377343547802478e-01 1.038377343547802478e-01
3.539601100000000056e+00 1.070752329848108884e-02 1.034771631737220060e-01 1.034771631737220060e-01
3.545798700000000192e+00 1.063463580058960148e-02 1.031243705463921884e-01 1.031243705463921884e-01
3.552000399999999836e+00 1.056332955375875911e-02 1.027780596905718963e-01 1.027780596905718963e-01
3.558202099999999923e+00 1.049342275765864987e-02 1.024374089757186801e-01 1.024374089757186801e-01
3.564399700000000060e+00 1.042469808067277015e-02 1.021014107672992416e-01 1.021014107672992416e-01
3.570601400000000147e+00 1.035678382240236631e-02 1.017682849536257345e-01 1.017682849536257345e-01
3.576803099999999791e+00 1.028944053652851298e-02 1.014368795681753616e-01 1.014368795681753616e-01
3.583000699999999927e+00 1.022243700316233586e-02 1.011060680827928077e-01 1.011060680827928077e-01
3.589202400000000015e+00 1.015543228581907743e-02 1.007741647736118823e-01 1.007741647736118823e-01
3.595404100000000103e+00 1.008825336669789616e-02 1.004402975239415408e-01 1.004402975239415408e-01
3.601601699999999795e+00 1.002077259208656798e-02 1.001038090788086282e-01 1.001038090788086282e-01
3.607803399999999883e+00 9.952780758036029393e-03 9.976362442311340062e-02 9.976362442311340062e-02
3.614001000000000019e+00 9.884305027257624457e-03 9.941984222104571778e-02 9.941984222104571778e-02
3.620202700000000107e+00 9.815250863626718072e-03 9.907194791476908735e-02 9.907194791476908735e-02
3.626404400000000194e+00 9.745717055110432805e-03 9.872039837394515349e-02 9.872039837394515349e-02
3.632601999999999887e+00 9.675857020939532607e-03 9.836593425032638671e-02 9.836593425032638671e-02
3.638803699999999974e+00 9.605731976753446519e-03 9.800883621772807364e-02 9.800883621772807364e-02
3.645005400000000062e+00 9.535579334948878286e-03 9.765029101312949766e-02 9.765029101312949766e-02
3.651203000000000198e+00 9.465663339342417909e-03 9.729164064472557716e-02 9.729164064472557716e-02
3.657404699999999842e+00 9.396124312055562436e-03 9.693360775322232281e-02 9.693360775322232281e-02
3.663606399999999930e+00 9.327243931305309599e-03 9.657765751614247329e-02 9.657765751614247329e-02
3.669804000000000066e+00 9.259292174860326435e-03 9.622521589926585905e-02 9.622521589926585905e-02
3.676005700000000154e+00 9.192382806539946619e-03 9.587691487808702728e-02 9.587691487808702728e-02
3.682207399999999797e+00 9.126733009114422479e-03 9.553393642635282790e-02 9.553393642635282790e-02
3.688404999999999934e+00 9.062516348904909799e-03 9.519724969191552255e-02 9.519724969191552255e-02
3.694606700000000021e+00 8.999732800525376761e-03 9.486692152971644421e-02 9.486692152971644421e-02
3.700804300000000158e+00 8.938499991189561775e-03 9.454364067027228036e-02 9.454364067027228036e-02
3.707005999999999801e+00 8.878720158404664053e-03 9.422696088914607471e-02 9.422696088914607471e-02
3.713207699999999889e+00 8.820367699808076903e-03 9.391681265784139476e-02 9.391681265784139476e-02
3.719405300000000025e+00 8.763367533113467639e-03 9.361285987039102974e-02 9.361285987039102974e-02
3.725607000000000113e+00 8.707492551486556778e-03 9.331394617894238352e-02 9.331394617894238352e-02
3.731808700000000201e+00 8.652598013294449802e-03 9.301934214610663165e-02 9.301934214610663165e-02
3.738006299999999893e+00 8.598515263894044788e-03 9.272817944882798258e-02 9.272817944882798258e-02
3.744207999999999981e+00 8.544957979747745333e-03 9.243894190084471496e-02 9.243894190084471496e-02
3.750409700000000068e+00 8.491747681535532014e-03 9.215067922449368676e-02 9.215067922449368676e-02
3.756607300000000205e+00 8.438716207203607322e-03 9.186248530931223621e-02 9.186248530931223621e-02
3.762808999999999848e+00 8.385611597034681522e-03 9.157298508312744501e-02 9.157298508312744501e-02
3.769010699999999936e+00 8.332317241037100544e-03 9.128152738115800913e-02 9.128152738115800913e-02
3.775208300000000072e+00 8.278754290746124372e-03 9.098766010150016736e-02 9.098766010150016736e-02
3.781410000000000160e+00 8.224779907010811714e-03 9.069057231603962210e-02 9.069057231603962210e-02
3.787611699999999804e+00 8.170402607083014287e-03 9.039027938380882199e-02 9.039027938380882199e-02
3.793809299999999940e+00 8.115677548545856268e-03 9.008705538836229987e-02 9.008705538836229987e-02
3.800011000000000028e+00 8.060594814077524928e-03 8.978081540105059544e-02 8.978081540105059544e-02
3.806208600000000164e+00 8.005329115178635990e-03 8.947250479995871864e-02 8.947250479995871864e-02
3.812410299999999808e+00 7.949942615340689633e-03 8.916245070286420160e-02 8.916245070286420160e-02
3.818611999999999895e+00 7.894632701102419561e-03 8.885174562777266305e-02 8.885174562777266305e-02
3.824809600000000032e+00 7.839613041858884898e-03 8.854158933438502355e-02 8.854158933438502355e-02
3.831011300000000119e+00 7.784994893774163996e-03 8.823261808296387065e-02 8.823261808296387065e-02
3.837213000000000207e+00 7.730995710246155346e-03 8.792608094442828925e-02 8.792608094442828925e-02
3.843410599999999899e+00 7.677818467061313552e-03 8.762316170431944107e-02 8.762316170431944107e-02
3.849612299999999987e+00 7.625539106035365139e-03 8.732433284048246591e-02 8.732433284048246591e-02
3.855814000000000075e+00 7.574310150627439238e-03 8.703051275631690231e-02 8.703051275631690231e-02
3.862011600000000211e+00 7.524246096276975167e-03 8.674241232682530778e-02 8.674241232682530778e-02
3.868213299999999855e+00 7.475323082549055129e-03 8.645995074338785891e-02 8.645995074338785891e-02
3.874414999999999942e+00 7.427575686701134820e-03 8.618338405227039811e-02 8.618338405227039811e-02
3.880612600000000079e+00 7.380994309748689468e-03 8.591271331851119131e-02 8.591271331851119131e-02
3.886814300000000166e+00 7.335438537004630548e-03 8.564717471700178386e-02 8.564717471700178386e-02
3.893011899999999859e+00 7.290855503015965418e-03 8.538650656289883956e-02 8.538650656289883956e-02
3.899213599999999946e+00 7.247044680487355929e-03 8.512957582701417836e-02 8.512957582701417836e-02
3.905415300000000034e+00 7.203873377254414734e-03 8.487563476790270511e-02 8.487563476790270511e-02
3.911612900000000170e+00 7.161194856871751571e-03 8.462384331186897923e-02 8.462384331186897923e-02
3.917814599999999814e+00 7.118774580296094619e-03 8.437283081831552234e-02 8.437283081831552234e-02
3.924016299999999902e+00 7.076468571085188508e-03 8.412174850230580425e-02 8.412174850230580425e-02
3.930213900000000038e+00 7.034147107439808928e-03 8.386982238826912184e-02 8.386982238826912184e-02
3.936415600000000126e+00 6.991618989527647113e-03 8.361590153510065071e-02 8.361590153510065071e-02
3.942617300000000213e+00 6.948806064848536343e-03 8.335949894792156478e-02 8.335949894792156478e-02
3.948814899999999906e+00 6.905665155012451727e-03 8.310033185861806504e-02 8.310033185861806504e-02
3.955016599999999993e+00 6.862104900183956836e-03 8.283782288413883699e-02 8.283782288413883699e-02
3.961218300000000081e+00 6.818158276018914700e-03 8.257213982947829434e-02 8.257213982947829434e-02
3.967415900000000217e+00 6.773897384863059035e-03 8.230368998327509955e-02 8.230368998327509955e-02
3.973617599999999861e+00 6.729341824651904717e-03 8.203256563494711051e-02 8.203256563494711051e-02
3.979815199999999997e+00 6.684659551454800140e-03 8.175976731531713060e-02 8.175976731531713060e-02
3.986016900000000085e+00 6.639925528884001345e-03 8.148573819315869937e-02 8.148573819315869937e-02
3.992218600000000173e+00 6.595321113437648507e-03 8.121158238476608449e-02 8.121158238476608449e-02
3.998416199999999865e+00 6.551036858967923364e-03 8.093847576380422404e-02 8.093847576380422404e-02
4.004617900000000397e+00 6.507176473766521606e-03 8.066707180607537997e-02 8.066707180607537997e-02
4.010819599999999596e+00 6.463924224787287974e-03 8.039853372286889788e-02 8.039853372286889788e-02
4.017017199999999733e+00 6.421447180054127256e-03 8.013393276293212519e-02 8.013393276293212519e-02
4.023218899999999820e+00 6.379805495613945394e-03 7.987368462525029633e-02 7.987368462525029633e-02
4.029420599999999908e+00 6.339115151145748028e-03 7.961856034333796017e-02 7.961856034333796017e-02
4.035618200000000044e+00 6.299456388148880377e-03 7.936911482528251349e-02 7.936911482528251349e-02
4.041819900000000132e+00 6.260795083194699816e-03 7.912518614951057072e-02 7.912518614951057072e-02
4.048021600000000220e+00 6.223139322935062299e-03 7.888687674724524646e-02 7.888687674724524646e-02
4.054219200000000356e+00 6.186458764367058077e-03 7.865404480614494875e-02 7.865404480614494875e-02
4.060420900000000444e+00 6.150617650098484310e-03 7.842587360111766270e-02 7.842587360111766270e-02
4.066618499999999692e+00 6.115547814430148145e-03 7.820196809818885653e-02 7.820196809818885653e-02
4.072820199999999780e+00 6.081064697320246425e-03 7.798118168712402098e-02 7.798118168712402098e-02
4.079017799999999916e+00 6.047060400683113360e-03 7.776284717449016837e-02 7.776284717449016837e-02
4.085211400000000381e+00 6.013372545552030102e-03 7.754593829177663933e-02 7.754593829177663933e-02
4.091404899999999678e+00 5.979819224228315536e-03 7.732929085558921944e-02 7.732929085558921944e-02
4.097639199999999704e+00 5.946026401711897343e-03 7.711048178887158766e-02 7.711048178887158766e-02
4.103832699999999889e+00 5.912299653683488615e-03 7.689147972099047434e-02 7.689147972099047434e-02
4.110026300000000354e+00 5.878304165793252385e-03 7.667009955512808783e-02 7.667009955512808783e-02
4.116219799999999651e+00 5.843955757442239642e-03 7.644577004283650834e-02 7.644577004283650834e-02
4.122413400000000117e+00 5.809200086685078861e-03 7.621810865329235740e-02 7.621810865329235740e-02
4.128606900000000302e+00 5.774019437421923362e-03 7.598696886586490951e-02 7.598696886586490951e-02
4.134841200000000327e+00 5.738193683155003860e-03 7.575086589046362007e-02 7.575086589046362007e-02
4.141034699999999624e+00 5.702242077454270155e-03 7.551319141351575670e-02 7.551319141351575670e-02
4.147228300000000090e+00 5.666011962837416011e-03 7.527291652936941857e-02 7.527291652936941857e-02
4.153421800000000275e+00 5.629612077068118364e-03 7.503074088044259238e-02 7.503074088044259238e-02
4.159615399999999852e+00 5.593169584472319766e-03 7.478749617731776655e-02 7.478749617731776655e-02
4.165808900000000037e+00 5.556828048019475316e-03 7.454413490020174449e-02 7.454413490020174449e-02
4.172043200000000063e+00 5.520499340022828362e-03 7.430006285342448391e-02 7.430006285342448391e-02
4.178236700000000248e+00 5.484807845400753272e-03 7.405948855751538773e-02 7.405948855751538773e-02
4.184430299999999825e+00 5.449653764803304504e-03 7.382177026327196856e-02 7.382177026327196856e-02
4.190623800000000010e+00 5.415162141247568603e-03 7.358778527206515097e-02 7.358778527206515097e-02
4.196817399999999587e+00 5.381433974862528946e-03 7.335825771419690611e-02 7.335825771419690611e-02
4.203010899999999772e+00 5.348545617000970837e-03 7.313375155836715491e-02 7.313375155836715491e-02
4.209245199999999798e+00 5.316333410457976978e-03 7.291319092220541198e-02 7.291319092220541198e-02
4.215438699999999983e+00 5.285231065163372571e-03 7.269959466986987418e-02 7.269959466986987418e-02
4.221632299999999560e+00 5.255003193657419372e-03 7.249140082559736575e-02 7.249140082559736575e-02
4.227825799999999745e+00 5.225597773092315219e-03 7.228829623868801568e-02 7.228829623868801568e-02
4.234019400000000211e+00 5.196931809554880717e-03 7.208974829720853073e-02 7.208974829720853073e-02
4.240212900000000396e+00 5.168899374958783009e-03 7.189505807048758579e-02 7.189505807048758579e-02
4.246447200000000421e+00 5.141193825100329705e-03 7.170211869324594200e-02 7.170211869324594200e-02
4.252640699999999718e+00 5.114037762045618545e-03 7.151250073970018273e-02 7.151250073970018273e-02
4.258834300000000184e+00 5.087102599099429384e-03 7.132392725516051302e-02 7.132392725516051302e-02
4.265027800000000369e+00 5.060245074433064420e-03 7.113539958721722123e-02 7.113539958721722123e-02
4.271221399999999946e+00 5.033328447811426069e-03 7.094595441469109254e-02 7.094595441469109254e-02
4.277414900000000131e+00 5.006232580883233224e-03 7.075473539547182111e-02 7.075473539547182111e-02
4.283649200000000157e+00 4.978675246376578975e-03 7.055972821926526084e-02 7.055972821926526084e-02
4.289842700000000342e+00 4.950941854617162130e-03 7.036292954828672619e-02 7.036292954828672619e-02
4.296036299999999919e+00 4.922806639604595906e-03 7.016271545204472160e-02 7.016271545204472160e-02
4.302229800000000104e+00 4.894255261144812505e-03 6.995895411700214783e-02 6.995895411700214783e-02
4.308423399999999681e+00 4.865302661376089480e-03 6.975172156567957527e-02 6.975172156567957527e-02
4.314616899999999866e+00 4.835995575915181914e-03 6.954132279382656268e-02 6.954132279382656268e-02
4.320810400000000051e+00 4.806406621169763242e-03 6.932825269087461439e-02 6.932825269087461439e-02
4.327044700000000077e+00 4.776435659940862256e-03 6.911176209547013893e-02 6.911176209547013893e-02
4.333238299999999654e+00 4.746589729476583149e-03 6.889549861548709131e-02 6.889549861548709131e-02
4.339431799999999839e+00 4.716800982684630876e-03 6.867897045446029469e-02 6.867897045446029469e-02
4.345625400000000305e+00 4.687200971548118739e-03 6.846313585827133730e-02 6.846313585827133730e-02
4.351818899999999601e+00 4.657922110305643196e-03 6.824897149632104532e-02 6.824897149632104532e-02
4.358012399999999786e+00 4.629087723621964912e-03 6.803739944781814208e-02 6.803739944781814208e-02
4.364246699999999812e+00 4.600623572706733465e-03 6.782789671445468849e-02 6.782789671445468849e-02
4.370440300000000278e+00 4.572993016065532608e-03 6.762390861274976406e-02 6.762390861274976406e-02
4.376633799999999574e+00 4.546075793646848877e-03 6.742459338881361119e-02 6.742459338881361119e-02
4.382827400000000040e+00 4.519911352920021920e-03 6.723028597975783116e-02 6.723028597975783116e-02
4.389020900000000225e+00 4.494512314446725589e-03 6.704112405417085585e-02 6.704112405417085585e-02
4.395214400000000410e+00 4.469861136502705293e-03 6.685702009888494501e-02 6.685702009888494501e-02
4.401448700000000436e+00 4.445757335683527683e-03 6.667651262388823996e-02 6.667651262388823996e-02
4.407642300000000013e+00 4.422445320871016064e-03 6.650146856176197829e-02 6.650146856176197829e-02
4.413835800000000198e+00 4.399673822940786475e-03 6.633003710944827824e-02 6.633003710944827824e-02
4.420029399999999775e+00 4.377333189722000008e-03 6.616141768222624786e-02 6.616141768222624786e-02
4.426222899999999960e+00 4.355303855073848138e-03 6.599472596407873759e-02 6.599472596407873759e-02
4.432416400000000145e+00 4.333459813809691953e-03 6.582901954161016200e-02 6.582901954161016200e-02
4.438650700000000171e+00 4.311532716650290191e-03 6.566226250023897426e-02 6.566226250023897426e-02
4.444844299999999748e+00 4.289690774575451171e-03 6.549573096450982124e-02 6.549573096450982124e-02
4.451037799999999933e+00 4.267686041863592156e-03 6.532752897411314708e-02 6.532752897411314708e-02
4.457231400000000399e+00 4.245430373188764303e-03 6.515696718838871748e-02 6.515696718838871748e-02
4.463424899999999695e+00 4.222858751726031590e-03 6.498352677199069338e-02 6.498352677199069338e-02
4.469618399999999880e+00 4.199929698001442051e-03 6.480686459011454625e-02 6.480686459011454625e-02
4.475852699999999906e+00 4.176473635935286192e-03 6.462564224775864397e-02 6.462564224775864397e-02
4.482046300000000372e+00 4.152809087809044251e-03 6.444229269516288383e-02 6.444229269516288383e-02
4.488239799999999669e+00 4.128822044412021677e-03 6.425591057958809915e-02 6.425591057958809915e-02
4.494433299999999853e+00 4.104572956026972773e-03 6.406694121016683063e-02 6.406694121016683063e-02
4.500626900000000319e+00 4.080142185883762519e-03 6.387599068416678627e-02 6.387599068416678627e-02
4.506820399999999616e+00 4.055626871037448442e-03 6.368380383612028128e-02 6.368380383612028128e-02
4.513054699999999642e+00 4.030972463984986570e-03 6.348993986439888104e-02 6.348993986439888104e-02
4.519248300000000107e+00 4.006613784589672760e-03 6.329781816610800804e-02 6.329781816610800804e-02
4.525441800000000292e+00 3.982501278571411868e-03 6.310706203406565851e-02 6.310706203406565851e-02
4.531635299999999589e+00 3.958739474606687465e-03 6.291851456134900378e-02 6.291851456134900378e-02
4.537828900000000054e+00 3.935421463568517485e-03 6.273293762903597859e-02 6.273293762903597859e-02
4.544022400000000239e+00 3.912625465544239747e-03 6.255098293028048262e-02 6.255098293028048262e-02
4.550256700000000265e+00 3.890264553457967438e-03 6.237198532560886410e-02 6.237198532560886410e-02
4.556450299999999842e+00 3.868666658485755278e-03 6.219860656385925446e-02 6.219860656385925446e-02
4.562643800000000027e+00 3.847695690644468633e-03 6.202979679673687602e-02 6.202979679673687602e-02
4.568837300000000212e+00 3.827338721779113048e-03 6.186548893995030135e-02 6.186548893995030135e-02
4.575030899999999789e+00 3.807559706682671439e-03 6.170542688194184666e-02 6.170542688194184666e-02
4.581224399999999974e+00 3.788302470567457298e-03 6.154918740785662867e-02 6.154918740785662867e-02
4.587458700000000000e+00 3.769369265013350085e-03 6.139518926604388416e-02 6.139518926604388416e-02
4.593652299999999578e+00 3.750918248838645656e-03 6.124474058103802215e-02 6.124474058103802215e-02
4.599845799999999763e+00 3.732726404882330366e-03 6.109604246497746943e-02 6.109604246497746943e-02
4.606039299999999947e+00 3.714690694961117826e-03 6.094826244415108701e-02 6.094826244415108701e-02
4.612232900000000413e+00 3.696708824626204065e-03 6.080056598935740242e-02 6.080056598935740242e-02
4.618426399999999710e+00 3.678685135194569196e-03 6.065216513196020759e-02 6.065216513196020759e-02
4.624660699999999736e+00 3.660413365804010295e-03 6.050135011554709508e-02 6.050135011554709508e-02
4.630854300000000201e+00 3.642060742438083584e-03 6.034948833617467812e-02 6.034948833617467812e-02
4.637047800000000386e+00 3.623455407998413518e-03 6.019514438888250857e-02 6.019514438888250857e-02
4.643241299999999683e+00 3.604563830492965061e-03 6.003801987485067604e-02 6.003801987485067604e-02
4.649434900000000148e+00 3.585373886786882413e-03 5.987799167295845826e-02 5.987799167295845826e-02
4.655628400000000333e+00 3.565895998628510095e-03 5.971512370102326217e-02 5.971512370102326217e-02
4.661862700000000359e+00 3.546029604066812217e-03 5.954854829520878079e-02 5.954854829520878079e-02
4.668056299999999936e+00 3.526084018203314366e-03 5.938083881357111848e-02 5.938083881357111848e-02
4.674249800000000121e+00 3.505995974180722233e-03 5.921145137708348771e-02 5.921145137708348771e-02
4.680443300000000306e+00 3.485842737119514145e-03 5.904102588132691121e-02 5.904102588132691121e-02
4.686636899999999883e+00 3.465709678014218531e-03 5.887027839253198419e-02 5.887027839253198419e-02
4.692830400000000068e+00 3.445686732963860067e-03 5.869997217174689752e-02 5.869997217174689752e-02
4.699064700000000094e+00 3.425732067635401529e-03 5.852975369532492644e-02 5.852975369532492644e-02
4.705258299999999672e+00 3.406189680589331425e-03 5.836257088742177052e-02 5.836257088742177052e-02
4.711451799999999857e+00 3.387001794454597755e-03 5.819795352462660276e-02 5.819795352462660276e-02
4.717645300000000042e+00 3.368227715612813911e-03 5.803643438059245818e-02 5.803643438059245818e-02
4.723838899999999619e+00 3.349910615525502743e-03 5.787841234454779715e-02 5.787841234454779715e-02
4.730032399999999804e+00 3.332076400442445917e-03 5.772414053446309895e-02 5.772414053446309895e-02
4.736266699999999830e+00 3.314618240697645487e-03 5.757272132440541257e-02 5.757272132440541257e-02
4.742460300000000295e+00 3.297751152368724216e-03 5.742604942331244744e-02 5.742604942331244744e-02
4.748653799999999592e+00 3.281328334687594502e-03 5.728287994407748468e-02 5.728287994407748468e-02
4.754847299999999777e+00 3.265301618801539924e-03 5.714281773592845559e-02 5.714281773592845559e-02
4.761040900000000242e+00 3.249609127755545383e-03 5.700534297551015928e-02 5.700534297551015928e-02
4.767234400000000427e+00 3.234179343570453558e-03 5.686984564398301495e-02 5.686984564398301495e-02
4.773428000000000004e+00 3.218933160998919702e-03 5.673564277417609408e-02 5.673564277417609408e-02
4.779662300000000030e+00 3.203690389875667698e-03 5.660115184230500585e-02 5.660115184230500585e-02
4.785855800000000215e+00 3.188570466184782997e-03 5.646742836525126680e-02 5.646742836525126680e-02
4.792049300000000400e+00 3.173399728891075893e-03 5.633293644832546715e-02 5.633293644832546715e-02
4.798242899999999977e+00 3.158113659925330680e-03 5.619709654355223294e-02 5.619709654355223294e-02
4.804436400000000162e+00 3.142660997953682176e-03 5.605944164860797441e-02 5.605944164860797441e-02
4.810629999999999740e+00 3.127004444396601617e-03 5.591962485922631620e-02 5.591962485922631620e-02
4.816864299999999766e+00 3.111018928721392442e-03 5.577650875342945319e-02 5.577650875342945319e-02
4.823057799999999951e+00 3.094910617925434107e-03 5.563192085417718175e-02 5.563192085417718175e-02
4.829251300000000136e+00 3.078590103691191456e-03 5.548504396403765304e-02 5.548504396403765304e-02
4.835444899999999713e+00 3.062087737702350390e-03 5.533613410514282016e-02 5.533613410514282016e-02
4.841638399999999898e+00 3.045448976363712614e-03 5.518558667227985853e-02 5.518558667227985853e-02
4.847832000000000363e+00 3.028729938745983261e-03 5.503389808786929294e-02 5.503389808786929294e-02
4.854066300000000389e+00 3.011886279475479294e-03 5.488065487469586529e-02 5.488065487469586529e-02
4.860259799999999686e+00 2.995208869351360936e-03 5.472850143527923511e-02 5.472850143527923511e-02
4.866453299999999871e+00 2.978659003092017348e-03 5.457709229238964788e-02 5.457709229238964788e-02
4.872646900000000336e+00 2.962305445675698749e-03 5.442706537813423590e-02 5.442706537813423590e-02
4.878840399999999633e+00 2.946211623671831856e-03 5.427901642137440003e-02 5.427901642137440003e-02
4.885034000000000098e+00 2.930430547419750082e-03 5.413345127940532436e-02 5.413345127940532436e-02
4.891268300000000124e+00 2.914903792363274324e-03 5.398984897518490506e-02 5.398984897518490506e-02
4.897461800000000309e+00 2.899861730517564080e-03 5.385036425612703403e-02 5.385036425612703403e-02
4.903655299999999606e+00 2.885213298832836702e-03 5.371418154298580189e-02 5.371418154298580189e-02
4.909848900000000071e+00 2.870954102134964329e-03 5.358128499891510327e-02 5.358128499891510327e-02
4.916042400000000256e+00 2.857064861135195141e-03 5.345151879166012282e-02 5.345151879166012282e-02
4.922235999999999834e+00 2.843510973174849781e-03 5.332458132207743701e-02 5.332458132207743701e-02
4.928470199999999579e+00 2.830159869487878024e-03 5.319924688835245274e-02 5.319924688835245274e-02
4.934663800000000045e+00 2.817128441582759414e-03 5.307662801631957139e-02 5.307662801631957139e-02
4.940857300000000230e+00 2.804265378187357962e-03 5.295531491915950878e-02 5.295531491915950878e-02
4.947050899999999807e+00 2.791502983495300783e-03 5.283467595713350201e-02 5.283467595713350201e-02
4.953244399999999992e+00 2.778774298919904802e-03 5.271408065137724724e-02 5.271408065137724724e-02
4.959437999999999569e+00 2.766014931457485160e-03 5.259291712253167522e-02 5.259291712253167522e-02
4.965672200000000203e+00 2.753083152766494686e-03 5.246983088181716992e-02 5.246983088181716992e-02
4.971865799999999780e+00 2.740099422330457245e-03 5.234595898759002858e-02 5.234595898759002858e-02
4.978059299999999965e+00 2.726944360280802830e-03 5.222015281747845183e-02 5.222015281747845183e-02
4.984252900000000430e+00 2.713595513139857498e-03 5.209218284099695340e-02 5.209218284099695340e-02
4.990446399999999727e+00 2.700045987450524002e-03 5.196196673963105611e-02 5.196196673963105611e-02
4.996640000000000192e+00 2.686302965094749130e-03 5.182955686762862058e-02 5.182955686762862058e-02
5.002874199999999938e+00 2.672296986311183120e-03 5.169426453980347641e-02 5.169426453980347641e-02
5.009067800000000403e+00 2.658245865566920274e-03 5.155817942448046032e-02 5.155817942448046032e-02
5.015261299999999700e+00 2.644105548671371684e-03 5.142086686036488608e-02 5.142086686036488608e-02
5.021454900000000166e+00 2.629930627165397682e-03 5.128284924967993486e-02 5.128284924967993486e-02
5.027648400000000350e+00 2.615782306950349342e-03 5.114471924793750901e-02 5.114471924793750901e-02
5.033841999999999928e+00 2.601723361905848835e-03 5.100709129038676071e-02 5.100709129038676071e-02
5.040076199999999673e+00 2.587725879044048410e-03 5.086969509486024416e-02 5.086969509486024416e-02
5.046269800000000139e+00 2.574030755831015985e-03 5.073490668002668402e-02 5.073490668002668402e-02
5.052463300000000324e+00 2.560597580824601916e-03 5.060234758214881418e-02 5.060234758214881418e-02
5.058656899999999901e+00 2.547467234541159371e-03 5.047244034660063050e-02 5.047244034660063050e-02
5.064850400000000086e+00 2.534669558711183900e-03 5.034550187167850799e-02 5.034550187167850799e-02
5.071043999999999663e+00 2.522220175774292188e-03 5.022171020359911947e-02 5.022171020359911947e-02
5.077278200000000297e+00 2.510042985299723410e-03 5.010032919352649938e-02 5.010032919352649938e-02
5.083471799999999874e+00 2.498284120696483111e-03 4.998283826171222299e-02 4.998283826171222299e-02
5.089665300000000059e+00 2.486837326369719433e-03 4.986819955011128486e-02 4.986819955011128486e-02
5.095858899999999636e+00 2.475664076316482030e-03 4.975604562579789836e-02 4.975604562579789836e-02
5.102052399999999821e+00 2.464716404161461719e-03 4.964591024607627884e-02 4.964591024607627884e-02
5.108246000000000286e+00 2.453937960507638488e-03 4.953723811949591049e-02 4.953723811949591049e-02
5.114480200000000032e+00 2.443198421918042762e-03 4.942872061785579668e-02 4.942872061785579668e-02
5.120673799999999609e+00 2.432574881579478536e-03 4.932114031102158985e-02 4.932114031102158985e-02
5.126867299999999794e+00 2.421936370527027864e-03 4.921317273380194923e-02 4.921317273380194923e-02
5.133060900000000260e+00 2.411226257945946975e-03 4.910423869632790650e-02 4.910423869632790650e-02
5.139254399999999556e+00 2.400396065330460613e-03 4.899383701375572414e-02 4.899383701375572414e-02
5.145448000000000022e+00 2.389406520348918202e-03 4.888155603444839514e-02 4.888155603444839514e-02
5.151682199999999767e+00 2.378156787127913389e-03 4.876634892144288136e-02 4.876634892144288136e-02
5.157875800000000233e+00 2.366779398423632906e-03 4.864955702186436748e-02 4.864955702186436748e-02
5.164069300000000418e+00 2.355201807141832446e-03 4.853042146058317990e-02 4.853042146058317990e-02
5.170262899999999995e+00 2.343437224097240194e-03 4.840906138417930965e-02 4.840906138417930965e-02
5.176456400000000180e+00 2.331512528016472553e-03 4.828573835012231474e-02 4.828573835012231474e-02
5.182649999999999757e+00 2.319465318532637488e-03 4.816082763546155471e-02 4.816082763546155471e-02
5.188884200000000391e+00 2.307263659065986183e-03 4.803398441797209623e-02 4.803398441797209623e-02
5.195077799999999968e+00 2.295121253643854411e-03 4.790742378425137671e-02 4.790742378425137671e-02
5.201271300000000153e+00 2.283017681754351789e-03 4.778093429135047560e-02 4.778093429135047560e-02
5.207464899999999730e+00 2.271012349247958882e-03 4.765513979885022816e-02 4.765513979885022816e-02
5.213658399999999915e+00 2.259163515020911998e-03 4.753065868490475437e-02 4.753065868490475437e-02
5.219851900000000100e+00 2.247523981726421045e-03 4.740805819400770171e-02 4.740805819400770171e-02
5.226045499999999677e+00 2.236139005828517191e-03 4.728783147733164188e-02 4.728783147733164188e-02
5.232279799999999703e+00 2.224972481689054937e-03 4.716961396586848154e-02 4.716961396586848154e-02
5.238473299999999888e+00 2.214194431700931137e-03 4.705522746412911517e-02 4.705522746412911517e-02
5.244666900000000354e+00 2.203741686177628986e-03 4.694402716190451685e-02 4.694402716190451685e-02
5.250860399999999650e+00 2.193612309006868436e-03 4.683601508462124224e-02 4.683601508462124224e-02
5.257053899999999835e+00 2.183790670219076108e-03 4.673104610662034281e-02 4.673104610662034281e-02
5.263247500000000301e+00 2.174248792817538335e-03 4.662884078354873757e-02 4.662884078354873757e-02
5.269481800000000327e+00 2.164887661113199663e-03 4.652835330326229868e-02 4.652835330326229868e-02
5.275675299999999623e+00 2.155781659500798000e-03 4.643039585767924637e-02 4.643039585767924637e-02
5.281868900000000089e+00 2.146814377225809110e-03 4.633372828972226465e-02 4.633372828972226465e-02
5.288062400000000274e+00 2.137928078635424438e-03 4.623773435880508542e-02 4.623773435880508542e-02
5.294255899999999571e+00 2.129063741991345585e-03 4.614177870424313738e-02 4.614177870424313738e-02
5.300449500000000036e+00 2.120164437900091525e-03 4.604524337974652548e-02 4.604524337974652548e-02
5.306683800000000062e+00 2.111118994473078041e-03 4.594691496143215453e-02 4.594691496143215453e-02
5.312877300000000247e+00 2.102001047187887321e-03 4.584758496570879444e-02 4.584758496570879444e-02
5.319070899999999824e+00 2.092716894698368017e-03 4.574622273694701341e-02 4.574622273694701341e-02
5.325264400000000009e+00 2.083243466304300108e-03 4.564256200416777487e-02 4.564256200416777487e-02
5.331457900000000194e+00 2.073569656410994503e-03 4.553646512863063905e-02 4.553646512863063905e-02
5.337651499999999771e+00 2.063697221673908150e-03 4.542793437604122908e-02 4.542793437604122908e-02
5.343885799999999797e+00 2.053574284389462351e-03 4.531637986853608024e-02 4.531637986853608024e-02
5.350079299999999982e+00 2.043359838359870041e-03 4.520353789649511622e-02 4.520353789649511622e-02
5.356272899999999559e+00 2.033025039276063674e-03 4.508907893576961923e-02 4.508907893576961923e-02
5.362466399999999744e+00 2.022615726157315011e-03 4.497350026579335219e-02 4.497350026579335219e-02
5.368659899999999929e+00 2.012183409683066838e-03 4.485736739581433485e-02 4.485736739581433485e-02
5.374853500000000395e+00 2.001783134842315300e-03 4.474129116199392076e-02 4.474129116199392076e-02
5.381087800000000421e+00 1.991403674096072895e-03 4.462514620811984523e-02 4.462514620811984523e-02
5.387281299999999717e+00 1.981234876606668017e-03 4.451106465370906207e-02 4.451106465370906207e-02
5.393474900000000183e+00 1.971257378449228683e-03 4.439884433686566712e-02 4.439884433686566712e-02
5.399668400000000368e+00 1.961513364679238862e-03 4.428897565624247828e-02 4.428897565624247828e-02
5.405861899999999665e+00 1.952035267333097901e-03 4.418184318623542828e-02 4.418184318623542828e-02
5.412055500000000130e+00 1.942844690318436523e-03 4.407771194513658564e-02 4.407771194513658564e-02
5.418289800000000156e+00 1.933894215930437180e-03 4.397606412504917461e-02 4.397606412504917461e-02
5.424483300000000341e+00 1.925298374970722641e-03 4.387822210357573971e-02 4.387822210357573971e-02
5.430676899999999918e+00 1.916982875547304163e-03 4.378336299951506028e-02 4.378336299951506028e-02
5.436870400000000103e+00 1.908922079126181047e-03 4.369121283652104004e-02 4.369121283652104004e-02
5.443063900000000288e+00 1.901079988394473218e-03 4.360137599198531111e-02 4.360137599198531111e-02
5.449257499999999865e+00 1.893412503850247031e-03 4.351336006159771397e-02 4.351336006159771397e-02
5.455491799999999891e+00 1.885820617612744225e-03 4.342603617201026833e-02 4.342603617201026833e-02
5.461685300000000076e+00 1.878350026093176649e-03 4.333993569553578479e-02 4.333993569553578479e-02
5.467878899999999653e+00 1.870896591851748747e-03 4.325386216110358589e-02 4.325386216110358589e-02
5.474072399999999838e+00 1.863408526985334702e-03 4.316721588179314728e-02 4.316721588179314728e-02
5.480265900000000023e+00 1.855838181914115127e-03 4.307944036212767863e-02 4.307944036212767863e-02
5.486459499999999601e+00 1.848144703101722592e-03 4.299005353685574071e-02 4.299005353685574071e-02
5.492693799999999626e+00 1.840244086803326891e-03 4.289806623617580666e-02 4.289806623617580666e-02
5.498887299999999811e+00 1.832217793739619738e-03 4.280441325073408576e-02 4.280441325073408576e-02
5.505080900000000277e+00 1.824004067459823915e-03 4.270836062716320408e-02 4.270836062716320408e-02
5.511274399999999574e+00 1.815604330789979135e-03 4.260990883339201701e-02 4.260990883339201701e-02
5.517467899999999759e+00 1.807031045662256270e-03 4.250918777937607446e-02 4.250918777937607446e-02
5.523661500000000224e+00 1.798307351960511157e-03 4.240645413095171096e-02 4.240645413095171096e-02
5.529895800000000250e+00 1.789407686649835101e-03 4.230139107227840617e-02 4.230139107227840617e-02
5.536089300000000435e+00 1.780489031244656068e-03 4.219584139751992452e-02 4.219584139751992452e-02
5.542282900000000012e+00 1.771539365464400422e-03 4.208965865226754755e-02 4.208965865226754755e-02
5.548476400000000197e+00 1.762608235990679399e-03 4.198342811146654752e-02 4.198342811146654752e-02
5.554669900000000382e+00 1.753745504375183459e-03 4.187774473840710082e-02 4.187774473840710082e-02
5.560863499999999959e+00 1.744999287396074936e-03 4.177318861897036384e-02 4.177318861897036384e-02
5.567097799999999985e+00 1.736358055961299742e-03 4.166962989949994645e-02 4.166962989949994645e-02
5.573291300000000170e+00 1.727972789715810685e-03 4.156889209151250208e-02 4.156889209151250208e-02
5.579484899999999747e+00 1.719815902370581007e-03 4.147066315325306091e-02 4.147066315325306091e-02
5.585678399999999932e+00 1.711907820135658096e-03 4.137520779567950557e-02 4.137520779567950557e-02
5.591871900000000117e+00 1.704258159465441447e-03 4.128266172941664341e-02 4.128266172941664341e-02
5.598065499999999695e+00 1.696865764569802527e-03 4.119303053393622710e-02 4.119303053393622710e-02
5.604299799999999721e+00 1.689672905219864480e-03 4.110563106461041089e-02 4.110563106461041089e-02
5.610493299999999905e+00 1.682751862246354303e-03 4.102135861044042126e-02 4.102135861044042126e-02
5.616686900000000371e+00 1.676024261572359826e-03 4.093927529368784207e-02 4.093927529368784207e-02
5.622880399999999668e+00 1.669452773098938254e-03 4.085893749351466459e-02 4.085893749351466459e-02
5.629073899999999853e+00 1.662994535005136434e-03 4.077983000216083009e-02 4.077983000216083009e-02
5.635267500000000318e+00 1.656603662948754468e-03 4.070139632676936237e-02 4.070139632676936237e-02
5.641501800000000344e+00 1.650191858220993908e-03 4.062255356598097611e-02 4.062255356598097611e-02
5.647695299999999641e+00 1.643797771445463076e-03 4.054377598899075452e-02 4.054377598899075452e-02
5.653888799999999826e+00 1.637338302412010265e-03 4.046403714920213113e-02 4.046403714920213113e-02
5.660082400000000291e+00 1.630778000664036146e-03 4.038289242567991155e-02 4.038289242567991155e-02
5.666275899999999588e+00 1.624089181516078428e-03 4.029998984511135723e-02 4.029998984511135723e-02
5.672469500000000053e+00 1.617252456213318871e-03 4.021507747367047969e-02 4.021507747367047969e-02
5.678703800000000079e+00 1.610211820997123431e-03 4.012744473545659663e-02 4.012744473545659663e-02
5.684897300000000264e+00 1.603059614272325057e-03 4.003822691219386526e-02 4.003822691219386526e-02
5.691090799999999561e+00 1.595760324179226752e-03 3.994696889851877958e-02 3.994696889851877958e-02
5.697284400000000026e+00 1.588332936433188179e-03 3.985389487155788918e-02 3.985389487155788918e-02
5.703477900000000211e+00 1.580804765174396824e-03 3.975933557259724721e-02 3.975933557259724721e-02
