2.000000000000000042e-02 -4.243992502259485988e-03 0.000000000000000000e+00 2.581988897471611255e-02 0.000000000000000000e+00
5.200000000000000178e-01 -3.000151183071008386e-03 0.000000000000000000e+00 6.713171133426188986e-01 0.000000000000000000e+00
1.020000000000000018e+00 -1.756308524836698451e-03 0.000000000000000000e+00 1.316814337710521698e+00 0.000000000000000000e+00
1.520000000000000018e+00 -5.007436389154478916e-04 0.000000000000000000e+00 1.962311562078424609e+00 0.000000000000000000e+00
2.020000000000000018e+00 8.031851000944685093e-04 8.031851000944685093e-04 2.607808786446327520e+00 1.010921599579574920e-01
2.520000000000000018e+00 2.214986746042881503e-03 2.214986746042881503e-03 3.253306010814230209e+00 1.435904149226871485e-01
3.020000000000000018e+00 3.802208306891025243e-03 3.802208306891025243e-03 3.898803235182132898e+00 1.432092328886474530e-01
3.520000000000000018e+00 5.620958526406539570e-03 5.620958526406539570e-03 4.544300459550036031e+00 1.337021316603252130e-01
4.019999999999999574e+00 7.699085961105594025e-03 7.699085961105594025e-03 5.189797683917937832e+00 1.229467209259504229e-01
4.519999999999999574e+00 1.002628093746457671e-02 1.002628093746457671e-02 5.835294908285840521e+00 1.126368524492127182e-01
5.019999999999999574e+00 1.255230477412266205e-02 1.255230477412266205e-02 6.480792132653743209e+00 1.029362315876542616e-01
5.519999999999999574e+00 1.519233283008745300e-02 1.519233283008745300e-02 7.126289357021646786e+00 9.370508825066048431e-02
6.019999999999999574e+00 1.783720760176767811e-02 1.783720760176767811e-02 7.771786581389549475e+00 8.481903637250248762e-02
6.519999999999999574e+00 2.036607046440886207e-02 2.036607046440886207e-02 8.417283805757451276e+00 7.622903040535367047e-02
7.019999999999999574e+00 2.265909548719391431e-02 2.265909548719391431e-02 9.062781030125353965e+00 6.794964218518545485e-02
7.519999999999999574e+00 2.460861255636024106e-02 2.460861255636024106e-02 9.708278254493258430e+00 6.003293104771192240e-02
8.019999999999999574e+00 2.612756739508179105e-02 2.612756739508179105e-02 1.035377547886116112e+01 5.254505037782072896e-02
8.519999999999999574e+00 2.715488019139641884e-02 2.715488019139641884e-02 1.099927270322906381e+01 4.554965035843796389e-02
9.019999999999999574e+00 2.765775350125138088e-02 2.765775350125138088e-02 1.164476992759696650e+01 3.909788186016747297e-02
9.519999999999999574e+00 2.763131514297079844e-02 2.763131514297079844e-02 1.229026715196486919e+01 3.322359713454021979e-02
1.001999999999999957e+01 2.709616889294114844e-02 2.709616889294114844e-02 1.293576437633277187e+01 2.794220451342058556e-02
1.051999999999999957e+01 2.609448934477513055e-02 2.609448934477513055e-02 1.358126160070067456e+01 2.325185060193098521e-02
1.101999999999999957e+01 2.468527028870851070e-02 2.468527028870851070e-02 1.422675882506857725e+01 1.913590667350128366e-02
1.151999999999999957e+01 2.293925362672217041e-02 2.293925362672217041e-02 1.487225604943647994e+01 1.556602726696881128e-02
1.201999999999999957e+01 2.093395863121437842e-02 2.093395863121437842e-02 1.551775327380438263e+01 1.250529380070754606e-02
1.251999999999999957e+01 1.874912073592017656e-02 1.874912073592017656e-02 1.616325049817228532e+01 9.911145688289843200e-03
1.301999999999999957e+01 1.646274684272296118e-02 1.646274684272296118e-02 1.680874772254018978e+01 7.737938756572020939e-03
1.351999999999999957e+01 1.414790102721344943e-02 1.414790102721344943e-02 1.745424494690809070e+01 5.939062274686847213e-03
1.401999999999999957e+01 1.187024791592590500e-02 1.187024791592590500e-02 1.809974217127599516e+01 4.468602144040493412e-03
1.451999999999999957e+01 9.686317559145609865e-03 9.686317559145609865e-03 1.874523939564389607e+01 3.282576037334023183e-03
1.501999999999999957e+01 7.642448307003726730e-03 7.642448307003726730e-03 1.939073662001180054e+01 2.339799548396844474e-03
1.551999999999999957e+01 5.774379042217951848e-03 5.774379042217951848e-03 2.003623384437970145e+01 1.602455871198743163e-03
1.601999999999999957e+01 4.107380810682288545e-03 4.107380810682288545e-03 2.068173106874760592e+01 1.036414249720123094e-03
1.651999999999999957e+01 2.656740391726915111e-03 2.656740391726915111e-03 2.132722829311550683e+01 6.113289048652084364e-04
1.701999999999999957e+01 1.428579532288046889e-03 1.428579532288046889e-03 2.197272551748341129e+01 3.005949618381955181e-04
1.751999999999999957e+01 4.209998387375936727e-04 4.209998387375936727e-04 2.261822274185131221e+01 8.121487214298734453e-05
1.801999999999999957e+01 -3.747124958472599797e-04 0.000000000000000000e+00 2.326371996621921667e+01 0.000000000000000000e+00
1.851999999999999957e+01 -9.727645697102895632e-04 0.000000000000000000e+00 2.390921719058711759e+01 0.000000000000000000e+00
1.901999999999999957e+01 -1.391457558313333740e-03 0.000000000000000000e+00 2.455471441495502205e+01 0.000000000000000000e+00
1.951999999999999957e+01 -1.651967196250054030e-03 0.000000000000000000e+00 2.520021163932292652e+01 0.000000000000000000e+00
2.001999999999999957e+01 -1.777052186235793599e-03 0.000000000000000000e+00 2.584570886369082743e+01 0.000000000000000000e+00
2.051999999999999957e+01 -1.790048818523350474e-03 0.000000000000000000e+00 2.649120608805873189e+01 0.000000000000000000e+00
2.101999999999999957e+01 -1.713893737043478086e-03 0.000000000000000000e+00 2.713670331242663281e+01 0.000000000000000000e+00
2.151999999999999957e+01 -1.570408632041521250e-03 0.000000000000000000e+00 2.778220053679453727e+01 0.000000000000000000e+00
2.201999999999999957e+01 -1.379691106213393713e-03 0.000000000000000000e+00 2.842769776116243818e+01 0.000000000000000000e+00
2.251999999999999957e+01 -1.159717641596928360e-03 0.000000000000000000e+00 2.907319498553034265e+01 0.000000000000000000e+00
2.301999999999999957e+01 -9.260501570562537296e-04 0.000000000000000000e+00 2.971869220989824356e+01 0.000000000000000000e+00
2.351999999999999957e+01 -6.917390294986562561e-04 0.000000000000000000e+00 3.036418943426614803e+01 0.000000000000000000e+00
2.401999999999999957e+01 -4.672439120604514676e-04 0.000000000000000000e+00 3.100968665863404894e+01 0.000000000000000000e+00
2.451999999999999957e+01 -2.605951418990950889e-04 0.000000000000000000e+00 3.165518388300195340e+01 0.000000000000000000e+00
2.501999999999999957e+01 -7.742641368725853537e-05 0.000000000000000000e+00 3.230068110736985432e+01 0.000000000000000000e+00
2.551999999999999957e+01 7.867342892220741395e-05 7.867342892220741395e-05 3.294617833173775523e+01 4.910684241727741230e-06
2.601999999999999957e+01 2.060580980726598680e-04 2.060580980726598680e-04 3.359167555610566325e+01 1.213455211548451881e-05
2.651999999999999957e+01 3.046089914612030080e-04 3.046089914612030080e-04 3.423717278047356416e+01 1.694252364690056501e-05
2.701999999999999957e+01 3.754998409200698017e-04 3.754998409200698017e-04 3.488267000484146507e+01 1.974738822273111889e-05
2.751999999999999957e+01 4.209058980955065555e-04 4.209058980955065555e-04 3.552816722920937309e+01 2.095056134029170771e-05
2.801999999999999957e+01 4.436039948367600507e-04 4.436039948367600507e-04 3.617366445357727400e+01 2.091929270176167688e-05
2.851999999999999957e+01 4.468917016112371405e-04 4.468917016112371405e-04 3.681916167794517492e+01 1.998525378990630903e-05
2.901999999999999957e+01 4.342053143970262159e-04 4.342053143970262159e-04 3.746465890231307583e+01 1.843142236413369193e-05
2.951999999999999957e+01 4.089776542467007990e-04 4.089776542467007990e-04 3.811015612668098385e+01 1.649325832445175077e-05
3.001999999999999957e+01 3.745669574392405249e-04 3.745669574392405249e-04 3.875565335104888476e+01 1.436327053290025332e-05
3.051999999999999957e+01 3.339744405761242057e-04 3.339744405761242057e-04 3.940115057541678567e+01 1.218752681265487934e-05
3.101999999999999957e+01 2.899328785687863138e-04 2.899328785687863138e-04 4.004664779978468658e+01 1.007692503941339010e-05
3.151999999999999957e+01 2.448253177195058167e-04 2.448253177195058167e-04 4.069214502415259460e+01 8.110612287615876070e-06
3.202000000000000313e+01 2.005109118269474328e-04 2.005109118269474328e-04 4.133764224852050262e+01 6.336215946475815286e-06
3.252000000000000313e+01 1.585334111008425851e-04 1.585334111008425851e-04 4.198313947288840353e+01 4.782171363040708530e-06
3.302000000000000313e+01 1.200582429392300747e-04 1.200582429392300747e-04 4.262863669725630444e+01 3.459526943327426182e-06
3.352000000000000313e+01 8.575993499285844944e-05 8.575993499285844944e-05 4.327413392162420536e+01 2.362263579535423440e-06
3.402000000000000313e+01 5.609057655468893330e-05 5.609057655468893330e-05 4.391963114599211337e+01 1.477892745274285692e-06
3.452000000000000313e+01 3.126515678540686162e-05 3.126515678540686162e-05 4.456512837036001429e+01 7.885045263355115040e-07
3.502000000000000313e+01 1.114718970382012377e-05 1.114718970382012377e-05 4.521062559472791520e+01 2.692606611016364157e-07
3.552000000000000313e+01 -4.498790569072144349e-06 0.000000000000000000e+00 4.585612281909581611e+01 0.000000000000000000e+00
3.602000000000000313e+01 -1.594798488213384352e-05 0.000000000000000000e+00 4.650162004346372413e+01 0.000000000000000000e+00
3.652000000000000313e+01 -2.367418713985526557e-05 0.000000000000000000e+00 4.714711726783162504e+01 0.000000000000000000e+00
3.702000000000000313e+01 -2.822246552579244991e-05 0.000000000000000000e+00 4.779261449219952596e+01 0.000000000000000000e+00
3.752000000000000313e+01 -3.001726652527359266e-05 0.000000000000000000e+00 4.843811171656742687e+01 0.000000000000000000e+00
3.802000000000000313e+01 -2.953481123478931061e-05 0.000000000000000000e+00 4.908360894093533489e+01 0.000000000000000000e+00
3.852000000000000313e+01 -2.737258572782161337e-05 0.000000000000000000e+00 4.972910616530323580e+01 0.000000000000000000e+00
3.902000000000000313e+01 -2.397275790966225603e-05 0.000000000000000000e+00 5.037460338967113671e+01 0.000000000000000000e+00
3.952000000000000313e+01 -1.968845753488662406e-05 0.000000000000000000e+00 5.102010061403904473e+01 0.000000000000000000e+00
4.002000000000000313e+01 -1.498067830195621078e-05 0.000000000000000000e+00 5.166559783840694564e+01 0.000000000000000000e+00
4.052000000000000313e+01 -1.032534061545537646e-05 0.000000000000000000e+00 5.231109506277484655e+01 0.000000000000000000e+00
4.102000000000000313e+01 -5.985835548143712825e-06 0.000000000000000000e+00 5.295659228714274747e+01 0.000000000000000000e+00
4.152000000000000313e+01 -2.171520941342611200e-06 0.000000000000000000e+00 5.360208951151065548e+01 0.000000000000000000e+00
4.202000000000000313e+01 8.021858087323835429e-07 8.021858087323835429e-07 5.424758673587855640e+01 1.121663974474922350e-08
4.252000000000000313e+01 2.707468135793381081e-06 2.707468135793381081e-06 5.489308396024645731e+01 3.653755881944066775e-08
4.302000000000000313e+01 3.565347330165141715e-06 3.565347330165141715e-06 5.553858118461435822e+01 4.645650856061707992e-08
4.352000000000000313e+01 3.473994270747262497e-06 3.473994270747262497e-06 5.618407840898226624e+01 4.372384829111538333e-08
4.402000000000000313e+01 2.463923959859001117e-06 2.463923959859001117e-06 5.682957563335016715e+01 2.996630027791093573e-08
4.452000000000000313e+01 6.951207909208778624e-07 6.951207909208778624e-07 5.747507285771806806e+01 8.172421399454604071e-09
4.502000000000000313e+01 -1.407428105629215942e-06 0.000000000000000000e+00 5.812057008208596898e+01 0.000000000000000000e+00
4.552000000000000313e+01 -3.358372355733232895e-06 0.000000000000000000e+00 5.876606730645387699e+01 0.000000000000000000e+00
4.602000000000000313e+01 -4.823551348764540392e-06 0.000000000000000000e+00 5.941156453082177791e+01 0.000000000000000000e+00
4.652000000000000313e+01 -5.526081072258770543e-06 0.000000000000000000e+00 6.005706175518967882e+01 0.000000000000000000e+00
4.702000000000000313e+01 -5.072964997115264607e-06 0.000000000000000000e+00 6.070255897955758684e+01 0.000000000000000000e+00
4.752000000000000313e+01 -3.152725914887417880e-06 0.000000000000000000e+00 6.134805620392548775e+01 0.000000000000000000e+00
4.802000000000000313e+01 2.313008941124197748e-07 2.313008941124197748e-07 6.199355342829338866e+01 2.167039289471189572e-09
4.852000000000000313e+01 4.762859815968158855e-06 4.762859815968158855e-06 6.263905065266128958e+01 4.325749473425947048e-08
4.902000000000000313e+01 1.012731739625551131e-05 1.012731739625551131e-05 6.328454787702919759e+01 8.919293218784193218e-08
4.952000000000000313e+01 1.604240935803268042e-05 1.604240935803268042e-05 6.393004510139709851e+01 1.370514475806950119e-07
5.002000000000000313e+01 2.245826706840856057e-05 2.245826706840856057e-05 6.457554232576499942e+01 1.861663229164133938e-07
