6.126431699999999869e-02 1.480619790484262808e+02
6.746437800000000540e-02 1.455387949830029584e+02
7.366443899999999823e-02 1.428491168193628766e+02
7.986490799999999834e-02 1.400112015545019801e+02
8.606497000000000452e-02 1.370444178359821876e+02
9.226543900000000464e-02 1.339677005523940636e+02
9.846549999999999747e-02 1.308008854446080989e+02
1.046659699999999971e-01 1.275628825669926414e+02
1.108660300000000043e-01 1.242731327293520280e+02
1.170665000000000039e-01 1.209497062351910301e+02
1.232665599999999972e-01 1.176108531621775342e+02
1.294666200000000045e-01 1.142733025003780511e+02
1.356670899999999902e-01 1.109527705478195827e+02
1.418671499999999974e-01 1.076644872844600371e+02
1.480676200000000109e-01 1.044215533956461570e+02
1.542676799999999904e-01 1.012365858112408148e+02
1.604681500000000038e-01 9.811993831964335300e+01
1.666682100000000111e-01 9.508133798940799863e+01
1.728686799999999968e-01 9.212821649809967539e+01
1.790687400000000040e-01 8.926731417135535196e+01
1.852688100000000060e-01 8.650331478637617977e+01
1.914692699999999970e-01 8.383952167065574201e+01
1.976693399999999989e-01 8.127836753554241511e+01
2.038697999999999899e-01 7.882033681360228172e+01
2.100698699999999919e-01 7.646534333828276431e+01
2.162703400000000054e-01 7.421159138161432622e+01
2.224704000000000126e-01 7.205689069534770397e+01
2.286704599999999921e-01 6.999773564896634070e+01
2.348709300000000055e-01 6.802990188853017628e+01
2.410709900000000128e-01 6.614893652915660027e+01
2.472714599999999985e-01 6.434939047148749580e+01
2.534715200000000057e-01 6.262594267019577643e+01
2.596719900000000192e-01 6.097257056151158139e+01
2.658720500000000264e-01 5.938358225299406001e+01
2.720725199999999844e-01 5.785285159253992049e+01
2.782725799999999916e-01 5.637476346311061803e+01
2.844726399999999988e-01 5.494358839840236897e+01
2.906731100000000123e-01 5.355388222891234307e+01
2.968731700000000195e-01 5.220081810972421010e+01
3.030736399999999775e-01 5.087960742129376257e+01
3.092736999999999847e-01 4.958626277061878795e+01
3.154741699999999982e-01 4.831693119521374769e+01
3.216742300000000054e-01 4.706860078986029805e+01
3.278747000000000189e-01 4.583843789344653175e+01
3.340747600000000261e-01 4.462444697839740115e+01
3.402752299999999841e-01 4.342480778182290635e+01
3.464752899999999913e-01 4.223849747063630389e+01
3.526753499999999986e-01 4.106470429580466686e+01
3.588758200000000120e-01 3.990303391903481156e+01
3.650758800000000193e-01 3.875369513493679818e+01
3.712763499999999772e-01 3.761691901546167571e+01
3.774764199999999792e-01 3.649351681123891922e+01
3.836768799999999979e-01 3.538423787531391440e+01
3.898769499999999999e-01 3.429029348731815219e+01
3.960770100000000071e-01 3.321281626052317648e+01
4.022774800000000206e-01 3.215301731553766729e+01
4.084763100000000091e-01 3.111255934715572735e+01
4.146780099999999858e-01 3.009200285899551019e+01
4.208797000000000232e-01 2.909310322350673772e+01
4.270773099999999878e-01 2.811768210504283871e+01
4.332790100000000200e-01 2.716553475123793149e+01
4.394807000000000019e-01 2.623826474685067112e+01
4.456783100000000220e-01 2.533725658268727443e+01
4.518800000000000039e-01 2.446196285050217512e+01
4.580776200000000187e-01 2.361400226074331954e+01
4.642793100000000006e-01 2.279255665673319697e+01
4.704809999999999826e-01 2.199831550833501481e+01
4.766786199999999973e-01 2.123173057049721990e+01
4.828803099999999793e-01 2.049159480574601844e+01
4.890820000000000167e-01 1.977807471255805538e+01
4.952796199999999760e-01 1.909113603559403671e+01
5.014813099999999579e-01 1.842928521476025239e+01
5.076829999999999954e-01 1.779229309018005267e+01
5.138806200000000102e-01 1.717978651632910925e+01
5.200823100000000476e-01 1.659013346342413797e+01
5.262839999999999741e-01 1.602287376695800347e+01
5.324816199999999888e-01 1.547746369159690971e+01
5.386833100000000263e-01 1.495228372840218611e+01
5.448849999999999527e-01 1.444680147849838470e+01
5.510826199999999675e-01 1.396045194494805131e+01
5.572843100000000049e-01 1.349174861125032088e+01
5.634819300000000197e-01 1.304049882769652768e+01
5.696836199999999462e-01 1.260534747631953501e+01
5.758853099999999836e-01 1.218588454936692500e+01
5.820829299999999984e-01 1.178171258626749918e+01
5.882846200000000358e-01 1.139169770121705838e+01
5.944863099999999623e-01 1.101556070798539544e+01
6.006839200000000378e-01 1.065303807151181914e+01
6.068856200000000145e-01 1.030320220593832659e+01
6.130873100000000520e-01 9.965890501643334787e+00
6.192849200000000165e-01 9.640943383671753963e+00
6.254866199999999932e-01 9.327595410254831521e+00
6.316883100000000306e-01 9.025753565867889350e+00
6.378859199999999952e-01 8.735312049336007689e+00
6.440876100000000326e-01 8.455608605496843566e+00
6.502852300000000474e-01 8.186738285625789757e+00
6.564869199999999738e-01 7.928076982189660171e+00
6.626886100000000113e-01 7.679530870791393404e+00
6.688862300000000261e-01 7.440973077012733583e+00
6.750879199999999525e-01 7.211800650974225846e+00
6.812896099999999899e-01 6.991872249529953010e+00
6.874872300000000047e-01 6.781009768269850468e+00
6.936889200000000422e-01 6.578609986911359897e+00
6.998906099999999686e-01 6.384475702329599045e+00
7.060882299999999834e-01 6.198377267176615746e+00
7.122899200000000208e-01 6.019712364311910591e+00
7.184916099999999473e-01 5.848241476962123819e+00
7.246892299999999620e-01 5.683702984269937808e+00
7.308909199999999995e-01 5.525513500526606947e+00
7.370885400000000143e-01 5.373517144650700850e+00
7.432902300000000517e-01 5.227157347828743639e+00
7.494919199999999782e-01 5.086189009701060471e+00
7.556895399999999929e-01 4.950366268188996166e+00
7.618912300000000304e-01 4.819193692994608647e+00
7.680929199999999568e-01 4.692463609959391491e+00
7.742905300000000324e-01 4.569977587790557294e+00
7.804922300000000090e-01 4.451318804091100922e+00
7.866939200000000465e-01 4.336337349339064673e+00
7.928915300000000110e-01 4.224896721937695609e+00
7.990932299999999877e-01 4.116665162676742540e+00
8.052949200000000252e-01 4.011555567183693327e+00
8.114925299999999897e-01 3.909494040872822040e+00
8.176942200000000271e-01 3.810226830521354024e+00
8.238959200000000038e-01 3.713721194103593248e+00
8.300935299999999684e-01 3.619954167351082219e+00
8.362952200000000058e-01 3.528732331210918449e+00
8.424928400000000206e-01 3.440117677746710179e+00
8.486945299999999470e-01 3.353945254200803916e+00
8.548962199999999845e-01 3.270232420342491508e+00
8.610938399999999993e-01 3.188994639762096295e+00
8.672955300000000367e-01 3.110090494872307154e+00
8.734972199999999631e-01 3.033539754977228942e+00
8.796948399999999779e-01 2.959354646064699779e+00
8.858965300000000154e-01 2.887399202179582680e+00
8.920982200000000528e-01 2.817680402886117097e+00
8.982958399999999566e-01 2.750194615303292345e+00
9.044975299999999940e-01 2.684800761146407311e+00
9.106992200000000315e-01 2.621486010649515475e+00
9.168968400000000463e-01 2.560226825725924638e+00
9.230985299999999727e-01 2.500874807741632289e+00
9.292961499999999875e-01 2.443435759992222067e+00
9.354978400000000249e-01 2.387758682824332457e+00
9.416995299999999514e-01 2.333803878569988832e+00
9.478971499999999661e-01 2.281525779759357775e+00
9.540988400000000036e-01 2.230776167847309921e+00
9.603005300000000410e-01 2.181511218734804025e+00
9.664981400000000056e-01 2.133685300225335091e+00
9.726998399999999823e-01 2.087161780296740154e+00
9.789015300000000197e-01 2.041903076831899533e+00
9.850991399999999842e-01 1.997872783689107701e+00
9.913008399999999609e-01 1.954953311245180458e+00
9.975025299999999984e-01 1.913120383507873168e+00
1.003700100000000095e+00 1.872352960968310054e+00
1.009901799999999961e+00 1.832555188126440582e+00
1.016099499999999933e+00 1.793743719392812519e+00
1.022301099999999963e+00 1.755839214163893436e+00
1.028502800000000050e+00 1.718841250505563023e+00
1.034700500000000023e+00 1.682753649061704770e+00
1.040902100000000052e+00 1.647514673614490777e+00
1.047103799999999918e+00 1.613134378329001084e+00
1.053301400000000054e+00 1.579625390441980359e+00
1.059503099999999920e+00 1.546935277634157169e+00
1.065704800000000008e+00 1.515079319126696911e+00
1.071902399999999922e+00 1.484070754994016639e+00
1.078104100000000010e+00 1.453861021395748354e+00
1.084305800000000097e+00 1.424462201187068011e+00
1.090503400000000012e+00 1.395882548750386309e+00
1.096705100000000099e+00 1.368071769641112434e+00
1.102906799999999965e+00 1.341034159520349878e+00
1.109104400000000101e+00 1.314769422706548063e+00
1.115306099999999967e+00 1.289222805720029896e+00
1.121503799999999940e+00 1.264405204340860678e+00
1.127705399999999969e+00 1.240260149363029196e+00
1.133907100000000057e+00 1.216776256676471935e+00
1.140104800000000029e+00 1.193939969498218900e+00
1.146306400000000059e+00 1.171692491061229857e+00
1.152508099999999924e+00 1.150017648239819668e+00
1.158705799999999897e+00 1.128898683332192565e+00
1.164907399999999926e+00 1.108278436291691316e+00
1.171109100000000014e+00 1.088140652159386379e+00
1.177306799999999987e+00 1.068470165473306865e+00
1.183508400000000016e+00 1.049215621723604386e+00
1.189710100000000104e+00 1.030365100481990925e+00
1.195907800000000076e+00 1.011909018439597130e+00
1.202109400000000106e+00 9.938048320012053960e-01
1.208307100000000078e+00 9.760591194688031935e-01
1.214508799999999944e+00 9.586359134096983370e-01
1.220710399999999973e+00 9.415364988331452745e-01
1.226908099999999946e+00 9.247631870490883310e-01
1.233109800000000034e+00 9.082892355229394976e-01
1.239311400000000063e+00 8.921226805570769969e-01
1.245509100000000036e+00 8.762718879237328951e-01
1.251710799999999901e+00 8.607169565897186958e-01
1.257912399999999931e+00 8.454699038415227630e-01
1.264110099999999903e+00 8.305419606821251577e-01
1.270311799999999991e+00 8.159166313732921783e-01
1.276513400000000020e+00 8.016063508556139361e-01
1.282711099999999993e+00 7.876216333238110767e-01
1.288912700000000022e+00 7.739461836898744451e-01
1.295110399999999995e+00 7.605974813731062323e-01
1.301312100000000083e+00 7.475575485364248651e-01
1.307513699999999890e+00 7.348329205486878735e-01
1.313711400000000085e+00 7.224271944839253390e-01
1.319913099999999950e+00 7.103191178408594375e-01
1.326114699999999980e+00 6.985100130219464853e-01
1.332312399999999952e+00 6.869984290632427104e-01
1.338514100000000040e+00 6.757600015691354045e-01
1.344715700000000069e+00 6.647916162192367695e-01
1.350913400000000042e+00 6.540880520622734950e-01
1.357115099999999908e+00 6.436233535692097441e-01
1.363316699999999937e+00 6.333919898939390780e-01
1.369514399999999910e+00 6.233872553459633981e-01
1.375716099999999997e+00 6.135838399488269257e-01
1.381913699999999912e+00 6.039824488018772364e-01
1.388115399999999999e+00 5.945589725608160236e-01
1.394317100000000087e+00 5.853093248758146627e-01
1.400514700000000001e+00 5.762300440654393174e-01
1.406716400000000089e+00 5.673009254867736884e-01
1.412918099999999955e+00 5.585211403177618994e-01
1.419115700000000091e+00 5.498908132955402372e-01
1.425317399999999957e+00 5.413943356041742705e-01
1.431519100000000044e+00 5.330345677237194879e-01
1.437716699999999959e+00 5.248152129914993580e-01
1.443918400000000046e+00 5.167247851381876478e-01
1.450120099999999912e+00 5.087690736898214938e-01
1.456317700000000048e+00 5.009542468951244665e-01
1.462519399999999914e+00 4.932715430477739860e-01
1.468721100000000002e+00 4.857280814096175403e-01
1.474918699999999916e+00 4.783307269949331753e-01
1.481120400000000004e+00 4.710716185047976734e-01
1.487317999999999918e+00 4.639619954469714758e-01
1.493519700000000006e+00 4.569936383725567985e-01
1.499721400000000093e+00 4.501718835377626071e-01
1.505919000000000008e+00 4.435009599624981091e-01
1.512120700000000095e+00 4.369711010893593817e-01
1.518322399999999961e+00 4.305849731018566717e-01
1.524520000000000097e+00 4.243439948913713122e-01
1.530721699999999963e+00 4.182363999631221185e-01
1.536923400000000051e+00 4.122620594938269933e-01
1.543120999999999965e+00 4.064197849477777513e-01
1.549322700000000053e+00 4.006962397225507511e-01
1.555524399999999918e+00 3.950892552884553433e-01
1.561722000000000055e+00 3.895960378758419607e-01
1.567923699999999920e+00 3.842027708925591645e-01
1.574121300000000057e+00 3.789100453688538095e-01
1.580322999999999922e+00 3.737044754775581401e-01
1.586524700000000010e+00 3.685835225507070878e-01
1.592722299999999924e+00 3.635448779884358772e-01
1.598924000000000012e+00 3.585768367203139295e-01
1.605125700000000100e+00 3.536783915043424931e-01
1.611323300000000014e+00 3.488490999829046424e-01
1.617525000000000102e+00 3.440797555184689216e-01
1.623726699999999967e+00 3.393715727487653933e-01
1.629924300000000104e+00 3.347264120166612011e-01
1.636125999999999969e+00 3.301377072735890428e-01
1.642327700000000057e+00 3.256088425957333055e-01
1.648525299999999971e+00 3.211436712280241190e-01
1.654727000000000059e+00 3.167377298642199968e-01
1.660924599999999973e+00 3.123986949554130588e-01
1.667126300000000061e+00 3.081229581338478241e-01
1.673327999999999927e+00 3.039156917182087581e-01
1.679525600000000063e+00 2.997818992660207238e-01
1.685727299999999929e+00 2.957182847406032433e-01
1.691929000000000016e+00 2.917295407780717831e-01
1.698126599999999931e+00 2.878198126826204128e-01
1.704328300000000018e+00 2.839850679906611997e-01
1.710530000000000106e+00 2.802285418460850885e-01
1.716727600000000020e+00 2.765526919635984404e-01
1.722929300000000108e+00 2.729521045665225798e-01
1.729130999999999974e+00 2.694280762334169688e-01
1.735328600000000110e+00 2.659811059911816322e-01
1.741530299999999976e+00 2.626043176711598814e-01
1.747732000000000063e+00 2.592971954504742493e-01
1.753929599999999978e+00 2.560586090538375936e-01
1.760131300000000065e+00 2.528806804698778277e-01
1.766328899999999980e+00 2.497637766619582034e-01
1.772530600000000067e+00 2.466997950825695896e-01
1.778732299999999933e+00 2.436868038182191942e-01
1.784929900000000069e+00 2.407228112430949418e-01
1.791131599999999935e+00 2.378001380127413578e-01
1.797333300000000023e+00 2.349172728666865662e-01
1.803530899999999937e+00 2.320729547430583628e-01
1.809732600000000025e+00 2.292607158327804873e-01
1.815934299999999890e+00 2.264802220024763335e-01
1.822131900000000027e+00 2.237315685836306356e-01
1.828333599999999892e+00 2.210099372806963447e-01
1.834535299999999980e+00 2.183165036979208273e-01
1.840732899999999894e+00 2.156528783687696460e-01
1.846934599999999982e+00 2.130158681372694984e-01
1.853132199999999896e+00 2.104097114945601144e-01
1.859333899999999984e+00 2.078320691368343853e-01
1.865535600000000072e+00 2.052860655464010531e-01
1.871733199999999986e+00 2.027749394339515288e-01
1.877934900000000074e+00 2.002970668914267893e-01
1.884136599999999939e+00 1.978558417145275528e-01
1.890334200000000076e+00 1.954544960208103865e-01
1.896535899999999941e+00 1.930913616159805613e-01
1.902737600000000029e+00 1.907693290243542839e-01
1.908935199999999943e+00 1.884908958023104320e-01
1.915136900000000031e+00 1.862537150458818402e-01
1.921338599999999897e+00 1.840596018745723761e-01
1.927536200000000033e+00 1.819098606602307933e-01
1.933737899999999899e+00 1.798011384651850564e-01
1.939935500000000035e+00 1.777353179132019623e-01
1.946137199999999901e+00 1.757083834610626005e-01
1.952338899999999988e+00 1.737200915450434757e-01
1.958536499999999902e+00 1.717698030954535882e-01
1.964738199999999990e+00 1.698527846493736448e-01
1.970939900000000078e+00 1.679680121536347714e-01
1.977137499999999992e+00 1.661142743397586163e-01
1.983339200000000080e+00 1.642866619253909033e-01
1.989540899999999946e+00 1.624839954774073003e-01
1.995738500000000082e+00 1.607051416915751818e-01
2.001940199999999948e+00 1.589456217594848730e-01
2.008141900000000035e+00 1.572047271859477457e-01
2.014339500000000172e+00 1.554819816919983666e-01
2.020541199999999815e+00 1.537738150060532494e-01
2.026742899999999903e+00 1.520804249893282778e-01
2.032940500000000039e+00 1.504023271831193831e-01
2.039142200000000127e+00 1.487370687421867843e-01
2.045339799999999819e+00 1.470869635575043910e-01
2.051541499999999907e+00 1.454502611078763441e-01
2.057743199999999995e+00 1.438287765256116568e-01
2.063940800000000131e+00 1.422245261537801730e-01
2.070142500000000219e+00 1.406365375300372700e-01
2.076344199999999862e+00 1.390671610575069661e-01
2.082541799999999999e+00 1.375187701587727296e-01
2.088743500000000086e+00 1.359906819390240551e-01
2.094945200000000174e+00 1.344852437546474599e-01
2.101142799999999866e+00 1.330046353142003146e-01
2.107344499999999954e+00 1.315479449810063040e-01
2.113546200000000042e+00 1.301170020914580450e-01
2.119743800000000178e+00 1.287133247862288776e-01
2.125945499999999821e+00 1.273353827839988350e-01
2.132143099999999958e+00 1.259850362764191600e-01
2.138344800000000046e+00 1.246602414516673474e-01
2.144546500000000133e+00 1.233613513932522582e-01
2.150744099999999825e+00 1.220883735785312230e-01
2.156945799999999913e+00 1.208385442527416254e-01
2.163147500000000001e+00 1.196114127668461286e-01
2.169345100000000137e+00 1.184062877220682375e-01
2.175546799999999781e+00 1.172199582833145792e-01
2.181748499999999868e+00 1.160515258113079540e-01
2.187946100000000005e+00 1.149000108716422691e-01
2.194147800000000093e+00 1.137621734030756504e-01
2.200349500000000180e+00 1.126371325229725967e-01
2.206547099999999872e+00 1.115240905666899512e-01
2.212748799999999960e+00 1.104202049355804127e-01
2.218946400000000096e+00 1.093257624915818793e-01
2.225148100000000184e+00 1.082383665904226855e-01
2.231349799999999828e+00 1.071580408544454133e-01
2.237547399999999964e+00 1.060850476520359686e-01
2.243749100000000052e+00 1.050177825231360801e-01
2.249950800000000140e+00 1.039570266621327038e-01
2.256148399999999832e+00 1.029037828874585087e-01
2.262350099999999919e+00 1.018571819939785850e-01
2.268551800000000007e+00 1.008186340062349751e-01
2.274749400000000144e+00 9.978967813341065030e-02
2.280951099999999787e+00 9.876992466177833552e-02
2.287152799999999875e+00 9.776109710323974133e-02
2.293350400000000011e+00 9.676491320085119086e-02
2.299552100000000099e+00 9.578109623421357521e-02
2.305749699999999791e+00 9.481192410386386771e-02
2.311951399999999879e+00 9.385698990587154622e-02
2.318153099999999966e+00 9.291767815866981695e-02
2.324350700000000103e+00 9.199516602146293187e-02
2.330552400000000191e+00 9.108861633270246005e-02
2.336754099999999834e+00 9.019882445675699023e-02
2.342951699999999970e+00 8.932633011758675523e-02
2.349153400000000058e+00 8.846973555087117580e-02
2.355355100000000146e+00 8.762917605152645284e-02
2.361552699999999838e+00 8.680455558193891918e-02
2.367754399999999926e+00 8.599397893232077483e-02
2.373956100000000013e+00 8.519705085572579217e-02
2.380153700000000150e+00 8.441323027869022944e-02
2.386355399999999793e+00 8.364034982410423202e-02
2.392557099999999881e+00 8.287776255933082536e-02
2.398754700000000017e+00 8.212479312707121615e-02
2.404956400000000105e+00 8.137931070214350637e-02
2.411153999999999797e+00 8.064123761903871368e-02
2.417355699999999885e+00 7.990863500146491716e-02
2.423557399999999973e+00 7.918115995799460127e-02
2.429755000000000109e+00 7.845860784096686524e-02
2.435956700000000197e+00 7.773951030718143085e-02
2.442158399999999840e+00 7.702401327786981278e-02
2.448355999999999977e+00 7.631243604113890910e-02
2.454557700000000064e+00 7.560386735891283516e-02
2.460759400000000152e+00 7.489898112671591890e-02
2.466956999999999844e+00 7.419859840006741425e-02
2.473158699999999932e+00 7.350228858362252427e-02
2.479360400000000020e+00 7.281112562064090410e-02
2.485558000000000156e+00 7.212625482586088044e-02
2.491759699999999800e+00 7.144751883701505601e-02
2.497957299999999936e+00 7.077658651542802215e-02
2.504159000000000024e+00 7.011333389093271640e-02
2.510360700000000111e+00 6.945893236230249457e-02
2.516558299999999804e+00 6.881446213936565082e-02
2.522759999999999891e+00 6.817963374158436674e-02
2.528961699999999979e+00 6.755532474352643479e-02
2.535159300000000115e+00 6.694225221700324246e-02
2.541361000000000203e+00 6.633977492380616070e-02
2.547562699999999847e+00 6.574832009047551495e-02
2.553760299999999983e+00 6.516813272886345931e-02
2.559962000000000071e+00 6.459816103936935616e-02
2.566163700000000158e+00 6.403836851010211162e-02
2.572361299999999851e+00 6.348856654551003620e-02
2.578562999999999938e+00 6.294737197042479804e-02
2.584760600000000075e+00 6.241476048451402581e-02
2.590962300000000162e+00 6.188922669235842611e-02
2.597163999999999806e+00 6.137029059920710850e-02
2.603361599999999942e+00 6.085744807712512028e-02
2.609563300000000030e+00 6.034919960174305736e-02
2.615765000000000118e+00 5.984511083925285468e-02
2.621962599999999810e+00 5.934480614450131364e-02
2.628164299999999898e+00 5.884700896530713210e-02
2.634365999999999985e+00 5.835154446302234788e-02
2.640563600000000122e+00 5.785835285020091145e-02
2.646765300000000209e+00 5.736652645548795393e-02
2.652966999999999853e+00 5.687627122306476019e-02
2.659164599999999989e+00 5.638792249922103261e-02
2.665366300000000077e+00 5.590097534892161935e-02
2.671568000000000165e+00 5.541601343318486306e-02
2.677765599999999857e+00 5.493372021146653017e-02
2.683967299999999945e+00 5.445391073833932144e-02
2.690164900000000081e+00 5.397774048221677667e-02
2.696366600000000169e+00 5.350514752217250952e-02
2.702568299999999812e+00 5.303704007233958628e-02
2.708765899999999949e+00 5.257431478183334506e-02
2.714967600000000036e+00 5.211692886205699510e-02
2.721169300000000124e+00 5.166571570904082700e-02
2.727366899999999816e+00 5.122142862540028652e-02
2.733568599999999904e+00 5.078386039659295303e-02
2.739770299999999992e+00 5.035359337023369297e-02
2.745967900000000128e+00 4.993108590068998098e-02
2.752169600000000216e+00 4.951584918664701102e-02
2.758371299999999859e+00 4.910812217283223868e-02
2.764568899999999996e+00 4.870801261529313086e-02
2.770770600000000083e+00 4.831473100090836331e-02
2.776968200000000220e+00 4.792844123382368482e-02
2.783169899999999863e+00 4.754819213002323131e-02
2.789371599999999951e+00 4.717373271695238929e-02
2.795569200000000087e+00 4.680474587881511273e-02
2.801770900000000175e+00 4.644015217655825256e-02
2.807972599999999819e+00 4.607959360608244320e-02
2.814170199999999955e+00 4.572270907427303244e-02
2.820371900000000043e+00 4.536845727806197714e-02
2.826573600000000130e+00 4.501655058098790602e-02
2.832771199999999823e+00 4.466675565474673149e-02
2.838972899999999910e+00 4.431821981040853786e-02
2.845174599999999998e+00 4.397086970888468282e-02
2.851372200000000134e+00 4.362472101430094062e-02
2.857573899999999778e+00 4.327919910156105554e-02
2.863775599999999866e+00 4.293451351774797697e-02
2.869973200000000002e+00 4.259096562904567118e-02
2.876174900000000090e+00 4.224826330169718924e-02
2.882372600000000062e+00 4.190709535188870405e-02
2.888574199999999870e+00 4.156733559584616100e-02
2.894775899999999957e+00 4.122955618871304573e-02
2.900973500000000094e+00 4.089438412532672013e-02
2.907175200000000181e+00 4.056179808412167104e-02
2.913376899999999825e+00 4.023244785470034973e-02
2.919574499999999961e+00 3.990696283535254130e-02
2.925776200000000049e+00 3.958529975133257689e-02
2.931977900000000137e+00 3.926802036220712611e-02
2.938175499999999829e+00 3.895561969659207951e-02
2.944377199999999917e+00 3.864790847283242070e-02
2.950578900000000004e+00 3.834524531595610852e-02
2.956776500000000141e+00 3.804789659774641952e-02
2.962978199999999784e+00 3.775545898281559842e-02
2.969175900000000201e+00 3.746822415747802504e-02
2.975377500000000008e+00 3.718565842068380367e-02
2.981579200000000096e+00 3.690770133253684637e-02
2.987776900000000069e+00 3.663423224682206547e-02
2.993978499999999876e+00 3.636455092841240494e-02
3.000180199999999964e+00 3.609843586779686031e-02
3.006377899999999936e+00 3.583564410607076312e-02
3.012579500000000188e+00 3.557541373003673957e-02
3.018781199999999831e+00 3.531748313736603195e-02
3.024978899999999804e+00 3.506161471503115024e-02
3.031180500000000055e+00 3.480710656954041915e-02
3.037382200000000143e+00 3.455378267735269987e-02
3.043579900000000116e+00 3.430152873988671219e-02
3.049781499999999923e+00 3.404980298111077303e-02
3.055979199999999896e+00 3.379876832859755875e-02
3.062180899999999983e+00 3.354802074988289667e-02
3.068382499999999791e+00 3.329771294624486733e-02
3.074580200000000207e+00 3.304805319258238838e-02
3.080781899999999851e+00 3.279884335889200753e-02
3.086983500000000102e+00 3.255042730456132044e-02
3.093181200000000075e+00 3.230318487693920743e-02
3.099382900000000163e+00 3.205706963951825139e-02
3.105584499999999970e+00 3.181254326279862876e-02
3.111782199999999943e+00 3.157006846608578776e-02
3.117983800000000194e+00 3.132965929295157548e-02
3.124185499999999838e+00 3.109177678786165244e-02
3.130383199999999810e+00 3.085686760337344459e-02
3.136584800000000062e+00 3.062489377091593551e-02
3.142782500000000034e+00 3.039636837608624548e-02
3.148984200000000122e+00 3.017117370321428099e-02
3.155185799999999929e+00 2.994958128775314365e-02
3.161383499999999902e+00 2.973178449562177347e-02
3.167585199999999990e+00 2.951750673430356825e-02
3.173786799999999797e+00 2.930683412759441456e-02
3.179984500000000214e+00 2.909977588338149429e-02
3.186186199999999857e+00 2.889589858690349428e-02
3.192387800000000109e+00 2.869512365735294238e-02
3.198585500000000081e+00 2.849731580776294904e-02
3.204787200000000169e+00 2.830193749118908517e-02
3.210988799999999976e+00 2.810881469800922267e-02
3.217186499999999949e+00 2.791774878981019559e-02
3.223388200000000037e+00 2.772818243483835682e-02
3.229589799999999844e+00 2.753994017711907522e-02
3.235787499999999817e+00 2.735285550229271667e-02
3.241989199999999904e+00 2.716643957013363531e-02
3.248186800000000041e+00 2.698072366520070167e-02
3.254388500000000128e+00 2.679529392213316971e-02
3.260590200000000216e+00 2.661015386603557409e-02
3.266787799999999908e+00 2.642535761007610076e-02
3.272989499999999996e+00 2.624064480874110927e-02
3.279191200000000084e+00 2.605617307987734277e-02
3.285388800000000220e+00 2.587214762397071349e-02
3.291590499999999864e+00 2.568845222214871660e-02
3.297792199999999951e+00 2.550537380070970125e-02
3.303989800000000088e+00 2.532322810881853722e-02
3.310191500000000175e+00 2.514199189882310864e-02
3.316393199999999819e+00 2.496201730026791077e-02
3.322590799999999955e+00 2.478365743494811979e-02
3.328792500000000043e+00 2.460690708108868863e-02
3.334990100000000179e+00 2.443221697357755157e-02
3.341191799999999823e+00 2.425955156031658552e-02
3.347393499999999911e+00 2.408919393243854137e-02
3.353591100000000047e+00 2.392138630062372318e-02
3.359792800000000135e+00 2.375599917369639394e-02
3.365994499999999778e+00 2.359319441712763588e-02
3.372192099999999915e+00 2.343308306038157859e-02
3.378393800000000002e+00 2.327541529113991148e-02
3.384595500000000090e+00 2.312021764671233492e-02
3.390793099999999782e+00 2.296747113656596659e-02
3.396994799999999870e+00 2.281681996899741910e-02
3.403196499999999958e+00 2.266818342122503549e-02
3.409394100000000094e+00 2.252145338569840408e-02
3.415595800000000182e+00 2.237621648911806288e-02
3.421793399999999874e+00 2.223243876221245308e-02
3.427995099999999962e+00 2.208970467644982491e-02
3.434196800000000049e+00 2.194789296843958903e-02
3.440394400000000186e+00 2.180689579924282792e-02
3.446596099999999829e+00 2.166634824669410805e-02
3.452797799999999917e+00 2.152619342778560804e-02
3.458995400000000053e+00 2.138640600216840798e-02
3.465197100000000141e+00 2.124671920952891924e-02
3.471398799999999785e+00 2.110718156011445398e-02
3.477596399999999921e+00 2.096787944682510299e-02
3.483798100000000009e+00 2.082866027552921634e-02
3.489999800000000096e+00 2.068968320375422915e-02
3.496197399999999789e+00 2.055113847215719186e-02
3.502399099999999876e+00 2.041296864078988305e-02
3.508600799999999964e+00 2.027541317724986317e-02
3.514798400000000100e+00 2.013872550312562765e-02
3.521000100000000188e+00 2.000289694621597975e-02
3.527197699999999880e+00 1.986828127907923347e-02
3.533399399999999968e+00 1.973487009038522172e-02
3.539601100000000056e+00 1.960291147409168322e-02
3.545798700000000192e+00 1.947263257003998410e-02
3.552000399999999836e+00 1.934398004849634950e-02
3.558202099999999923e+00 1.921713297724201436e-02
3.564399700000000060e+00 1.909223560415024279e-02
3.570601400000000147e+00 1.896915266180154366e-02
3.576803099999999791e+00 1.884796419521733712e-02
3.583000699999999927e+00 1.872871234964602200e-02
3.589202400000000015e+00 1.861117177542696496e-02
3.595404100000000103e+00 1.849532549910971879e-02
3.601601699999999795e+00 1.838112683835974731e-02
3.607803399999999883e+00 1.826828224912682014e-02
3.614001000000000019e+00 1.815678301226858818e-02
3.620202700000000107e+00 1.804631357699961608e-02
3.626404400000000194e+00 1.793677595248923187e-02
3.632601999999999887e+00 1.782807163874063766e-02
3.638803699999999974e+00 1.771989449140034742e-02
3.645005400000000062e+00 1.761216750228268915e-02
3.651203000000000198e+00 1.750483060614935540e-02
3.657404699999999842e+00 1.739763317829257777e-02
3.663606399999999930e+00 1.729056327563369827e-02
3.669804000000000066e+00 1.718363652882672413e-02
3.676005700000000154e+00 1.707668560608322644e-02
3.682207399999999797e+00 1.696978480469479508e-02
3.688404999999999934e+00 1.686303679434312044e-02
3.694606700000000021e+00 1.675635904035059284e-02
3.700804300000000158e+00 1.664997502667070473e-02
3.707005999999999801e+00 1.654384665826577269e-02
3.713207699999999889e+00 1.643816295822648696e-02
3.719405300000000025e+00 1.633312277404642965e-02
3.725607000000000113e+00 1.622872249111350848e-02
3.731808700000000201e+00 1.612516781570121072e-02
3.738006299999999893e+00 1.602265757700453361e-02
3.744207999999999981e+00 1.592117782503468110e-02
3.750409700000000068e+00 1.582090430204732140e-02
3.756607300000000205e+00 1.572199147243537667e-02
3.762808999999999848e+00 1.562437656090950866e-02
3.769010699999999936e+00 1.552816983233918854e-02
3.775208300000000072e+00 1.543345262284673974e-02
3.781410000000000160e+00 1.534009297881975924e-02
3.787611699999999804e+00 1.524812201146368007e-02
3.793809299999999940e+00 1.515754313103256923e-02
3.800011000000000028e+00 1.506815857640257487e-02
3.806208600000000164e+00 1.497998979431030067e-02
3.812410299999999808e+00 1.489280799898100825e-02
3.818611999999999895e+00 1.480654849489675823e-02
3.824809600000000032e+00 1.472113741680466936e-02
3.831011300000000119e+00 1.463632960099625624e-02
3.837213000000000207e+00 1.455205213054439756e-02
3.843410599999999899e+00 1.446823773555513254e-02
3.849612299999999987e+00 1.438466420694269401e-02
3.855814000000000075e+00 1.430129067207943153e-02
3.862011600000000211e+00 1.421809374655497171e-02
3.868213299999999855e+00 1.413490542706143105e-02
3.874414999999999942e+00 1.405174488356026458e-02
3.880612600000000079e+00 1.396865402886803692e-02
3.886814300000000166e+00 1.388553265425452460e-02
3.893011899999999859e+00 1.380252224162885691e-02
3.899213599999999946e+00 1.371956475950362672e-02
3.905415300000000034e+00 1.363678477746492826e-02
3.911612900000000170e+00 1.355432116050148302e-02
3.917814599999999814e+00 1.347216042855996047e-02
3.924016299999999902e+00 1.339046028592928358e-02
3.930213900000000038e+00 1.330938048586705752e-02
3.936415600000000126e+00 1.322891912303577819e-02
3.942617300000000213e+00 1.314923048785828462e-02
3.948814899999999906e+00 1.307045802248139876e-02
3.955016599999999993e+00 1.299257681414024528e-02
3.961218300000000081e+00 1.291570337730511137e-02
3.967415900000000217e+00 1.283993397103981061e-02
3.973617599999999861e+00 1.276519552220877624e-02
3.979815199999999997e+00 1.269159378289157203e-02
3.986016900000000085e+00 1.261901787637194697e-02
3.992218600000000173e+00 1.254748347049986119e-02
3.998416199999999865e+00 1.247698491193084680e-02
4.004617900000000397e+00 1.240736035485560593e-02
4.010819599999999596e+00 1.233857407336728246e-02
4.017017199999999733e+00 1.227057710355099543e-02
4.023218899999999820e+00 1.220317819159719847e-02
4.029420599999999908e+00 1.213631725001972778e-02
4.035618200000000044e+00 1.206993257021227173e-02
4.041819900000000132e+00 1.200383440168551960e-02
4.048021600000000220e+00 1.193797191108950106e-02
4.054219200000000356e+00 1.187230398399465731e-02
4.060420900000000444e+00 1.180667245397419574e-02
4.066618499999999692e+00 1.174110839501418639e-02
4.072820199999999780e+00 1.167548657129540042e-02
4.079017799999999916e+00 1.160987363198326405e-02
4.085211400000000381e+00 1.154426720623996129e-02
4.091404899999999678e+00 1.147864304418742994e-02
4.097639199999999704e+00 1.141260250518088583e-02
4.103832699999999889e+00 1.134706063012381159e-02
4.110026300000000354e+00 1.128164818476672798e-02
4.116219799999999651e+00 1.121644247867030313e-02
4.122413400000000117e+00 1.115152468538770265e-02
4.128606900000000302e+00 1.108698499752779586e-02
4.134841200000000327e+00 1.102249153449393060e-02
4.141034699999999624e+00 1.095897642129740369e-02
4.147228300000000090e+00 1.089609709576230996e-02
4.153421800000000275e+00 1.083392933920652827e-02
4.159615399999999852e+00 1.077253375117429371e-02
4.165808900000000037e+00 1.071196147267048683e-02
4.172043200000000063e+00 1.065185493416783910e-02
4.178236700000000248e+00 1.059301838046970007e-02
4.184430299999999825e+00 1.053505498994503076e-02
4.190623800000000010e+00 1.047794994055857229e-02
4.196817399999999587e+00 1.042166833486144265e-02
4.203010899999999772e+00 1.036616382388520080e-02
4.209245199999999798e+00 1.031101528073091397e-02
4.215438699999999983e+00 1.025687153803634365e-02
4.221632299999999560e+00 1.020328748246744979e-02
4.227825799999999745e+00 1.015017828248424708e-02
4.234019400000000211e+00 1.009745324656377910e-02
4.240212900000000396e+00 1.004502583869050850e-02
4.246447200000000421e+00 9.992467352709434245e-03
4.252640699999999718e+00 9.940387661638270395e-03
4.258834300000000184e+00 9.888373158279549838e-03
4.265027800000000369e+00 9.836369020118820861e-03
4.271221399999999946e+00 9.784330586779096603e-03
4.277414900000000131e+00 9.732231401000785570e-03
4.283649200000000157e+00 9.679714154238801271e-03
4.289842700000000342e+00 9.627469583246287682e-03
4.296036299999999919e+00 9.575172188960796513e-03
4.302229800000000104e+00 9.522856922172355520e-03
4.308423399999999681e+00 9.470568364251807925e-03
4.314616899999999866e+00 9.418365560587059135e-03
4.320810400000000051e+00 9.366313804802468834e-03
4.327044700000000077e+00 9.314144900662874038e-03
4.333238299999999654e+00 9.262616969592683477e-03
4.339431799999999839e+00 9.211465615041611668e-03
4.345625400000000305e+00 9.160762939119469067e-03
4.351818899999999601e+00 9.110579140167308909e-03
4.358012399999999786e+00 9.060974211849898152e-03
4.364246699999999812e+00 9.011678534780138972e-03
4.370440300000000278e+00 8.963375707606758766e-03
4.376633799999999574e+00 8.915768178870494068e-03
4.382827400000000040e+00 8.868865859690100439e-03
4.389020900000000225e+00 8.822667151757675186e-03
4.395214400000000410e+00 8.777153769978313091e-03
4.401448700000000436e+00 8.732001024199267242e-03
4.407642300000000013e+00 8.687755108651325914e-03
4.413835800000000198e+00 8.644065017148249222e-03
4.420029399999999775e+00 8.600865593463787734e-03
4.426222899999999960e+00 8.558087884729073669e-03
4.432416400000000145e+00 8.515656777668946520e-03
4.438650700000000171e+00 8.473219459035357184e-03
4.444844299999999748e+00 8.431255796046015910e-03
4.451037799999999933e+00 8.389418050279795133e-03
4.457231400000000399e+00 8.347640714688495805e-03
4.463424899999999695e+00 8.305869596111948444e-03
4.469618399999999880e+00 8.264058969910170749e-03
4.475852699999999906e+00 8.221899560984284594e-03
4.482046300000000372e+00 8.179922381747823518e-03
4.488239799999999669e+00 8.137846742451181059e-03
4.494433299999999853e+00 8.095679188891369282e-03
4.500626900000000319e+00 8.053439449877339285e-03
4.506820399999999616e+00 8.011161576280258906e-03
4.513054699999999642e+00 7.968610149462131143e-03
4.519248300000000107e+00 7.926394552462742021e-03
4.525441800000000292e+00 7.884297571778876162e-03
4.531635299999999589e+00 7.842383308871249403e-03
4.537828900000000054e+00 7.800718236179438742e-03
4.544022400000000239e+00 7.759370678375362637e-03
4.550256700000000265e+00 7.718135806606733762e-03
4.556450299999999842e+00 7.677612262798163764e-03
4.562643800000000027e+00 7.637582160827881793e-03
4.568837300000000212e+00 7.598087688129624359e-03
4.575030899999999789e+00 7.559160366666603861e-03
4.581224399999999974e+00 7.520821741710863317e-03
4.587458700000000000e+00 7.482832227718720641e-03
4.593652299999999578e+00 7.445683270256003156e-03
4.599845799999999763e+00 7.409107641176986350e-03
4.606039299999999947e+00 7.373074925416403524e-03
4.612232900000000413e+00 7.337543866708025851e-03
4.618426399999999710e+00 7.302465525061514404e-03
4.624660699999999736e+00 7.267554328275983508e-03
4.630854300000000201e+00 7.233203098539029915e-03
4.637047800000000386e+00 7.199116730517644835e-03
4.643241299999999683e+00 7.165227245995554363e-03
4.649434900000000148e+00 7.131468134820453594e-03
4.655628400000000333e+00 7.097778274830041437e-03
4.661862700000000359e+00 7.063878887040658805e-03
4.668056299999999936e+00 7.030164406574602315e-03
4.674249800000000121e+00 6.996375111418265229e-03
4.680443300000000306e+00 6.962482208572592229e-03
4.686636899999999883e+00 6.928468501388292122e-03
4.692830400000000068e+00 6.894330497631589311e-03
4.699064700000000094e+00 6.859849119902509257e-03
4.705258299999999672e+00 6.825494417158376945e-03
4.711451799999999857e+00 6.791072242760563815e-03
4.717645300000000042e+00 6.756621680130801486e-03
4.723838899999999619e+00 6.722189864975645739e-03
4.730032399999999804e+00 6.687831828164222080e-03
4.736266699999999830e+00 6.653380221472293167e-03
4.742460300000000295e+00 6.619345893791862140e-03
4.748653799999999592e+00 6.585563899445820782e-03
4.754847299999999777e+00 6.552091190129958991e-03
4.761040900000000242e+00 6.518980225768448815e-03
4.767234400000000427e+00 6.486278640028837056e-03
4.773428000000000004e+00 6.454023844907434519e-03
4.779662300000000030e+00 6.422038173633637555e-03
4.785855800000000215e+00 6.390758350169764568e-03
4.792049300000000400e+00 6.359980794978670887e-03
4.798242899999999977e+00 6.329701032860896373e-03
4.804436400000000162e+00 6.299904901614736263e-03
4.810629999999999740e+00 6.270565732851274103e-03
4.816864299999999766e+00 6.241459978869725277e-03
4.823057799999999951e+00 6.212924237588308279e-03
4.829251300000000136e+00 6.184716294689708224e-03
4.835444899999999713e+00 6.156780413526335288e-03
4.841638399999999898e+00 6.129059284302906807e-03
4.847832000000000363e+00 6.101492941218838138e-03
4.854066300000000389e+00 6.073843677657957303e-03
4.860259799999999686e+00 6.046418059711692640e-03
4.866453299999999871e+00 6.018985452963208742e-03
4.872646900000000336e+00 5.991502819436779828e-03
4.878840399999999633e+00 5.963936717365551921e-03
4.885034000000000098e+00 5.936261315386931817e-03
4.891268300000000124e+00 5.908279183840001170e-03
4.897461800000000309e+00 5.880351945242484786e-03
4.903655299999999606e+00 5.852303361478685198e-03
4.909848900000000071e+00 5.824149692386256655e-03
4.916042400000000256e+00 5.795918085828927896e-03
4.922235999999999834e+00 5.767642337179096183e-03
4.928470199999999579e+00 5.739179457907105965e-03
4.934663800000000045e+00 5.710947794205904239e-03
4.940857300000000230e+00 5.682813497838087695e-03
4.947050899999999807e+00 5.654828593163248318e-03
4.953244399999999992e+00 5.627046791723584393e-03
4.959437999999999569e+00 5.599517949432201297e-03
4.965672200000000203e+00 5.572111968561803928e-03
4.971865799999999780e+00 5.545227278851875413e-03
4.978059299999999965e+00 5.518718940321359553e-03
4.984252900000000430e+00 5.492611960865163151e-03
4.990446399999999727e+00 5.466923858151423454e-03
4.996640000000000192e+00 5.441660720168647880e-03
5.002874199999999938e+00 5.416658444778144413e-03
5.009067800000000403e+00 5.392229698392169736e-03
5.015261299999999700e+00 5.368188385765629810e-03
5.021454900000000166e+00 5.344502947324337137e-03
5.027648400000000350e+00 5.321135984774473179e-03
5.033841999999999928e+00 5.298042578354864203e-03
5.040076199999999673e+00 5.275025251937308715e-03
5.046269800000000139e+00 5.252332247946829048e-03
5.052463300000000324e+00 5.229761201442117632e-03
5.058656899999999901e+00 5.207260205472932085e-03
5.064850400000000086e+00 5.184781559452660699e-03
5.071043999999999663e+00 5.162280530283788228e-03
5.077278200000000297e+00 5.139571232860722788e-03
5.083471799999999874e+00 5.116918426918330362e-03
5.089665300000000059e+00 5.094152208962051016e-03
5.095858899999999636e+00 5.071258160312992411e-03
5.102052399999999821e+00 5.048232654526039857e-03
5.108246000000000286e+00 5.025079953031794978e-03
5.114480200000000032e+00 5.001661687005495155e-03
5.120673799999999609e+00 4.978305611542034603e-03
5.126867299999999794e+00 4.954890164261897476e-03
5.133060900000000260e+00 4.931451230312661194e-03
5.139254399999999556e+00 4.908031246284054981e-03
5.145448000000000022e+00 4.884674626540883718e-03
5.151682199999999767e+00 4.861276839676549957e-03
5.157875800000000233e+00 4.838190012373408747e-03
5.164069300000000418e+00 4.815307237112849761e-03
5.170262899999999995e+00 4.792670065476081764e-03
5.176456400000000180e+00 4.770316789116692269e-03
5.182649999999999757e+00 4.748278196698106461e-03
5.188884200000000391e+00 4.726437934558228547e-03
5.195077799999999968e+00 4.705096916881069090e-03
5.201271300000000153e+00 4.684119916273097803e-03
5.207464899999999730e+00 4.663505304535751732e-03
5.213658399999999915e+00 4.643244120663790955e-03
5.219851900000000100e+00 4.623318114625575050e-03
5.226045499999999677e+00 4.603701449224001721e-03
5.232279799999999703e+00 4.584236012767420147e-03
5.238473299999999888e+00 4.565138363987837102e-03
5.244666900000000354e+00 4.546238095292573500e-03
5.250860399999999650e+00 4.527491344433106843e-03
5.257053899999999835e+00 4.508852272956422914e-03
5.263247500000000301e+00 4.490275586825699314e-03
5.269481800000000327e+00 4.471596726050480579e-03
5.275675299999999623e+00 4.453020359177828347e-03
5.281868900000000089e+00 4.434389556863496673e-03
5.288062400000000274e+00 4.415676623372648962e-03
5.294255899999999571e+00 4.396859952750591452e-03
5.300449500000000036e+00 4.377925589542117774e-03
5.306683800000000062e+00 4.358742595239525723e-03
5.312877300000000247e+00 4.339564329140779483e-03
5.319070899999999824e+00 4.320275886490974535e-03
5.325264400000000009e+00 4.300895909227873438e-03
5.331457900000000194e+00 4.281448846964392048e-03
5.337651499999999771e+00 4.261964919076124264e-03
5.343885799999999797e+00 4.242351620367735589e-03
5.350079299999999982e+00 4.222904010069234923e-03
5.356272899999999559e+00 4.203533700647838108e-03
5.362466399999999744e+00 4.184282026175388351e-03
5.368659899999999929e+00 4.165188295864972502e-03
5.374853500000000395e+00 4.146289321919168457e-03
5.381087800000000421e+00 4.127496835555246983e-03
5.387281299999999717e+00 4.109084931414852190e-03
5.393474900000000183e+00 4.090951817629125652e-03
5.399668400000000368e+00 4.073113608685860997e-03
5.405861899999999665e+00 4.055578284426247966e-03
5.412055500000000130e+00 4.038346342094005850e-03
5.418289800000000156e+00 4.021301029618340461e-03
5.424483300000000341e+00 4.004651170257266315e-03
5.430676899999999918e+00 3.988263387813144149e-03
5.436870400000000103e+00 3.972111741713055082e-03
5.443063900000000288e+00 3.956164597432336102e-03
5.449257499999999865e+00 3.940386576206017510e-03
5.455491799999999891e+00 3.924637850947793050e-03
5.461685300000000076e+00 3.909085315054084894e-03
5.467878899999999653e+00 3.893586714779248472e-03
5.474072399999999838e+00 3.878105580297935319e-03
5.480265900000000023e+00 3.862607547941238062e-03
5.486459499999999601e+00 3.847062276804920616e-03
5.492693799999999626e+00 3.831342052920562631e-03
5.498887299999999811e+00 3.815633110179419973e-03
5.505080900000000277e+00 3.799819897179541883e-03
5.511274399999999574e+00 3.783897091675641512e-03
5.517467899999999759e+00 3.767865575268058466e-03
5.523661500000000224e+00 3.751733067234039667e-03
5.529895800000000250e+00 3.735407463056390591e-03
5.536089300000000435e+00 3.719122660092413074e-03
5.542282900000000012e+00 3.702797279821199924e-03
5.548476400000000197e+00 3.686461424295408087e-03
5.554669900000000382e+00 3.670147409141084199e-03
5.560863499999999959e+00 3.653889352406992919e-03
5.567097799999999985e+00 3.637616584809219046e-03
5.573291300000000170e+00 3.621576225484418512e-03
5.579484899999999747e+00 3.605693431685973518e-03
5.585678399999999932e+00 3.589997869570688178e-03
5.591871900000000117e+00 3.574514317417395309e-03
5.598065499999999695e+00 3.559262584197781833e-03
5.604299799999999721e+00 3.544159545035401211e-03
5.610493299999999905e+00 3.529410912072722655e-03
5.616686900000000371e+00 3.514918614155813567e-03
5.622880399999999668e+00 3.500678539804260442e-03
5.629073899999999853e+00 3.486679676881532935e-03
5.635267500000000318e+00 3.472905258869927753e-03
5.641501800000000344e+00 3.459245258520855446e-03
5.647695299999999641e+00 3.445852064287533312e-03
5.653888799999999826e+00 3.432606204064027767e-03
5.660082400000000291e+00 3.419475713209080281e-03
5.666275899999999588e+00 3.406428074736005986e-03
5.672469500000000053e+00 3.393429902104380669e-03
5.678703800000000079e+00 3.380364264318598544e-03
5.684897300000000264e+00 3.367372207510965429e-03
5.691090799999999561e+00 3.354341858896386572e-03
5.697284400000000026e+00 3.341250794963870376e-03
5.703477900000000211e+00 3.328082083977353285e-03
