     0.025819889  1.1640677e-008
      0.67131711  6.4426721e-006
       1.3168143  2.0295548e-005
       1.9623116    3.69002e-005
       2.6078088  5.3356261e-005
        3.253306  6.7986837e-005
       3.8988032  7.9942688e-005
       4.5443005  8.8918328e-005
       5.1897977  9.4950919e-005
       5.8352949  9.8279976e-005
       6.4807921  9.9251415e-005
       7.1262894  9.8253614e-005
       7.7717866   9.567632e-005
       8.4172838  9.1885668e-005
        9.062781  8.7210327e-005
       9.7082783  8.1935191e-005
       10.353775  7.6300017e-005
       10.999273  7.0501148e-005
        11.64477  6.4695069e-005
       12.290267  5.9002865e-005
       12.935764  5.3515028e-005
       13.581262  4.8296192e-005
       14.226759  4.3389606e-005
       14.872256  3.8821166e-005
       15.517753  3.4602993e-005
        16.16325  3.0736505e-005
       16.808748  2.7215035e-005
       17.454245  2.4025997e-005
       18.099742  2.1152669e-005
       18.745239  1.8575627e-005
       19.390737  1.6273884e-005
       20.036234  1.4225773e-005
       20.681731  1.2409623e-005
       21.327228  1.0804253e-005
       21.972726  9.3893358e-006
       22.618223  8.1456373e-006
        23.26372  7.0551709e-006
       23.909217  6.1012811e-006
       24.554714  5.2686725e-006
       25.200212  4.5433993e-006
       25.845709  3.9128259e-006
       26.491206  3.3655667e-006
       27.136703  2.8914122e-006
       27.782201  2.4812483e-006
       28.427698  2.1269703e-006
       29.073195  1.8213972e-006
       29.718692  1.5581872e-006
       30.364189  1.3317562e-006
       31.009687   1.137201e-006
       31.655184  9.7022675e-007
       32.300681  8.2708097e-007
       32.946178  7.0449167e-007
       33.591676  5.9961185e-007
       34.237173  5.0996899e-007
        34.88267  4.3341958e-007
       35.528167  3.6810846e-007
       36.173664  3.1243257e-007
       36.819162  2.6500873e-007
       37.464659  2.2464516e-007
       38.110156  1.9031633e-007
       38.755653  1.6114092e-007
       39.401151  1.3636239e-007
       40.046648  1.1533211e-007
       40.692145  9.7494515e-008
       41.337642   8.237426e-008
       41.983139  6.9565041e-008
       42.628637  5.8719887e-008
       43.274134   4.954276e-008
       43.919631  4.1781296e-008
       44.565128  3.5220536e-008
       45.210626  2.9677531e-008
       45.856123   2.499669e-008
        46.50162  2.1045784e-008
       47.147117  1.7712519e-008
       47.792614  1.4901594e-008
       48.438112  1.2532181e-008
       49.083609  1.0535771e-008
       49.729106  8.8543314e-009
       50.374603  7.4387309e-009
       51.020101  6.2473997e-009
       51.665598  5.2451836e-009
       52.311095  4.4023696e-009
       52.956592  3.6938567e-009
        53.60209  3.0984503e-009
       54.247587  2.5982626e-009
       54.893084   2.178204e-009
       55.538581   1.825551e-009
       56.184078  1.5295794e-009
       56.829576  1.2812546e-009
       57.475073   1.072968e-009
        58.12057  8.9831478e-010
       58.766067  7.5190535e-010
       59.411565  6.2920621e-010
       60.057062  5.2640534e-010
       60.702559  4.4029852e-010
       61.348056  3.6819335e-010
       61.993553  3.0782827e-010
       62.639051   2.573042e-010
       63.284548  2.1502701e-010
       63.930045  1.7965891e-010
       64.575542  1.5007763e-010
