3.577503900000000153e-02 1.055637897398783934e+04
4.190623799999999843e-02 1.037916660615965338e+04
4.803784500000000263e-02 1.017889160162525695e+04
5.416904399999999953e-02 9.957577828071296608e+03
6.030024300000000337e-02 9.717375707407749360e+03
6.643184900000000115e-02 9.460560922403768927e+03
7.256304800000000499e-02 9.189554017306041715e+03
7.869424699999999495e-02 8.906780053967291678e+03
8.482544599999999879e-02 8.614698149951889718e+03
9.095705299999999605e-02 8.315728020852522604e+03
9.708825199999999989e-02 8.012294758338838619e+03
1.032198599999999966e-01 7.706655808013844762e+03
1.093510599999999999e-01 7.401031802269465516e+03
1.154822600000000032e-01 7.097437739842511291e+03
1.216134600000000066e-01 6.797741510374453355e+03
1.277450599999999936e-01 6.503605892666346335e+03
1.338762599999999969e-01 6.216550600603299245e+03
1.400074600000000002e-01 5.937827164969974547e+03
1.461390700000000098e-01 5.668473165488467203e+03
1.522702700000000131e-01 5.409363346479546635e+03
1.584014599999999939e-01 5.161105173028154240e+03
1.645330700000000035e-01 4.924101753679617104e+03
1.706642700000000068e-01 4.698609377019986823e+03
1.767954700000000101e-01 4.484654708365280385e+03
1.829270799999999919e-01 4.282102791901877936e+03
1.890582799999999952e-01 4.090712926253803744e+03
1.951894700000000038e-01 3.910077976544732792e+03
2.013210800000000134e-01 3.739688337182381019e+03
2.074522799999999889e-01 3.578986359317385450e+03
2.135834799999999922e-01 3.427318470047008759e+03
2.197146799999999955e-01 3.284002715028873808e+03
2.258462800000000104e-01 3.148328382596067058e+03
2.319774800000000137e-01 3.019609417880665205e+03
2.381086799999999892e-01 2.897148110121934224e+03
2.442402899999999988e-01 2.780277955257555732e+03
2.503714899999999743e-01 2.668397830634207821e+03
2.565026899999999777e-01 2.560935161035975398e+03
2.626342899999999925e-01 2.457378404522494293e+03
2.687654899999999958e-01 2.357300926434956637e+03
2.748966899999999991e-01 2.260323253920618299e+03
2.810283000000000087e-01 2.166134630864488827e+03
2.871595000000000120e-01 2.074509636663673973e+03
2.932907000000000153e-01 1.985267110785300019e+03
2.994222999999999746e-01 1.898285059405809761e+03
3.055534999999999779e-01 1.813510717318401248e+03
3.116846999999999812e-01 1.730919455650397140e+03
3.178163099999999908e-01 1.650524618451645665e+03
3.239475099999999941e-01 1.572385081573592288e+03
3.300787099999999974e-01 1.496564874431037424e+03
3.362103100000000122e-01 1.423142198564895125e+03
3.423415100000000155e-01 1.352215483930382334e+03
3.484727100000000188e-01 1.283867770956288723e+03
3.546039100000000222e-01 1.218179953216793365e+03
3.607355199999999762e-01 1.155216625031741160e+03
3.668667099999999848e-01 1.095038667381575351e+03
3.729979099999999881e-01 1.037674467628047751e+03
3.791295199999999976e-01 9.831319055727645946e+02
3.852607200000000010e-01 9.314069928811285308e+02
3.913919200000000043e-01 8.824619905442519894e+02
3.975235200000000191e-01 8.362380266930352946e+02
4.036547200000000224e-01 7.926647668329004546e+02
4.097842899999999955e-01 7.516550683561243886e+02
4.159167100000000228e-01 7.130695002430876457e+02
4.220491399999999893e-01 6.768048099568394491e+02
4.281815600000000166e-01 6.427289196758628123e+02
4.343099000000000265e-01 6.107241948067113526e+02
4.404423299999999930e-01 5.806070497411365068e+02
4.465747500000000203e-01 5.522588808579953366e+02
4.527071699999999921e-01 5.255421222373777255e+02
4.588355199999999967e-01 5.003411784097609711e+02
4.649679400000000240e-01 4.764985215503999143e+02
4.711003599999999958e-01 4.539166330118387691e+02
4.772287100000000004e-01 4.325052019482729406e+02
4.833611300000000277e-01 4.121429579750417247e+02
4.894935499999999995e-01 3.927631704779445272e+02
4.956259700000000268e-01 3.742959361980755943e+02
5.017543199999999759e-01 3.566936786062287297e+02
5.078867400000000032e-01 3.398841294376309179e+02
5.140191600000000305e-01 3.238393443110023213e+02
5.201515799999999468e-01 3.085271564328565432e+02
5.262799299999999514e-01 2.939312299970804361e+02
5.324123499999999787e-01 2.800113280196165420e+02
5.385447700000000060e-01 2.667600387690406478e+02
5.446771900000000333e-01 2.541622051214479541e+02
5.508055400000000379e-01 2.422113503503841798e+02
5.569379599999999542e-01 2.308772864139494345e+02
5.630703799999999815e-01 2.201528376090082304e+02
5.691987299999999861e-01 2.100275332567948112e+02
5.753311500000000134e-01 2.004687894833694770e+02
5.814635700000000407e-01 1.914619858208338599e+02
5.875959899999999569e-01 1.829831389965456481e+02
5.937243399999999616e-01 1.750110919871697774e+02
5.998567599999999889e-01 1.675069688248917714e+02
6.059891800000000162e-01 1.604463390805092615e+02
6.121216000000000435e-01 1.537982520472145325e+02
6.182499500000000481e-01 1.475353216546230897e+02
6.243823699999999643e-01 1.416179611398391955e+02
6.305147899999999916e-01 1.360199197913480873e+02
6.366472100000000189e-01 1.307119945174404165e+02
6.427755600000000236e-01 1.256700962507984940e+02
6.489079800000000509e-01 1.208624671277576965e+02
6.550403999999999671e-01 1.162700827985958227e+02
6.611687499999999718e-01 1.118761896156058242e+02
6.673011699999999990e-01 1.076583096711231207e+02
6.734335900000000263e-01 1.036057343983962227e+02
6.795660199999999929e-01 9.970762501402636246e+01
6.856943599999999472e-01 9.595826588269731872e+01
6.918267799999999745e-01 9.234685472249783800e+01
6.979592100000000521e-01 8.887214489144682261e+01
7.040916299999999683e-01 8.553198934048012347e+01
7.102199700000000337e-01 8.232751782217329151e+01
7.163523899999999500e-01 7.925428640149800685e+01
7.224848200000000276e-01 7.631465148322919845e+01
7.286131599999999819e-01 7.351060271177279049e+01
7.347455800000000092e-01 7.083819225467692604e+01
7.408780099999999758e-01 6.829846584070290305e+01
7.470104300000000030e-01 6.588969794144608727e+01
7.531387699999999574e-01 6.361060431489136135e+01
7.592712000000000350e-01 6.145429515793919251e+01
7.654036199999999512e-01 5.941737840193264475e+01
7.715360399999999785e-01 5.749384605710385188e+01
7.776643899999999832e-01 5.567793855791624935e+01
7.837968100000000105e-01 5.395955609891624505e+01
7.899292300000000377e-01 5.233169169969713863e+01
7.960616499999999540e-01 5.078577253655922163e+01
8.021899999999999586e-01 4.931409842624829309e+01
8.083224199999999859e-01 4.790622493905644319e+01
8.144548400000000132e-01 4.655505061640725728e+01
8.205831900000000179e-01 4.525392409369020186e+01
8.267156100000000452e-01 4.399439946635856558e+01
8.328480299999999614e-01 4.277155407290978673e+01
8.389804499999999887e-01 4.158060180869935607e+01
8.451087999999999933e-01 4.041858704394994817e+01
8.512412200000000206e-01 3.928132160165044695e+01
8.573736400000000479e-01 3.816797381395332422e+01
8.635060599999999642e-01 3.707788653560020009e+01
8.696344099999999688e-01 3.601194416885663685e+01
8.757668299999999961e-01 3.496961454250427437e+01
8.818992500000000234e-01 3.395303556023668534e+01
8.880316700000000507e-01 3.296399381315676180e+01
8.941600200000000553e-01 3.200508970461058311e+01
9.002924399999999716e-01 3.107703696872154353e+01
9.064248599999999989e-01 3.018232539217697408e+01
9.125532100000000035e-01 2.932306959453445927e+01
9.186856300000000308e-01 2.849927917499819685e+01
9.248180499999999471e-01 2.771219472118739446e+01
9.309504699999999744e-01 2.696192255693708972e+01
9.370788199999999790e-01 2.624845241764222337e+01
9.432112400000000063e-01 2.556979106276760660e+01
9.493436600000000336e-01 2.492483788759633612e+01
9.554760799999999499e-01 2.431152567834051226e+01
9.616044299999999545e-01 2.372776643398284335e+01
9.677368499999999818e-01 2.317001849189340845e+01
9.738692700000000091e-01 2.263571911754335986e+01
9.799976200000000137e-01 2.212216597490873937e+01
9.861300400000000410e-01 2.162567797992392116e+01
9.922624599999999573e-01 2.114374698860926927e+01
9.983948900000000348e-01 2.067375917672836039e+01
1.004523199999999949e+00 2.021373398674160882e+01
1.010655700000000046e+00 1.976115058949755010e+01
1.016788100000000084e+00 1.931486921123850209e+01
1.022920499999999899e+00 1.887387423819855314e+01
1.029048799999999986e+00 1.843790484102551730e+01
1.035181300000000082e+00 1.800625696204322068e+01
1.041313699999999898e+00 1.757952263805727000e+01
1.047446099999999936e+00 1.715832327312045891e+01
1.053574500000000080e+00 1.674383153262690271e+01
1.059706899999999896e+00 1.633660927322693723e+01
1.065839299999999934e+00 1.593814997833706926e+01
1.071967600000000020e+00 1.554996483775393479e+01
1.078100099999999895e+00 1.517273731792501223e+01
1.084232499999999932e+00 1.480783378014720952e+01
1.090364899999999970e+00 1.445615651901042042e+01
1.096493299999999893e+00 1.411859625129252827e+01
1.102625699999999931e+00 1.379511669543537522e+01
1.108758099999999969e+00 1.348605518686684945e+01
1.114890500000000007e+00 1.319122574597326292e+01
1.121018899999999929e+00 1.291033205031223119e+01
1.127151299999999967e+00 1.264226635162960655e+01
1.133283700000000005e+00 1.238624418734204014e+01
1.139416100000000043e+00 1.214110797583091106e+01
1.145544499999999966e+00 1.190571846731373995e+01
1.151676900000000003e+00 1.167840403917325531e+01
1.157809300000000041e+00 1.145794015376969632e+01
1.163937699999999964e+00 1.124312588844355432e+01
1.170070100000000002e+00 1.103243695252174383e+01
1.176202500000000040e+00 1.082491275387062402e+01
1.182334900000000077e+00 1.061963150702261593e+01
1.188463300000000000e+00 1.041601313270700224e+01
1.194595700000000038e+00 1.021330611201159222e+01
1.200728100000000076e+00 1.001139052117117600e+01
1.206860499999999892e+00 9.810240753767512700e+00
1.212988900000000037e+00 9.610173353991886103e+00
1.219121300000000074e+00 9.411300098497495270e+00
1.225253699999999890e+00 9.214278979533977676e+00
1.231382100000000035e+00 9.019878138106648180e+00
1.237514500000000073e+00 8.828558132271911774e+00
1.243646900000000111e+00 8.641189701266165812e+00
1.249779299999999926e+00 8.458500381795357015e+00
1.255907700000000071e+00 8.281275035573333554e+00
1.262040100000000109e+00 8.109860111663820703e+00
1.268172499999999925e+00 7.944827873039978172e+00
1.274305000000000021e+00 7.786484135816638563e+00
1.280433300000000107e+00 7.635080093921196465e+00
1.286565699999999923e+00 7.490389997354976792e+00
1.292698099999999961e+00 7.352331590643912840e+00
1.298830600000000057e+00 7.220561954384224990e+00
1.304958899999999922e+00 7.094689679252537573e+00
1.311091299999999960e+00 6.973953023001768337e+00
1.317223800000000056e+00 6.857760091621333487e+00
1.323352099999999920e+00 6.745459764882502540e+00
1.329484499999999958e+00 6.636152029463716850e+00
1.335616899999999996e+00 6.529179005562760096e+00
1.341749400000000092e+00 6.423850436514498163e+00
1.347877699999999956e+00 6.319624778037560731e+00
1.354010099999999994e+00 6.215844622473861492e+00
1.360142600000000090e+00 6.112178194339500159e+00
1.366274999999999906e+00 6.008357481916957177e+00
1.372403299999999993e+00 5.904313510186872449e+00
1.378535700000000030e+00 5.799903466519643835e+00
1.384668199999999905e+00 5.695317652604904524e+00
1.390800599999999942e+00 5.590795044555481930e+00
1.396928900000000029e+00 5.486733904926310856e+00
1.403061399999999903e+00 5.383396664053975655e+00
1.409193799999999941e+00 5.281308373944520795e+00
1.415322100000000027e+00 5.181007831883483128e+00
1.421454500000000065e+00 5.082830543746571728e+00
1.427586999999999939e+00 4.987283462624088948e+00
1.433719399999999977e+00 4.894758417208027623e+00
1.439847700000000064e+00 4.805629465386262567e+00
1.445980199999999938e+00 4.720006238072758542e+00
1.452112599999999976e+00 4.638085372805769602e+00
1.458245000000000013e+00 4.559895763110726641e+00
1.464373300000000100e+00 4.485413443067243655e+00
1.470505799999999974e+00 4.414367092316713759e+00
1.476638200000000012e+00 4.346550952528907885e+00
1.482766500000000098e+00 4.281672299741052790e+00
1.488898999999999972e+00 4.219251374028002211e+00
1.495031400000000010e+00 4.158903408481057440e+00
1.501163800000000048e+00 4.100177740052439290e+00
1.507292099999999913e+00 4.042665201736561187e+00
1.513424600000000009e+00 3.985863118546983941e+00
1.519557000000000047e+00 3.929427801750616567e+00
1.525689400000000084e+00 3.873030509602329197e+00
1.531817800000000007e+00 3.816449679457611488e+00
1.537950200000000045e+00 3.759431053246744092e+00
1.544082600000000083e+00 3.701913983462556068e+00
1.550214999999999899e+00 3.643884785517768954e+00
1.556343400000000043e+00 3.585448533177586938e+00
1.562475800000000081e+00 3.526669089695132264e+00
1.568608199999999897e+00 3.467787718843524658e+00
1.574736600000000042e+00 3.409095847592242379e+00
1.580869000000000080e+00 3.350804825334719794e+00
1.587001399999999895e+00 3.293259793906406330e+00
1.593133799999999933e+00 3.236769510449056586e+00
1.599262200000000078e+00 3.181664009622152456e+00
1.605394599999999894e+00 3.128136628919546691e+00
1.611526999999999932e+00 3.076447012933024361e+00
1.617659399999999970e+00 3.026765564743129744e+00
1.623787799999999892e+00 2.979232543639116937e+00
1.629920199999999930e+00 2.933830915500002856e+00
1.636052599999999968e+00 2.890571412528644579e+00
1.642180999999999891e+00 2.849395366064577217e+00
1.648313399999999929e+00 2.810105526933765141e+00
1.654445799999999966e+00 2.772535118649557262e+00
1.660578200000000004e+00 2.736449280101156845e+00
1.666706599999999927e+00 2.701606899157807273e+00
1.672838999999999965e+00 2.667683435450648233e+00
1.678971400000000003e+00 2.634420449063443748e+00
1.685103800000000041e+00 2.601547140798464053e+00
1.691232199999999963e+00 2.568837015395774248e+00
1.697364600000000001e+00 2.536033317184092528e+00
1.703497000000000039e+00 2.502985706939322874e+00
1.709629499999999913e+00 2.469570874486911816e+00
1.715757800000000000e+00 2.435742786071336319e+00
1.721890200000000037e+00 2.401439796712427910e+00
1.728022600000000075e+00 2.366721153103353625e+00
1.734150999999999998e+00 2.331695230898469529e+00
1.740283400000000036e+00 2.296444104255263241e+00
1.746415800000000074e+00 2.261152735583678020e+00
1.752548299999999948e+00 2.226007549224298554e+00
1.758676600000000034e+00 2.191234112877155304e+00
1.764809000000000072e+00 2.156989978279875597e+00
1.770941400000000110e+00 2.123496056565676415e+00
1.777073899999999984e+00 2.090932020001331715e+00
1.783202200000000071e+00 2.059473561265089625e+00
1.789334600000000108e+00 2.029198384108618747e+00
1.795467099999999983e+00 2.000208789194289682e+00
1.801599500000000020e+00 1.972544567520166048e+00
1.807727800000000107e+00 1.946217544695247215e+00
1.813860299999999981e+00 1.921144516470724595e+00
1.819992700000000019e+00 1.897257065217970107e+00
1.826121000000000105e+00 1.874447660794069659e+00
1.832253399999999921e+00 1.852535584886058961e+00
1.838385900000000017e+00 1.831365322468745394e+00
1.844518300000000055e+00 1.810754841213429556e+00
1.850646599999999919e+00 1.790531498652714326e+00
1.856779100000000016e+00 1.770488101563029382e+00
1.862911500000000053e+00 1.750473196357820616e+00
1.869043900000000091e+00 1.730342323801178805e+00
1.875172199999999956e+00 1.709992863560406251e+00
1.881304700000000052e+00 1.689313419226484037e+00
1.887437100000000090e+00 1.668269736623851029e+00
1.893569499999999906e+00 1.646849613650912758e+00
1.899697900000000050e+00 1.625091406057416421e+00
1.905830300000000088e+00 1.603024226961303977e+00
1.911962699999999904e+00 1.580749224543367193e+00
1.918090999999999990e+00 1.558392603009547184e+00
1.924223500000000087e+00 1.536053052744736025e+00
1.930355899999999902e+00 1.513885989271885002e+00
1.936488299999999940e+00 1.492034067180875390e+00
1.942616700000000085e+00 1.470649949001042067e+00
1.948749099999999901e+00 1.449833380531970084e+00
1.954881499999999939e+00 1.429708769770771326e+00
1.961013899999999976e+00 1.410363681020484261e+00
1.967142299999999899e+00 1.391870716112470152e+00
1.973274699999999937e+00 1.374237181872447255e+00
1.979407099999999975e+00 1.357476444941889238e+00
1.985535499999999898e+00 1.341569612715161508e+00
1.991667899999999936e+00 1.326438820749206826e+00
1.997800299999999973e+00 1.312012710176089225e+00
2.003932700000000011e+00 1.298188770268757786e+00
2.010061100000000156e+00 1.284857860077797342e+00
2.016193499999999972e+00 1.271875660604302016e+00
2.022325899999999788e+00 1.259120998669777336e+00
2.028458300000000047e+00 1.246467071527198156e+00
2.034586700000000192e+00 1.233804537522593447e+00
2.040719100000000008e+00 1.221013815550757720e+00
2.046851499999999824e+00 1.208019102854433369e+00
2.052983900000000084e+00 1.194758907343409726e+00
2.059112299999999784e+00 1.181205554027811466e+00
2.065244700000000044e+00 1.167330633268658158e+00
2.071377099999999860e+00 1.153157817068739099e+00
2.077505500000000005e+00 1.138735676098578065e+00
2.083637899999999821e+00 1.124105940537620585e+00
2.089770300000000081e+00 1.109356403113531231e+00
2.095902699999999896e+00 1.094578969849358430e+00
2.102031100000000041e+00 1.079883557599491617e+00
2.108163499999999857e+00 1.065354483342364711e+00
2.114295900000000117e+00 1.051102805891399816e+00
2.120428400000000213e+00 1.037222527356922885e+00
2.126556700000000077e+00 1.023805317104632406e+00
2.132689099999999893e+00 1.010899627138115209e+00
2.138821500000000153e+00 9.985624741899086221e-01
2.144949899999999854e+00 9.868283396114256867e-01
2.151082300000000114e+00 9.756870776476012086e-01
2.157214699999999930e+00 9.651299804877709887e-01
2.163347200000000026e+00 9.551197559023780759e-01
2.169475499999999890e+00 9.456074004408415723e-01
2.175607900000000150e+00 9.365091250912885856e-01
2.181740299999999966e+00 9.277488348275021446e-01
2.187872800000000062e+00 9.192362880967074323e-01
2.194001099999999926e+00 9.108842014329117109e-01
2.200133500000000186e+00 9.025897050714568604e-01
2.206265999999999838e+00 8.942725489226501789e-01
2.212398400000000098e+00 8.858570920151961348e-01
2.218526699999999963e+00 8.772863185877946002e-01
2.224659099999999778e+00 8.685020077113836390e-01
2.230791599999999875e+00 8.594806421867656754e-01
2.236919900000000183e+00 8.502184207947292016e-01
2.243052299999999999e+00 8.407110785355218496e-01
2.249184800000000095e+00 8.309905742527952111e-01
2.255317199999999911e+00 8.210991888561433028e-01
2.261445500000000219e+00 8.110988832597962883e-01
2.267577900000000035e+00 8.010419567095083959e-01
2.273710400000000131e+00 7.910073775389196982e-01
2.279842799999999947e+00 7.810708930510630310e-01
2.285971099999999812e+00 7.713132862655738275e-01
2.292103599999999908e+00 7.617911364632603544e-01
2.298236000000000168e+00 7.525730844906933781e-01
2.304368399999999983e+00 7.437096609982720707e-01
2.310496699999999848e+00 7.352436896044004522e-01
2.316629199999999944e+00 7.271859800285414011e-01
2.322761600000000204e+00 7.195489979034415118e-01
2.328889900000000068e+00 7.123277794026402487e-01
2.335022400000000165e+00 7.054878476559905964e-01
2.341154799999999980e+00 6.989959488597657922e-01
2.347287199999999796e+00 6.928019137838845598e-01
2.353415500000000105e+00 6.868506382645878094e-01
2.359548000000000201e+00 6.810691515085305348e-01
2.365680400000000017e+00 6.753940766779680249e-01
2.371812799999999832e+00 6.697583579591988023e-01
2.377941199999999977e+00 6.641026333477252352e-01
2.384073599999999793e+00 6.583633300742274264e-01
2.390206000000000053e+00 6.524973285215742713e-01
2.396338399999999869e+00 6.464693120191831177e-01
2.402466800000000013e+00 6.402610051232107136e-01
2.408599199999999829e+00 6.338556188750389397e-01
2.414731600000000089e+00 6.272622429515558595e-01
2.420859999999999790e+00 6.205036366435492390e-01
2.426992400000000050e+00 6.136012222206526090e-01
2.433124799999999865e+00 6.065997854880016416e-01
2.439257200000000125e+00 5.995476600701890035e-01
2.445385599999999826e+00 5.925030636355786973e-01
2.451518000000000086e+00 5.855128853570017444e-01
2.457650399999999902e+00 5.786374484203983259e-01
2.463782800000000162e+00 5.719292698967008981e-01
2.469911199999999862e+00 5.654392333273065008e-01
2.476043600000000122e+00 5.591975322574430640e-01
2.482175999999999938e+00 5.532373157852374934e-01
2.488304400000000083e+00 5.475798781055549735e-01
2.494436799999999899e+00 5.422236880096511502e-01
2.500569200000000158e+00 5.371664398538400498e-01
2.506701599999999974e+00 5.323905615946848968e-01
2.512830000000000119e+00 5.278709230129814411e-01
2.518962399999999935e+00 5.235647466650648063e-01
2.525094800000000195e+00 5.194312195923915798e-01
2.531227200000000011e+00 5.154218084786277299e-01
2.537355600000000155e+00 5.114882888175911191e-01
2.543487999999999971e+00 5.075750387992042922e-01
2.549620399999999787e+00 5.036368444130785438e-01
2.555752899999999883e+00 4.996308266975837409e-01
2.561881200000000192e+00 4.955240623437850989e-01
2.568013600000000007e+00 4.912837350519260182e-01
2.574145999999999823e+00 4.868950027273922787e-01
2.580274399999999968e+00 4.823537016135602262e-01
2.586406799999999784e+00 4.776572189623202180e-01
2.592539200000000044e+00 4.728218871548559021e-01
2.598671700000000140e+00 4.678702643962337482e-01
2.604800000000000004e+00 4.628364381619195500e-01
2.610932399999999820e+00 4.577503170755909401e-01
2.617064800000000080e+00 4.526562337551972015e-01
2.623197300000000176e+00 4.475972067005816735e-01
2.629325600000000041e+00 4.426197063927906350e-01
2.635457999999999856e+00 4.377577322885423672e-01
2.641590499999999953e+00 4.330510858622496073e-01
2.647722900000000212e+00 4.285304276340134444e-01
2.653851200000000077e+00 4.242215559970815009e-01
2.659983599999999893e+00 4.201332919328181204e-01
2.666116099999999989e+00 4.162740520101946284e-01
2.672244399999999853e+00 4.126426263526248861e-01
2.678376800000000113e+00 4.092215108876086638e-01
2.684509300000000209e+00 4.059924265777625774e-01
2.690641700000000025e+00 4.029277387462647519e-01
2.696769999999999889e+00 3.999960368671197086e-01
2.702902400000000149e+00 3.971563082321701854e-01
2.709034899999999801e+00 3.943714404579684585e-01
2.715167300000000061e+00 3.916024317489829598e-01
2.721295599999999926e+00 3.888139035097444296e-01
2.727428100000000022e+00 3.859685362515574147e-01
2.733560499999999838e+00 3.830399342685388286e-01
2.739688800000000146e+00 3.800082749849062469e-01
2.745821199999999962e+00 3.768550993992761944e-01
2.751953700000000058e+00 3.735759207587012742e-01
2.758086099999999874e+00 3.701725632356169804e-01
2.764214400000000182e+00 3.666569659715668839e-01
2.770346899999999835e+00 3.630412082164551357e-01
2.776479300000000094e+00 3.593508406919042608e-01
2.782611699999999910e+00 3.556139149971764835e-01
2.788740000000000219e+00 3.518645412222757285e-01
2.794872499999999871e+00 3.481310774994734181e-01
2.801004900000000131e+00 3.444497523980833420e-01
2.807137299999999946e+00 3.408525667863906428e-01
2.813265700000000091e+00 3.373706985021075466e-01
2.819398099999999907e+00 3.340240288975668825e-01
2.825530500000000167e+00 3.308336549764677170e-01
2.831658899999999868e+00 3.278137705737256269e-01
2.837791300000000128e+00 3.249656948630007536e-01
2.843923699999999943e+00 3.222895475442301150e-01
2.850056100000000203e+00 3.197764481585601559e-01
2.856184499999999904e+00 3.174125839467403787e-01
2.862316900000000164e+00 3.151739894321531343e-01
2.868449299999999980e+00 3.130368943051624608e-01
2.874581699999999795e+00 3.109727824179352451e-01
2.880710099999999940e+00 3.089527389189735129e-01
2.886842500000000200e+00 3.069437138261899012e-01
2.892974900000000016e+00 3.049178933992760521e-01
2.899103300000000161e+00 3.028501924822969982e-01
2.905235699999999976e+00 3.007154027843570443e-01
2.911368099999999792e+00 2.984972976571916847e-01
2.917500500000000052e+00 2.961840480879763815e-01
2.923628900000000197e+00 2.937716340310702612e-01
2.929761300000000013e+00 2.912576339638214828e-01
2.935893699999999829e+00 2.886505127905168999e-01
2.942026100000000088e+00 2.859629275559356087e-01
2.948154499999999789e+00 2.832143393365645356e-01
2.954286900000000049e+00 2.804228185472604773e-01
2.960419299999999865e+00 2.776146744804024458e-01
2.966551700000000125e+00 2.748160270077437684e-01
2.972680099999999825e+00 2.720550317373786053e-01
2.978812500000000085e+00 2.693533678276202048e-01
2.984944899999999901e+00 2.667358260606307319e-01
2.991073300000000046e+00 2.642235455686744450e-01
2.997205699999999862e+00 2.618284143132037500e-01
3.003338100000000122e+00 2.595622290595434034e-01
3.009470600000000218e+00 2.574295895600421380e-01
3.015598900000000082e+00 2.554308520762678669e-01
3.021731299999999898e+00 2.535567928298158025e-01
3.027863700000000158e+00 2.517971660398568012e-01
3.033996199999999810e+00 2.501358538490925376e-01
3.040124500000000118e+00 2.485542486827179154e-01
3.046256899999999934e+00 2.470279374338026357e-01
3.052389400000000030e+00 2.455342473734724584e-01
3.058521799999999846e+00 2.440492348096329200e-01
3.064650100000000155e+00 2.425508163115533966e-01
3.070782499999999970e+00 2.410159660298756834e-01
3.076915000000000067e+00 2.394276576951209767e-01
3.083043299999999931e+00 2.377729518366518968e-01
3.089175700000000191e+00 2.360399902078667012e-01
3.095308199999999843e+00 2.342250963833372723e-01
3.101440600000000103e+00 2.323286441448265682e-01
3.107568899999999967e+00 2.303572009306158463e-01
3.113701299999999783e+00 2.283179674396109138e-01
3.119833799999999879e+00 2.262260686584648128e-01
3.125966200000000139e+00 2.240987010468268870e-01
3.132094500000000004e+00 2.219567459742584070e-01
3.138227000000000100e+00 2.198181134857909447e-01
3.144359399999999916e+00 2.177054048861133961e-01
3.150487699999999780e+00 2.156402675416188019e-01
3.156620100000000040e+00 2.136384630013891672e-01
3.162752600000000136e+00 2.117172089903476273e-01
3.168884999999999952e+00 2.098889761649954389e-01
3.175013299999999816e+00 2.081632462002047657e-01
3.181145799999999912e+00 2.065416993763857789e-01
3.187278200000000172e+00 2.050250755727738849e-01
3.193410599999999988e+00 2.036084081169464988e-01
3.199538899999999852e+00 2.022834813694586176e-01
3.205671399999999949e+00 2.010358041564296316e-01
3.211803800000000209e+00 1.998506701627590920e-01
3.217936200000000024e+00 1.987102496229470050e-01
3.224064600000000169e+00 1.975962159495978088e-01
3.230196999999999985e+00 1.964877887157411296e-01
3.236329399999999801e+00 1.953670309371162983e-01
3.242457700000000109e+00 1.942176276855196448e-01
3.248590200000000205e+00 1.930233200323772658e-01
3.254722600000000021e+00 1.917732680105423970e-01
3.260854999999999837e+00 1.904594138745774878e-01
3.266983399999999982e+00 1.890785777953243874e-01
3.273115799999999798e+00 1.876289257849966530e-01
3.279248200000000057e+00 1.861153120145427053e-01
3.285380599999999873e+00 1.845454572998093123e-01
3.291509000000000018e+00 1.829314494270074809e-01
3.297641399999999834e+00 1.812848966587162214e-01
3.303773800000000094e+00 1.796225368808339884e-01
3.309906199999999910e+00 1.779612314522708849e-01
3.316034600000000054e+00 1.763192093647125702e-01
3.322166999999999870e+00 1.747109302816938214e-01
3.328299400000000130e+00 1.731527112256289469e-01
3.334427799999999831e+00 1.716586264710870668e-01
3.340560200000000091e+00 1.702371028933320762e-01
3.346692599999999906e+00 1.688963013265133428e-01
3.352825000000000166e+00 1.676398515967156277e-01
3.358953399999999867e+00 1.664684529279412684e-01
3.365085800000000127e+00 1.653769217407624059e-01
3.371218199999999943e+00 1.643590029196309865e-01
3.377350600000000203e+00 1.634046498290105676e-01
3.383478999999999903e+00 1.625019266477339408e-01
3.389611400000000163e+00 1.616353361381605291e-01
3.395743799999999979e+00 1.607900701478561234e-01
3.401876300000000075e+00 1.599503888596216783e-01
3.408004599999999940e+00 1.591016314315427116e-01
3.414137000000000199e+00 1.582286004179281336e-01
3.420269400000000015e+00 1.573196817751893462e-01
3.426397800000000160e+00 1.563657872082153677e-01
3.432530199999999976e+00 1.553588371626108411e-01
3.438662599999999792e+00 1.542957811374885690e-01
3.444795099999999888e+00 1.531762547558576937e-01
3.450923400000000196e+00 1.520040257256837501e-01
3.457055800000000012e+00 1.507835120659231920e-01
3.463188199999999828e+00 1.495242190491450907e-01
3.469320699999999924e+00 1.482371185817585868e-01
3.475448999999999788e+00 1.469357913280396888e-01
3.481581400000000048e+00 1.456321497602459658e-01
3.487713900000000145e+00 1.443410415874273045e-01
3.493842200000000009e+00 1.430769613022069287e-01
3.499974599999999825e+00 1.418507504889308102e-01
3.506107000000000085e+00 1.406741576175963293e-01
3.512239500000000181e+00 1.395558678295522048e-01
3.518367800000000045e+00 1.385027083072115084e-01
3.524500199999999861e+00 1.375164940190045648e-01
3.530632699999999957e+00 1.365981936322199775e-01
3.536765100000000217e+00 1.357451295960478976e-01
3.542893400000000081e+00 1.349522990870452577e-01
3.549025799999999897e+00 1.342106630917384302e-01
3.555158299999999993e+00 1.335107209100893366e-01
3.561290699999999809e+00 1.328409215180570146e-01
3.567419000000000118e+00 1.321891697575772184e-01
3.573551500000000214e+00 1.315417611758632199e-01
3.579683900000000030e+00 1.308866525678515358e-01
3.585812199999999894e+00 1.302127248776828172e-01
3.591944600000000154e+00 1.295090070622092193e-01
3.598077099999999806e+00 1.287678236893577688e-01
3.604209500000000066e+00 1.279834334163626741e-01
3.610337799999999930e+00 1.271532213853990567e-01
3.616470300000000027e+00 1.262755966412718589e-01
3.622602699999999842e+00 1.253533530206445423e-01
3.628735100000000102e+00 1.243912432988848737e-01
3.634863399999999967e+00 1.233969748793524168e-01
3.640995900000000063e+00 1.223781111833508600e-01
3.647128299999999879e+00 1.213456671747249055e-01
3.653260700000000138e+00 1.203108290835507854e-01
3.659389099999999839e+00 1.192857677807498823e-01
3.665521500000000099e+00 1.182803720902684819e-01
3.671653899999999915e+00 1.173057167500766995e-01
3.677782199999999779e+00 1.163714725743325989e-01
3.683914699999999876e+00 1.154836566424599364e-01
3.690047100000000135e+00 1.146481054657160215e-01
3.696179499999999951e+00 1.138676226834457461e-01
3.702307900000000096e+00 1.131430200020320798e-01
3.708440299999999912e+00 1.124712593392393906e-01
3.714572700000000172e+00 1.118484212729151661e-01
3.720705099999999987e+00 1.112680238200415839e-01
3.726833500000000132e+00 1.107222063007562707e-01
3.732965899999999948e+00 1.102007551427695714e-01
3.739098300000000208e+00 1.096937178426205528e-01
3.745226699999999909e+00 1.091908117133232881e-01
3.751359100000000169e+00 1.086810086448475737e-01
3.757491499999999984e+00 1.081550037105878381e-01
3.763623899999999800e+00 1.076043738866406252e-01
3.769752299999999945e+00 1.070226975969071764e-01
3.775884700000000205e+00 1.064043303247623196e-01
3.782017100000000021e+00 1.057468933154101509e-01
3.788149499999999836e+00 1.050498867615745763e-01
3.794277899999999981e+00 1.043155433555671419e-01
3.800410299999999797e+00 1.035467678748034914e-01
3.806542700000000057e+00 1.027497958214310808e-01
3.812675099999999873e+00 1.019319861725542092e-01
3.818803500000000017e+00 1.011024444904941172e-01
3.824935899999999833e+00 1.002694055545511470e-01
3.831068300000000093e+00 9.944301682884398863e-02
3.837196699999999794e+00 9.863321247921325030e-02
3.843329100000000054e+00 9.784768053590305048e-02
3.849461499999999869e+00 9.709461479372538673e-02
3.855593900000000129e+00 9.638021433545222727e-02
3.861722299999999830e+00 9.570934974726917621e-02
3.867854700000000090e+00 9.508363914799632111e-02
3.873987099999999906e+00 9.450397603010336767e-02
3.880119600000000002e+00 9.396873974728875423e-02
3.886247899999999866e+00 9.347470301440084783e-02
3.892380300000000126e+00 9.301588467385249470e-02
3.898512699999999942e+00 9.258584586609411304e-02
3.904641100000000087e+00 9.217694908683700394e-02
3.910773499999999903e+00 9.178005234756578257e-02
3.916905900000000162e+00 9.138653553461954793e-02
3.923038399999999815e+00 9.098766118594814323e-02
3.929166700000000123e+00 9.057558400161502821e-02
3.935299099999999939e+00 9.014259470308653988e-02
3.941431500000000199e+00 8.968313316233050836e-02
3.947563999999999851e+00 8.919295675085714414e-02
3.953692300000000159e+00 8.866999263293701139e-02
3.959824699999999975e+00 8.811296495492956793e-02
3.965957200000000071e+00 8.752351819821259371e-02
3.972089599999999887e+00 8.690478209270030563e-02
3.978217900000000196e+00 8.626191137942948450e-02
3.984350300000000011e+00 8.560012970091729345e-02
3.990482800000000108e+00 8.492697576792129777e-02
3.996611099999999972e+00 8.425072324506618915e-02
4.002743500000000232e+00 8.357852746514726761e-02
4.008875999999999884e+00 8.291877607534542394e-02
4.015008400000000144e+00 8.227891330626310729e-02
4.021136699999999564e+00 8.166586413245605081e-02
4.027269200000000104e+00 8.108413069254952199e-02
4.033401600000000364e+00 8.053803375834833744e-02
4.039533999999999736e+00 8.002981641765036236e-02
4.045662300000000045e+00 7.956031034948990444e-02
4.051794799999999697e+00 7.912768262714543754e-02
4.057927199999999957e+00 7.872942577167574285e-02
4.064059600000000216e+00 7.836119343766145828e-02
4.070187999999999917e+00 7.801760568160984177e-02
