6.108177000000000051e-02 1.518782889411384360e+02 1.232389098219951151e+01 1.232389098219951151e+01
6.727816400000000141e-02 1.577177342625543588e+02 1.255857214266631416e+01 1.255857214266631416e+01
7.347496600000000266e-02 1.579638766263187790e+02 1.256836809718424774e+01 1.256836809718424774e+01
7.967135999999999663e-02 1.552023816214945384e+02 1.245802478812329817e+01 1.245802478812329817e+01
8.586816199999999788e-02 1.493956304352922473e+02 1.222275052659147754e+01 1.222275052659147754e+01
9.206455600000000572e-02 1.458926459515460294e+02 1.207860281454548179e+01 1.207860281454548179e+01
9.826135799999999310e-02 1.491253154990433529e+02 1.221168765973988357e+01 1.221168765973988357e+01
1.044577500000000020e-01 1.549449339353606092e+02 1.244768789516192165e+01 1.244768789516192165e+01
1.106545500000000043e-01 1.585532316049616099e+02 1.259179223164683670e+01 1.259179223164683670e+01
1.168509499999999951e-01 1.587225852262791932e+02 1.259851519927166663e+01 1.259851519927166663e+01
1.230477499999999974e-01 1.563733984028210671e+02 1.250493496195886145e+01 1.250493496195886145e+01
1.292441400000000074e-01 1.528438664576453903e+02 1.236300394150407911e+01 1.236300394150407911e+01
1.354409500000000044e-01 1.497232633997815583e+02 1.223614577388572755e+01 1.223614577388572755e+01
1.416373400000000005e-01 1.482316473714121514e+02 1.217504198643323576e+01 1.217504198643323576e+01
1.478341400000000028e-01 1.483414627433793385e+02 1.217955100746243957e+01 1.217955100746243957e+01
1.540305399999999936e-01 1.494044841276370619e+02 1.222311270207540268e+01 1.222311270207540268e+01
1.602273399999999959e-01 1.505300167556983126e+02 1.226906747702115830e+01 1.226906747702115830e+01
1.664237299999999919e-01 1.515744123491804771e+02 1.231155604906140510e+01 1.231155604906140510e+01
1.726205299999999943e-01 1.529887376771468155e+02 1.236886161605613665e+01 1.236886161605613665e+01
1.788169300000000128e-01 1.548193912913131953e+02 1.244264406351452301e+01 1.244264406351452301e+01
1.850137299999999874e-01 1.565973632010572487e+02 1.251388681429783567e+01 1.251388681429783567e+01
1.912101200000000112e-01 1.577654604305311636e+02 1.256047214202281381e+01 1.256047214202281381e+01
1.974069300000000082e-01 1.580407934591112848e+02 1.257142766192890626e+01 1.257142766192890626e+01
2.036037300000000105e-01 1.572372538511783659e+02 1.253942797144982890e+01 1.253942797144982890e+01
2.098001200000000066e-01 1.554360868872545325e+02 1.246740096761367944e+01 1.246740096761367944e+01
2.159969200000000089e-01 1.528981340794530013e+02 1.236519850546092059e+01 1.236519850546092059e+01
2.221933199999999997e-01 1.498561885469500794e+02 1.224157622804147216e+01 1.224157622804147216e+01
2.283901200000000020e-01 1.465811033194875108e+02 1.210706832059221227e+01 1.210706832059221227e+01
2.345865099999999981e-01 1.434497040975309403e+02 1.197704905632146755e+01 1.197704905632146755e+01
2.407833100000000004e-01 1.407140878979928971e+02 1.186229690650140967e+01 1.186229690650140967e+01
2.469797099999999912e-01 1.383347143167806337e+02 1.176157788380371372e+01 1.176157788380371372e+01
2.531765100000000213e-01 1.362071834919927085e+02 1.167078332812295471e+01 1.167078332812295471e+01
2.593729000000000173e-01 1.343602647439290081e+02 1.159138752453428189e+01 1.159138752453428189e+01
2.655697100000000144e-01 1.328812738984632063e+02 1.152741401609498872e+01 1.152741401609498872e+01
2.717661000000000104e-01 1.318131655018543711e+02 1.148099148601088260e+01 1.148099148601088260e+01
2.779629000000000127e-01 1.311339294043613108e+02 1.145137238082673292e+01 1.145137238082673292e+01
2.841593000000000035e-01 1.307346996622057134e+02 1.143392756939651633e+01 1.143392756939651633e+01
2.903561000000000059e-01 1.304156026513431641e+02 1.141996508976026448e+01 1.141996508976026448e+01
2.965524900000000019e-01 1.299737301164224448e+02 1.140060218218416921e+01 1.140060218218416921e+01
3.027492900000000042e-01 1.292636686646212638e+02 1.136941813219222119e+01 1.136941813219222119e+01
3.089456899999999950e-01 1.282595907669879125e+02 1.132517508769678649e+01 1.132517508769678649e+01
3.151424899999999973e-01 1.269759408554463107e+02 1.126836016709824229e+01 1.126836016709824229e+01
3.213392899999999996e-01 1.254283861918080021e+02 1.119948151441878181e+01 1.119948151441878181e+01
3.275356899999999905e-01 1.236569211281445462e+02 1.112011335950063717e+01 1.112011335950063717e+01
3.337324899999999928e-01 1.217119941837564880e+02 1.103231590300769405e+01 1.103231590300769405e+01
3.399288799999999888e-01 1.196414230621586228e+02 1.093807218216073984e+01 1.093807218216073984e+01
3.461256799999999911e-01 1.175105418868249814e+02 1.084022794441265347e+01 1.084022794441265347e+01
3.523220799999999819e-01 1.153634713352691534e+02 1.074073886356377017e+01 1.074073886356377017e+01
3.585188799999999842e-01 1.132057917967468086e+02 1.063982104157522102e+01 1.063982104157522102e+01
3.647152699999999803e-01 1.110059030233517490e+02 1.053593389421895310e+01 1.053593389421895310e+01
3.709120799999999774e-01 1.087182582362382703e+02 1.042680479515360759e+01 1.042680479515360759e+01
3.771084699999999734e-01 1.063151802413080844e+02 1.031092528541003794e+01 1.031092528541003794e+01
3.833052699999999757e-01 1.038095893412661184e+02 1.018869909955466824e+01 1.018869909955466824e+01
3.895016700000000220e-01 1.012478442019782676e+02 1.006219877571389887e+01 1.006219877571389887e+01
3.956984700000000243e-01 9.867540802429002156e+01 9.933549618554790683e+00 9.933549618554790683e+00
4.018948600000000204e-01 9.612766960471088851e+01 9.804471918706834543e+00 9.804471918706834543e+00
4.080932899999999974e-01 9.363979194148626561e+01 9.676765572312179486e+00 9.676765572312179486e+00
4.142868399999999895e-01 9.124623447256239217e+01 9.552289488523806327e+00 9.552289488523806327e+00
4.204844500000000096e-01 8.896361602378003397e+01 9.432052588052085795e+00 9.432052588052085795e+00
4.266820700000000244e-01 8.680407900337669957e+01 9.316870665807092777e+00 9.316870665807092777e+00
4.328796899999999837e-01 8.476009574717369333e+01 9.206524629151529027e+00 9.206524629151529027e+00
4.390732299999999810e-01 8.281225313961903112e+01 9.100123798038081802e+00 9.100123798038081802e+00
4.452708400000000011e-01 8.092551989012804370e+01 8.995861264499806609e+00 8.995861264499806609e+00
4.514684600000000159e-01 7.906549925575831139e+01 8.891878274906732216e+00 8.891878274906732216e+00
4.576660799999999751e-01 7.720184402375991795e+01 8.786457990781036287e+00 8.786457990781036287e+00
4.638596199999999725e-01 7.531110562011019738e+01 8.678197141118090485e+00 8.678197141118090485e+00
4.700572399999999873e-01 7.337319076010518870e+01 8.565815242001498575e+00 8.565815242001498575e+00
4.762548500000000073e-01 7.138012541875616535e+01 8.448675956548230559e+00 8.448675956548230559e+00
4.824524700000000221e-01 6.933931120409029347e+01 8.327022949655555450e+00 8.327022949655555450e+00
4.886460100000000195e-01 6.727006904592222725e+01 8.201833273477474151e+00 8.201833273477474151e+00
4.948436299999999788e-01 6.518877045130776082e+01 8.073956307245399699e+00 8.073956307245399699e+00
5.010412400000000543e-01 6.311283504868377037e+01 7.944358693354912404e+00 7.944358693354912404e+00
5.072388599999999581e-01 6.105673724427810356e+01 7.813881061564611485e+00 7.813881061564611485e+00
5.134324000000000110e-01 5.903444082118554803e+01 7.683387327291625546e+00 7.683387327291625546e+00
5.196300200000000258e-01 5.705403677038565746e+01 7.553412260057414507e+00 7.553412260057414507e+00
5.258276400000000406e-01 5.512526924038059661e+01 7.424639334026980286e+00 7.424639334026980286e+00
5.320252500000000051e-01 5.325598389222943041e+01 7.297669757684944081e+00 7.297669757684944081e+00
5.382187899999999470e-01 5.145316746937677266e+01 7.173086328030408687e+00 7.173086328030408687e+00
5.444164099999999618e-01 4.971970519424152002e+01 7.051220120960734583e+00 7.051220120960734583e+00
5.506140299999999765e-01 4.805985988369948814e+01 6.932521899258558662e+00 6.932521899258558662e+00
5.568116400000000521e-01 4.647492504481554931e+01 6.817252015644980290e+00 6.817252015644980290e+00
5.630051900000000442e-01 4.496552260209114849e+01 6.705633646575925866e+00 6.705633646575925866e+00
5.692028000000000088e-01 4.352949487774121451e+01 6.597688601149740428e+00 6.597688601149740428e+00
5.754004200000000235e-01 4.216591092899256665e+01 6.493528388248762440e+00 6.493528388248762440e+00
5.815980400000000383e-01 4.087312211349442492e+01 6.393209062238964790e+00 6.393209062238964790e+00
5.877915799999999802e-01 3.964822179812207281e+01 6.296683396687662082e+00 6.296683396687662082e+00
5.939891899999999447e-01 3.848415377668066384e+01 6.203559766511536289e+00 6.203559766511536289e+00
6.001868099999999595e-01 3.737561910781416685e+01 6.113560264511519904e+00 6.113560264511519904e+00
6.063844299999999743e-01 3.631684329722198612e+01 6.026345766484195288e+00 6.026345766484195288e+00
6.125779700000000272e-01 3.530262125380796334e+01 5.941600899909717626e+00 5.941600899909717626e+00
6.187755900000000420e-01 3.432749249732748353e+01 5.858966845556261127e+00 5.858966845556261127e+00
6.249732000000000065e-01 3.338644623252658050e+01 5.778100573071273338e+00 5.778100573071273338e+00
6.311708200000000213e-01 3.247590935899022924e+01 5.698763844816718382e+00 5.698763844816718382e+00
6.373643599999999632e-01 3.159145861935829558e+01 5.620627955963487743e+00 5.620627955963487743e+00
6.435619799999999779e-01 3.072900623151228316e+01 5.543374985648389597e+00 5.543374985648389597e+00
6.497595900000000535e-01 2.988598017437653453e+01 5.466807127965695123e+00 5.466807127965695123e+00
6.559572099999999573e-01 2.905982597316640792e+01 5.390716647456663679e+00 5.390716647456663679e+00
6.621507500000000102e-01 2.824948240768546981e+01 5.315024215155135678e+00 5.315024215155135678e+00
6.683483700000000249e-01 2.745336735824488628e+01 5.239596106404088793e+00 5.239596106404088793e+00
6.745459900000000397e-01 2.667240834820994877e+01 5.164533700946286388e+00 5.164533700946286388e+00
6.807436000000000043e-01 2.590667752941047297e+01 5.089860266196948757e+00 5.089860266196948757e+00
6.869371499999999964e-01 2.515761753326188099e+01 5.015736988046909595e+00 5.015736988046909595e+00
6.931347599999999609e-01 2.442524347076960822e+01 4.942190149191915793e+00 4.942190149191915793e+00
6.993323799999999757e-01 2.371022898063248263e+01 4.869315042244902969e+00 4.869315042244902969e+00
7.055299999999999905e-01 2.301350238174439156e+01 4.797239037378103532e+00 4.797239037378103532e+00
7.117235400000000434e-01 2.233596099637996346e+01 4.726093629667102114e+00 4.726093629667102114e+00
7.179211500000000079e-01 2.167765282739694044e+01 4.655926634666502473e+00 4.655926634666502473e+00
7.241187700000000227e-01 2.103953228897605499e+01 4.586886993264173817e+00 4.586886993264173817e+00
7.303163900000000375e-01 2.042182915520339748e+01 4.519051798243011397e+00 4.519051798243011397e+00
7.365099299999999793e-01 1.982530138788554908e+01 4.452561216635381847e+00 4.452561216635381847e+00
7.427075499999999941e-01 1.924980193143972329e+01 4.387459621630690698e+00 4.387459621630690698e+00
7.489051599999999587e-01 1.869577930956818790e+01 4.323861620076224099e+00 4.323861620076224099e+00
7.551027799999999734e-01 1.816304141424609853e+01 4.261811987200526453e+00 4.261811987200526453e+00
7.612963200000000263e-01 1.765167985845788223e+01 4.201390229252440989e+00 4.201390229252440989e+00
7.674939400000000411e-01 1.716061130572399307e+01 4.142536820080660931e+00 4.142536820080660931e+00
7.736915500000000057e-01 1.668937541109675848e+01 4.085263199733495831e+00 4.085263199733495831e+00
7.798891700000000204e-01 1.623732591374907130e+01 4.029556540582235336e+00 4.029556540582235336e+00
7.860827099999999623e-01 1.580388929678092858e+01 3.975410582163926509e+00 3.975410582163926509e+00
7.922803299999999771e-01 1.538810012209160050e+01 3.922766896221543398e+00 3.922766896221543398e+00
7.984779499999999919e-01 1.498943318941089053e+01 3.871618936492961627e+00 3.871618936492961627e+00
8.046755599999999564e-01 1.460722183190441470e+01 3.821939537970794998e+00 3.821939537970794998e+00
8.108691000000000093e-01 1.424088909212767895e+01 3.773710255455190676e+00 3.773710255455190676e+00
8.170667200000000241e-01 1.388941553260980655e+01 3.726850618499459866e+00 3.726850618499459866e+00
8.232643400000000389e-01 1.355204576460704580e+01 3.681310332559188936e+00 3.681310332559188936e+00
8.294619500000000034e-01 1.322784061297362967e+01 3.637009845047663337e+00 3.637009845047663337e+00
8.356554999999999955e-01 1.291598533720588726e+01 3.593881653199766379e+00 3.593881653199766379e+00
8.418531099999999601e-01 1.261537376500715624e+01 3.551812743516633564e+00 3.551812743516633564e+00
8.480507299999999749e-01 1.232520718182120767e+01 3.510727443397053005e+00 3.510727443397053005e+00
8.542483499999999896e-01 1.204460012698360671e+01 3.470533118554497420e+00 3.470533118554497420e+00
8.604459599999999542e-01 1.177273645535241364e+01 3.431142150268976287e+00 3.431142150268976287e+00
8.666395000000000071e-01 1.150892746257098231e+01 3.392481018748812804e+00 3.392481018748812804e+00
8.728371200000000218e-01 1.125235920859300620e+01 3.354453637866084303e+00 3.354453637866084303e+00
8.790347400000000366e-01 1.100246765808572036e+01 3.316996782947749800e+00 3.316996782947749800e+00
8.852323500000000012e-01 1.075867919968974462e+01 3.280042560652185468e+00 3.280042560652185468e+00
8.914258999999999933e-01 1.052058952251578638e+01 3.243545825561246154e+00 3.243545825561246154e+00
8.976235099999999578e-01 1.028769561253499099e+01 3.207443781663989135e+00 3.207443781663989135e+00
9.038211299999999726e-01 1.005970368100045853e+01 3.171703592866215171e+00 3.171703592866215171e+00
9.100187499999999874e-01 9.836315374216505703e+00 3.136290065382426384e+00 3.136290065382426384e+00
9.162122900000000403e-01 9.617328717144921768e+00 3.101181825876212717e+00 3.101181825876212717e+00
9.224099100000000551e-01 9.402472335672637627e+00 3.066345110334555368e+00 3.066345110334555368e+00
9.286075200000000196e-01 9.191651572221902100e+00 3.031773667710355724e+00 3.031773667710355724e+00
9.348051400000000344e-01 8.984724534782692729e+00 2.997453007935686031e+00 2.997453007935686031e+00
9.409986799999999763e-01 8.781630417057691318e+00 2.963381584787502909e+00 2.963381584787502909e+00
9.471962999999999910e-01 8.582246908588526679e+00 2.929547219040602446e+00 2.929547219040602446e+00
9.533939099999999556e-01 8.386610136700012319e+00 2.895964457085067778e+00 2.895964457085067778e+00
9.595915299999999704e-01 8.194756174952965821e+00 2.862648454657498842e+00 2.862648454657498842e+00
9.657850700000000232e-01 8.006719460397198063e+00 2.829614719426869041e+00 2.829614719426869041e+00
9.719826900000000380e-01 7.822440792429736334e+00 2.796862669569197379e+00 2.796862669569197379e+00
9.781803100000000528e-01 7.641966866752285981e+00 2.764410763029308882e+00 2.764410763029308882e+00
9.843779200000000174e-01 7.465340906501783280e+00 2.732277604216267086e+00 2.732277604216267086e+00
9.905714599999999592e-01 7.292605036634027371e+00 2.700482371102249424e+00 2.700482371102249424e+00
9.967690799999999740e-01 7.123691930810755579e+00 2.669024527952254644e+00 2.669024527952254644e+00
1.002966699999999989e+00 6.958677989910586170e+00 2.637930626440086357e+00 2.637930626440086357e+00
1.009164299999999903e+00 6.797539081762020707e+00 2.607209059849635580e+00 2.607209059849635580e+00
1.015357899999999924e+00 6.640336172443114471e+00 2.576884974624034985e+00 2.576884974624034985e+00
1.021555500000000061e+00 6.486986744954887918e+00 2.546956368875385124e+00 2.546956368875385124e+00
1.027753099999999975e+00 6.337519047646895665e+00 2.517442958171425271e+00 2.517442958171425271e+00
1.033950699999999889e+00 6.191878590580099484e+00 2.488348566937538031e+00 2.488348566937538031e+00
1.040144200000000074e+00 6.050043737186290294e+00 2.459683666081126319e+00 2.459683666081126319e+00
1.046341900000000047e+00 5.911943738098527135e+00 2.431448896871683640e+00 2.431448896871683640e+00
1.052539499999999961e+00 5.777550534713441266e+00 2.403653580429892411e+00 2.403653580429892411e+00
1.058737100000000098e+00 5.646815050276474679e+00 2.376302811149386240e+00 2.376302811149386240e+00
1.064930600000000060e+00 5.519673335933771519e+00 2.349398505135680715e+00 2.349398505135680715e+00
1.071128300000000033e+00 5.395982978315394085e+00 2.322925521474029864e+00 2.322925521474029864e+00
1.077325899999999947e+00 5.275646318737361007e+00 2.296877514961858324e+00 2.296877514961858324e+00
1.083523500000000084e+00 5.158575367560855440e+00 2.271249736942385411e+00 2.271249736942385411e+00
1.089717000000000047e+00 5.044678697190683181e+00 2.246036219029132752e+00 2.246036219029132752e+00
1.095914599999999961e+00 4.933834540959629145e+00 2.221223658472876394e+00 2.221223658472876394e+00
1.102112299999999934e+00 4.825977200250322952e+00 2.196810688304825732e+00 2.196810688304825732e+00
1.108309900000000070e+00 4.721025757021458880e+00 2.172792156885112291e+00 2.172792156885112291e+00
1.114503400000000033e+00 4.618883794762246531e+00 2.149158857498032038e+00 2.149158857498032038e+00
1.120700999999999947e+00 4.519468098298484726e+00 2.125904066108930568e+00 2.125904066108930568e+00
1.126898699999999920e+00 4.422669096016544898e+00 2.103014288115167663e+00 2.103014288115167663e+00
1.133096300000000056e+00 4.328389474182922747e+00 2.080478184019943555e+00 2.080478184019943555e+00
1.139289800000000019e+00 4.236547863448651086e+00 2.058287604648254998e+00 2.058287604648254998e+00
1.145487399999999933e+00 4.147020617543715204e+00 2.036423486788471404e+00 2.036423486788471404e+00
1.151685000000000070e+00 4.059727101081594292e+00 2.014876448093429584e+00 2.014876448093429584e+00
1.157882700000000042e+00 3.974547507131386048e+00 1.993626722115096950e+00 1.993626722115096950e+00
1.164076200000000005e+00 3.891420276010526980e+00 1.972668313734097234e+00 1.972668313734097234e+00
1.170273799999999920e+00 3.810214692301516326e+00 1.951977123918596568e+00 1.951977123918596568e+00
1.176471400000000056e+00 3.730858072503821621e+00 1.931542925358849416e+00 1.931542925358849416e+00
1.182669100000000029e+00 3.653281236270105037e+00 1.911355863325849835e+00 1.911355863325849835e+00
1.188862599999999992e+00 3.577397503301579018e+00 1.891400936687295475e+00 1.891400936687295475e+00
1.195060199999999906e+00 3.503127359801209817e+00 1.871664328826408319e+00 1.871664328826408319e+00
1.201257800000000042e+00 3.430431972647506988e+00 1.852142535726531758e+00 1.852142535726531758e+00
1.207455399999999957e+00 3.359265489323314036e+00 1.832829912818784823e+00 1.832829912818784823e+00
1.213648999999999978e+00 3.289581323521483469e+00 1.813720299142479009e+00 1.813720299142479009e+00
1.219846599999999892e+00 3.221352981807680038e+00 1.794812798541307597e+00 1.794812798541307597e+00
1.226044200000000028e+00 3.154537039834730106e+00 1.776101641189132607e+00 1.776101641189132607e+00
1.232241799999999943e+00 3.089103327564376222e+00 1.757584515055926389e+00 1.757584515055926389e+00
1.238435399999999964e+00 3.025018349986574595e+00 1.739257988334845795e+00 1.739257988334845795e+00
1.244633000000000100e+00 2.962240579996659573e+00 1.721116085566763765e+00 1.721116085566763765e+00
1.250830600000000015e+00 2.900746769169924910e+00 1.703157881457243228e+00 1.703157881457243228e+00
1.257028199999999929e+00 2.840477819692676320e+00 1.685371715584629282e+00 1.685371715584629282e+00
1.263221799999999950e+00 2.781428421918633820e+00 1.667761500310711131e+00 1.667761500310711131e+00
1.269419400000000087e+00 2.723538553255918870e+00 1.650314683100140956e+00 1.650314683100140956e+00
1.275617000000000001e+00 2.666772530000187214e+00 1.633025575427460074e+00 1.633025575427460074e+00
1.281814599999999915e+00 2.611108790424031767e+00 1.615892567723495654e+00 1.615892567723495654e+00
1.288008199999999936e+00 2.556499845315001185e+00 1.598905827531753365e+00 1.598905827531753365e+00
1.294205800000000073e+00 2.502914985400653602e+00 1.582060360858792869e+00 1.582060360858792869e+00
1.300403399999999987e+00 2.450364422137830900e+00 1.565363990303159758e+00 1.565363990303159758e+00
1.306600999999999901e+00 2.398853381909623828e+00 1.548823224874170013e+00 1.548823224874170013e+00
1.312794599999999923e+00 2.348370738806960123e+00 1.532439473130002616e+00 1.532439473130002616e+00
1.318992200000000059e+00 2.298934332738991504e+00 1.516223708012439442e+00 1.516223708012439442e+00
1.325189799999999973e+00 2.250542335950266537e+00 1.500180767757761435e+00 1.500180767757761435e+00
1.331387400000000110e+00 2.203199629341228594e+00 1.484317900364079179e+00 1.484317900364079179e+00
1.337580900000000073e+00 2.156933098864963760e+00 1.468650094088092883e+00 1.468650094088092883e+00
1.343778600000000045e+00 2.111724110070477778e+00 1.453177246611877527e+00 1.453177246611877527e+00
1.349976199999999960e+00 2.067600835728881759e+00 1.437915448045844480e+00 1.437915448045844480e+00
1.356173800000000096e+00 2.024532066687656950e+00 1.422860522569818542e+00 1.422860522569818542e+00
1.362367300000000059e+00 1.982547105833788015e+00 1.408029511705556569e+00 1.408029511705556569e+00
1.368565000000000031e+00 1.941622558506322038e+00 1.393421170539016263e+00 1.393421170539016263e+00
1.374762599999999946e+00 1.901761494285253429e+00 1.379043688316383021e+00 1.379043688316383021e+00
1.380960200000000082e+00 1.862928111481727322e+00 1.364891245294557187e+00 1.364891245294557187e+00
1.387153700000000045e+00 1.825099069239442651e+00 1.350962275283600356e+00 1.350962275283600356e+00
1.393351400000000018e+00 1.788247847356389642e+00 1.337253845519387419e+00 1.337253845519387419e+00
1.399548999999999932e+00 1.752363429835999131e+00 1.323768646643362246e+00 1.323768646643362246e+00
1.405746600000000068e+00 1.717425113560782313e+00 1.310505670938047595e+00 1.310505670938047595e+00
1.411940100000000031e+00 1.683414949550852580e+00 1.297464816305572421e+00 1.297464816305572421e+00
1.418137699999999946e+00 1.650311936022536230e+00 1.284644673060428843e+00 1.284644673060428843e+00
1.424335399999999918e+00 1.618072302947211716e+00 1.272034709804418684e+00 1.272034709804418684e+00
1.430533000000000055e+00 1.586680278251987097e+00 1.259634978178991060e+00 1.259634978178991060e+00
1.436726500000000017e+00 1.556103114477714655e+00 1.247438621527213520e+00 1.247438621527213520e+00
1.442924099999999932e+00 1.526324611392332775e+00 1.235445106588039632e+00 1.235445106588039632e+00
1.449121799999999904e+00 1.497304553100414104e+00 1.223643965007965129e+00 1.223643965007965129e+00
1.455319400000000041e+00 1.469020976212543905e+00 1.212031755447250614e+00 1.212031755447250614e+00
1.461512900000000004e+00 1.441472133945648437e+00 1.200613232454835311e+00 1.200613232454835311e+00
1.467710499999999918e+00 1.414616260147236737e+00 1.189376416508767242e+00 1.189376416508767242e+00
1.473908100000000054e+00 1.388452482074651106e+00 1.178326135700405786e+00 1.178326135700405786e+00
1.480105800000000027e+00 1.362941584731974576e+00 1.167450891786020462e+00 1.167450891786020462e+00
1.486299299999999990e+00 1.338082873240620030e+00 1.156755321250185542e+00 1.156755321250185542e+00
1.492496899999999904e+00 1.313844915669199809e+00 1.146230742769186017e+00 1.146230742769186017e+00
1.498694500000000041e+00 1.290208423229802337e+00 1.135873418665038770e+00 1.135873418665038770e+00
1.504892200000000013e+00 1.267162276497132867e+00 1.125683026654098917e+00 1.125683026654098917e+00
1.511089799999999927e+00 1.244667617128120352e+00 1.115646725952315288e+00 1.115646725952315288e+00
1.517283299999999890e+00 1.222722970013398802e+00 1.105768045303082037e+00 1.105768045303082037e+00
1.523480900000000027e+00 1.201306327292705811e+00 1.096041206931886114e+00 1.096041206931886114e+00
1.529678499999999941e+00 1.180397427913184805e+00 1.086460964744332180e+00 1.086460964744332180e+00
1.535876199999999914e+00 1.159984318141575432e+00 1.077025681282287373e+00 1.077025681282287373e+00
1.542069700000000099e+00 1.140055531714049053e+00 1.067733829994184092e+00 1.067733829994184092e+00
1.548267300000000013e+00 1.120579265156952387e+00 1.058574166110694659e+00 1.058574166110694659e+00
1.554464899999999927e+00 1.101562207032631635e+00 1.049553336916533963e+00 1.049553336916533963e+00
1.560662599999999900e+00 1.082982470556983934e+00 1.040664437057875036e+00 1.040664437057875036e+00
1.566856100000000085e+00 1.064818447195754691e+00 1.031900405657326436e+00 1.031900405657326436e+00
1.573053699999999999e+00 1.047066107532065971e+00 1.023262482226366954e+00 1.023262482226366954e+00
1.579251299999999913e+00 1.029703743010291106e+00 1.014743190669585626e+00 1.014743190669585626e+00
1.585448900000000050e+00 1.012718499530523841e+00 1.006339157307576837e+00 1.006339157307576837e+00
1.591642500000000071e+00 9.960887639354830680e-01 9.980424659980571267e-01 9.980424659980571267e-01
1.597840099999999985e+00 9.798105088063989720e-01 9.898537815285644026e-01 9.898537815285644026e-01
1.604037699999999900e+00 9.638623185886383560e-01 9.817648998556824935e-01 9.817648998556824935e-01
1.610235300000000036e+00 9.482316828614728577e-01 9.737718844069553903e-01 9.737718844069553903e-01
1.616428900000000057e+00 9.329066007233284274e-01 9.658709027211288545e-01 9.658709027211288545e-01
1.622626499999999972e+00 9.178653120346436101e-01 9.580528753856144553e-01 9.580528753856144553e-01
1.628824100000000108e+00 9.031017253045109383e-01 9.503166447582147569e-01 9.503166447582147569e-01
1.635021700000000022e+00 8.885995800378405640e-01 9.426555999079624382e-01 9.426555999079624382e-01
1.641215300000000044e+00 8.743521681938629664e-01 9.350680019088788431e-01 9.350680019088788431e-01
1.647412899999999958e+00 8.603517401986476854e-01 9.275514757675973332e-01 9.275514757675973332e-01
1.653610500000000094e+00 8.465920652714918893e-01 9.201043773787254132e-01 9.201043773787254132e-01
1.659808100000000008e+00 8.330670161741280388e-01 9.127250496037281335e-01 9.127250496037281335e-01
1.666001700000000030e+00 8.197744617577621407e-01 9.054139725880986367e-01 9.054139725880986367e-01
1.672199299999999944e+00 8.067103744665861109e-01 8.981705709199039322e-01 8.981705709199039322e-01
1.678396900000000080e+00 7.938739489403596750e-01 8.909960431676223758e-01 8.909960431676223758e-01
1.684594499999999995e+00 7.812635566838728174e-01 8.838911452683937409e-01 8.838911452683937409e-01
1.690788100000000016e+00 7.688777893771542304e-01 8.768567667396734988e-01 8.768567667396734988e-01
1.696985699999999930e+00 7.567170183366015435e-01 8.698948317679565667e-01 8.698948317679565667e-01
1.703183300000000067e+00 7.447819449222505828e-01 8.630074999223648069e-01 8.630074999223648069e-01
1.709380899999999981e+00 7.330705336897644919e-01 8.561953828944445233e-01 8.561953828944445233e-01
1.715574399999999944e+00 7.215854791753137931e-01 8.494618762341920037e-01 8.494618762341920037e-01
1.721772099999999917e+00 7.103265869039543379e-01 8.428087487110906828e-01 8.428087487110906828e-01
1.727969700000000053e+00 6.992929944280676935e-01 8.362374031506051297e-01 8.362374031506051297e-01
1.734167299999999967e+00 6.884864932708277818e-01 8.297508621693789888e-01 8.297508621693789888e-01
1.740360799999999930e+00 6.779034368722069992e-01 8.233489156318887225e-01 8.233489156318887225e-01
1.746558499999999903e+00 6.675437213531988379e-01 8.170334885139034498e-01 8.170334885139034498e-01
1.752756100000000039e+00 6.574045793867486775e-01 8.108048960056597476e-01 8.108048960056597476e-01
1.758953699999999953e+00 6.474849758868120864e-01 8.046645113877037847e-01 8.046645113877037847e-01
1.765147199999999916e+00 6.377838556549844107e-01 7.986137086570606058e-01 7.986137086570606058e-01
1.771344800000000053e+00 6.282991783692665200e-01 7.926532522921144741e-01 7.926532522921144741e-01
1.777542500000000025e+00 6.190288542810952199e-01 7.867838675780631785e-01 7.867838675780631785e-01
1.783740099999999940e+00 6.099707544736576725e-01 7.810062448365299170e-01 7.810062448365299170e-01
1.789933599999999903e+00 6.011235917992572286e-01 7.753216053994994583e-01 7.753216053994994583e-01
1.796131200000000039e+00 5.924805457588572244e-01 7.697275789257244094e-01 7.697275789257244094e-01
1.802328900000000012e+00 5.840356561126051060e-01 7.642222557035388553e-01 7.642222557035388553e-01
1.808526499999999926e+00 5.757847739054617886e-01 7.588048325527860793e-01 7.588048325527860793e-01
1.814720000000000111e+00 5.677200031631787214e-01 7.534719657446975472e-01 7.534719657446975472e-01
1.820917600000000025e+00 5.598362618570227323e-01 7.482220672080065471e-01 7.482220672080065471e-01
1.827115199999999939e+00 5.521274699676097519e-01 7.430528042929450683e-01 7.430528042929450683e-01
1.833312899999999912e+00 5.445866229952982529e-01 7.379611256667238939e-01 7.379611256667238939e-01
1.839506400000000097e+00 5.372067093434456098e-01 7.329438650697921442e-01 7.329438650697921442e-01
1.845704000000000011e+00 5.299780553479320755e-01 7.279959171231196180e-01 7.279959171231196180e-01
1.851901599999999926e+00 5.228927528216940068e-01 7.231132365139598672e-01 7.231132365139598672e-01
1.858099299999999898e+00 5.159438673645941886e-01 7.182923272349456267e-01 7.182923272349456267e-01
1.864292800000000083e+00 5.091216902048931736e-01 7.135276380105350924e-01 7.135276380105350924e-01
1.870490399999999998e+00 5.024203501149666629e-01 7.088161610142411639e-01 7.088161610142411639e-01
1.876687999999999912e+00 4.958311557044207674e-01 7.041527928684375714e-01 7.041527928684375714e-01
1.882885600000000048e+00 4.893491349481542407e-01 6.995349419065171048e-01 6.995349419065171048e-01
1.889079200000000069e+00 4.829656968870085776e-01 6.949573345803384816e-01 6.949573345803384816e-01
1.895276799999999984e+00 4.766733099920607009e-01 6.904153170317564037e-01 6.904153170317564037e-01
1.901474399999999898e+00 4.704662187818573482e-01 6.859054007527987107e-01 6.859054007527987107e-01
1.907672000000000034e+00 4.643369191021161635e-01 6.814227168961394243e-01 6.814227168961394243e-01
1.913865600000000056e+00 4.582778953101737107e-01 6.769622554545959847e-01 6.769622554545959847e-01
1.920063199999999970e+00 4.522845973182211821e-01 6.725210757427764197e-01 6.725210757427764197e-01
1.926260800000000106e+00 4.463486648417590019e-01 6.680933054909015123e-01 6.680933054909015123e-01
1.932458400000000021e+00 4.404664462629628296e-01 6.636764620377634261e-01 6.636764620377634261e-01
1.938652000000000042e+00 4.346324262823571538e-01 6.592665821064777054e-01 6.592665821064777054e-01
1.944849599999999956e+00 4.288458567424988654e-01 6.548632351434143795e-01 6.548632351434143795e-01
1.951047200000000093e+00 4.231067804029484125e-01 6.504665866921592876e-01 6.504665866921592876e-01
1.957244800000000007e+00 4.174171637206365859e-01 6.460782953486647884e-01 6.460782953486647884e-01
1.963438400000000028e+00 4.117789204310590701e-01 6.417000237112813199e-01 6.417000237112813199e-01
1.969635999999999942e+00 4.061932003848154893e-01 6.373328803575220025e-01 6.373328803575220025e-01
1.975833600000000079e+00 4.006619434109835454e-01 6.329786279259226323e-01 6.329786279259226323e-01
1.982031199999999993e+00 3.951871141820400557e-01 6.286390969244913807e-01 6.286390969244913807e-01
1.988224800000000014e+00 3.897697096866434840e-01 6.243153927996998309e-01 6.243153927996998309e-01
1.994422399999999929e+00 3.844108663527133762e-01 6.200087631257427123e-01 6.200087631257427123e-01
2.000620000000000065e+00 3.791133866066255242e-01 6.157218419112850949e-01 6.157218419112850949e-01
2.006817600000000201e+00 3.738782695499147657e-01 6.114558606718188960e-01 6.114558606718188960e-01
2.013011099999999942e+00 3.687055216569049554e-01 6.072112660819996011e-01 6.072112660819996011e-01
2.019208799999999915e+00 3.635998907391432278e-01 6.029924466684000173e-01 6.029924466684000173e-01
2.025406400000000051e+00 3.585594960940842735e-01 5.987983768298676956e-01 5.987983768298676956e-01
2.031604000000000187e+00 3.535880219062627616e-01 5.946326781352188062e-01 5.946326781352188062e-01
2.037797499999999928e+00 3.486853994566427861e-01 5.904958928363878146e-01 5.904958928363878146e-01
2.043995199999999901e+00 3.438544414423468365e-01 5.863910311748865567e-01 5.863910311748865567e-01
2.050192800000000037e+00 3.390959652568596439e-01 5.823194700994116513e-01 5.823194700994116513e-01
2.056390400000000174e+00 3.344117352895158990e-01 5.782834385398875066e-01 5.782834385398875066e-01
2.062583899999999915e+00 3.298016299677857255e-01 5.742835797476588677e-01 5.742835797476588677e-01
2.068781500000000051e+00 3.252665685733103773e-01 5.703214607336027919e-01 5.703214607336027919e-01
2.074979200000000024e+00 3.208073298633792314e-01 5.663985609651380759e-01 5.663985609651380759e-01
2.081176800000000160e+00 3.164247306376826718e-01 5.625164269936324679e-01 5.625164269936324679e-01
2.087370299999999901e+00 3.121167538457563784e-01 5.586741034321855981e-01 5.586741034321855981e-01
2.093567900000000037e+00 3.078852633424323249e-01 5.548740968385822425e-01 5.548740968385822425e-01
2.099765600000000010e+00 3.037291807907672170e-01 5.511163042323891093e-01 5.511163042323891093e-01
2.105963200000000146e+00 2.996465499414600053e-01 5.473998081306385988e-01 5.473998081306385988e-01
2.112156699999999887e+00 2.956372307552156409e-01 5.437253265714367956e-01 5.437253265714367956e-01
2.118354300000000023e+00 2.917003295374978045e-01 5.400928897305515841e-01 5.400928897305515841e-01
2.124551900000000160e+00 2.878357347564124979e-01 5.365032476662303651e-01 5.365032476662303651e-01
2.130749600000000132e+00 2.840406063252782776e-01 5.329546006230533317e-01 5.329546006230533317e-01
2.136943099999999873e+00 2.803157733800107909e-01 5.294485559334455305e-01 5.294485559334455305e-01
2.143140700000000010e+00 2.766594611655138203e-01 5.259842784394926918e-01 5.259842784394926918e-01
2.149338300000000146e+00 2.730716106407506949e-01 5.225625423246013090e-01 5.225625423246013090e-01
2.155536000000000119e+00 2.695512755621792822e-01 5.191832774292516328e-01 5.191832774292516328e-01
2.161729499999999859e+00 2.660965688284983033e-01 5.158454892974235761e-01 5.158454892974235761e-01
2.167927099999999996e+00 2.627076135588521932e-01 5.125501083395185287e-01 5.125501083395185287e-01
2.174124700000000132e+00 2.593834648000826193e-01 5.092970300326545852e-01 5.092970300326545852e-01
2.180322299999999824e+00 2.561232374715089466e-01 5.060861956934894490e-01 5.060861956934894490e-01
2.186519999999999797e+00 2.529260466259448670e-01 5.029175346176993910e-01 5.029175346176993910e-01
2.192713499999999982e+00 2.497909830910404749e-01 4.997909393846995951e-01 4.997909393846995951e-01
2.198911100000000118e+00 2.467163478909463470e-01 4.967054941219659625e-01 4.967054941219659625e-01
2.205108699999999811e+00 2.437003038595852433e-01 4.936601096499343977e-01 4.936601096499343977e-01
2.211306399999999783e+00 2.407419839307668175e-01 4.906546483329866648e-01 4.906546483329866648e-01
2.217499899999999968e+00 2.378404846567976905e-01 4.876889220156612192e-01 4.876889220156612192e-01
2.223697500000000105e+00 2.349931873797450887e-01 4.847609590094328902e-01 4.847609590094328902e-01
2.229895099999999797e+00 2.322001091229643766e-01 4.818714653545739801e-01 4.818714653545739801e-01
2.236092699999999933e+00 2.294594678126057608e-01 4.790192770782881193e-01 4.790192770782881193e-01
2.242286299999999954e+00 2.267703489495262459e-01 4.762041042972290916e-01 4.762041042972290916e-01
2.248483900000000091e+00 2.241301138448446861e-01 4.734238205296018576e-01 4.734238205296018576e-01
2.254681499999999783e+00 2.215387604410082589e-01 4.706790418544342658e-01 4.706790418544342658e-01
2.260879099999999919e+00 2.189944984162275066e-01 4.679684801524858218e-01 4.679684801524858218e-01
2.267072699999999941e+00 2.164963963650156642e-01 4.652917325345633515e-01 4.652917325345633515e-01
2.273270300000000077e+00 2.140417810188016134e-01 4.626464968189012428e-01 4.626464968189012428e-01
2.279467900000000213e+00 2.116297185518488388e-01 4.600323016396227205e-01 4.600323016396227205e-01
2.285665499999999906e+00 2.092602520875199990e-01 4.574497262951635057e-01 4.574497262951635057e-01
2.291859099999999927e+00 2.069296236040105152e-01 4.548951786994565594e-01 4.548951786994565594e-01
2.298056700000000063e+00 2.046379425421263332e-01 4.523692546384273649e-01 4.523692546384273649e-01
2.304254300000000200e+00 2.023833345670564554e-01 4.498703530652541915e-01 4.498703530652541915e-01
2.310451899999999892e+00 2.001639312339879018e-01 4.473968386499707073e-01 4.473968386499707073e-01
2.316645499999999913e+00 1.979787860164358704e-01 4.449480711458763671e-01 4.449480711458763671e-01
2.322843100000000049e+00 1.958279847267433704e-01 4.425245583317872211e-01 4.425245583317872211e-01
2.329040700000000186e+00 1.937077644566777834e-01 4.401224425732886969e-01 4.401224425732886969e-01
2.335238299999999878e+00 1.916190596398769375e-01 4.377431434527295218e-01 4.377431434527295218e-01
2.341431899999999899e+00 1.895609291889801817e-01 4.353859542853675824e-01 4.353859542853675824e-01
2.347629500000000036e+00 1.875306287723332577e-01 4.330480675079075303e-01 4.330480675079075303e-01
2.353827100000000172e+00 1.855281417420927836e-01 4.307297781000203885e-01 4.307297781000203885e-01
2.360024699999999864e+00 1.835525431134848173e-01 4.284303246894234918e-01 4.284303246894234918e-01
2.366218200000000049e+00 1.816019290645661810e-01 4.261477784343902786e-01 4.261477784343902786e-01
2.372415900000000022e+00 1.796763910319180424e-01 4.238825203189181545e-01 4.238825203189181545e-01
2.378613500000000158e+00 1.777749708614306534e-01 4.216336927493231634e-01 4.216336927493231634e-01
2.384811099999999850e+00 1.758958022914995090e-01 4.193993351109411294e-01 4.193993351109411294e-01
2.391004600000000035e+00 1.740379417809163609e-01 4.171785490421533460e-01 4.171785490421533460e-01
2.397202300000000008e+00 1.722005268648342524e-01 4.149705132474285074e-01 4.149705132474285074e-01
2.403399900000000144e+00 1.703844989175849201e-01 4.127765726365595356e-01 4.127765726365595356e-01
2.409597499999999837e+00 1.685861003872539676e-01 4.105923774100707635e-01 4.105923774100707635e-01
2.415791000000000022e+00 1.668062776302058625e-01 4.084192424827775558e-01 4.084192424827775558e-01
2.421988600000000158e+00 1.650422995362848255e-01 4.062539840251229162e-01 4.062539840251229162e-01
2.428186300000000131e+00 1.632950857899928832e-01 4.040978665991604712e-01 4.040978665991604712e-01
2.434383899999999823e+00 1.615637274675145174e-01 4.019499066643933416e-01 4.019499066643933416e-01
2.440577400000000008e+00 1.598453901762628970e-01 3.998066910098715399e-01 3.998066910098715399e-01
2.446775000000000144e+00 1.581420412614945037e-01 3.976707699360043646e-01 3.976707699360043646e-01
2.452972700000000117e+00 1.564517831606084541e-01 3.955398629223209617e-01 3.955398629223209617e-01
2.459170299999999809e+00 1.547746330525824332e-01 3.934140732772309357e-01 3.934140732772309357e-01
2.465363799999999994e+00 1.531115311264027723e-01 3.912946857886045460e-01 3.912946857886045460e-01
2.471561400000000130e+00 1.514625516422276885e-01 3.891819004555937545e-01 3.891819004555937545e-01
2.477758999999999823e+00 1.498276638693880891e-01 3.870757856923991436e-01 3.870757856923991436e-01
2.483956699999999795e+00 1.482069120395022033e-01 3.849765084255170611e-01 3.849765084255170611e-01
2.490150199999999980e+00 1.466011952228419291e-01 3.828853551950530121e-01 3.828853551950530121e-01
2.496347800000000117e+00 1.450096588766389694e-01 3.808013378083629497e-01 3.808013378083629497e-01
2.502545399999999809e+00 1.434351132474863122e-01 3.787282841926205013e-01 3.787282841926205013e-01
2.508743099999999782e+00 1.418747356334089382e-01 3.766626284002820291e-01 3.766626284002820291e-01
2.514936599999999967e+00 1.403303933631242784e-01 3.746069852033251379e-01 3.746069852033251379e-01
2.521134200000000103e+00 1.388031008150406864e-01 3.725628816925281028e-01 3.725628816925281028e-01
2.527331799999999795e+00 1.372909465399080875e-01 3.705279295004738072e-01 3.705279295004738072e-01
2.533529399999999931e+00 1.357967680839594626e-01 3.685061303207308181e-01 3.685061303207308181e-01
2.539722999999999953e+00 1.343196171996986210e-01 3.664964081675270990e-01 3.664964081675270990e-01
2.545920600000000089e+00 1.328595411435900264e-01 3.644990276305137278e-01 3.644990276305137278e-01
2.552118199999999781e+00 1.314184219158982536e-01 3.625167884607528590e-01 3.625167884607528590e-01
2.558315799999999918e+00 1.299943718219529754e-01 3.605473225832539486e-01 3.605473225832539486e-01
2.564509399999999939e+00 1.285892664024103349e-01 3.585934556045471400e-01 3.585934556045471400e-01
2.570707000000000075e+00 1.272031718134558065e-01 3.566555366364803636e-01 3.566555366364803636e-01
2.576904600000000212e+00 1.258360673436732802e-01 3.547337978592867147e-01 3.547337978592867147e-01
2.583102199999999904e+00 1.244879653772545253e-01 3.528285212071928245e-01 3.528285212071928245e-01
2.589295799999999925e+00 1.231598126600203513e-01 3.509413236710951511e-01 3.509413236710951511e-01
2.595493400000000062e+00 1.218526035392809015e-01 3.490739227431360336e-01 3.490739227431360336e-01
2.601691000000000198e+00 1.205644404655185076e-01 3.472239053773782391e-01 3.472239053773782391e-01
2.607888599999999890e+00 1.192981876375768246e-01 3.453956971903049400e-01 3.453956971903049400e-01
2.614082199999999911e+00 1.180519409459168806e-01 3.435868753982271873e-01 3.435868753982271873e-01
2.620279800000000048e+00 1.168257687862532396e-01 3.417978478373631113e-01 3.417978478373631113e-01
2.626477400000000184e+00 1.156205975427271881e-01 3.400302891548445672e-01 3.400302891548445672e-01
2.632674999999999876e+00 1.144364663207051297e-01 3.382845936792054364e-01 3.382845936792054364e-01
2.638868599999999898e+00 1.132724290416509266e-01 3.365596961040506763e-01 3.365596961040506763e-01
2.645066200000000034e+00 1.121294735571954498e-01 3.348573928662699206e-01 3.348573928662699206e-01
2.651263800000000170e+00 1.110066726665855791e-01 3.331766388367971565e-01 3.331766388367971565e-01
2.657461399999999863e+00 1.099030988464950037e-01 3.315163628638788662e-01 3.315163628638788662e-01
2.663654999999999884e+00 1.088206322612812332e-01 3.298797239317403651e-01 3.298797239317403651e-01
2.669852600000000020e+00 1.077565034817205558e-01 3.282628572984164772e-01 3.282628572984164772e-01
2.676050200000000157e+00 1.067116528522030067e-01 3.266674958611631152e-01 3.266674958611631152e-01
2.682247799999999849e+00 1.056851601833995319e-01 3.250925409531869592e-01 3.250925409531869592e-01
2.688441300000000034e+00 1.046770073949980367e-01 3.235382626444637810e-01 3.235382626444637810e-01
2.694639000000000006e+00 1.036863177938538300e-01 3.220035990386657665e-01 3.220035990386657665e-01
2.700836600000000143e+00 1.027140301567533165e-01 3.204902965095094980e-01 3.204902965095094980e-01
2.707034199999999835e+00 1.017573207878464531e-01 3.189942331576645640e-01 3.189942331576645640e-01
2.713227700000000020e+00 1.008180694902848090e-01 3.175186128249568029e-01 3.175186128249568029e-01
2.719425399999999993e+00 9.989539417973580804e-02 3.160623264163823221e-01 3.160623264163823221e-01
2.725623000000000129e+00 9.898833085257102704e-02 3.146241104120455212e-01 3.146241104120455212e-01
2.731820599999999821e+00 9.809690258085911052e-02 3.132042505791693410e-01 3.132042505791693410e-01
2.738014100000000006e+00 9.722013568162533870e-02 3.118014363046221482e-01 3.118014363046221482e-01
2.744211700000000143e+00 9.635904473484299682e-02 3.104175329050261611e-01 3.104175329050261611e-01
2.750409400000000115e+00 9.551171275958306173e-02 3.090496930261912856e-01 3.090496930261912856e-01
2.756606999999999807e+00 9.467814674355649884e-02 3.076981422491148477e-01 3.076981422491148477e-01
2.762800499999999992e+00 9.385930244516720033e-02 3.063646559986435425e-01 3.063646559986435425e-01
2.768998100000000129e+00 9.305236179392049889e-02 3.050448521019826775e-01 3.050448521019826775e-01
2.775195800000000101e+00 9.225826995426021637e-02 3.037404647956215564e-01 3.037404647956215564e-01
2.781393399999999794e+00 9.147703625780835568e-02 3.024517089682390303e-01 3.024517089682390303e-01
2.787586899999999979e+00 9.070770551871573661e-02 3.011771995332909180e-01 3.011771995332909180e-01
2.793784500000000115e+00 8.994936117370269657e-02 2.999155900811137920e-01 2.999155900811137920e-01
2.799982099999999807e+00 8.920199817444822432e-02 2.986670356340790367e-01 2.986670356340790367e-01
2.806179799999999780e+00 8.846562775425245717e-02 2.974317194823922206e-01 2.974317194823922206e-01
2.812373299999999965e+00 8.773929165957447540e-02 2.962081897240089190e-01 2.962081897240089190e-01
2.818570900000000101e+00 8.702302598538828871e-02 2.949966541935489239e-01 2.949966541935489239e-01
2.824768499999999793e+00 8.631587557321411530e-02 2.937956357286712894e-01 2.937956357286712894e-01
2.830966200000000210e+00 8.561784815215384148e-02 2.926052770408521519e-01 2.926052770408521519e-01
2.837159699999999951e+00 8.492741441246989820e-02 2.914230848997208523e-01 2.914230848997208523e-01
2.843357300000000087e+00 8.424537412352732513e-02 2.902505368186720780e-01 2.902505368186720780e-01
2.849554899999999780e+00 8.357134261848085666e-02 2.890870848351424494e-01 2.890870848351424494e-01
2.855752499999999916e+00 8.290456595755575642e-02 2.879315299816186391e-01 2.879315299816186391e-01
2.861950199999999889e+00 8.224448210361949563e-02 2.867829878211388683e-01 2.867829878211388683e-01
2.868143700000000074e+00 8.159127750507362553e-02 2.856418693137853237e-01 2.856418693137853237e-01
2.874341300000000210e+00 8.094422397249927126e-02 2.845069840487211565e-01 2.845069840487211565e-01
2.880538899999999902e+00 8.030369932166595004e-02 2.833790735422535567e-01 2.833790735422535567e-01
2.886736599999999875e+00 7.966894979069083504e-02 2.822568861705429533e-01 2.822568861705429533e-01
2.892930100000000060e+00 7.904016132594367250e-02 2.811408211660904599e-01 2.811408211660904599e-01
2.899127700000000196e+00 7.841698531243748715e-02 2.800303292724513060e-01 2.800303292724513060e-01
2.905325299999999888e+00 7.779941584152041956e-02 2.789254664628534885e-01 2.789254664628534885e-01
2.911522900000000025e+00 7.718669507011029218e-02 2.778249360120690903e-01 2.778249360120690903e-01
2.917716500000000046e+00 7.657939410733911878e-02 2.767298214998504813e-01 2.767298214998504813e-01
2.923914100000000182e+00 7.597677274091182986e-02 2.756388447605159775e-01 2.756388447605159775e-01
2.930111699999999875e+00 7.537844163822256249e-02 2.745513460870708800e-01 2.745513460870708800e-01
2.936309300000000011e+00 7.478517383762577075e-02 2.734687803710430520e-01 2.734687803710430520e-01
2.942502900000000032e+00 7.419619405260273470e-02 2.723897833117144285e-01 2.723897833117144285e-01
2.948700500000000169e+00 7.361210388745374755e-02 2.713155061684712210e-01 2.713155061684712210e-01
2.954898099999999861e+00 7.303193455752575447e-02 2.702442128104240449e-01 2.702442128104240449e-01
2.961095699999999997e+00 7.245645642564138567e-02 2.691773698245106816e-01 2.691773698245106816e-01
2.967289300000000019e+00 7.188527653414190921e-02 2.681142975190654032e-01 2.681142975190654032e-01
2.973486900000000155e+00 7.131822550644875691e-02 2.670547238047826788e-01 2.670547238047826788e-01
2.979684499999999847e+00 7.075606209897286614e-02 2.660001167273670086e-01 2.660001167273670086e-01
2.985882099999999983e+00 7.019705906865177092e-02 2.649472760166666774e-01 2.649472760166666774e-01
2.992075700000000005e+00 6.964293555640398148e-02 2.638994800229890192e-01 2.638994800229890192e-01
2.998273300000000141e+00 6.909255824935728318e-02 2.628546333039561977e-01 2.628546333039561977e-01
3.004470899999999833e+00 6.854649519730310336e-02 2.618138560070935039e-01 2.618138560070935039e-01
3.010668499999999970e+00 6.800416961023242335e-02 2.607760909482164102e-01 2.607760909482164102e-01
3.016862099999999991e+00 6.746576615780031094e-02 2.597417297197358588e-01 2.597417297197358588e-01
3.023059700000000127e+00 6.693111205767610095e-02 2.587104792189062197e-01 2.587104792189062197e-01
3.029257299999999820e+00 6.640058294197620503e-02 2.576831056588231306e-01 2.576831056588231306e-01
3.035454899999999956e+00 6.587379686025515713e-02 2.566589115153712353e-01 2.566589115153712353e-01
3.041648400000000141e+00 6.535074689780183410e-02 2.556379214784102460e-01 2.556379214784102460e-01
3.047846100000000114e+00 6.483203011805395433e-02 2.546213465482695115e-01 2.546213465482695115e-01
3.054043699999999806e+00 6.431687130076751968e-02 2.536077114378967878e-01 2.536077114378967878e-01
3.060241299999999942e+00 6.380508140976969000e-02 2.525966773529883524e-01 2.525966773529883524e-01
3.066434800000000127e+00 6.329761752998745716e-02 2.515901777295517783e-01 2.515901777295517783e-01
3.072632500000000100e+00 6.279373109940245001e-02 2.505867735923076323e-01 2.505867735923076323e-01
3.078830099999999792e+00 6.229380402730146787e-02 2.495872673581356060e-01 2.495872673581356060e-01
3.085027699999999928e+00 6.179745638366199861e-02 2.485909418777401958e-01 2.485909418777401958e-01
3.091221200000000113e+00 6.130545547137345591e-02 2.475993850383587935e-01 2.475993850383587935e-01
3.097418799999999806e+00 6.081705338681626244e-02 2.466111380023543465e-01 2.466111380023543465e-01
3.103616499999999778e+00 6.033244088863018439e-02 2.456266290299775057e-01 2.456266290299775057e-01
3.109814099999999915e+00 5.985220130159824015e-02 2.446470954284931665e-01 2.446470954284931665e-01
3.116007600000000100e+00 5.937556232246179316e-02 2.436710124788375176e-01 2.436710124788375176e-01
3.122205199999999792e+00 5.890273925508576064e-02 2.426988653765932979e-01 2.426988653765932979e-01
3.128402900000000209e+00 5.843372989829523356e-02 2.417306970541706623e-01 2.417306970541706623e-01
3.134600499999999901e+00 5.796873400994421305e-02 2.407669703467321676e-01 2.407669703467321676e-01
3.140794000000000086e+00 5.750736464835819878e-02 2.398069320273252536e-01 2.398069320273252536e-01
3.146991599999999778e+00 5.705002716704501292e-02 2.388514751200942754e-01 2.388514751200942754e-01
3.153189199999999914e+00 5.659633375236727132e-02 2.378998397485111160e-01 2.378998397485111160e-01
3.159386899999999887e+00 5.614648383851720409e-02 2.369524927881477283e-01 2.369524927881477283e-01
3.165580400000000072e+00 5.570047516972085472e-02 2.360094811013338512e-01 2.360094811013338512e-01
3.171778000000000208e+00 5.525832441436035608e-02 2.350708923162549979e-01 2.350708923162549979e-01
3.177975599999999901e+00 5.481983853472879170e-02 2.341363673903069376e-01 2.341363673903069376e-01
3.184173299999999873e+00 5.438482530498692236e-02 2.332055430408696839e-01 2.332055430408696839e-01
3.190366800000000058e+00 5.395425062339943845e-02 2.322805429290181467e-01 2.322805429290181467e-01
3.196564400000000195e+00 5.352696838221910475e-02 2.313589600214763786e-01 2.313589600214763786e-01
3.202761999999999887e+00 5.310316981412695897e-02 2.304412502442367838e-01 2.304412502442367838e-01
3.208959600000000023e+00 5.268324412389920053e-02 2.295283078922928932e-01 2.295283078922928932e-01
3.215153200000000044e+00 5.226699308986236525e-02 2.286197565606751525e-01 2.286197565606751525e-01
3.221350800000000181e+00 5.185404403058471029e-02 2.277148305020661456e-01 2.277148305020661456e-01
3.227548399999999873e+00 5.144516741948200467e-02 2.268152715746495074e-01 2.268152715746495074e-01
3.233746000000000009e+00 5.103997705515415234e-02 2.259202891622488774e-01 2.259202891622488774e-01
3.239939600000000031e+00 5.063808149952662985e-02 2.250290681212687993e-01 2.250290681212687993e-01
3.246137200000000167e+00 5.024007568100233995e-02 2.241429804410620952e-01 2.241429804410620952e-01
3.252334799999999859e+00 4.984537338617146818e-02 2.232607744010834117e-01 2.232607744010834117e-01
3.258532399999999996e+00 4.945436435937491937e-02 2.223833724885359298e-01 2.223833724885359298e-01
3.264726000000000017e+00 4.906704375369380644e-02 2.215108208501196663e-01 2.215108208501196663e-01
3.270923600000000153e+00 4.868361830286031811e-02 2.206436455075475589e-01 2.206436455075475589e-01
3.277121199999999845e+00 4.830350400339823019e-02 2.197805814975432037e-01 2.197805814975432037e-01
3.283318799999999982e+00 4.792708946612053017e-02 2.189225649998659540e-01 2.189225649998659540e-01
3.289512400000000003e+00 4.755398497185966966e-02 2.180687620267049431e-01 2.180687620267049431e-01
3.295710000000000139e+00 4.718478320725703196e-02 2.172205865180762141e-01 2.172205865180762141e-01
3.301907599999999832e+00 4.681909573830346505e-02 2.163772070674346015e-01 2.163772070674346015e-01
3.308105199999999968e+00 4.645673144520710840e-02 2.155382366198793642e-01 2.155382366198793642e-01
3.314298799999999989e+00 4.609788130679886436e-02 2.147041716101456277e-01 2.147041716101456277e-01
3.320496400000000126e+00 4.574217057294354544e-02 2.138741933309008247e-01 2.138741933309008247e-01
3.326693999999999818e+00 4.538979146349837734e-02 2.130488006619571939e-01 2.130488006619571939e-01
3.332891599999999954e+00 4.504074842510590732e-02 2.122280575821818838e-01 2.122280575821818838e-01
3.339085100000000139e+00 4.469503922687445563e-02 2.114120129672731052e-01 2.114120129672731052e-01
3.345282800000000112e+00 4.435209500521885423e-02 2.105993708566548661e-01 2.105993708566548661e-01
3.351480399999999804e+00 4.401269180655411478e-02 2.097920203595792510e-01 2.097920203595792510e-01
3.357677999999999940e+00 4.367566735020871060e-02 2.089872420752250382e-01 2.089872420752250382e-01
3.363871500000000125e+00 4.334199159724004546e-02 2.081873953851194337e-01 2.081873953851194337e-01
3.370069200000000098e+00 4.301128916953940451e-02 2.073916323517885074e-01 2.073916323517885074e-01
3.376266799999999790e+00 4.268317101329173469e-02 2.065990585973027371e-01 2.065990585973027371e-01
3.382464399999999927e+00 4.235802819230902183e-02 2.058106610268501668e-01 2.058106610268501668e-01
3.388657900000000112e+00 4.203547083361639652e-02 2.050255370279917000e-01 2.050255370279917000e-01
3.394855499999999804e+00 4.171570615989902975e-02 2.042442316441250849e-01 2.042442316441250849e-01
3.401053200000000221e+00 4.139853729086514361e-02 2.034663050504066650e-01 2.034663050504066650e-01
3.407250799999999913e+00 4.108416110023601492e-02 2.026922817973985380e-01 2.026922817973985380e-01
3.413444300000000098e+00 4.077218699100659122e-02 2.019212395737669530e-01 2.019212395737669530e-01
3.419641899999999790e+00 4.046243105803975365e-02 2.011527555318090854e-01 2.011527555318090854e-01
3.425839600000000207e+00 4.015567019060071324e-02 2.003887975676302835e-01 2.003887975676302835e-01
3.432037199999999899e+00 3.985112686608068000e-02 1.996274702191075667e-01 1.996274702191075667e-01
3.438230700000000084e+00 3.954879860786786328e-02 1.988687974717699702e-01 1.988687974717699702e-01
3.444428300000000220e+00 3.924850114880764490e-02 1.981123447663159787e-01 1.981123447663159787e-01
3.450625899999999913e+00 3.895100821389112927e-02 1.973600978260071914e-01 1.973600978260071914e-01
3.456823599999999885e+00 3.865515483984662687e-02 1.966091423099308177e-01 1.966091423099308177e-01
3.463017100000000070e+00 3.836191029471501535e-02 1.958619674533956523e-01 1.958619674533956523e-01
3.469214700000000207e+00 3.807030954482221868e-02 1.951161437319378078e-01 1.951161437319378078e-01
3.475412299999999899e+00 3.778093448634509827e-02 1.943731835576736622e-01 1.943731835576736622e-01
3.481609999999999872e+00 3.749319943300705171e-02 1.936316075257525082e-01 1.936316075257525082e-01
3.487803500000000057e+00 3.720749255381632786e-02 1.928924377828646897e-01 1.928924377828646897e-01
3.494001100000000193e+00 3.692362604441878915e-02 1.921552134198257766e-01 1.921552134198257766e-01
3.500198699999999885e+00 3.664159667621594285e-02 1.914199484803398021e-01 1.914199484803398021e-01
3.506396300000000021e+00 3.636179586420641013e-02 1.906876919578356366e-01 1.906876919578356366e-01
3.512593999999999994e+00 3.608383259864074433e-02 1.899574494423441895e-01 1.899574494423441895e-01
3.518787500000000179e+00 3.580751092099632160e-02 1.892287264687798898e-01 1.892287264687798898e-01
3.524985099999999871e+00 3.553322769490491889e-02 1.885025933373462026e-01 1.885025933373462026e-01
3.531182700000000008e+00 3.526059033437574375e-02 1.877780347494768798e-01 1.877780347494768798e-01
3.537380399999999980e+00 3.498999007709397563e-02 1.870561147813510350e-01 1.870561147813510350e-01
3.543573900000000165e+00 3.472142574862609188e-02 1.863368609498026740e-01 1.863368609498026740e-01
3.549771499999999858e+00 3.445490348506910494e-02 1.856203207762261720e-01 1.856203207762261720e-01
3.555969099999999994e+00 3.419022829730191532e-02 1.849059985433190723e-01 1.849059985433190723e-01
3.562166700000000130e+00 3.392720560072542274e-02 1.841933918486909905e-01 1.841933918486909905e-01
3.568360300000000151e+00 3.366641966540642739e-02 1.834841128419744949e-01 1.834841128419744949e-01
3.574557899999999844e+00 3.340748804703368852e-02 1.827771540620809765e-01 1.827771540620809765e-01
3.580755499999999980e+00 3.315060583709485836e-02 1.820730782875240317e-01 1.820730782875240317e-01
3.586953100000000116e+00 3.289557783809176489e-02 1.813713809786201281e-01 1.813713809786201281e-01
3.593146700000000138e+00 3.264260051096262716e-02 1.806726335418915308e-01 1.806726335418915308e-01
3.599344299999999830e+00 3.239168080435149422e-02 1.799768896396187201e-01 1.799768896396187201e-01
3.605541899999999966e+00 3.214262262229992256e-02 1.792836373523805926e-01 1.792836373523805926e-01
3.611739500000000103e+00 3.189523267233766030e-02 1.785923645409782379e-01 1.785923645409782379e-01
3.617933100000000124e+00 3.165009657410607774e-02 1.779047401676135121e-01 1.779047401676135121e-01
3.624130699999999816e+00 3.140702754933655250e-02 1.772202797349574088e-01 1.772202797349574088e-01
3.630328299999999953e+00 3.116621849684913376e-02 1.765395663777645507e-01 1.765395663777645507e-01
3.636525900000000089e+00 3.092669594514543124e-02 1.758598758817526142e-01 1.758598758817526142e-01
3.642719500000000110e+00 3.068982678761442151e-02 1.751851214790069444e-01 1.751851214790069444e-01
3.648917099999999802e+00 3.045464055205657564e-02 1.745125799249342691e-01 1.745125799249342691e-01
3.655114699999999939e+00 3.022172306599256453e-02 1.738439618335723691e-01 1.738439618335723691e-01
3.661312300000000075e+00 2.999068589100674365e-02 1.731781911529472751e-01 1.731781911529472751e-01
3.667505900000000096e+00 2.976152616941277890e-02 1.725152925668121118e-01 1.725152925668121118e-01
3.673703499999999789e+00 2.953483928325736918e-02 1.718570315211378485e-01 1.718570315211378485e-01
3.679901099999999925e+00 2.930983961783327138e-02 1.712011671041797356e-01 1.712011671041797356e-01
3.686098700000000061e+00 2.908711747815073342e-02 1.705494575721386852e-01 1.705494575721386852e-01
3.692292199999999802e+00 2.886627932978534303e-02 1.699007926108213884e-01 1.699007926108213884e-01
3.698489900000000219e+00 2.864752696051696759e-02 1.692558033289168207e-01 1.692558033289168207e-01
3.704687499999999911e+00 2.843066410556822562e-02 1.686139499139031050e-01 1.686139499139031050e-01
3.710885100000000048e+00 2.821588564464230092e-02 1.679758483968522842e-01 1.679758483968522842e-01
3.717078599999999788e+00 2.800319220957413549e-02 1.673415435854890554e-01 1.673415435854890554e-01
3.723276300000000205e+00 2.779239161102223243e-02 1.667105024016850290e-01 1.667105024016850290e-01
3.729473899999999897e+00 2.758348418522634654e-02 1.660827630587423387e-01 1.660827630587423387e-01
3.735671500000000034e+00 2.737666571736731627e-02 1.654589547814421524e-01 1.654589547814421524e-01
3.741865000000000219e+00 2.717154298846801916e-02 1.648379294594178590e-01 1.648379294594178590e-01
3.748062700000000191e+00 2.696870906031511791e-02 1.642215243514537626e-01 1.642215243514537626e-01
3.754260299999999884e+00 2.676718260332094229e-02 1.636067926564204189e-01 1.636067926564204189e-01
3.760457900000000020e+00 2.656774826681163743e-02 1.629961602824178124e-01 1.629961602824178124e-01
3.766651400000000205e+00 2.636981771387209364e-02 1.623878619659489542e-01 1.623878619659489542e-01
3.772848999999999897e+00 2.617378599738362510e-02 1.617831449730892934e-01 1.617831449730892934e-01
3.779046699999999870e+00 2.597965385236421926e-02 1.611820518927719048e-01 1.611820518927719048e-01
3.785244300000000006e+00 2.578702887680365402e-02 1.605834016229686634e-01 1.605834016229686634e-01
3.791437800000000191e+00 2.559610503614469929e-02 1.599878277749426092e-01 1.599878277749426092e-01
3.797635399999999883e+00 2.540688918803403820e-02 1.593953863448815123e-01 1.593953863448815123e-01
3.803833099999999856e+00 2.521957545102095771e-02 1.588067235699451019e-01 1.588067235699451019e-01
3.810030699999999992e+00 2.503357713843110469e-02 1.582200276148095774e-01 1.582200276148095774e-01
3.816224200000000177e+00 2.484908747712361379e-02 1.576359333309623745e-01 1.576359333309623745e-01
3.822421799999999870e+00 2.466611219836186558e-02 1.570544879917853964e-01 1.570544879917853964e-01
3.828619400000000006e+00 2.448504382156941467e-02 1.564769753719997547e-01 1.564769753719997547e-01
3.834817099999999979e+00 2.430529267628625534e-02 1.559015480240214246e-01 1.559015480240214246e-01
3.841010600000000164e+00 2.412666342529772717e-02 1.553276003332882405e-01 1.553276003332882405e-01
3.847208199999999856e+00 2.395014027821290581e-02 1.547583286230919120e-01 1.547583286230919120e-01
3.853405799999999992e+00 2.377454645167852154e-02 1.541899687128787388e-01 1.541899687128787388e-01
3.859603499999999965e+00 2.360086364641736031e-02 1.536257258613197285e-01 1.536257258613197285e-01
3.865797000000000150e+00 2.342830558557107770e-02 1.530630771465511797e-01 1.530630771465511797e-01
3.871994599999999842e+00 2.325707302970749998e-02 1.525026984341834591e-01 1.525026984341834591e-01
3.878192199999999978e+00 2.308716511779301817e-02 1.519446120064578687e-01 1.519446120064578687e-01
3.884389800000000115e+00 2.291897563402272436e-02 1.513901437809698491e-01 1.513901437809698491e-01
3.890583400000000136e+00 2.275171803240762930e-02 1.508367264044391531e-01 1.508367264044391531e-01
3.896780999999999828e+00 2.258579022135018613e-02 1.502856953317586453e-01 1.502856953317586453e-01
3.902978599999999965e+00 2.242118941723393599e-02 1.497370676126453803e-01 1.497370676126453803e-01
3.909176200000000101e+00 2.225791738340291218e-02 1.491908756707423789e-01 1.491908756707423789e-01
3.915369800000000122e+00 2.209558120211481402e-02 1.486458247046139325e-01 1.486458247046139325e-01
3.921567399999999814e+00 2.193457674786275860e-02 1.481032637988196343e-01 1.481032637988196343e-01
3.927764999999999951e+00 2.177509881276457060e-02 1.475638804476372135e-01 1.475638804476372135e-01
3.933962600000000087e+00 2.161636361055640707e-02 1.470250441610422010e-01 1.470250441610422010e-01
3.940156200000000108e+00 2.145915578614505589e-02 1.464894391625043146e-01 1.464894391625043146e-01
3.946353799999999801e+00 2.130328232930404214e-02 1.459564398349865177e-01 1.459564398349865177e-01
3.952551399999999937e+00 2.114854572677778849e-02 1.454253957422079191e-01 1.454253957422079191e-01
3.958749000000000073e+00 2.099455313856814220e-02 1.448949727856979341e-01 1.448949727856979341e-01
3.964942600000000095e+00 2.084228727862447172e-02 1.443685813417326380e-01 1.443685813417326380e-01
3.971140199999999787e+00 2.069135819312821825e-02 1.438449102093230791e-01 1.438449102093230791e-01
3.977337799999999923e+00 2.054137156124439048e-02 1.433226135724728900e-01 1.433226135724728900e-01
3.983535400000000060e+00 2.039291826211146394e-02 1.428037753776540131e-01 1.428037753776540131e-01
3.989729000000000081e+00 2.024560502225103420e-02 1.422870514918734008e-01 1.422870514918734008e-01
3.995926600000000217e+00 2.009962993980810714e-02 1.417731636799013650e-01 1.417731636799013650e-01
4.002124199999999909e+00 1.995479644289258059e-02 1.412614471216141199e-01 1.412614471216141199e-01
4.008321800000000046e+00 1.981130296658029782e-02 1.407526304073223877e-01 1.407526304073223877e-01
4.014515300000000231e+00 1.966895000387778453e-02 1.402460338258368910e-01 1.402460338258368910e-01
4.020712999999999759e+00 1.952793965667807760e-02 1.397424046475445325e-01 1.397424046475445325e-01
4.026910599999999896e+00 1.938827022331567063e-02 1.392417689607384768e-01 1.392417689607384768e-01
4.033108200000000032e+00 1.924974544502143503e-02 1.387434518996173427e-01 1.387434518996173427e-01
4.039301700000000217e+00 1.911275764292599474e-02 1.382488974383737912e-01 1.382488974383737912e-01
4.045499399999999746e+00 1.897691804210990471e-02 1.377567350154245696e-01 1.377567350154245696e-01
4.051696999999999882e+00 1.884222495688404539e-02 1.372669842201104384e-01 1.372669842201104384e-01
4.057894600000000018e+00 1.870927009654005033e-02 1.367818339420116547e-01 1.367818339420116547e-01
4.064088100000000203e+00 1.857706784236478822e-02 1.362977176711510086e-01 1.362977176711510086e-01
4.070285700000000340e+00 1.844660635537709661e-02 1.358182843190750000e-01 1.358182843190750000e-01
4.076491500000000379e+00 1.831709918071479024e-02 1.353406782187631385e-01 1.353406782187631385e-01
4.082685099999999956e+00 1.818913341445672557e-02 1.348670953733961120e-01 1.348670953733961120e-01
4.088878600000000141e+00 1.806231696832533498e-02 1.343961196178123929e-01 1.343961196178123929e-01
4.095072100000000326e+00 1.793704570185625929e-02 1.339292563327977859e-01 1.339292563327977859e-01
4.101265699999999903e+00 1.781292699241746741e-02 1.334650778009643379e-01 1.334650778009643379e-01
4.107459200000000088e+00 1.769035371643830346e-02 1.330050890621795046e-01 1.330050890621795046e-01
4.113652799999999665e+00 1.756893318538374146e-02 1.325478524359551546e-01 1.325478524359551546e-01
4.119846299999999850e+00 1.744886407912735887e-02 1.320941485423459683e-01 1.320941485423459683e-01
4.126039800000000035e+00 1.733014602050098052e-02 1.316440124749355400e-01 1.316440124749355400e-01
4.132233399999999612e+00 1.721258137684976777e-02 1.311967277673104504e-01 1.311967277673104504e-01
4.138467699999999638e+00 1.709638001249979417e-02 1.307531262054555665e-01 1.307531262054555665e-01
4.144661199999999823e+00 1.698152009038353394e-02 1.303131616160989881e-01 1.303131616160989881e-01
4.150854800000000289e+00 1.686821174302756063e-02 1.298776799262581494e-01 1.298776799262581494e-01
4.157048299999999585e+00 1.675625721948257110e-02 1.294459625460855079e-01 1.294459625460855079e-01
4.163241799999999770e+00 1.664565708806564973e-02 1.290180494662109267e-01 1.290180494662109267e-01
4.169435400000000236e+00 1.653660926437354114e-02 1.285947481990362684e-01 1.285947481990362684e-01
4.175628900000000421e+00 1.642852218551649202e-02 1.281737967976157577e-01 1.281737967976157577e-01
4.181822499999999998e+00 1.632198848980603162e-02 1.277575378981844201e-01 1.277575378981844201e-01
4.188016000000000183e+00 1.621661391304955388e-02 1.273444695031926144e-01 1.273444695031926144e-01
4.194209599999999760e+00 1.611299124748893224e-02 1.269369577683699402e-01 1.269369577683699402e-01
4.200403099999999945e+00 1.601072621236005952e-02 1.265334983803105828e-01 1.265334983803105828e-01
4.206596600000000130e+00 1.590942445844425665e-02 1.261325670017234557e-01 1.261325670017234557e-01
4.212790199999999707e+00 1.581007478716045175e-02 1.257381198649019649e-01 1.257381198649019649e-01
4.219024499999999733e+00 1.571189472162356007e-02 1.253470969812366942e-01 1.253470969812366942e-01
4.225217999999999918e+00 1.561526306220263269e-02 1.249610461792099170e-01 1.249610461792099170e-01
4.231411600000000384e+00 1.551999179248153386e-02 1.245792590782331399e-01 1.245792590782331399e-01
4.237605099999999680e+00 1.542608238861227672e-02 1.242017809397766986e-01 1.242017809397766986e-01
4.243798599999999865e+00 1.533353342363731955e-02 1.238286454082306448e-01 1.238286454082306448e-01
4.249992200000000331e+00 1.524234741525774296e-02 1.234599020543015874e-01 1.234599020543015874e-01
4.256185699999999628e+00 1.515272044962977932e-02 1.230963868260550459e-01 1.230963868260550459e-01
4.262379300000000093e+00 1.506425989115411576e-02 1.227365466809055838e-01 1.227365466809055838e-01
4.268572800000000278e+00 1.497736040125843826e-02 1.223820264632778376e-01 1.223820264632778376e-01
4.274766299999999575e+00 1.489162627440831707e-02 1.220312512203669819e-01 1.220312512203669819e-01
4.280959900000000040e+00 1.480745523857690711e-02 1.216858875900443393e-01 1.216858875900443393e-01
4.287153400000000225e+00 1.472405610130963008e-02 1.213427216659888064e-01 1.213427216659888064e-01
4.293346999999999802e+00 1.464261432666110439e-02 1.210066705874560666e-01 1.210066705874560666e-01
4.299581299999999828e+00 1.456195395329821021e-02 1.206729213755025065e-01 1.206729213755025065e-01
4.305774800000000013e+00 1.448284962653360701e-02 1.203447116683305090e-01 1.203447116683305090e-01
4.311968300000000198e+00 1.440530960074226999e-02 1.200221212974602880e-01 1.200221212974602880e-01
4.318161899999999775e+00 1.432854333741978570e-02 1.197018936250374699e-01 1.197018936250374699e-01
4.324355399999999960e+00 1.425334209045134477e-02 1.193873615189285642e-01 1.193873615189285642e-01
4.330549000000000426e+00 1.417911296655289394e-02 1.190760805810843481e-01 1.190760805810843481e-01
4.336742499999999723e+00 1.410644957243286854e-02 1.187705753645778572e-01 1.187705753645778572e-01
4.342936100000000188e+00 1.403436327578565235e-02 1.184667180088384703e-01 1.184667180088384703e-01
4.349129600000000373e+00 1.396404114411402102e-02 1.181695440632399979e-01 1.181695440632399979e-01
4.355323099999999670e+00 1.389489008607176952e-02 1.178765883713630835e-01 1.178765883713630835e-01
4.361516700000000135e+00 1.382671253380492703e-02 1.175870423720442315e-01 1.175870423720442315e-01
4.367710200000000320e+00 1.375990442049735037e-02 1.173026189839653649e-01 1.173026189839653649e-01
4.373903799999999897e+00 1.369387243220004068e-02 1.170208205072928026e-01 1.170208205072928026e-01
4.380097300000000082e+00 1.362940931355621083e-02 1.167450611955649781e-01 1.167450611955649781e-01
4.386331600000000108e+00 1.356572855525081667e-02 1.164720076037620983e-01 1.164720076037620983e-01
4.392525100000000293e+00 1.350360948277454579e-02 1.162050320888667332e-01 1.162050320888667332e-01
4.398718699999999870e+00 1.344226752395259739e-02 1.159407931832131117e-01 1.159407931832131117e-01
4.404912200000000055e+00 1.338209976732562985e-02 1.156810259607237018e-01 1.156810259607237018e-01
4.411105799999999633e+00 1.332290659579192689e-02 1.154248959098162913e-01 1.154248959098162913e-01
4.417299299999999818e+00 1.326488723348624200e-02 1.151732921882770572e-01 1.151732921882770572e-01
4.423492800000000003e+00 1.320764700630105634e-02 1.149245274356220925e-01 1.149245274356220925e-01
4.429686399999999580e+00 1.315177826934665894e-02 1.146812027724973676e-01 1.146812027724973676e-01
4.435879899999999765e+00 1.309649123422115639e-02 1.144399022815956318e-01 1.144399022815956318e-01
4.442073500000000230e+00 1.304237834191392109e-02 1.142032326246237295e-01 1.142032326246237295e-01
4.448267000000000415e+00 1.298924386389754999e-02 1.139703639719446965e-01 1.139703639719446965e-01
4.454460599999999992e+00 1.293669004871483667e-02 1.137395711646339708e-01 1.137395711646339708e-01
4.460654100000000177e+00 1.288491721902577762e-02 1.135117492554219149e-01 1.135117492554219149e-01
4.466888400000000203e+00 1.283432592287128693e-02 1.132886840018511587e-01 1.132886840018511587e-01
4.473081900000000388e+00 1.278411409308709279e-02 1.130668567401035135e-01 1.130668567401035135e-01
4.479275499999999965e+00 1.273507957387287094e-02 1.128498098087580837e-01 1.128498098087580837e-01
4.485469000000000150e+00 1.268623103969654907e-02 1.126331702461426248e-01 1.126331702461426248e-01
4.491662599999999728e+00 1.263875969290755366e-02 1.124222384268679931e-01 1.124222384268679931e-01
4.497856099999999913e+00 1.259147593570015752e-02 1.122117459791984462e-01 1.122117459791984462e-01
4.504049600000000098e+00 1.254477538838573956e-02 1.120034615018024315e-01 1.120034615018024315e-01
4.510243199999999675e+00 1.249885854433349826e-02 1.117982940135201636e-01 1.117982940135201636e-01
4.516436699999999860e+00 1.245332828095630645e-02 1.115944814090567283e-01 1.115944814090567283e-01
4.522630300000000325e+00 1.240838209894611424e-02 1.113929176336903165e-01 1.113929176336903165e-01
4.528823799999999622e+00 1.236402221604375289e-02 1.111936248893962143e-01 1.111936248893962143e-01
4.535017299999999807e+00 1.232024790304490393e-02 1.109966121241765802e-01 1.109966121241765802e-01
4.541210900000000272e+00 1.227705940544726593e-02 1.108018926076954069e-01 1.108018926076954069e-01
4.547445200000000298e+00 1.223426401788444730e-02 1.106086073408595466e-01 1.106086073408595466e-01
4.553638699999999595e+00 1.219165180919866594e-02 1.104158132207459925e-01 1.104158132207459925e-01
4.559832300000000060e+00 1.214962692111828946e-02 1.102253460920776112e-01 1.102253460920776112e-01
4.566025800000000245e+00 1.210779185405346133e-02 1.100354118184389829e-01 1.100354118184389829e-01
4.572219300000000430e+00 1.206614668782393651e-02 1.098460135272279065e-01 1.098460135272279065e-01
4.578412900000000008e+00 1.202488983461811808e-02 1.096580586852517608e-01 1.096580586852517608e-01
4.584606400000000193e+00 1.198402134456476829e-02 1.094715549563664847e-01 1.094715549563664847e-01
4.590799999999999770e+00 1.194314356522913241e-02 1.092846904430311017e-01 1.092846904430311017e-01
4.596993499999999955e+00 1.190305197809310607e-02 1.091011089682094176e-01 1.091011089682094176e-01
4.603187100000000420e+00 1.186275373580815071e-02 1.089162693806951382e-01 1.089162693806951382e-01
4.609380599999999717e+00 1.182284397261380328e-02 1.087329019782595635e-01 1.087329019782595635e-01
4.615574099999999902e+00 1.178252903003477667e-02 1.085473584664075342e-01 1.085473584664075342e-01
4.621767700000000367e+00 1.174299942771135467e-02 1.083651209001833537e-01 1.083651209001833537e-01
4.627961199999999664e+00 1.170346144399951084e-02 1.081825376112037357e-01 1.081825376112037357e-01
4.634195499999999690e+00 1.166391991369332935e-02 1.079996292294252702e-01 1.079996292294252702e-01
4.640389100000000155e+00 1.162456351983518626e-02 1.078172691169424213e-01 1.078172691169424213e-01
4.646582600000000340e+00 1.158519866228293997e-02 1.076345607241602498e-01 1.076345607241602498e-01
4.652776099999999637e+00 1.154602383496653069e-02 1.074524259147578847e-01 1.074524259147578847e-01
4.658969700000000103e+00 1.150684056507611866e-02 1.072699425052335842e-01 1.072699425052335842e-01
4.665163200000000288e+00 1.146764883373769216e-02 1.070871086253508547e-01 1.070871086253508547e-01
4.671356799999999865e+00 1.142844868153423260e-02 1.069039226667302112e-01 1.069039226667302112e-01
4.677550300000000050e+00 1.138943866730224644e-02 1.067213130883529065e-01 1.067213130883529065e-01
4.683743800000000235e+00 1.135022175955674451e-02 1.065374195273977170e-01 1.065374195273977170e-01
4.689937399999999812e+00 1.131099656648997670e-02 1.063531690477062253e-01 1.063531690477062253e-01
4.696130899999999997e+00 1.127176313811097119e-02 1.061685600265491608e-01 1.061685600265491608e-01
4.702324499999999574e+00 1.123252158086287915e-02 1.059835910925029934e-01 1.059835910925029934e-01
4.708517999999999759e+00 1.119327196823700736e-02 1.057982607051600188e-01 1.057982607051600188e-01
4.714752299999999785e+00 1.115382015823793843e-02 1.056116478341188325e-01 1.056116478341188325e-01
4.720945799999999970e+00 1.111455473120494600e-02 1.054255885978586660e-01 1.054255885978586660e-01
4.727139400000000435e+00 1.107508296049547133e-02 1.052382200557167857e-01 1.052382200557167857e-01
4.733332899999999732e+00 1.103540491153023363e-02 1.050495355131579461e-01 1.050495355131579461e-01
4.739526500000000198e+00 1.099571936237329732e-02 1.048604756920990533e-01 1.048604756920990533e-01
4.745720000000000383e+00 1.095622509505527267e-02 1.046719881107417982e-01 1.046719881107417982e-01
4.751913599999999960e+00 1.091672359221301271e-02 1.044831258730949952e-01 1.044831258730949952e-01
4.758107100000000145e+00 1.087681754073258587e-02 1.042919821497922533e-01 1.042919821497922533e-01
4.764300600000000330e+00 1.083670570449103698e-02 1.040994990597507025e-01 1.040994990597507025e-01
4.770494199999999907e+00 1.079698433701798375e-02 1.039085383258660927e-01 1.039085383258660927e-01
4.776687700000000092e+00 1.075685961864737174e-02 1.037152815097532876e-01 1.037152815097532876e-01
4.782881299999999669e+00 1.071632959158704164e-02 1.035197062958886222e-01 1.035197062958886222e-01
4.789074799999999854e+00 1.067619026846805194e-02 1.033256515511421919e-01 1.033256515511421919e-01
4.795309099999999880e+00 1.063584941636287404e-02 1.031302546121305452e-01 1.031302546121305452e-01
4.801502600000000065e+00 1.059529911126057961e-02 1.029334693443322152e-01 1.029334693443322152e-01
4.807696199999999642e+00 1.055454333643798120e-02 1.027353071560015429e-01 1.027353071560015429e-01
4.813889699999999827e+00 1.051378085959132729e-02 1.025367293197482904e-01 1.025367293197482904e-01
4.820083300000000293e+00 1.047261407162942276e-02 1.023357907656428090e-01 1.023357907656428090e-01
4.826276799999999589e+00 1.043163936210007338e-02 1.021353972043976266e-01 1.021353972043976266e-01
4.832470299999999774e+00 1.039046007627559068e-02 1.019336062163778839e-01 1.019336062163778839e-01
4.838663900000000240e+00 1.034887533024807932e-02 1.017294221464374593e-01 1.017294221464374593e-01
4.844857400000000425e+00 1.030748258533261720e-02 1.015257730102687578e-01 1.015257730102687578e-01
4.851051000000000002e+00 1.026608298941767555e-02 1.013216807471020720e-01 1.013216807471020720e-01
4.857244500000000187e+00 1.022407984528689653e-02 1.011141921061870369e-01 1.011141921061870369e-01
4.863438099999999764e+00 1.018246750130307431e-02 1.009082132499781875e-01 1.009082132499781875e-01
4.869631599999999949e+00 1.014045035964379442e-02 1.006998031757947165e-01 1.006998031757947165e-01
4.875865899999999975e+00 1.009843072122078647e-02 1.004909484541806203e-01 1.004909484541806203e-01
4.882059400000000160e+00 1.005620049296702435e-02 1.002806087584584976e-01 1.002806087584584976e-01
4.888252999999999737e+00 1.001396315961921267e-02 1.000697914438678782e-01 1.000697914438678782e-01
4.894446499999999922e+00 9.971718696857905656e-03 9.985849336364886752e-02 9.985849336364886752e-02
4.900640100000000388e+00 9.929069411129327200e-03 9.964471592176539494e-02 9.964471592176539494e-02
4.906833599999999684e+00 9.886611936224393160e-03 9.943144339807399867e-02 9.943144339807399867e-02
4.913027099999999869e+00 9.843948382256216198e-03 9.921667391248416290e-02 9.921667391248416290e-02
4.919220700000000335e+00 9.801277748788521371e-03 9.900140276172111897e-02 9.900140276172111897e-02
4.925414199999999632e+00 9.758401068563073502e-03 9.878461959517317870e-02 9.878461959517317870e-02
4.931607800000000097e+00 9.715318384704322782e-03 9.856631465518188306e-02 9.856631465518188306e-02
4.937801300000000282e+00 9.672228736282949269e-03 9.834748973046007758e-02 9.834748973046007758e-02
4.943994899999999859e+00 9.629132216809079686e-03 9.812814181879263298e-02 9.812814181879263298e-02
4.950188400000000044e+00 9.585829858405624931e-03 9.790725130655862640e-02 9.790725130655862640e-02
4.956381900000000229e+00 9.542918875787865032e-03 9.768786452670498444e-02 9.768786452670498444e-02
4.962616200000000255e+00 9.499208305686091328e-03 9.746388205733491628e-02 9.746388205733491628e-02
4.968809799999999832e+00 9.456085134504858131e-03 9.724240399385886136e-02 9.724240399385886136e-02
4.975003300000000017e+00 9.412557407116346059e-03 9.701833541715888798e-02 9.701833541715888798e-02
4.981196800000000202e+00 9.369421627984719086e-03 9.679577277952131076e-02 9.679577277952131076e-02
4.987390399999999779e+00 9.325483184827941877e-03 9.656854138293662071e-02 9.656854138293662071e-02
4.993583899999999964e+00 9.282534112097291790e-03 9.634590864223188666e-02 9.634590864223188666e-02
4.999777500000000430e+00 9.238981833424074822e-03 9.611962252019135011e-02 9.611962252019135011e-02
5.005970999999999727e+00 9.195423520322362765e-03 9.589277094923455425e-02 9.589277094923455425e-02
5.012164600000000192e+00 9.151660336450106320e-03 9.566431067252879894e-02 9.566431067252879894e-02
5.018358100000000377e+00 9.108488801020055495e-03 9.543840317723288613e-02 9.543840317723288613e-02
5.024551599999999674e+00 9.064913200881073024e-03 9.520983773161821595e-02 9.520983773161821595e-02
5.030745200000000139e+00 9.021332075573146661e-03 9.498069317273456769e-02 9.498069317273456769e-02
5.036938700000000324e+00 8.977944537540779105e-03 9.475201600779151190e-02 9.475201600779151190e-02
5.043173000000000350e+00 8.934554282427611613e-03 9.452277123755740973e-02 9.452277123755740973e-02
5.049366599999999927e+00 8.891155722878480577e-03 9.429292509450791504e-02 9.429292509450791504e-02
5.055560100000000112e+00 8.847950896294261292e-03 9.406354711733053153e-02 9.406354711733053153e-02
5.061753600000000297e+00 8.804541427988111027e-03 9.383251796679076273e-02 9.383251796679076273e-02
5.067947199999999874e+00 8.761325747349260964e-03 9.360195375818423924e-02 9.360195375818423924e-02
5.074140700000000059e+00 8.718104638640618645e-03 9.337079114284412007e-02 9.337079114284412007e-02
5.080334299999999637e+00 8.675077350561137199e-03 9.314009528962882700e-02 9.314009528962882700e-02
5.086527799999999822e+00 8.632044638647683524e-03 9.290879742332092128e-02 9.290879742332092128e-02
5.092721400000000287e+00 8.589006503182401719e-03 9.267689303802971457e-02 9.267689303802971457e-02
5.098914899999999584e+00 8.546361453021129873e-03 9.244653294213434069e-02 9.244653294213434069e-02
5.105108399999999769e+00 8.503511801829970532e-03 9.221448802563494973e-02 9.221448802563494973e-02
5.111302000000000234e+00 8.460855887274224343e-03 9.198291084366826131e-02 9.198291084366826131e-02
5.117495500000000419e+00 8.418393910216160833e-03 9.175180603244909028e-02 9.175180603244909028e-02
5.123729799999999557e+00 8.375928899298253419e-03 9.152010106691454983e-02 9.152010106691454983e-02
5.129923400000000022e+00 8.333655324339538442e-03 9.128885651786607103e-02 9.128885651786607103e-02
5.136116900000000207e+00 8.291376208140563420e-03 9.105699428457192379e-02 9.105699428457192379e-02
5.142310400000000392e+00 8.249490422366964268e-03 9.082670544705981341e-02 9.082670544705981341e-02
5.148503999999999969e+00 8.207599253281605209e-03 9.059580152127141850e-02 9.059580152127141850e-02
5.154697500000000154e+00 8.165702602834647161e-03 9.036427724955613250e-02 9.036427724955613250e-02
5.160891099999999732e+00 8.124000060093672371e-03 9.013323504731023117e-02 9.013323504731023117e-02
5.167084599999999917e+00 8.082690932653390295e-03 8.990378708738241964e-02 8.990378708738241964e-02
5.173278100000000101e+00 8.041376557291020008e-03 8.967372278037206990e-02 8.967372278037206990e-02
5.179471699999999679e+00 8.000256359889986596e-03 8.944415218386267408e-02 8.944415218386267408e-02
5.185665199999999864e+00 7.959131001511797129e-03 8.921396192027231109e-02 8.921396192027231109e-02
5.191858800000000329e+00 7.918399341509788775e-03 8.898538835960535798e-02 8.898538835960535798e-02
5.198052299999999626e+00 7.877662645515915579e-03 8.875619778649779246e-02 8.875619778649779246e-02
5.204245900000000091e+00 7.837519231734218009e-03 8.852976466553053037e-02 8.852976466553053037e-02
5.210480099999999837e+00 7.797373225415962610e-03 8.830273622836362635e-02 8.830273622836362635e-02
5.216673700000000302e+00 7.757220081771444217e-03 8.807508207076189533e-02 8.807508207076189533e-02
5.222867199999999599e+00 7.717461043907348356e-03 8.784908106467220756e-02 8.784908106467220756e-02
5.229060800000000064e+00 7.678295775589321845e-03 8.762588530559518862e-02 8.762588530559518862e-02
5.235254300000000249e+00 7.638726880102330620e-03 8.739981052669582029e-02 8.739981052669582029e-02
5.241447899999999827e+00 7.599751913094425666e-03 8.717655598321388810e-02 8.717655598321388810e-02
5.247641400000000012e+00 7.560971824258674867e-03 8.695384881797167675e-02 8.695384881797167675e-02
5.253834900000000196e+00 7.522187394217049253e-03 8.673054475913920258e-02 8.673054475913920258e-02
5.260028499999999774e+00 7.483996948591645909e-03 8.651009737939061028e-02 8.651009737939061028e-02
5.266221999999999959e+00 7.445802270841257904e-03 8.628906228973205750e-02 8.628906228973205750e-02
5.272415600000000424e+00 7.408002321004144609e-03 8.606975264867527953e-02 8.606975264867527953e-02
5.278609099999999721e+00 7.370597160849832151e-03 8.585218203895479683e-02 8.585218203895479683e-02
5.284802599999999906e+00 7.333187806782396657e-03 8.563403416155516978e-02 8.563403416155516978e-02
5.291036899999999932e+00 7.295975668871436219e-03 8.541648358994553825e-02 8.541648358994553825e-02
5.297230500000000397e+00 7.259356143859658356e-03 8.520185528414071785e-02 8.520185528414071785e-02
5.303423999999999694e+00 7.222732523234925810e-03 8.498666085471839882e-02 8.498666085471839882e-02
5.309617600000000159e+00 7.186104924686824956e-03 8.477089668445665638e-02 8.477089668445665638e-02
5.315811100000000344e+00 7.150271421313721468e-03 8.455927755908113075e-02 8.455927755908113075e-02
5.322004599999999641e+00 7.114433914089039572e-03 8.434710376823284506e-02 8.434710376823284506e-02
5.328198200000000107e+00 7.078991583849769502e-03 8.413674336370388640e-02 8.413674336370388640e-02
5.334391700000000291e+00 7.043345699477013971e-03 8.392464298093268993e-02 8.392464298093268993e-02
5.340585299999999869e+00 7.008095156809775877e-03 8.371436648992677809e-02 8.371436648992677809e-02
5.346778800000000054e+00 6.973239806010572521e-03 8.350592677176017775e-02 8.350592677176017775e-02
5.352972399999999631e+00 6.938779816625383588e-03 8.329933863258089100e-02 8.329933863258089100e-02
5.359165899999999816e+00 6.904316095091214169e-03 8.309221440719469221e-02 8.309221440719469221e-02
5.365359400000000001e+00 6.870048097307750526e-03 8.288575328310499035e-02 8.288575328310499035e-02
5.371593700000000027e+00 6.836177450510158397e-03 8.268117954232485911e-02 8.268117954232485911e-02
5.377787299999999604e+00 6.802900278019873362e-03 8.247969615620484585e-02 8.247969615620484585e-02
5.383980799999999789e+00 6.769419707922332344e-03 8.227648332252864016e-02 8.227648332252864016e-02
5.390174400000000254e+00 6.736534606774807234e-03 8.207639494260701718e-02 8.207639494260701718e-02
5.396367900000000439e+00 6.703845628628446983e-03 8.187701526453225465e-02 8.187701526453225465e-02
5.402561399999999736e+00 6.671752191771605084e-03 8.168079450991894142e-02 8.168079450991894142e-02
5.408755000000000202e+00 6.639455564704326539e-03 8.148285442167772785e-02 8.148285442167772785e-02
5.414948500000000386e+00 6.607954418790182305e-03 8.128932536803452902e-02 8.128932536803452902e-02
5.421142099999999964e+00 6.576649690176050375e-03 8.109654548854747236e-02 8.109654548854747236e-02
5.427335600000000149e+00 6.545940847298321007e-03 8.090698886559999359e-02 8.090698886559999359e-02
5.433529100000000334e+00 6.515428568241108873e-03 8.071820468915985591e-02 8.071820468915985591e-02
5.439722699999999911e+00 6.485312637730031998e-03 8.053143881571986351e-02 8.053143881571986351e-02
5.445916200000000096e+00 6.455593226018489436e-03 8.034670637940605209e-02 8.034670637940605209e-02
5.452109799999999673e+00 6.426669691412018222e-03 8.016651228170038057e-02 8.016651228170038057e-02
5.458344099999999699e+00 6.397744812835633350e-03 7.998590383833661943e-02 7.998590383833661943e-02
5.464537599999999884e+00 6.369614515612315002e-03 7.980986477630641618e-02 7.980986477630641618e-02
5.470731100000000069e+00 6.341481531469848540e-03 7.963341968966200501e-02 7.963341968966200501e-02
5.476924699999999646e+00 6.314544281485734954e-03 7.946410687527882821e-02 7.946410687527882821e-02
5.483118199999999831e+00 6.287604456552097799e-03 7.929441630122575912e-02 7.929441630122575912e-02
5.489311800000000297e+00 6.261261216197733931e-03 7.912813163595949772e-02 7.912813163595949772e-02
5.495505299999999593e+00 6.235514821997860564e-03 7.896527605218549295e-02 7.896527605218549295e-02
5.501698900000000059e+00 6.210365246599877480e-03 7.880587063537765335e-02 7.880587063537765335e-02
5.507892400000000244e+00 6.185213035755768307e-03 7.864612537026709205e-02 7.864612537026709205e-02
5.514085900000000429e+00 6.161057437579177051e-03 7.849240369347328106e-02 7.849240369347328106e-02
5.520279500000000006e+00 6.137698637594636401e-03 7.834346582577667029e-02 7.834346582577667029e-02
5.526473000000000191e+00 6.114337406978454480e-03 7.819422873191124446e-02 7.819422873191124446e-02
5.532666599999999768e+00 6.091573236203780793e-03 7.804853128793508288e-02 7.804853128793508288e-02
5.538900899999999794e+00 6.069807257368543124e-03 7.790896775961379805e-02 7.790896775961379805e-02
5.545094399999999979e+00 6.048437203027359939e-03 7.777169924225238451e-02 7.777169924225238451e-02
5.551287900000000164e+00 6.027464525429243256e-03 7.763674726203592669e-02 7.763674726203592669e-02
5.557481499999999741e+00 6.007089121539698623e-03 7.750541349828216076e-02 7.750541349828216076e-02
5.563674999999999926e+00 5.987710874633825689e-03 7.738030030074725951e-02 7.738030030074725951e-02
5.569868600000000392e+00 5.968330325893520492e-03 7.725496958703381711e-02 7.725496958703381711e-02
5.576062099999999688e+00 5.949946970721519887e-03 7.713589936418398241e-02 7.713589936418398241e-02
5.582255599999999873e+00 5.932161245700062757e-03 7.702052483396917837e-02 7.702052483396917837e-02
5.588449200000000339e+00 5.914773130151914325e-03 7.690756224294145738e-02 7.690756224294145738e-02
5.594642699999999635e+00 5.898382573176468718e-03 7.680092820517515906e-02 7.680092820517515906e-02
5.600836300000000101e+00 5.882389776991320263e-03 7.669673902449386516e-02 7.669673902449386516e-02
5.607029800000000286e+00 5.867594653354579054e-03 7.660022619649747844e-02 7.660022619649747844e-02
5.613223399999999863e+00 5.852797727707454919e-03 7.650357983589692323e-02 7.650357983589692323e-02
5.619457599999999609e+00 5.839599626182721132e-03 7.641727308784788952e-02 7.641727308784788952e-02
5.625651200000000074e+00 5.826798565392729383e-03 7.633346949662860037e-02 7.633346949662860037e-02
5.631844700000000259e+00 5.814795684656787200e-03 7.625480761667940977e-02 7.625480761667940977e-02
5.638038299999999836e+00 5.803791051657375410e-03 7.618261646633944784e-02 7.618261646633944784e-02
5.644231800000000021e+00 5.793384885592513765e-03 7.611428831430083752e-02 7.611428831430083752e-02
5.650425399999999598e+00 5.783977208815909918e-03 7.605246352890818184e-02 7.605246352890818184e-02
5.656618899999999783e+00 5.775368180572676077e-03 7.599584317956263602e-02 7.599584317956263602e-02
5.662812399999999968e+00 5.767757989367892392e-03 7.594575688850492556e-02 7.594575688850492556e-02
5.669006000000000434e+00 5.761146566747882107e-03 7.590221713986938790e-02 7.590221713986938790e-02
5.675199499999999730e+00 5.755534131779795927e-03 7.586523664880902296e-02 7.586523664880902296e-02
5.681393100000000196e+00 5.751120905193584341e-03 7.583614511032048255e-02 7.583614511032048255e-02
5.687586600000000381e+00 5.747506816918156701e-03 7.581231309568489674e-02 7.581231309568489674e-02
5.693780099999999678e+00 5.744892168453425395e-03 7.579506691370768712e-02 7.579506691370768712e-02
5.700014399999999704e+00 5.743478195642176716e-03 7.578573873521440851e-02 7.578573873521440851e-02
