6.367979799999999579e-02 2.475078500679214244e+01 4.975016081058647011e+00 4.975016081058647011e+00
6.972053899999999804e-02 2.419748020940385658e+01 4.919093433693230821e+00 4.919093433693230821e+00
7.576168699999999423e-02 2.361237431281602639e+01 4.859256559682358478e+00 4.859256559682358478e+00
8.180283500000000430e-02 2.299957170451541444e+01 4.795786870213835762e+00 4.795786870213835762e+00
8.784357600000000654e-02 2.236325825314902715e+01 4.728980678026610818e+00 4.728980678026610818e+00
9.388472400000000273e-02 2.170751579376175400e+01 4.659132515153626031e+00 4.659132515153626031e+00
9.992587199999999892e-02 2.103653252094216342e+01 4.586559987718699993e+00 4.586559987718699993e+00
1.059666100000000027e-01 2.035443410674344378e+01 4.511588867211133724e+00 4.511588867211133724e+00
1.120077599999999979e-01 1.966509712987620162e+01 4.434534601271727716e+00 4.434534601271727716e+00
1.180485000000000007e-01 1.897243589745206904e+01 4.355735976554601763e+00 4.355735976554601763e+00
1.240896499999999958e-01 1.827999358210139036e+01 4.275510914744738322e+00 4.275510914744738322e+00
1.301307999999999909e-01 1.759124015739216773e+01 4.194191239964168538e+00 4.194191239964168538e+00
1.361715400000000076e-01 1.690940433479335070e+01 4.112104611363061046e+00 4.112104611363061046e+00
1.422126900000000027e-01 1.623731492756299488e+01 4.029555177381617170e+00 4.029555177381617170e+00
1.482538399999999978e-01 1.557766302800757430e+01 3.946854827328663440e+00 3.946854827328663440e+00
1.542945799999999867e-01 1.493284872576566968e+01 3.864304429747437819e+00 3.864304429747437819e+00
1.603357199999999871e-01 1.430484892416181353e+01 3.782175157784447794e+00 3.782175157784447794e+00
1.663768700000000100e-01 1.369547507780313111e+01 3.700739801418512442e+00 3.700739801418512442e+00
1.724176099999999989e-01 1.310624596643703654e+01 3.620254958761473407e+00 3.620254958761473407e+00
1.784587599999999941e-01 1.253827669748764251e+01 3.540942910791932352e+00 3.540942910791932352e+00
1.844999099999999892e-01 1.199253088128689448e+01 3.463023372905082553e+00 3.463023372905082553e+00
1.905406500000000058e-01 1.146970795034575197e+01 3.386695727452608384e+00 3.386695727452608384e+00
1.965818000000000010e-01 1.097015999904105499e+01 3.312123185970149652e+00 3.312123185970149652e+00
2.026229499999999961e-01 1.049412318086969975e+01 3.239463409404356842e+00 3.239463409404356842e+00
2.086636900000000128e-01 1.004162389374167930e+01 3.168852141350504859e+00 3.168852141350504859e+00
2.147048400000000079e-01 9.612414449472739264e+00 3.100389402877119061e+00 3.100389402877119061e+00
2.207455799999999968e-01 9.206205127456968285e+00 3.034172890172372572e+00 3.034172890172372572e+00
2.267867199999999972e-01 8.822452559887883794e+00 2.970261362218463930e+00 2.970261362218463930e+00
2.328278699999999923e-01 8.460574566187982981e+00 2.908706682735126225e+00 2.908706682735126225e+00
2.388686100000000090e-01 8.119884259265610638e+00 2.849541061165044908e+00 2.849541061165044908e+00
2.449097600000000041e-01 7.799543423821496901e+00 2.792766267309438888e+00 2.792766267309438888e+00
2.509509100000000270e-01 7.498719271864316305e+00 2.738378949645997373e+00 2.738378949645997373e+00
2.569916500000000159e-01 7.216525217226474886e+00 2.686359100572087488e+00 2.686359100572087488e+00
2.630328000000000110e-01 6.951984063244012191e+00 2.636661537483340201e+00 2.636661537483340201e+00
2.690739500000000062e-01 6.704156085281870681e+00 2.589238514560192161e+00 2.589238514560192161e+00
2.751146899999999951e-01 6.472088310951630952e+00 2.544029935152420929e+00 2.544029935152420929e+00
2.811558399999999902e-01 6.254782848675120022e+00 2.500956386799881859e+00 2.500956386799881859e+00
2.871965799999999791e-01 6.051313843713992391e+00 2.459941837465672965e+00 2.459941837465672965e+00
2.932377299999999742e-01 5.860717171647698009e+00 2.420891813288585936e+00 2.420891813288585936e+00
2.992788699999999746e-01 5.682096633690850496e+00 2.383714880955952520e+00 2.383714880955952520e+00
3.053196100000000190e-01 5.514583558172495792e+00 2.348315046617999169e+00 2.348315046617999169e+00
3.113607600000000142e-01 5.357313051597349940e+00 2.314587015343633425e+00 2.314587015343633425e+00
3.174019100000000093e-01 5.209495011048279167e+00 2.282431819583726096e+00 2.282431819583726096e+00
3.234426499999999982e-01 5.070380734483820540e+00 2.251750593312638937e+00 2.251750593312638937e+00
3.294837999999999933e-01 4.939240067272990586e+00 2.222440115565094576e+00 2.222440115565094576e+00
3.355245399999999822e-01 4.815428054098851440e+00 2.194408360834156912e+00 2.194408360834156912e+00
3.415656899999999774e-01 4.698314781907564353e+00 2.167559637451196952e+00 2.167559637451196952e+00
3.476068399999999725e-01 4.587346095411489522e+00 2.141809070718370567e+00 2.141809070718370567e+00
3.536475800000000169e-01 4.482016523752128556e+00 2.117077354220229690e+00 2.117077354220229690e+00
3.596887300000000121e-01 4.381849133875567404e+00 2.093286682199924531e+00 2.093286682199924531e+00
3.657298700000000125e-01 4.286437365691027956e+00 2.070371311067420006e+00 2.070371311067420006e+00
3.717706100000000013e-01 4.195419771070635129e+00 2.048272386932615596e+00 2.048272386932615596e+00
3.778117599999999965e-01 4.108461606228766883e+00 2.026934040917160118e+00 2.026934040917160118e+00
3.838529099999999916e-01 4.025288437621489024e+00 2.006312148600383871e+00 2.006312148600383871e+00
3.898936499999999805e-01 3.945663359532991521e+00 1.986369391511304761e+00 1.986369391511304761e+00
3.959347999999999757e-01 3.869368281819669964e+00 1.967070990538895003e+00 1.967070990538895003e+00
4.019755400000000201e-01 3.796237200894251096e+00 1.948393492314694386e+00 1.948393492314694386e+00
4.080158700000000027e-01 3.726119794276510522e+00 1.930315983013276115e+00 1.930315983013276115e+00
4.140586499999999726e-01 3.658856872556643047e+00 1.912813862495941652e+00 1.912813862495941652e+00
4.200973599999999752e-01 3.594410234563806927e+00 1.895892991327255084e+00 1.895892991327255084e+00
4.261401300000000059e-01 3.532596779776768781e+00 1.879520358968417515e+00 1.879520358968417515e+00
4.321788400000000085e-01 3.473412431880100293e+00 1.863709320650648094e+00 1.863709320650648094e+00
4.382216099999999837e-01 3.416695496085293104e+00 1.848430549435194026e+00 1.848430549435194026e+00
4.442643900000000090e-01 3.362405832139288453e+00 1.833686405070203973e+00 1.833686405070203973e+00
4.503031000000000117e-01 3.310495289301716770e+00 1.819476652584945064e+00 1.819476652584945064e+00
4.563458699999999868e-01 3.260807107309913189e+00 1.805770502392237242e+00 1.805770502392237242e+00
4.623845799999999895e-01 3.213314701793790640e+00 1.792572091100882448e+00 1.792572091100882448e+00
4.684273600000000148e-01 3.167852621754241760e+00 1.779846235424353162e+00 1.779846235424353162e+00
4.744660600000000228e-01 3.124371800375628005e+00 1.767589262350172774e+00 1.767589262350172774e+00
4.805088399999999926e-01 3.082693791426120100e+00 1.755760174803529416e+00 1.755760174803529416e+00
4.865516200000000180e-01 3.042719987496263379e+00 1.744339412928648914e+00 1.744339412928648914e+00
4.925903200000000259e-01 3.004339223182632246e+00 1.733302980780518920e+00 1.733302980780518920e+00
4.986330999999999958e-01 2.967356554227968068e+00 1.722601681825478792e+00 1.722601681825478792e+00
5.046718000000000037e-01 2.931674239517658265e+00 1.712213257604805028e+00 1.712213257604805028e+00
5.107145800000000291e-01 2.897093671014084659e+00 1.702085095115424718e+00 1.702085095115424718e+00
5.167532799999999815e-01 2.863511105128295764e+00 1.692191214115088105e+00 1.692191214115088105e+00
5.227960600000000069e-01 2.830732927042604263e+00 1.682478209975571737e+00 1.682478209975571737e+00
5.288388400000000322e-01 2.798638718457311825e+00 1.672913242955925694e+00 1.672913242955925694e+00
5.348775399999999847e-01 2.767113588550881964e+00 1.663464333417125518e+00 1.663464333417125518e+00
5.409203200000000100e-01 2.735988678117616146e+00 1.654082427848629466e+00 1.654082427848629466e+00
5.469590199999999625e-01 2.705191627838260615e+00 1.644746675886064935e+00 1.644746675886064935e+00
5.530017999999999878e-01 2.674579843698275727e+00 1.635414272806213321e+00 1.635414272806213321e+00
5.590405000000000513e-01 2.644108643197904840e+00 1.626071536925083993e+00 1.626071536925083993e+00
5.650832799999999656e-01 2.613666580994320476e+00 1.616683822209624477e+00 1.616683822209624477e+00
5.711219899999999683e-01 2.583240820961295370e+00 1.607246347316208857e+00 1.607246347316208857e+00
5.771647600000000544e-01 2.552752834054389464e+00 1.597733655542872278e+00 1.597733655542872278e+00
5.832075399999999687e-01 2.522201422248859792e+00 1.588144018106941058e+00 1.588144018106941058e+00
5.892462499999999714e-01 2.491600869695349108e+00 1.578480557275048879e+00 1.578480557275048879e+00
5.952890199999999465e-01 2.460917551295980665e+00 1.568731191535369662e+00 1.568731191535369662e+00
6.013277299999999492e-01 2.430212721491945782e+00 1.558913955769190451e+00 1.558913955769190451e+00
6.073705000000000354e-01 2.399475825695674303e+00 1.549024152715403613e+00 1.549024152715403613e+00
6.134092100000000380e-01 2.368787582023637039e+00 1.539086606407721547e+00 1.539086606407721547e+00
6.194519899999999524e-01 2.338152743929161836e+00 1.529101940332678433e+00 1.529101940332678433e+00
6.254947600000000385e-01 2.307642623869182952e+00 1.519092697589315311e+00 1.519092697589315311e+00
6.315334700000000412e-01 2.277330376792843225e+00 1.509082627556504352e+00 1.509082627556504352e+00
6.375762499999999555e-01 2.247228339717905587e+00 1.499075828541673649e+00 1.499075828541673649e+00
6.436149500000000190e-01 2.217428577622244656e+00 1.489103279703004601e+00 1.489103279703004601e+00
6.496577300000000443e-01 2.187938980889588159e+00 1.479168340957035310e+00 1.479168340957035310e+00
6.556964299999999968e-01 2.158842647082970245e+00 1.469300053455035560e+00 1.469300053455035560e+00
6.617392100000000221e-01 2.130137501335869654e+00 1.459499058353882495e+00 1.459499058353882495e+00
6.677779099999999746e-01 2.101892501185886442e+00 1.449790502516100199e+00 1.449790502516100199e+00
6.738206899999999999e-01 2.074092020823897098e+00 1.440170830430854476e+00 1.440170830430854476e+00
6.798634700000000253e-01 2.046769789673895001e+00 1.430653623234462435e+00 1.430653623234462435e+00
6.859021699999999777e-01 2.019950096112991034e+00 1.421249484120571616e+00 1.421249484120571616e+00
6.919449500000000031e-01 1.993595027782875340e+00 1.411947246813022971e+00 1.411947246813022971e+00
6.979836499999999555e-01 1.967730897274911683e+00 1.402758317485557349e+00 1.402758317485557349e+00
7.040264299999999809e-01 1.942306441237841907e+00 1.393666545927626732e+00 1.393666545927626732e+00
7.100651300000000443e-01 1.917333420197105509e+00 1.384678092625540646e+00 1.384678092625540646e+00
7.161079099999999587e-01 1.892750096684058247e+00 1.375772545402785152e+00 1.375772545402785152e+00
7.221506899999999840e-01 1.868541049724971037e+00 1.366945883978210485e+00 1.366945883978210485e+00
7.281893900000000475e-01 1.844686451576915687e+00 1.358192347046954795e+00 1.358192347046954795e+00
7.342321699999999618e-01 1.821115903323635266e+00 1.349487274235527945e+00 1.349487274235527945e+00
7.402708799999999645e-01 1.797821766530545373e+00 1.340828761076725106e+00 1.340828761076725106e+00
7.463136500000000506e-01 1.774732925888856894e+00 1.332191024548978531e+00 1.332191024548978531e+00
7.523523600000000533e-01 1.751841352797914864e+00 1.323571438494316688e+00 1.323571438494316688e+00
7.583951399999999676e-01 1.729078678871534214e+00 1.314944363412967387e+00 1.314944363412967387e+00
7.644338400000000311e-01 1.706440409355118870e+00 1.306307930525999250e+00 1.306307930525999250e+00
7.704766199999999454e-01 1.683863729703638290e+00 1.297637749799087192e+00 1.297637749799087192e+00
7.765193999999999708e-01 1.661335299547473721e+00 1.288927965228264361e+00 1.288927965228264361e+00
7.825581000000000342e-01 1.638845670108552310e+00 1.280174078048978537e+00 1.280174078048978537e+00
7.886008799999999486e-01 1.616344186785737547e+00 1.271355255931927664e+00 1.271355255931927664e+00
7.946395800000000120e-01 1.593845569334577439e+00 1.262475967824567169e+00 1.262475967824567169e+00
8.006823600000000374e-01 1.571308433500019364e+00 1.253518421683550432e+00 1.253518421683550432e+00
8.067210599999999898e-01 1.548756941386604691e+00 1.244490635314948745e+00 1.244490635314948745e+00
8.127638400000000152e-01 1.526158957562366414e+00 1.235378062603657456e+00 1.235378062603657456e+00
8.188066200000000405e-01 1.503532483467023617e+00 1.226186153676114499e+00 1.226186153676114499e+00
8.248453199999999930e-01 1.480899770225371892e+00 1.216922253155628519e+00 1.216922253155628519e+00
8.308881000000000183e-01 1.458241030177648723e+00 1.207576511107121719e+00 1.207576511107121719e+00
8.369267999999999708e-01 1.435601098006562326e+00 1.198165722263227817e+00 1.198165722263227817e+00
8.429695799999999961e-01 1.412966644364912039e+00 1.188682734948611985e+00 1.188682734948611985e+00
8.490082799999999486e-01 1.390388015003350963e+00 1.179147155788178525e+00 1.179147155788178525e+00
8.550510599999999739e-01 1.367856527182845339e+00 1.169553986433651271e+00 1.169553986433651271e+00
8.610938399999999993e-01 1.345410799075748010e+00 1.159918445010573951e+00 1.159918445010573951e+00
8.671325399999999517e-01 1.323090196090675352e+00 1.150256578373136440e+00 1.150256578373136440e+00
8.731753199999999770e-01 1.300889329314995457e+00 1.140565355126568647e+00 1.140565355126568647e+00
8.792140200000000405e-01 1.278862883979560383e+00 1.130868199207829994e+00 1.130868199207829994e+00
8.852567999999999548e-01 1.257005303859165091e+00 1.121162478795631579e+00 1.121162478795631579e+00
8.912955099999999575e-01 1.235369297140774147e+00 1.111471680764190229e+00 1.111471680764190229e+00
8.973382800000000437e-01 1.213947631672083638e+00 1.101792916873258754e+00 1.101792916873258754e+00
9.033769900000000463e-01 1.192789280983956646e+00 1.092148928023992882e+00 1.092148928023992882e+00
9.094197699999999607e-01 1.171883995053072836e+00 1.082535909359626292e+00 1.082535909359626292e+00
9.154625400000000468e-01 1.151262211167070948e+00 1.072968877072895788e+00 1.072968877072895788e+00
9.215012500000000495e-01 1.130951165592060326e+00 1.063461877827343915e+00 1.063461877827343915e+00
9.275440299999999638e-01 1.110934805108051870e+00 1.054008920791494885e+00 1.054008920791494885e+00
9.335827300000000273e-01 1.091248973161602409e+00 1.044628629304023226e+00 1.044628629304023226e+00
9.396255100000000526e-01 1.071873535914592779e+00 1.035313254969042029e+00 1.035313254969042029e+00
9.456642100000000051e-01 1.052838837326103061e+00 1.026079352353463481e+00 1.026079352353463481e+00
9.517069900000000304e-01 1.034121212257854916e+00 1.016917505138865696e+00 1.016917505138865696e+00
9.577497699999999448e-01 1.015733760304468714e+00 1.007836177314779924e+00 1.007836177314779924e+00
9.637884700000000082e-01 9.976869952196268931e-01 9.988428280863945741e-01 9.988428280863945741e-01
9.698312500000000336e-01 9.799535235450457238e-01 9.899260192282278714e-01 9.899260192282278714e-01
9.758699499999999860e-01 9.625531190774265777e-01 9.810979151325450731e-01 9.810979151325450731e-01
9.819127300000000114e-01 9.454571942530684003e-01 9.723462316752549128e-01 9.723462316752549128e-01
9.879514299999999638e-01 9.286831311579527570e-01 9.636820695426229211e-01 9.636820695426229211e-01
9.939942099999999892e-01 9.122021664780840533e-01 9.550927528141358591e-01 9.550927528141358591e-01
1.000032899999999891e+00 8.960303238523584790e-01 9.465887828684420580e-01 9.465887828684420580e-01
1.006075700000000017e+00 8.801394019891809473e-01 9.381574505322552993e-01 9.381574505322552993e-01
1.012118499999999921e+00 8.645344340252755222e-01 9.298034383810782622e-01 9.298034383810782622e-01
1.018157200000000095e+00 8.492199321611134666e-01 9.215312974398175427e-01 9.215312974398175427e-01
1.024199999999999999e+00 8.341696627701533640e-01 9.133288908001068185e-01 9.133288908001068185e-01
1.030238699999999952e+00 8.193989935222991683e-01 9.052066026727264569e-01 9.052066026727264569e-01
1.036281400000000019e+00 8.048834123216973557e-01 8.971529481207188850e-01 8.971529481207188850e-01
1.042320099999999972e+00 7.906377694811770329e-01 8.891781427144826999e-01 8.891781427144826999e-01
1.048362900000000097e+00 7.766388404998173511e-01 8.812711503843849714e-01 8.812711503843849714e-01
1.054405700000000001e+00 7.628924140142301358e-01 8.734371265375832083e-01 8.734371265375832083e-01
1.060444399999999954e+00 7.494036379549834370e-01 8.656810255255589226e-01 8.656810255255589226e-01
1.066487200000000080e+00 7.361502006428932710e-01 8.579919583789193949e-01 8.579919583789193949e-01
1.072525900000000032e+00 7.231459118391291296e-01 8.503798632606073271e-01 8.503798632606073271e-01
1.078568699999999936e+00 7.103686467595263787e-01 8.428337005361890011e-01 8.428337005361890011e-01
1.084607400000000110e+00 6.978309070511993228e-01 8.353627398030147866e-01 8.353627398030147866e-01
1.090650099999999956e+00 6.855105870833311243e-01 8.279556673417551860e-01 8.279556673417551860e-01
1.096692900000000082e+00 6.734101023238399097e-01 8.206156849121517549e-01 8.206156849121517549e-01
1.102731600000000034e+00 6.615313923342054370e-01 8.133458012027882100e-01 8.133458012027882100e-01
1.108774399999999938e+00 6.498515965818718598e-01 8.061337336831103650e-01 8.061337336831103650e-01
1.114813099999999890e+00 6.383794158296876020e-01 7.989864928956481593e-01 7.989864928956481593e-01
1.120855900000000016e+00 6.270917692860358272e-01 7.918912610239083882e-01 7.918912610239083882e-01
1.126894599999999969e+00 6.159962331052205586e-01 7.848542750760937325e-01 7.848542750760937325e-01
1.132937400000000094e+00 6.050698700454716361e-01 7.778623721748415543e-01 7.778623721748415543e-01
1.138976100000000047e+00 5.943196595686989214e-01 7.709213056912481710e-01 7.709213056912481710e-01
1.145018799999999892e+00 5.837234873664690626e-01 7.640179889024008020e-01 7.640179889024008020e-01
1.151061600000000018e+00 5.732809787844994620e-01 7.571532069432840295e-01 7.571532069432840295e-01
1.157100299999999971e+00 5.629923324472917434e-01 7.503281498433147512e-01 7.503281498433147512e-01
1.163143100000000096e+00 5.528372690828784464e-01 7.435302744898008021e-01 7.435302744898008021e-01
1.169181800000000049e+00 5.428239933689900099e-01 7.367659013343316188e-01 7.367659013343316188e-01
1.175224599999999953e+00 5.329341600466703799e-01 7.300233969172976733e-01 7.300233969172976733e-01
1.181263299999999905e+00 5.231773586529054887e-01 7.233100017647381419e-01 7.233100017647381419e-01
1.187306100000000031e+00 5.135374747396256323e-01 7.166152906124915178e-01 7.166152906124915178e-01
1.193348800000000098e+00 5.040194603574873478e-01 7.099432796762621400e-01 7.099432796762621400e-01
1.199387500000000051e+00 4.946284580203589298e-01 7.032982710204532806e-01 7.032982710204532806e-01
1.205430299999999955e+00 4.853519592608548372e-01 6.966720600546966180e-01 6.966720600546966180e-01
1.211468999999999907e+00 4.762035410956688142e-01 6.900750257005892063e-01 6.900750257005892063e-01
1.217511800000000033e+00 4.671725934862585583e-01 6.835002512700770749e-01 6.835002512700770749e-01
1.223550499999999985e+00 4.582739016949144983e-01 6.769593057894355281e-01 6.769593057894355281e-01
1.229593299999999889e+00 4.494985148183808787e-01 6.704465040690277267e-01 6.704465040690277267e-01
1.235632000000000064e+00 4.408619376505487075e-01 6.639743501450554586e-01 6.639743501450554586e-01
1.241674799999999967e+00 4.323563686877709422e-01 6.575381119659687856e-01 6.575381119659687856e-01
1.247717500000000035e+00 4.239919644963195955e-01 6.511466536014137718e-01 6.511466536014137718e-01
1.253756199999999987e+00 4.157781222010304423e-01 6.448085934609047998e-01 6.448085934609047998e-01
1.259798999999999891e+00 4.077078709641164811e-01 6.385200630866006977e-01 6.385200630866006977e-01
1.265837700000000066e+00 3.997959692523740394e-01 6.322942109907175867e-01 6.322942109907175867e-01
1.271880499999999969e+00 3.920351326127077263e-01 6.261270898249873262e-01 6.261270898249873262e-01
1.277919199999999922e+00 3.844388926710999854e-01 6.200313642640185030e-01 6.200313642640185030e-01
1.283962000000000048e+00 3.769993927794080268e-01 6.140027628434647777e-01 6.140027628434647777e-01
1.290004799999999952e+00 3.697236887514622206e-01 6.080490841629992982e-01 6.080490841629992982e-01
1.296043499999999904e+00 3.626177243661683480e-01 6.021774857682478110e-01 6.021774857682478110e-01
1.302086300000000030e+00 3.556723229138897269e-01 5.963826983690000416e-01 5.963826983690000416e-01
1.308124999999999982e+00 3.488966640117916462e-01 5.906747531525210482e-01 5.906747531525210482e-01
1.314167700000000050e+00 3.422806931604667202e-01 5.850475990553817285e-01 5.850475990553817285e-01
1.320206400000000002e+00 3.358315101290371141e-01 5.795097153016824931e-01 5.795097153016824931e-01
1.326249199999999906e+00 3.295381413000831317e-01 5.740541275002585264e-01 5.740541275002585264e-01
1.332287900000000080e+00 3.234061815110825244e-01 5.686881232372297257e-01 5.686881232372297257e-01
1.338330699999999984e+00 3.174237923626784807e-01 5.634037560778935028e-01 5.634037560778935028e-01
1.344373500000000110e+00 3.115911784924446093e-01 5.582035278394831268e-01 5.582035278394831268e-01
1.350412200000000063e+00 3.059077144666215720e-01 5.530892463849045315e-01 5.530892463849045315e-01
1.356454999999999966e+00 3.003609044101382408e-01 5.480519176229002865e-01 5.480519176229002865e-01
1.362493699999999919e+00 2.949532395352790770e-01 5.430959763571068244e-01 5.430959763571068244e-01
1.368536399999999986e+00 2.896722451003800325e-01 5.382120818974431842e-01 5.382120818974431842e-01
1.374575099999999939e+00 2.845196060639042512e-01 5.334037926973375088e-01 5.334037926973375088e-01
1.380617900000000065e+00 2.794830913140380901e-01 5.286616037826448178e-01 5.286616037826448178e-01
1.386660699999999968e+00 2.745609826997395531e-01 5.239856703190838294e-01 5.239856703190838294e-01
1.392699399999999921e+00 2.697513924181801359e-01 5.193759644209386961e-01 5.193759644209386961e-01
1.398742200000000047e+00 2.650428828568613948e-01 5.148231568770594846e-01 5.148231568770594846e-01
1.404780899999999999e+00 2.604372078443556449e-01 5.103304888445875376e-01 5.103304888445875376e-01
1.410823699999999903e+00 2.559237904792673879e-01 5.058891088759149834e-01 5.058891088759149834e-01
1.416862400000000077e+00 2.515047932217161497e-01 5.015025356084614749e-01 5.015025356084614749e-01
1.422905099999999923e+00 2.471707071916958987e-01 4.971626566745493969e-01 4.971626566745493969e-01
1.428947900000000049e+00 2.429212434956329048e-01 4.928704124773903295e-01 4.928704124773903295e-01
1.434986600000000001e+00 2.387565105386477704e-01 4.886271692595979266e-01 4.886271692595979266e-01
1.441029399999999905e+00 2.346684971185595825e-01 4.844259459592968331e-01 4.844259459592968331e-01
1.447068100000000079e+00 2.306607879851566845e-01 4.802715773238686037e-01 4.802715773238686037e-01
1.453110899999999983e+00 2.267263421838009718e-01 4.761578962737055831e-01 4.761578962737055831e-01
1.459149599999999936e+00 2.228692312332896941e-01 4.720902786896693515e-01 4.720902786896693515e-01
1.465192400000000061e+00 2.190832356542083970e-01 4.680632816769634275e-01 4.680632816769634275e-01
1.471231100000000014e+00 2.153727483844495028e-01 4.640826956313384155e-01 4.640826956313384155e-01
1.477273800000000081e+00 2.117322267882883746e-01 4.601437023238375001e-01 4.601437023238375001e-01
1.483316599999999985e+00 2.081636536449199826e-01 4.562495519394183519e-01 4.562495519394183519e-01
1.489355299999999938e+00 2.046690617794891254e-01 4.524036491668575466e-01 4.524036491668575466e-01
1.495398100000000063e+00 2.012433355500843624e-01 4.486015331561901687e-01 4.486015331561901687e-01
1.501436800000000016e+00 1.978907044345162847e-01 4.448490805144103000e-01 4.448490805144103000e-01
1.507479599999999920e+00 1.946060967234672368e-01 4.411418102191938528e-01 4.411418102191938528e-01
1.513518300000000094e+00 1.913933077586238429e-01 4.374852086169586651e-01 4.374852086169586651e-01
1.519561099999999998e+00 1.882471335141046032e-01 4.338745596530229620e-01 4.338745596530229620e-01
1.525603800000000065e+00 1.851687819684669778e-01 4.303124236743194331e-01 4.303124236743194331e-01
1.531642500000000018e+00 1.821589033340508812e-01 4.268007771010391416e-01 4.268007771010391416e-01
1.537685299999999922e+00 1.792119656882260881e-01 4.233343426751792204e-01 4.233343426751792204e-01
1.543724000000000096e+00 1.763302499270822943e-01 4.199169559890172931e-01 4.199169559890172931e-01
1.549766800000000000e+00 1.735079144261879869e-01 4.165428122368551866e-01 4.165428122368551866e-01
1.555805499999999952e+00 1.707466771753975154e-01 4.132150495509541721e-01 4.132150495509541721e-01
1.561848300000000078e+00 1.680405212871568521e-01 4.099274585669479554e-01 4.099274585669479554e-01
1.567887000000000031e+00 1.653907384558311044e-01 4.066826016143684219e-01 4.066826016143684219e-01
1.573929799999999934e+00 1.627912757542099298e-01 4.034740087715811274e-01 4.034740087715811274e-01
1.579972500000000002e+00 1.602415103274014430e-01 4.003017740747615294e-01 4.003017740747615294e-01
1.586011300000000013e+00 1.577405389683481651e-01 3.971656316555451371e-01 3.971656316555451371e-01
1.592054000000000080e+00 1.552827405872117816e-01 3.940593110017980294e-01 3.940593110017980294e-01
1.598092700000000033e+00 1.528690507677157029e-01 3.909847193532193788e-01 3.909847193532193788e-01
1.604135499999999936e+00 1.504941061169785821e-01 3.879356984307819056e-01 3.879356984307819056e-01
1.610174200000000111e+00 1.481591898496718573e-01 3.849145227835290006e-01 3.849145227835290006e-01
1.616217000000000015e+00 1.458594024243368703e-01 3.819154388399830791e-01 3.819154388399830791e-01
1.622259799999999919e+00 1.435948435530754741e-01 3.789391026973535914e-01 3.789391026973535914e-01
1.628298500000000093e+00 1.413657592228971804e-01 3.759863816987221163e-01 3.759863816987221163e-01
1.634341299999999997e+00 1.391681113361036559e-01 3.730524243804128615e-01 3.730524243804128615e-01
1.640379999999999949e+00 1.370041098447851158e-01 3.701406622417822145e-01 3.701406622417822145e-01
1.646422700000000017e+00 1.348703030185872953e-01 3.672469237700804467e-01 3.672469237700804467e-01
1.652461399999999969e+00 1.327691721445145301e-01 3.643750432514753501e-01 3.643750432514753501e-01
1.658504200000000095e+00 1.306977338707505376e-01 3.615214155077822733e-01 3.615214155077822733e-01
1.664546999999999999e+00 1.286574073841085519e-01 3.586884544895591609e-01 3.586884544895591609e-01
1.670585699999999951e+00 1.266496418593327511e-01 3.558786898078230565e-01 3.558786898078230565e-01
1.676628500000000077e+00 1.246718872080069679e-01 3.530890641297277366e-01 3.530890641297277366e-01
1.682667200000000030e+00 1.227270482408568814e-01 3.503242044747363337e-01 3.503242044747363337e-01
1.688709999999999933e+00 1.208127168654379024e-01 3.475812377926028041e-01 3.475812377926028041e-01
1.694748700000000108e+00 1.189317043327496187e-01 3.448647623819366403e-01 3.448647623819366403e-01
1.700791399999999953e+00 1.170816543965677442e-01 3.421719661172840099e-01 3.421719661172840099e-01
1.706830099999999906e+00 1.152651154359893432e-01 3.395071655149407008e-01 3.395071655149407008e-01
1.712872900000000032e+00 1.134796650903438231e-01 3.368674295480995617e-01 3.368674295480995617e-01
1.718915699999999935e+00 1.117264636318425070e-01 3.342550876678506144e-01 3.342550876678506144e-01
1.724954400000000110e+00 1.100064803166787702e-01 3.316722483366354446e-01 3.316722483366354446e-01
1.730997200000000014e+00 1.083170876837006580e-01 3.291156144635205005e-01 3.291156144635205005e-01
1.737035899999999966e+00 1.066601867842653650e-01 3.265887119670019545e-01 3.265887119670019545e-01
1.743078700000000092e+00 1.050330448636664638e-01 3.240880202409007205e-01 3.240880202409007205e-01
1.749117400000000044e+00 1.034373091785341231e-01 3.216167115971029777e-01 3.216167115971029777e-01
1.755160099999999890e+00 1.018702144353262062e-01 3.191711365949718715e-01 3.191711365949718715e-01
1.761202900000000016e+00 1.003321326776173833e-01 3.167524785658628050e-01 3.167524785658628050e-01
1.767241599999999968e+00 9.882340869505099046e-02 3.143619071946392451e-01 3.143619071946392451e-01
1.773284400000000094e+00 9.734129035365625404e-02 3.119956575878200522e-01 3.119956575878200522e-01
1.779323100000000046e+00 9.588709691177486893e-02 3.096564175207335845e-01 3.096564175207335845e-01
1.785365899999999950e+00 9.445818899057530083e-02 3.073405098430327387e-01 3.073405098430327387e-01
1.791404599999999903e+00 9.305588434102105011e-02 3.050506258656439096e-01 3.050506258656439096e-01
1.797447400000000028e+00 9.167771237275636198e-02 3.027832762435144209e-01 3.027832762435144209e-01
1.803486099999999981e+00 9.032504240511803062e-02 3.005412490908994094e-01 3.005412490908994094e-01
1.809528800000000048e+00 8.899562980093461695e-02 2.983213532433349191e-01 2.983213532433349191e-01
1.815571599999999952e+00 8.769000244063515637e-02 2.961249777385135951e-01 2.961249777385135951e-01
1.821610299999999905e+00 8.640876497507905818e-02 2.939536782812541271e-01 2.939536782812541271e-01
1.827653100000000030e+00 8.514997065442260482e-02 2.918046789453908052e-01 2.918046789453908052e-01
1.833691799999999983e+00 8.391518764578181910e-02 2.896811827609481194e-01 2.896811827609481194e-01
1.839734600000000109e+00 8.270265786434430333e-02 2.875806980037852179e-01 2.875806980037852179e-01
1.845773300000000061e+00 8.151399398493903992e-02 2.855065568160196077e-01 2.855065568160196077e-01
1.851816099999999965e+00 8.034758597025733196e-02 2.834564974916915503e-01 2.834564974916915503e-01
1.857858800000000032e+00 7.920429523386533777e-02 2.814325767104180476e-01 2.814325767104180476e-01
1.863897499999999985e+00 7.808487380446750559e-02 2.794367080475783083e-01 2.794367080475783083e-01
1.869940300000000111e+00 7.698785402069550921e-02 2.774668521115549735e-01 2.774668521115549735e-01
1.875979000000000063e+00 7.591473924064473522e-02 2.755262950076539097e-01 2.755262950076539097e-01
1.882021799999999967e+00 7.486405466845852397e-02 2.736129650956959369e-01 2.736129650956959369e-01
1.888060499999999919e+00 7.383716321586150655e-02 2.717299453793444175e-01 2.717299453793444175e-01
1.894103300000000045e+00 7.283255039050308410e-02 2.698750644103731777e-01 2.698750644103731777e-01
1.900146099999999949e+00 7.185073346346135259e-02 2.680498712244819282e-01 2.680498712244819282e-01
1.906184799999999901e+00 7.089209154155783066e-02 2.662556882801902503e-01 2.662556882801902503e-01
1.912227600000000027e+00 6.995497560193891795e-02 2.644900293053387141e-01 2.644900293053387141e-01
1.918266299999999980e+00 6.904022240261215027e-02 2.627550616117835247e-01 2.627550616117835247e-01
1.924309000000000047e+00 6.814607855511135848e-02 2.610480387880961817e-01 2.610480387880961817e-01
1.930347700000000000e+00 6.727311173635741604e-02 2.593706069244497425e-01 2.593706069244497425e-01
1.936390499999999903e+00 6.641944623442909423e-02 2.577197047849253964e-01 2.577197047849253964e-01
1.942429200000000078e+00 6.558545187495483375e-02 2.560965674798372227e-01 2.560965674798372227e-01
1.948471999999999982e+00 6.476912981416065029e-02 2.544977992324504168e-01 2.544977992324504168e-01
1.954514800000000108e+00 6.397011800739196841e-02 2.529231464445118038e-01 2.529231464445118038e-01
1.960553500000000060e+00 6.318795108363949031e-02 2.513721366493102405e-01 2.513721366493102405e-01
1.966596299999999964e+00 6.242053330574153652e-02 2.498410160596965246e-01 2.498410160596965246e-01
1.972634999999999916e+00 6.166784529990426006e-02 2.483301135583525221e-01 2.483301135583525221e-01
1.978677699999999984e+00 6.092780363535169746e-02 2.468355801649180781e-01 2.468355801649180781e-01
1.984716399999999936e+00 6.020032099025491440e-02 2.453575370561396074e-01 2.453575370561396074e-01
1.990759200000000062e+00 5.948337696513898709e-02 2.438921420733742851e-01 2.438921420733742851e-01
1.996801999999999966e+00 5.877646487497378142e-02 2.424385795927986864e-01 2.424385795927986864e-01
2.002840700000000140e+00 5.807910886882371865e-02 2.409960764593974125e-01 2.409960764593974125e-01
2.008883500000000044e+00 5.738949039250227507e-02 2.395610368830922154e-01 2.395610368830922154e-01
2.014922199999999997e+00 5.670776332499017497e-02 2.381339188880705615e-01 2.381339188880705615e-01
2.020964999999999900e+00 5.603232095641325766e-02 2.367114719577681492e-01 2.367114719577681492e-01
2.027003699999999853e+00 5.536351124659304873e-02 2.352945202221952414e-01 2.352945202221952414e-01
2.033046399999999920e+00 5.469998709653381419e-02 2.338802836849096511e-01 2.338802836849096511e-01
2.039085099999999873e+00 5.404230096443791986e-02 2.324700001385940629e-01 2.324700001385940629e-01
2.045127900000000221e+00 5.338936906973663216e-02 2.310613967536261359e-01 2.310613967536261359e-01
2.051170700000000124e+00 5.274156015101017642e-02 2.296553072563536080e-01 2.296553072563536080e-01
2.057209400000000077e+00 5.209934540032556266e-02 2.282528102791410718e-01 2.282528102791410718e-01
2.063252199999999981e+00 5.146199716248501393e-02 2.268523686508144288e-01 2.268523686508144288e-01
2.069290899999999933e+00 5.083062014596523293e-02 2.254564706234115368e-01 2.254564706234115368e-01
2.075333699999999837e+00 5.020467828233311780e-02 2.240640048788138661e-01 2.240640048788138661e-01
2.081372399999999789e+00 4.958540665490455968e-02 2.226778090760382911e-01 2.226778090760382911e-01
2.087415099999999857e+00 4.897240723230963932e-02 2.212971017259594275e-01 2.212971017259594275e-01
2.093457900000000205e+00 4.836654326013975491e-02 2.199239488099005435e-01 2.199239488099005435e-01
2.099496600000000157e+00 4.776869778840574926e-02 2.185605128755094828e-01 2.185605128755094828e-01
2.105539400000000061e+00 4.717851830723727991e-02 2.172061654448079471e-01 2.172061654448079471e-01
2.111578100000000013e+00 4.659723682870705458e-02 2.158639312824332246e-01 2.158639312824332246e-01
2.117620899999999917e+00 4.602445169872072112e-02 2.145331016386998468e-01 2.145331016386998468e-01
2.123659599999999870e+00 4.546126975415080290e-02 2.132164856528472041e-01 2.132164856528472041e-01
2.129702400000000218e+00 4.490718697159400835e-02 2.119131590335862347e-01 2.119131590335862347e-01
2.135741100000000170e+00 4.436313821885153053e-02 2.106255877590648418e-01 2.106255877590648418e-01
2.141783799999999793e+00 4.382849377005724328e-02 2.093525585467186090e-01 2.093525585467186090e-01
2.147826600000000141e+00 4.330362393659840936e-02 2.080952280485989514e-01 2.080952280485989514e-01
2.153865300000000094e+00 4.278881529833278297e-02 2.068545752414792105e-01 2.068545752414792105e-01
2.159908099999999997e+00 4.228322045592532857e-02 2.056288414982813950e-01 2.056288414982813950e-01
2.165946799999999950e+00 4.178730443755025725e-02 2.044194326319057620e-01 2.044194326319057620e-01
2.171989599999999854e+00 4.130010885934291831e-02 2.032242821597431970e-01 2.032242821597431970e-01
2.178028299999999806e+00 4.082195756079706056e-02 2.020444445185193838e-01 2.020444445185193838e-01
2.184071100000000154e+00 4.035182357036683903e-02 2.008776333252829671e-01 2.008776333252829671e-01
2.190113800000000222e+00 3.988963737058155018e-02 1.997239028523665472e-01 1.997239028523665472e-01
2.196152600000000010e+00 3.943526445880091852e-02 1.985831424335935957e-01 1.985831424335935957e-01
2.202195300000000078e+00 3.898770068451963555e-02 1.974530341233571296e-01 1.974530341233571296e-01
2.208234000000000030e+00 3.854712698893428963e-02 1.963342226636362320e-01 1.963342226636362320e-01
2.214276799999999934e+00 3.811257247793267688e-02 1.952244156808586317e-01 1.952244156808586317e-01
2.220315499999999886e+00 3.768428110992976671e-02 1.941243959679714304e-01 1.941243959679714304e-01
2.226358299999999790e+00 3.726136720117623202e-02 1.930320367223436751e-01 1.930320367223436751e-01
2.232401100000000138e+00 3.684386698284029815e-02 1.919475631073244426e-01 1.919475631073244426e-01
2.238439800000000091e+00 3.643185320545806044e-02 1.908713001094141937e-01 1.908713001094141937e-01
2.244482599999999994e+00 3.602461380770775184e-02 1.898015116054341533e-01 1.898015116054341533e-01
2.250521299999999947e+00 3.562260063620695250e-02 1.887395047047834007e-01 1.887395047047834007e-01
2.256564000000000014e+00 3.522522236382050198e-02 1.876838361815436063e-01 1.876838361815436063e-01
2.262602699999999967e+00 3.483299744546060339e-02 1.866360025436158976e-01 1.866360025436158976e-01
2.268645499999999871e+00 3.444543052634495978e-02 1.855948019917178504e-01 1.855948019917178504e-01
2.274684199999999823e+00 3.406310921622511534e-02 1.845619386987065458e-01 1.845619386987065458e-01
2.280727000000000171e+00 3.368559925839741814e-02 1.835363703967075322e-01 1.835363703967075322e-01
2.286769800000000075e+00 3.331326168115777975e-02 1.825192090744362783e-01 1.825192090744362783e-01
2.292808500000000027e+00 3.294644983644141878e-02 1.815115694286218717e-01 1.815115694286218717e-01
2.298851299999999931e+00 3.258476988849391687e-02 1.805125200325282675e-01 1.805125200325282675e-01
2.304889999999999883e+00 3.222880741538734078e-02 1.795238352291620987e-01 1.795238352291620987e-01
2.310932699999999951e+00 3.187816350888523359e-02 1.785445700907345723e-01 1.785445700907345723e-01
2.316971399999999903e+00 3.153335911296364230e-02 1.775763472790327646e-01 1.775763472790327646e-01
2.323014199999999807e+00 3.119396212580052494e-02 1.766181251338619640e-01 1.766181251338619640e-01
2.329057000000000155e+00 3.086020898754307518e-02 1.756707402715178279e-01 1.756707402715178279e-01
2.335095700000000107e+00 3.053228898542972511e-02 1.747349106086981130e-01 1.747349106086981130e-01
2.341138500000000011e+00 3.020969279911830604e-02 1.738093576281734831e-01 1.738093576281734831e-01
2.347177199999999964e+00 2.989276216019273041e-02 1.728952346370273285e-01 1.728952346370273285e-01
2.353219999999999867e+00 2.958094016940314777e-02 1.719911049136063630e-01 1.719911049136063630e-01
2.359258699999999820e+00 2.927449582603815562e-02 1.710979129797852161e-01 1.710979129797852161e-01
2.365301399999999887e+00 2.897283949743162043e-02 1.702140989972088791e-01 1.702140989972088791e-01
2.371340099999999840e+00 2.867617236505699829e-02 1.693404038174498860e-01 1.693404038174498860e-01
2.377382900000000188e+00 2.838388316829819694e-02 1.684751707768779583e-01 1.684751707768779583e-01
2.383425700000000091e+00 2.809595148370205506e-02 1.676184699957079804e-01 1.676184699957079804e-01
2.389464400000000044e+00 2.781234060203231079e-02 1.667703229055826630e-01 1.667703229055826630e-01
2.395507199999999948e+00 2.753243861076093077e-02 1.659290167835660024e-01 1.659290167835660024e-01
2.401545899999999900e+00 2.725640508719070695e-02 1.650951395020177626e-01 1.650951395020177626e-01
2.407588699999999804e+00 2.698365621891063784e-02 1.642670271810829363e-01 1.642670271810829363e-01
2.413627400000000200e+00 2.671436951570431775e-02 1.634453104732721263e-01 1.634453104732721263e-01
2.419670099999999824e+00 2.644801137759284285e-02 1.626284457823810314e-01 1.626284457823810314e-01
2.425712900000000172e+00 2.618460866417471680e-02 1.618165895826961242e-01 1.618165895826961242e-01
2.431751600000000124e+00 2.592422060342549836e-02 1.610100015633361137e-01 1.610100015633361137e-01
2.437794400000000028e+00 2.566640209024749486e-02 1.602073721470004541e-01 1.602073721470004541e-01
2.443833099999999980e+00 2.541144249092487303e-02 1.594096687498122722e-01 1.594096687498122722e-01
2.449875899999999884e+00 2.515896671693493292e-02 1.586157833159579644e-01 1.586157833159579644e-01
2.455914599999999837e+00 2.490932001122798597e-02 1.578268672033630304e-01 1.578268672033630304e-01
2.461957400000000185e+00 2.466219653102169965e-02 1.570420215452593415e-01 1.570420215452593415e-01
2.468000099999999808e+00 2.441783256975560423e-02 1.562620637575083404e-01 1.562620637575083404e-01
2.474038800000000204e+00 2.417647085794949469e-02 1.554878479430128746e-01 1.554878479430128746e-01
2.480081600000000108e+00 2.393789825442012298e-02 1.547187714998413677e-01 1.547187714998413677e-01
2.486120300000000061e+00 2.370256751310702292e-02 1.539563818524812555e-01 1.539563818524812555e-01
2.492163099999999964e+00 2.347030215800103778e-02 1.532002028654043113e-01 1.532002028654043113e-01
2.498201799999999917e+00 2.324156916221671934e-02 1.524518585069290499e-01 1.524518585069290499e-01
2.504244599999999821e+00 2.301621327558481950e-02 1.517109530508091442e-01 1.517109530508091442e-01
2.510283300000000217e+00 2.279469332988687258e-02 1.509791155421400521e-01 1.509791155421400521e-01
2.516326100000000121e+00 2.257685389436590861e-02 1.502559612606631512e-01 1.502559612606631512e-01
2.522368900000000025e+00 2.236297885183542375e-02 1.495425653512585107e-01 1.495425653512585107e-01
2.528407599999999977e+00 2.215332300730305307e-02 1.488399241040623822e-01 1.488399241040623822e-01
2.534450300000000045e+00 2.194769592159258667e-02 1.481475478082326658e-01 1.481475478082326658e-01
2.540488999999999997e+00 2.174643384173079175e-02 1.474667211330434047e-01 1.474667211330434047e-01
2.546531799999999901e+00 2.154930109858716608e-02 1.467968020720722966e-01 1.467968020720722966e-01
2.552570499999999853e+00 2.135656737586289627e-02 1.461388633316370589e-01 1.461388633316370589e-01
2.558613300000000201e+00 2.116794004374081273e-02 1.454920617894351342e-01 1.454920617894351342e-01
2.564656100000000105e+00 2.098348737189595012e-02 1.448567822778621117e-01 1.448567822778621117e-01
2.570694800000000058e+00 2.080323436375419721e-02 1.442332637214945590e-01 1.442332637214945590e-01
2.576737599999999961e+00 2.062681053359604819e-02 1.436203694940103026e-01 1.436203694940103026e-01
2.582776299999999914e+00 2.045430318456881169e-02 1.430185414013470102e-01 1.430185414013470102e-01
2.588818999999999981e+00 2.028530621440399404e-02 1.424264940746769736e-01 1.424264940746769736e-01
2.594857699999999934e+00 2.011985143583310334e-02 1.418444621260664673e-01 1.418444621260664673e-01
2.600900499999999838e+00 1.995751290755507640e-02 1.412710618193091794e-01 1.412710618193091794e-01
2.606939199999999790e+00 1.979830088348649708e-02 1.407064351175400241e-01 1.407064351175400241e-01
2.612982000000000138e+00 1.964178882509694940e-02 1.401491663375025176e-01 1.401491663375025176e-01
2.619024800000000042e+00 1.948788119347859629e-02 1.395990014057356954e-01 1.395990014057356954e-01
2.625063499999999994e+00 1.933648682471354047e-02 1.390556968437954288e-01 1.390556968437954288e-01
2.631106299999999898e+00 1.918722361908752408e-02 1.385179541398425529e-01 1.385179541398425529e-01
2.637144999999999850e+00 1.904013866051206677e-02 1.379860089302972215e-01 1.379860089302972215e-01
2.643187699999999918e+00 1.889490338711681885e-02 1.374587333970338221e-01 1.374587333970338221e-01
2.649226399999999870e+00 1.875160576977760035e-02 1.369365026929547369e-01 1.369365026929547369e-01
2.655269200000000218e+00 1.860997737153564230e-02 1.364183908845711390e-01 1.364183908845711390e-01
2.661312000000000122e+00 1.847006808410098233e-02 1.359046286338363996e-01 1.359046286338363996e-01
2.667350700000000074e+00 1.833195039033792481e-02 1.353955331254983740e-01 1.353955331254983740e-01
2.673393499999999978e+00 1.819544119750664268e-02 1.348904785279770591e-01 1.348904785279770591e-01
2.679432199999999931e+00 1.806075223199685859e-02 1.343902981319591294e-01 1.343902981319591294e-01
2.685474999999999834e+00 1.792774518546763965e-02 1.338945300804616212e-01 1.338945300804616212e-01
2.691513699999999787e+00 1.779665850264096696e-02 1.334041172627028204e-01 1.334041172627028204e-01
2.697556399999999854e+00 1.766738259502848366e-02 1.329187067159039171e-01 1.329187067159039171e-01
2.703599200000000202e+00 1.754007202887813283e-02 1.324389369818337603e-01 1.324389369818337603e-01
2.709637900000000155e+00 1.741487991911645078e-02 1.319654497174031216e-01 1.319654497174031216e-01
2.715680700000000058e+00 1.729169509968888491e-02 1.314978900959588859e-01 1.314978900959588859e-01
2.721719400000000011e+00 1.717073088757687174e-02 1.310371355287380801e-01 1.310371355287380801e-01
2.727762199999999915e+00 1.705185233822896843e-02 1.305827413490349698e-01 1.305827413490349698e-01
2.733800899999999867e+00 1.693522969217953894e-02 1.301354282744692781e-01 1.301354282744692781e-01
2.739843700000000215e+00 1.682069051773966636e-02 1.296946048135375062e-01 1.296946048135375062e-01
2.745882400000000167e+00 1.670835155355650595e-02 1.292607889251667364e-01 1.292607889251667364e-01
2.751925099999999791e+00 1.659799803544451460e-02 1.288332179037864345e-01 1.288332179037864345e-01
2.757967900000000139e+00 1.648961427959743514e-02 1.284118930613416254e-01 1.284118930613416254e-01
2.764006600000000091e+00 1.638316114862204548e-02 1.279967231948616890e-01 1.279967231948616890e-01
2.770049399999999995e+00 1.627836010065214500e-02 1.275866768148310459e-01 1.275866768148310459e-01
2.776088099999999947e+00 1.617520109842933776e-02 1.271817640168170505e-01 1.271817640168170505e-01
2.782130899999999851e+00 1.607337690784309964e-02 1.267808223188471861e-01 1.267808223188471861e-01
2.788169599999999804e+00 1.597284806176023711e-02 1.263837333748304703e-01 1.263837333748304703e-01
2.794212400000000152e+00 1.587329402912970172e-02 1.259892615627605794e-01 1.259892615627605794e-01
2.800255100000000219e+00 1.577459930498282745e-02 1.255969717189981683e-01 1.255969717189981683e-01
2.806293900000000008e+00 1.567664242065998706e-02 1.252063992799888337e-01 1.252063992799888337e-01
2.812336600000000075e+00 1.557912125939596437e-02 1.248163501284826199e-01 1.248163501284826199e-01
2.818375300000000028e+00 1.548199905679179152e-02 1.244266814505304991e-01 1.244266814505304991e-01
2.824418099999999932e+00 1.538499587003301292e-02 1.240362683654785414e-01 1.240362683654785414e-01
2.830456799999999884e+00 1.528811144915336907e-02 1.236451028110429062e-01 1.236451028110429062e-01
2.836499599999999788e+00 1.519110222443685598e-02 1.232521895320194960e-01 1.232521895320194960e-01
2.842538300000000184e+00 1.509400953093384401e-02 1.228576799835233851e-01 1.228576799835233851e-01
2.848581100000000088e+00 1.499663369007069903e-02 1.224607434652864590e-01 1.224607434652864590e-01
2.854623899999999992e+00 1.489899548906014823e-02 1.220614414508535417e-01 1.220614414508535417e-01
2.860662599999999944e+00 1.480113877240043022e-02 1.216599308416720648e-01 1.216599308416720648e-01
2.866705300000000012e+00 1.470293093223779685e-02 1.212556428882293202e-01 1.212556428882293202e-01
2.872743999999999964e+00 1.460452036771438776e-02 1.208491637029995708e-01 1.208491637029995708e-01
2.878786799999999868e+00 1.450581118820407252e-02 1.204400730164345013e-01 1.204400730164345013e-01
2.884825499999999820e+00 1.440698873643186766e-02 1.200291162028274961e-01 1.200291162028274961e-01
2.890868300000000168e+00 1.430798291367565457e-02 1.196159810128882978e-01 1.196159810128882978e-01
2.896911100000000072e+00 1.420893469581231174e-02 1.192012361337428106e-01 1.192012361337428106e-01
2.902949800000000025e+00 1.410999203044532857e-02 1.187854874572029928e-01 1.187854874572029928e-01
2.908992599999999928e+00 1.401110524174932134e-02 1.183685145710180880e-01 1.183685145710180880e-01
2.915031299999999881e+00 1.391249418312339933e-02 1.179512364628849397e-01 1.179512364628849397e-01
2.921073999999999948e+00 1.381411067254773722e-02 1.175334449105774198e-01 1.175334449105774198e-01
2.927112699999999901e+00 1.371616484251972704e-02 1.171160315350538439e-01 1.171160315350538439e-01
2.933155499999999805e+00 1.361859890013015356e-02 1.166987527788114487e-01 1.166987527788114487e-01
2.939198300000000152e+00 1.352154478927844461e-02 1.162821774360905391e-01 1.162821774360905391e-01
2.945237000000000105e+00 1.342512317257065282e-02 1.158668337902208079e-01 1.158668337902208079e-01
2.951279800000000009e+00 1.332924735610519981e-02 1.154523596818410602e-01 1.154523596818410602e-01
2.957318499999999961e+00 1.323407966433268364e-02 1.150394700280416155e-01 1.150394700280416155e-01
2.963361299999999865e+00 1.313951066075391173e-02 1.146277045951541035e-01 1.146277045951541035e-01
2.969399999999999817e+00 1.304567591169420240e-02 1.142176689995650501e-01 1.142176689995650501e-01
2.975442699999999885e+00 1.295244451707812210e-02 1.138088068520100166e-01 1.138088068520100166e-01
2.981481399999999837e+00 1.285992328833105228e-02 1.134016017890887296e-01 1.134016017890887296e-01
2.987524200000000185e+00 1.276796087588606687e-02 1.129954020121441416e-01 1.129954020121441416e-01
2.993567000000000089e+00 1.267658370102934216e-02 1.125903357354854917e-01 1.125903357354854917e-01
2.999605700000000041e+00 1.258580884489460261e-02 1.121864913654696816e-01 1.121864913654696816e-01
3.005648499999999945e+00 1.249546273883878934e-02 1.117831057845450476e-01 1.117831057845450476e-01
3.011687199999999898e+00 1.240561376290137165e-02 1.113804909438873419e-01 1.113804909438873419e-01
3.017729999999999801e+00 1.231608379510518332e-02 1.109778527234383944e-01 1.109778527234383944e-01
3.023768700000000198e+00 1.222693859278907100e-02 1.105754882095895258e-01 1.105754882095895258e-01
3.029811399999999821e+00 1.213800529882202127e-02 1.101726159207541966e-01 1.101726159207541966e-01
3.035854200000000169e+00 1.204929290936116240e-02 1.097692712436461604e-01 1.097692712436461604e-01
3.041892900000000122e+00 1.196082080491570748e-02 1.093655375560130816e-01 1.093655375560130816e-01
3.047935700000000026e+00 1.187243508946939606e-02 1.089607043363312461e-01 1.089607043363312461e-01
3.053974399999999978e+00 1.178423176255995533e-02 1.085552014532696480e-01 1.085552014532696480e-01
3.060017199999999882e+00 1.169607802626925624e-02 1.081484074143917173e-01 1.081484074143917173e-01
3.066055899999999834e+00 1.160809216293800551e-02 1.077408565166344256e-01 1.077408565166344256e-01
3.072098700000000182e+00 1.152016536156241604e-02 1.073320332499222568e-01 1.073320332499222568e-01
3.078137400000000135e+00 1.143243946693499845e-02 1.069225863273751825e-01 1.069225863273751825e-01
3.084180100000000202e+00 1.134483065655958640e-02 1.065121150694116475e-01 1.065121150694116475e-01
3.090222900000000106e+00 1.125743979687367224e-02 1.061010829203626604e-01 1.061010829203626604e-01
3.096261600000000058e+00 1.117038033274363185e-02 1.056900200243316851e-01 1.056900200243316851e-01
3.102304399999999962e+00 1.108359401082030342e-02 1.052786493588339228e-01 1.052786493588339228e-01
3.108343099999999914e+00 1.099726337542108502e-02 1.048678376596994810e-01 1.048678376596994810e-01
3.114385899999999818e+00 1.091133852875067999e-02 1.044573526792187124e-01 1.044573526792187124e-01
3.120424600000000215e+00 1.082600331391926803e-02 1.040480817406994191e-01 1.040480817406994191e-01
3.126467400000000119e+00 1.074120655725084583e-02 1.036397923446918390e-01 1.036397923446918390e-01
3.132510200000000022e+00 1.065706599528617321e-02 1.032330663851760838e-01 1.032330663851760838e-01
3.138548899999999975e+00 1.057369008624928393e-02 1.028284497901688910e-01 1.028284497901688910e-01
3.144591600000000042e+00 1.049100941694837419e-02 1.024256287115113268e-01 1.024256287115113268e-01
3.150630299999999995e+00 1.040916444595577431e-02 1.020253127706833990e-01 1.020253127706833990e-01
3.156673099999999899e+00 1.032806364647588168e-02 1.016270812651622057e-01 1.016270812651622057e-01
3.162711799999999851e+00 1.024782161947279321e-02 1.012315248303254228e-01 1.012315248303254228e-01
3.168754600000000199e+00 1.016831989425024015e-02 1.008380875178136321e-01 1.008380875178136321e-01
3.174797400000000103e+00 1.008958980063530061e-02 1.004469501808556708e-01 1.004469501808556708e-01
3.180836100000000055e+00 1.001164737989206424e-02 1.000582199516464738e-01 1.000582199516464738e-01
3.186878899999999959e+00 9.934338180022752804e-03 9.967115018912318936e-02 9.967115018912318936e-02
3.192917599999999911e+00 9.857708227119673511e-03 9.928599209918624602e-02 9.928599209918624602e-02
3.198960299999999979e+00 9.781587536263011001e-03 9.890190865834193323e-02 9.890190865834193323e-02
3.204998999999999931e+00 9.706003905837883375e-03 9.851905351675828426e-02 9.851905351675828426e-02
3.211041799999999835e+00 9.630779663387115108e-03 9.813653582324532998e-02 9.813653582324532998e-02
3.217080499999999788e+00 9.555940120217756503e-03 9.775448900289826493e-02 9.775448900289826493e-02
3.223123300000000135e+00 9.481309003034203362e-03 9.737201344859930385e-02 9.737201344859930385e-02
3.229166100000000039e+00 9.406867348596439221e-03 9.698900632853416082e-02 9.698900632853416082e-02
3.235204799999999992e+00 9.332602891583434424e-03 9.660539783875139730e-02 9.660539783875139730e-02
3.241247599999999895e+00 9.258361490165106095e-03 9.622037980680135660e-02 9.622037980680135660e-02
3.247286299999999848e+00 9.184201678601578919e-03 9.583424063768429535e-02 9.583424063768429535e-02
3.253328999999999915e+00 9.109994063254368488e-03 9.544628889199605060e-02 9.544628889199605060e-02
3.259367699999999868e+00 9.035820105549853543e-03 9.505693086540220604e-02 9.505693086540220604e-02
3.265410500000000216e+00 8.961576918486938159e-03 9.466560578418614647e-02 9.466560578418614647e-02
3.271453300000000119e+00 8.887324647792797100e-03 9.427260815206502109e-02 9.427260815206502109e-02
3.277492000000000072e+00 8.813135921975804449e-03 9.387830378727453351e-02 9.387830378727453351e-02
3.283534799999999976e+00 8.738943563499006889e-03 9.348231684922558848e-02 9.348231684922558848e-02
3.289573499999999928e+00 8.664891535301855879e-03 9.308539915207893201e-02 9.308539915207893201e-02
3.295616299999999832e+00 8.590930503262036305e-03 9.268727260666394241e-02 9.268727260666394241e-02
3.301654999999999784e+00 8.517217805200634137e-03 9.228877399337707954e-02 9.228877399337707954e-02
3.307697699999999852e+00 8.443715152342113825e-03 9.188969013084173632e-02 9.188969013084173632e-02
3.313736399999999804e+00 8.370581672804354098e-03 9.149088300374171034e-02 9.149088300374171034e-02
3.319779200000000152e+00 8.297780187672432542e-03 9.109215217389712849e-02 9.109215217389712849e-02
3.325822000000000056e+00 8.225418330034097239e-03 9.069409203489550708e-02 9.069409203489550708e-02
3.331860700000000008e+00 8.153597548385580276e-03 9.029727320570417326e-02 9.029727320570417326e-02
3.337903499999999912e+00 8.082266509284417866e-03 8.990142662541245056e-02 8.990142662541245056e-02
3.343942199999999865e+00 8.011560198774908895e-03 8.950731924694711739e-02 8.950731924694711739e-02
3.349985000000000213e+00 7.941411891427555686e-03 8.911459976584956699e-02 8.911459976584956699e-02
3.356023700000000165e+00 7.871936513508374228e-03 8.872393427654329257e-02 8.872393427654329257e-02
3.362066399999999788e+00 7.803050863093363883e-03 8.833487908574598479e-02 8.833487908574598479e-02
3.368109200000000136e+00 7.734800453496067964e-03 8.794771431649640869e-02 8.794771431649640869e-02
3.374147900000000089e+00 7.667223403929753281e-03 8.756268271318412566e-02 8.756268271318412566e-02
3.380190699999999993e+00 7.600210964818046241e-03 8.717918882863069652e-02 8.717918882863069652e-02
3.386229399999999945e+00 7.533829882809104164e-03 8.679763754163534462e-02 8.679763754163534462e-02
3.392272199999999849e+00 7.467959863507980973e-03 8.641735857747551153e-02 8.641735857747551153e-02
3.398310899999999801e+00 7.402655656398489555e-03 8.603868697509561847e-02 8.603868697509561847e-02
3.404353700000000149e+00 7.337790934915403192e-03 8.566090668978121325e-02 8.566090668978121325e-02
3.410392400000000102e+00 7.273414689051371264e-03 8.528431678246224668e-02 8.528431678246224668e-02
3.416435200000000005e+00 7.209400568682828615e-03 8.490818905548998263e-02 8.490818905548998263e-02
3.422477900000000073e+00 7.145756139244582514e-03 8.453257442693072610e-02 8.453257442693072610e-02
3.428516600000000025e+00 7.082487790697504157e-03 8.415751773132038038e-02 8.415751773132038038e-02
3.434559399999999929e+00 7.019480534066075902e-03 8.378234022791483659e-02 8.378234022791483659e-02
3.440598099999999882e+00 6.956794999486496690e-03 8.340740374503030630e-02 8.340740374503030630e-02
3.446640899999999785e+00 6.894327248357677747e-03 8.303208565583354572e-02 8.303208565583354572e-02
3.452679600000000182e+00 6.832149933418669649e-03 8.265682024744643031e-02 8.265682024744643031e-02
3.458722400000000086e+00 6.770173578514617277e-03 8.228106451981899438e-02 8.228106451981899438e-02
3.464765199999999989e+00 6.708442681471013525e-03 8.190508336770688236e-02 8.190508336770688236e-02
3.470803899999999942e+00 6.647008250210241671e-03 8.152918649299918663e-02 8.152918649299918663e-02
3.476846600000000009e+00 6.585804159192704815e-03 8.115296765487202413e-02 8.115296765487202413e-02
3.482885299999999962e+00 6.524934131513507145e-03 8.077706439029279373e-02 8.077706439029279373e-02
3.488928099999999866e+00 6.464345011731559981e-03 8.040115056223735845e-02 8.040115056223735845e-02
3.494966799999999818e+00 6.404152423269067126e-03 8.002594843717297790e-02 8.002594843717297790e-02
3.501009600000000166e+00 6.344312055721445208e-03 7.965118992031094969e-02 7.965118992031094969e-02
3.507052400000000070e+00 6.284905268651680248e-03 7.927739443657114138e-02 7.927739443657114138e-02
3.513091100000000022e+00 6.226014004401380503e-03 7.890509492042564743e-02 7.890509492042564743e-02
3.519133899999999926e+00 6.167600945025044842e-03 7.853407505678694500e-02 7.853407505678694500e-02
3.525172599999999878e+00 6.109787274255144840e-03 7.816512824946393601e-02 7.816512824946393601e-02
3.531215299999999946e+00 6.052535453583505337e-03 7.779804273619937705e-02 7.779804273619937705e-02
3.537253999999999898e+00 5.995958140477445665e-03 7.743357243778338506e-02 7.743357243778338506e-02
3.543296799999999802e+00 5.940012096151777235e-03 7.707147394562904874e-02 7.707147394562904874e-02
3.549335500000000199e+00 5.884800561600786635e-03 7.671245375817922763e-02 7.671245375817922763e-02
3.555378300000000102e+00 5.830269728379538878e-03 7.635620294631954852e-02 7.635620294631954852e-02
3.561421100000000006e+00 5.776471574949646089e-03 7.600310240345223289e-02 7.600310240345223289e-02
3.567459799999999959e+00 5.723448630614261234e-03 7.565347732004300274e-02 7.565347732004300274e-02
3.573502599999999862e+00 5.671127867941674894e-03 7.530689123806449947e-02 7.530689123806449947e-02
3.579541299999999815e+00 5.619571352711655310e-03 7.496380028194711553e-02 7.496380028194711553e-02
3.585583999999999882e+00 5.568693185927107471e-03 7.462367711341426346e-02 7.462367711341426346e-02
3.591622699999999835e+00 5.518536608064929239e-03 7.428685353455838358e-02 7.428685353455838358e-02
3.597665500000000183e+00 5.469003416874900977e-03 7.395271067969652612e-02 7.395271067969652612e-02
3.603708300000000087e+00 5.420090971814024022e-03 7.362126711633007470e-02 7.362126711633007470e-02
3.609747000000000039e+00 5.371790038077753175e-03 7.329249646503899207e-02 7.329249646503899207e-02
3.615789799999999943e+00 5.323989524869022702e-03 7.296567360662836732e-02 7.296567360662836732e-02
3.621828499999999895e+00 5.276706528316742716e-03 7.264094250707890665e-02 7.264094250707890665e-02
3.627871299999999799e+00 5.229828197891409590e-03 7.231755110546408960e-02 7.231755110546408960e-02
3.633910000000000196e+00 5.183370242846812616e-03 7.199562655360958185e-02 7.199562655360958185e-02
3.639952699999999819e+00 5.137224619934618527e-03 7.167443491186113735e-02 7.167443491186113735e-02
3.645991400000000215e+00 5.091410448888703325e-03 7.135412005545792302e-02 7.135412005545792302e-02
3.652034200000000119e+00 5.045829351576367784e-03 7.103400137663912206e-02 7.103400137663912206e-02
3.658077000000000023e+00 5.000481871742321754e-03 7.071408538433004987e-02 7.071408538433004987e-02
3.664115699999999975e+00 4.955375210782405129e-03 7.039442599227871411e-02 7.039442599227871411e-02
3.670158499999999879e+00 4.910432829777005952e-03 7.007448058870650864e-02 7.007448058870650864e-02
3.676197199999999832e+00 4.865708967462780733e-03 6.975463402142384473e-02 6.975463402142384473e-02
3.682240000000000180e+00 4.821144852689360390e-03 6.943446444446274568e-02 6.943446444446274568e-02
3.688278700000000132e+00 4.776811489704497170e-03 6.911448104199652276e-02 6.911448104199652276e-02
3.694321400000000200e+00 4.732668087250691685e-03 6.879438994024651699e-02 6.879438994024651699e-02
3.700364200000000103e+00 4.688769453688426854e-03 6.847458983950489853e-02 6.847458983950489853e-02
3.706402900000000056e+00 4.645178320836182081e-03 6.815554504833910843e-02 6.815554504833910843e-02
3.712445699999999960e+00 4.601873148605501417e-03 6.783710746048582374e-02 6.783710746048582374e-02
3.718484399999999912e+00 4.558954063720615200e-03 6.752002713062706107e-02 6.752002713062706107e-02
3.724527199999999816e+00 4.516406384987891112e-03 6.720421404188796355e-02 6.720421404188796355e-02
3.730565900000000212e+00 4.474331991017627130e-03 6.689044768139638941e-02 6.689044768139638941e-02
3.736608700000000116e+00 4.432716890763124459e-03 6.657865191458238463e-02 6.657865191458238463e-02
3.742651500000000020e+00 4.391630366052553386e-03 6.626937728734556832e-02 6.626937728734556832e-02
3.748690199999999972e+00 4.351136212737903922e-03 6.596314283551008018e-02 6.596314283551008018e-02
3.754732900000000040e+00 4.311211249058654466e-03 6.565981456765358770e-02 6.565981456765358770e-02
3.760771599999999992e+00 4.271933072646305098e-03 6.536002656552630796e-02 6.536002656552630796e-02
3.766814399999999896e+00 4.233266591813319990e-03 6.506355809370803489e-02 6.506355809370803489e-02
3.772853099999999849e+00 4.195274149234639108e-03 6.477093599165167914e-02 6.477093599165167914e-02
3.778895900000000196e+00 4.157906127022548137e-03 6.448182788214480710e-02 6.448182788214480710e-02
3.784934600000000149e+00 4.121207391652836026e-03 6.419663068769915215e-02 6.419663068769915215e-02
3.790977400000000053e+00 4.085114826561121563e-03 6.391490300830567073e-02 6.391490300830567073e-02
3.797020199999999956e+00 4.049633488730905971e-03 6.363673065715197419e-02 6.363673065715197419e-02
3.803058899999999909e+00 4.014760889186556013e-03 6.336214081915600427e-02 6.336214081915600427e-02
3.809101599999999976e+00 3.980419475654990019e-03 6.309056566282307543e-02 6.309056566282307543e-02
3.815140299999999929e+00 3.946620415965190753e-03 6.282213316949043780e-02 6.282213316949043780e-02
3.821183099999999833e+00 3.913281824153668279e-03 6.255622929935650278e-02 6.255622929935650278e-02
3.827221799999999785e+00 3.880411549606097455e-03 6.229294943736488066e-02 6.229294943736488066e-02
3.833264600000000133e+00 3.847928029110230744e-03 6.203166956571643659e-02 6.203166956571643659e-02
3.839307400000000037e+00 3.815818565666569042e-03 6.177231229010752417e-02 6.177231229010752417e-02
3.845346099999999989e+00 3.784072407832072670e-03 6.151481453952432205e-02 6.151481453952432205e-02
3.851388899999999893e+00 3.752618251372061720e-03 6.125861777229438948e-02 6.125861777229438948e-02
3.857427599999999845e+00 3.721475416819373418e-03 6.100389673471173779e-02 6.100389673471173779e-02
3.863470299999999913e+00 3.690584169483537239e-03 6.075017834939694383e-02 6.075017834939694383e-02
3.869508999999999865e+00 3.659973280154186701e-03 6.049771301589992184e-02 6.049771301589992184e-02
3.875551800000000213e+00 3.629595529859607362e-03 6.024612460448893619e-02 6.024612460448893619e-02
3.881590500000000166e+00 3.599491873866050937e-03 5.999576546612311184e-02 5.999576546612311184e-02
3.887633300000000069e+00 3.569626776368336162e-03 5.974635366587936064e-02 5.974635366587936064e-02
3.893676099999999973e+00 3.540031236607803569e-03 5.949816162376618534e-02 5.949816162376618534e-02
3.899714799999999926e+00 3.510739994048647783e-03 5.925149782114075281e-02 5.925149782114075281e-02
3.905757599999999830e+00 3.481731906283765110e-03 5.900620226962387249e-02 5.900620226962387249e-02
3.911796299999999782e+00 3.453067751571736038e-03 5.876280925527417598e-02 5.876280925527417598e-02
3.917838999999999849e+00 3.424732358099677292e-03 5.852121288985454028e-02 5.852121288985454028e-02
3.923877699999999802e+00 3.396787377555297426e-03 5.828196442773096037e-02 5.828196442773096037e-02
3.929920500000000150e+00 3.369219401797006377e-03 5.804497740370829356e-02 5.804497740370829356e-02
3.935963300000000054e+00 3.342070592061026444e-03 5.781064427993366089e-02 5.781064427993366089e-02
3.942002000000000006e+00 3.315380095358293460e-03 5.757933739943777579e-02 5.757933739943777579e-02
3.948044799999999910e+00 3.289130194797478847e-03 5.735093891818580231e-02 5.735093891818580231e-02
3.954083499999999862e+00 3.263371734301693822e-03 5.712592873907341301e-02 5.712592873907341301e-02
3.960126300000000210e+00 3.238081163661036405e-03 5.690414012759560658e-02 5.690414012759560658e-02
3.966165000000000163e+00 3.213300030939674531e-03 5.668597737482943683e-02 5.668597737482943683e-02
3.972207699999999786e+00 3.188997887458400009e-03 5.647121290939659255e-02 5.647121290939659255e-02
3.978246500000000019e+00 3.165204792576318833e-03 5.626015279552943477e-02 5.626015279552943477e-02
3.984289200000000086e+00 3.141883797817636870e-03 5.605250929099996060e-02 5.605250929099996060e-02
3.990331999999999990e+00 3.119039512174735015e-03 5.584836176804772873e-02 5.584836176804772873e-02
3.996370699999999943e+00 3.096672782095328570e-03 5.564775630782725635e-02 5.564775630782725635e-02
4.002413500000000290e+00 3.074735033474316082e-03 5.545029335787427655e-02 5.545029335787427655e-02
4.008452199999999799e+00 3.053234707675835623e-03 5.525608299251617839e-02 5.525608299251617839e-02
4.014495000000000147e+00 3.032118682317262032e-03 5.506467726516938582e-02 5.506467726516938582e-02
4.020533699999999655e+00 3.011389753292752994e-03 5.487613099784598852e-02 5.487613099784598852e-02
4.026576500000000003e+00 2.990992603706195754e-03 5.468996803533712064e-02 5.468996803533712064e-02
4.032619200000000070e+00 2.970913981571462938e-03 5.450609123365445646e-02 5.450609123365445646e-02
4.038657899999999579e+00 2.951138882619636517e-03 5.432438570862662547e-02 5.432438570862662547e-02
4.044700699999999927e+00 2.931613925529179786e-03 5.414438036887281314e-02 5.414438036887281314e-02
4.050739400000000323e+00 2.912340222541028815e-03 5.396610253243260685e-02 5.396610253243260685e-02
4.056782199999999783e+00 2.893268271912005554e-03 5.378910923144206158e-02 5.378910923144206158e-02
4.062820900000000179e+00 2.874403277235316068e-03 5.361346171658118442e-02 5.361346171658118442e-02
4.068863699999999639e+00 2.855702043457562529e-03 5.343876910500056088e-02 5.343876910500056088e-02
4.074902400000000036e+00 2.837175893716329181e-03 5.326514708246218172e-02 5.326514708246218172e-02
4.080932899999999641e+00 2.818826683434851651e-03 5.309262362546092462e-02 5.309262362546092462e-02
4.087004199999999976e+00 2.800500228134152666e-03 5.291975272177821404e-02 5.291975272177821404e-02
4.093034799999999862e+00 2.782440310613398023e-03 5.274884179404698559e-02 5.274884179404698559e-02
4.099065300000000356e+00 2.764525633308615067e-03 5.257875648309510291e-02 5.257875648309510291e-02
4.105095900000000242e+00 2.746761113809686409e-03 5.240955174211744949e-02 5.240955174211744949e-02
4.111167199999999688e+00 2.729037768545172077e-03 5.224019303702056444e-02 5.224019303702056444e-02
4.117197700000000182e+00 2.711605578515385948e-03 5.207307921100293169e-02 5.207307921100293169e-02
4.123228300000000068e+00 2.694359107728359123e-03 5.190721633576933502e-02 5.190721633576933502e-02
4.129258899999999954e+00 2.677315017196690242e-03 5.174277743991610029e-02 5.174277743991610029e-02
4.135330200000000289e+00 2.660378089300672027e-03 5.157885312122276883e-02 5.157885312122276883e-02
4.141360699999999895e+00 2.643793735785610142e-03 5.141783480258197564e-02 5.141783480258197564e-02
4.147391299999999781e+00 2.627464701714393551e-03 5.125880121222494562e-02 5.125880121222494562e-02
4.153421800000000275e+00 2.611407987980930191e-03 5.110193722336688754e-02 5.110193722336688754e-02
4.159493099999999721e+00 2.595532206664907630e-03 5.094636598095007851e-02 5.094636598095007851e-02
4.165523699999999607e+00 2.580062534212304321e-03 5.079431596362238982e-02 5.079431596362238982e-02
4.171554200000000101e+00 2.564900602030081335e-03 5.064484773429654002e-02 5.064484773429654002e-02
4.177584799999999987e+00 2.550051011936153248e-03 5.049802978271680093e-02 5.049802978271680093e-02
4.183656100000000322e+00 2.535418026723546339e-03 5.035293463864391750e-02 5.035293463864391750e-02
4.189686599999999927e+00 2.521194810394943898e-03 5.021150077815782209e-02 5.021150077815782209e-02
4.195717199999999814e+00 2.507274146838078897e-03 5.007268863200855374e-02 5.007268863200855374e-02
4.201747700000000307e+00 2.493644672244375339e-03 4.993640628083257510e-02 4.993640628083257510e-02
4.207818999999999754e+00 2.480200908415781513e-03 4.980161552013932097e-02 4.980161552013932097e-02
4.213849599999999640e+00 2.467103879646487165e-03 4.966994946289443602e-02 4.966994946289443602e-02
4.219880200000000414e+00 2.454240236988508139e-03 4.954028902810830859e-02 4.954028902810830859e-02
4.225910700000000020e+00 2.441585596895272381e-03 4.941240326977906078e-02 4.941240326977906078e-02
4.231982000000000355e+00 2.429029850833616753e-03 4.928518896010865985e-02 4.928518896010865985e-02
4.238012600000000241e+00 2.416714696003393736e-03 4.916009251418668180e-02 4.916009251418668180e-02
4.244043099999999846e+00 2.404529143484209191e-03 4.903599844485894560e-02 4.903599844485894560e-02
4.250073699999999732e+00 2.392447515809245379e-03 4.891265189916863682e-02 4.891265189916863682e-02
4.256145000000000067e+00 2.380365991176319578e-03 4.878899457025446390e-02 4.878899457025446390e-02
4.262175499999999673e+00 2.368426183186767269e-03 4.866647905064395985e-02 4.866647905064395985e-02
4.268206099999999559e+00 2.356529501979141416e-03 4.854409852885457899e-02 4.854409852885457899e-02
4.274277399999999894e+00 2.344583222891046242e-03 4.842089655191285369e-02 4.842089655191285369e-02
4.280307900000000387e+00 2.332739194020427235e-03 4.829843883626495915e-02 4.829843883626495915e-02
4.286338500000000273e+00 2.320913065729124803e-03 4.817585563048283614e-02 4.817585563048283614e-02
4.292368999999999879e+00 2.309106174359101381e-03 4.805315987902462199e-02 4.805315987902462199e-02
4.298440300000000214e+00 2.297244262925951779e-03 4.792957607705237988e-02 4.792957607705237988e-02
4.304470900000000100e+00 2.285496496978506667e-03 4.780686662999894532e-02 4.780686662999894532e-02
4.310501499999999986e+00 2.273797017126594124e-03 4.768434771627472202e-02 4.768434771627472202e-02
4.316531999999999591e+00 2.262163035135838444e-03 4.756220174819326268e-02 4.756220174819326268e-02
4.322603299999999926e+00 2.250536139081743547e-03 4.743981596804253825e-02 4.743981596804253825e-02
4.328633899999999812e+00 2.239093889193940860e-03 4.731906475400735057e-02 4.731906475400735057e-02
4.334664400000000306e+00 2.227780509318473632e-03 4.719936979789533110e-02 4.719936979789533110e-02
4.340695000000000192e+00 2.216617976119204282e-03 4.708097254857002839e-02 4.708097254857002839e-02
4.346766299999999639e+00 2.205554507000251872e-03 4.696333151513265580e-02 4.696333151513265580e-02
4.352796800000000133e+00 2.194758694443263089e-03 4.684825177574146460e-02 4.684825177574146460e-02
4.358827400000000019e+00 2.184173055404730040e-03 4.673513726742149765e-02 4.673513726742149765e-02
4.364857899999999624e+00 2.173812648001293042e-03 4.662416377803781098e-02 4.662416377803781098e-02
4.370929199999999959e+00 2.163620891129752668e-03 4.651473842912322298e-02 4.651473842912322298e-02
4.376959799999999845e+00 2.153742098941672720e-03 4.640842702507458339e-02 4.640842702507458339e-02
4.382990300000000339e+00 2.144110723601073878e-03 4.630454322851132454e-02 4.630454322851132454e-02
4.389020900000000225e+00 2.134725791370230708e-03 4.620309287667039716e-02 4.620309287667039716e-02
4.395092199999999671e+00 2.125521913954545299e-03 4.610338289057046290e-02 4.610338289057046290e-02
4.401122799999999557e+00 2.116614008242822392e-03 4.600667351855405179e-02 4.600667351855405179e-02
4.407153300000000051e+00 2.107927836092452108e-03 4.591217524897347330e-02 4.591217524897347330e-02
4.413183899999999937e+00 2.099448267595446088e-03 4.581973666004035550e-02 4.581973666004035550e-02
4.419255200000000272e+00 2.091102827300697197e-03 4.572857779661092248e-02 4.572857779661092248e-02
4.425285699999999878e+00 2.082984322954535474e-03 4.563972308148390999e-02 4.563972308148390999e-02
4.431316299999999764e+00 2.075015621125384999e-03 4.555233935952560098e-02 4.555233935952560098e-02
4.437346800000000258e+00 2.067176150448544244e-03 4.546620888581479752e-02 4.546620888581479752e-02
4.443418099999999704e+00 2.059393065111876468e-03 4.538053619242368719e-02 4.538053619242368719e-02
4.449448699999999590e+00 2.051750721354652848e-03 4.529625504779234008e-02 4.529625504779234008e-02
4.455479200000000084e+00 2.044177992551002212e-03 4.521258666069662147e-02 4.521258666069662147e-02
4.461509799999999970e+00 2.036657658414497279e-03 4.512934365149239707e-02 4.512934365149239707e-02
4.467581100000000305e+00 2.029124648781306228e-03 4.504580611756555525e-02 4.504580611756555525e-02
4.473611599999999910e+00 2.021667722879834546e-03 4.496295945419779422e-02 4.496295945419779422e-02
4.479642199999999796e+00 2.014226459271973788e-03 4.488013434997686901e-02 4.488013434997686901e-02
4.485672700000000290e+00 2.006794390095041018e-03 4.479725873415739412e-02 4.479725873415739412e-02
4.491743999999999737e+00 1.999317326396868322e-03 4.471372637565413505e-02 4.471372637565413505e-02
4.497774599999999623e+00 1.991894635374523090e-03 4.463064681779239928e-02 4.463064681779239928e-02
4.503805200000000397e+00 1.984477873140286317e-03 4.454747886401974610e-02 4.454747886401974610e-02
4.509876499999999844e+00 1.977021262497865705e-03 4.446370725094642845e-02 4.446370725094642845e-02
4.515907000000000338e+00 1.969631290393640891e-03 4.438052827979451637e-02 4.438052827979451637e-02
4.521937600000000224e+00 1.962265897493076314e-03 4.429747055411940859e-02 4.429747055411940859e-02
4.527968099999999829e+00 1.954935014723292556e-03 4.421464706093776453e-02 4.421464706093776453e-02
4.534039400000000164e+00 1.947600162494104179e-03 4.413162315725657064e-02 4.413162315725657064e-02
4.540070000000000050e+00 1.940371272093324197e-03 4.404964553879320288e-02 4.404964553879320288e-02
4.546100499999999656e+00 1.933210748198942999e-03 4.396829253222079431e-02 4.396829253222079431e-02
4.552131100000000430e+00 1.926129768997849072e-03 4.388769496109187068e-02 4.388769496109187068e-02
4.558202399999999876e+00 1.919092409305394112e-03 4.380744696173692609e-02 4.380744696173692609e-02
4.564232900000000370e+00 1.912202997085183948e-03 4.372874337418334451e-02 4.372874337418334451e-02
4.570263500000000256e+00 1.905422274588240749e-03 4.365114287837422447e-02 4.365114287837422447e-02
4.576293999999999862e+00 1.898757290172061124e-03 4.357473224441042042e-02 4.357473224441042042e-02
4.582365300000000197e+00 1.892169004416570811e-03 4.349906900631978629e-02 4.349906900631978629e-02
4.588395900000000083e+00 1.885748717533404246e-03 4.342520831882564630e-02 4.342520831882564630e-02
4.594426499999999969e+00 1.879452470552215888e-03 4.335265240503994449e-02 4.335265240503994449e-02
4.600456999999999574e+00 1.873278702321672312e-03 4.328138979193797004e-02 4.328138979193797004e-02
4.606528299999999909e+00 1.867182791530846726e-03 4.321091056123264190e-02 4.321091056123264190e-02
4.612558899999999795e+00 1.861240389492541418e-03 4.314209533034460420e-02 4.314209533034460420e-02
4.618589400000000289e+00 1.855402121997049535e-03 4.307437895079915813e-02 4.307437895079915813e-02
4.624620000000000175e+00 1.849657738897627106e-03 4.300764744667658762e-02 4.300764744667658762e-02
4.630691299999999622e+00 1.843957748238918542e-03 4.294132913917451944e-02 4.294132913917451944e-02
4.636721800000000115e+00 1.838365718370327641e-03 4.287616725373581683e-02 4.287616725373581683e-02
4.642752400000000002e+00 1.832829250898364380e-03 4.281155510955382548e-02 4.281155510955382548e-02
4.648782899999999607e+00 1.827334344833061964e-03 4.274733143522601447e-02 4.274733143522601447e-02
4.654854199999999942e+00 1.821829785744786146e-03 4.268289804763479578e-02 4.268289804763479578e-02
4.660884799999999828e+00 1.816375642927930143e-03 4.261895872646268707e-02 4.261895872646268707e-02
4.666915300000000322e+00 1.810922179040656181e-03 4.255493131284147912e-02 4.255493131284147912e-02
4.672945900000000208e+00 1.805457682773940363e-03 4.249067759843257880e-02 4.249067759843257880e-02
4.679017199999999654e+00 1.799935317626492285e-03 4.242564457526240562e-02 4.242564457526240562e-02
4.685047800000000429e+00 1.794421324589121677e-03 4.236061053135473792e-02 4.236061053135473792e-02
4.691078300000000034e+00 1.788873442057887760e-03 4.229507586064704117e-02 4.229507586064704117e-02
4.697108899999999920e+00 1.783288607836123292e-03 4.222900197537379080e-02 4.222900197537379080e-02
4.703180200000000255e+00 1.777628622593162419e-03 4.216193333557134715e-02 4.216193333557134715e-02
4.709210699999999861e+00 1.771971934860462920e-03 4.209479700462354090e-02 4.209479700462354090e-02
4.715241299999999747e+00 1.766285601664483677e-03 4.202720073552940888e-02 4.202720073552940888e-02
4.721271800000000241e+00 1.760577304054145292e-03 4.195923383540439700e-02 4.195923383540439700e-02
4.727343099999999687e+00 1.754817886766094027e-03 4.189054650832445270e-02 4.189054650832445270e-02
4.733373699999999573e+00 1.749096214924297007e-03 4.182219763384388556e-02 4.182219763384388556e-02
4.739404200000000067e+00 1.743386697998181587e-03 4.175388243023852447e-02 4.175388243023852447e-02
4.745475500000000402e+00 1.737664728006111433e-03 4.168530590035428307e-02 4.168530590035428307e-02
4.751506100000000288e+00 1.732021427383032431e-03 4.161756152615182086e-02 4.161756152615182086e-02
4.757536599999999893e+00 1.726432529883961328e-03 4.155036136887332865e-02 4.155036136887332865e-02
4.763567199999999779e+00 1.720911289466467821e-03 4.148386782191925554e-02 4.148386782191925554e-02
4.769638500000000114e+00 1.715433636170616985e-03 4.141779371442444457e-02 4.141779371442444457e-02
4.775669100000000000e+00 1.710083677468654572e-03 4.135315801082977555e-02 4.135315801082977555e-02
4.781699599999999606e+00 1.704833035417014590e-03 4.128962382266293529e-02 4.128962382266293529e-02
4.787730200000000380e+00 1.699687681561696476e-03 4.122726866482542829e-02 4.122726866482542829e-02
4.793801499999999827e+00 1.694617597810429022e-03 4.116573329615821203e-02 4.116573329615821203e-02
4.799832000000000320e+00 1.689691573594850546e-03 4.110585814205622995e-02 4.110585814205622995e-02
4.805862600000000207e+00 1.684872999952823905e-03 4.104720453274283282e-02 4.104720453274283282e-02
4.811893099999999812e+00 1.680157218960202448e-03 4.098972089390463813e-02 4.098972089390463813e-02
4.817964400000000147e+00 1.675505826455498965e-03 4.093294304659144539e-02 4.093294304659144539e-02
4.823995000000000033e+00 1.670971563283595810e-03 4.087751904511324058e-02 4.087751904511324058e-02
4.830025499999999639e+00 1.666511448555192416e-03 4.082292797626344005e-02 4.082292797626344005e-02
4.836056100000000413e+00 1.662112299614249954e-03 4.076901151137037049e-02 4.076901151137037049e-02
4.842127399999999859e+00 1.657730921440594670e-03 4.071524188115053372e-02 4.071524188115053372e-02
4.848157900000000353e+00 1.653411548873647084e-03 4.066216360295707433e-02 4.066216360295707433e-02
4.854188500000000239e+00 1.649110084155849462e-03 4.060923643896606483e-02 4.060923643896606483e-02
4.860218999999999845e+00 1.644812803073238171e-03 4.055629178158720594e-02 4.055629178158720594e-02
4.866290300000000180e+00 1.640477637303472576e-03 4.050281023958057086e-02 4.050281023958057086e-02
4.872320900000000066e+00 1.636151408662370188e-03 4.044936845813999066e-02 4.044936845813999066e-02
4.878351499999999952e+00 1.631795660362566182e-03 4.039549059440380313e-02 4.039549059440380313e-02
4.884381999999999557e+00 1.627403180860028699e-03 4.034108551910853963e-02 4.034108551910853963e-02
4.890453299999999892e+00 1.622938817845627794e-03 4.028571481115393593e-02 4.028571481115393593e-02
4.896483899999999778e+00 1.618460020795060069e-03 4.023008850095982636e-02 4.023008850095982636e-02
4.902514400000000272e+00 1.613937093481729052e-03 4.017383593188145197e-02 4.017383593188145197e-02
4.908545000000000158e+00 1.609372278186307079e-03 4.011698241625741984e-02 4.011698241625741984e-02
4.914616299999999605e+00 1.604739078679172544e-03 4.005919468335793210e-02 4.005919468335793210e-02
4.920646800000000098e+00 1.600106290760433970e-03 4.000132861244028865e-02 4.000132861244028865e-02
4.926677399999999984e+00 1.595451026833842991e-03 3.994309736154474932e-02 3.994309736154474932e-02
4.932707899999999590e+00 1.590782916091645037e-03 3.988462004446883397e-02 3.988462004446883397e-02
4.938779199999999925e+00 1.586080636681440987e-03 3.982562788810040805e-02 3.982562788810040805e-02
4.944809799999999811e+00 1.581418155216610631e-03 3.976704861083621423e-02 3.976704861083621423e-02
4.950840300000000305e+00 1.576774823220487625e-03 3.970862404088672942e-02 3.970862404088672942e-02
4.956870900000000191e+00 1.572160893843022132e-03 3.965048415647685204e-02 3.965048415647685204e-02
4.962942199999999637e+00 1.567555355366479723e-03 3.959236486200944094e-02 3.959236486200944094e-02
4.968972800000000412e+00 1.563028519214395163e-03 3.953515548488958919e-02 3.953515548488958919e-02
4.975003300000000017e+00 1.558556551856084922e-03 3.947855812787601226e-02 3.947855812787601226e-02
4.981074600000000352e+00 1.554115224774100168e-03 3.942226813330380192e-02 3.942226813330380192e-02
4.987105200000000238e+00 1.549767863164344759e-03 3.936709111890723117e-02 3.936709111890723117e-02
4.993135699999999844e+00 1.545486347874991829e-03 3.931267413792900040e-02 3.931267413792900040e-02
4.999166299999999730e+00 1.541270418072637673e-03 3.925901702886405026e-02 3.925901702886405026e-02
5.005237600000000064e+00 1.537090339697431063e-03 3.920574370800063158e-02 3.920574370800063158e-02
5.011268099999999670e+00 1.532998433024181659e-03 3.915352389024749635e-02 3.915352389024749635e-02
5.017298699999999556e+00 1.528960935045565496e-03 3.910193006803584087e-02 3.910193006803584087e-02
5.023329200000000050e+00 1.524971167201584358e-03 3.905087921163343662e-02 3.905087921163343662e-02
5.029400500000000385e+00 1.520994458808480046e-03 3.899992895901837481e-02 3.899992895901837481e-02
5.035431100000000271e+00 1.517075231010754036e-03 3.894964994721716173e-02 3.894964994721716173e-02
5.041461599999999876e+00 1.513177221225383380e-03 3.889957867670783970e-02 3.889957867670783970e-02
5.047492199999999762e+00 1.509290420771742906e-03 3.884958713772571071e-02 3.884958713772571071e-02
5.053563500000000097e+00 1.505378734376309037e-03 3.879921048650743914e-02 3.879921048650743914e-02
5.059594099999999983e+00 1.501484881282015441e-03 3.874899845521191655e-02 3.874899845521191655e-02
5.065624599999999589e+00 1.497573560683315621e-03 3.869849558682243729e-02 3.869849558682243729e-02
5.071655200000000363e+00 1.493636263891051164e-03 3.864759066088144929e-02 3.864759066088144929e-02
5.077726499999999810e+00 1.489638744820814343e-03 3.859583843914800305e-02 3.859583843914800305e-02
5.083757000000000303e+00 1.485628434180461454e-03 3.854385079595008118e-02 3.854385079595008118e-02
5.089787600000000189e+00 1.481573667132647437e-03 3.849121545408312056e-02 3.849121545408312056e-02
5.095818099999999795e+00 1.477471178603611667e-03 3.843788728069756633e-02 3.843788728069756633e-02
5.101889400000000130e+00 1.473290767995859762e-03 3.838346998378155961e-02 3.838346998378155961e-02
5.107920000000000016e+00 1.469088243449392277e-03 3.832868695180402518e-02 3.832868695180402518e-02
5.113950499999999622e+00 1.464837068753715044e-03 3.827318994745166486e-02 3.827318994745166486e-02
5.119981100000000396e+00 1.460539846283435972e-03 3.821700990767639555e-02 3.821700990767639555e-02
5.126052399999999842e+00 1.456171375586913378e-03 3.815981362096666774e-02 3.815981362096666774e-02
5.132082900000000336e+00 1.451795743954348945e-03 3.810243750673109747e-02 3.810243750673109747e-02
5.138113500000000222e+00 1.447390171010711022e-03 3.804458136201147728e-02 3.804458136201147728e-02
5.144143999999999828e+00 1.442962209568625798e-03 3.798634240840549625e-02 3.798634240840549625e-02
5.150215300000000163e+00 1.438489771450776351e-03 3.792742769356730742e-02 3.792742769356730742e-02
5.156245900000000049e+00 1.434041423489049215e-03 3.786873939661906940e-02 3.786873939661906940e-02
5.162276499999999935e+00 1.429595848997171695e-03 3.780999668073473791e-02 3.780999668073473791e-02
5.168307000000000428e+00 1.425161614937067722e-03 3.775131275779781276e-02 3.775131275779781276e-02
5.174378299999999875e+00 1.420716947186881048e-03 3.769239906382825661e-02 3.769239906382825661e-02
5.180408899999999761e+00 1.416328961549503116e-03 3.763414621788972042e-02 3.763414621788972042e-02
5.186439400000000255e+00 1.411974341666925089e-03 3.757624704074270794e-02 3.757624704074270794e-02
5.192470000000000141e+00 1.407658275668269244e-03 3.751877231024849241e-02 3.751877231024849241e-02
5.198541299999999588e+00 1.403356140148880916e-03 3.746139533104554664e-02 3.746139533104554664e-02
5.204571800000000081e+00 1.399128200364864591e-03 3.740492214087424994e-02 3.740492214087424994e-02
5.210602399999999967e+00 1.394946235949370492e-03 3.734897904828685805e-02 3.734897904828685805e-02
5.216673700000000302e+00 1.390781820379177573e-03 3.729318731858645430e-02 3.729318731858645430e-02
5.222704199999999908e+00 1.386688480084204015e-03 3.723826634101276567e-02 3.723826634101276567e-02
5.228734799999999794e+00 1.382634083629780825e-03 3.718378791395224314e-02 3.718378791395224314e-02
5.234765300000000288e+00 1.378613400698286938e-03 3.712968355235857221e-02 3.712968355235857221e-02
5.240836599999999734e+00 1.374592794740927366e-03 3.707550127430413178e-02 3.707550127430413178e-02
5.246867199999999620e+00 1.370618533662996052e-03 3.702186561564659723e-02 3.702186561564659723e-02
5.252897800000000395e+00 1.366655152627861561e-03 3.696829929314927876e-02 3.696829929314927876e-02
5.258928300000000000e+00 1.362693824119644813e-03 3.691468304238362114e-02 3.691468304238362114e-02
5.264999600000000335e+00 1.358698554002881745e-03 3.686052840102650718e-02 3.686052840102650718e-02
5.271030200000000221e+00 1.354714077848478016e-03 3.680644071149067470e-02 3.680644071149067470e-02
5.277060699999999827e+00 1.350705386331089953e-03 3.675194398029973247e-02 3.675194398029973247e-02
5.283091299999999713e+00 1.346664849021825521e-03 3.669693241977897702e-02 3.669693241977897702e-02
5.289162600000000047e+00 1.342558477980605389e-03 3.664093991671891343e-02 3.664093991671891343e-02
5.295193099999999653e+00 1.338436343075797078e-03 3.658464627512198614e-02 3.658464627512198614e-02
5.301223700000000427e+00 1.334267440923107145e-03 3.652762572250086576e-02 3.652762572250086576e-02
5.307254200000000033e+00 1.330050114882045222e-03 3.646985213682727572e-02 3.646985213682727572e-02
5.313325500000000368e+00 1.325755224582787989e-03 3.641092177606587016e-02 3.641092177606587016e-02
5.319356100000000254e+00 1.321442136482969170e-03 3.635164558149973218e-02 3.635164558149973218e-02
5.325386599999999859e+00 1.317085681667996529e-03 3.629167510143333636e-02 3.629167510143333636e-02
5.331417199999999745e+00 1.312690644717004647e-03 3.623107291700046473e-02 3.623107291700046473e-02
5.337488500000000080e+00 1.308233400305589466e-03 3.616950926271449152e-02 3.616950926271449152e-02
5.343519099999999966e+00 1.303781125956436854e-03 3.610790946532957402e-02 3.610790946532957402e-02
5.349549599999999572e+00 1.299312301251624941e-03 3.604597482731775049e-02 3.604597482731775049e-02
5.355580200000000346e+00 1.294835445274159598e-03 3.598382199369822010e-02 3.598382199369822010e-02
5.361651499999999793e+00 1.290329258095676123e-03 3.592115335141225774e-02 3.592115335141225774e-02
5.367682000000000286e+00 1.285862890145005478e-03 3.585893040994119624e-02 3.585893040994119624e-02
5.373712600000000172e+00 1.281414051621367588e-03 3.579684415729084135e-02 3.579684415729084135e-02
5.379743099999999778e+00 1.276990130551359853e-03 3.573499867848549394e-02 3.573499867848549394e-02
5.385814400000000113e+00 1.272567580926418571e-03 3.567306520228417932e-02 3.567306520228417932e-02
5.391844999999999999e+00 1.268210593347031097e-03 3.561194453195488246e-02 3.561194453195488246e-02
5.397875499999999604e+00 1.263892772133092457e-03 3.555126962758281550e-02 3.555126962758281550e-02
5.403906100000000379e+00 1.259615661239731543e-03 3.549106452671899753e-02 3.549106452671899753e-02
5.409977399999999825e+00 1.255350922330610670e-03 3.543093171694206012e-02 3.543093171694206012e-02
5.416007900000000319e+00 1.251154216990573928e-03 3.537165838620764946e-02 3.537165838620764946e-02
5.422038500000000205e+00 1.246993571630768821e-03 3.531279614574253656e-02 3.531279614574253656e-02
5.428069100000000091e+00 1.242864572464963879e-03 3.525428445543837830e-02 3.525428445543837830e-02
5.434140400000000426e+00 1.238733944338420503e-03 3.519565234994828651e-02 3.519565234994828651e-02
5.440170900000000032e+00 1.234650507217344194e-03 3.513759393039517925e-02 3.513759393039517925e-02
5.446201499999999918e+00 1.230579107242641941e-03 3.507961099046912057e-02 3.507961099046912057e-02
5.452272800000000252e+00 1.226484757600851969e-03 3.502120439963268828e-02 3.502120439963268828e-02
5.458303299999999858e+00 1.222414717940629265e-03 3.496304789260554907e-02 3.496304789260554907e-02
5.464333899999999744e+00 1.218333987738471572e-03 3.490464134951785230e-02 3.490464134951785230e-02
5.470364400000000238e+00 1.214235820990614608e-03 3.484588671551657607e-02 3.484588671551657607e-02
5.476435699999999684e+00 1.210086077919303362e-03 3.478629152294483023e-02 3.478629152294483023e-02
5.482466299999999571e+00 1.205935355137354630e-03 3.472657995163581923e-02 3.472657995163581923e-02
