6.126431699999999869e-02 2.372379476659269315e+01 4.870707830140573513e+00 4.870707830140573513e+00
6.746437800000000540e-02 2.336933321905151217e+01 4.834183821396483616e+00 4.834183821396483616e+00
7.366443899999999823e-02 2.299364305555244670e+01 4.795168720238366156e+00 4.795168720238366156e+00
7.986490799999999834e-02 2.259975940255027282e+01 4.753920424507573905e+00 4.753920424507573905e+00
8.606497000000000452e-02 2.219086262494232997e+01 4.710717846033906753e+00 4.710717846033906753e+00
9.226543900000000464e-02 2.177005349290340419e+01 4.665838991318003615e+00 4.665838991318003615e+00
9.846549999999999747e-02 2.134052613219473216e+01 4.619580731213032365e+00 4.619580731213032365e+00
1.046659699999999971e-01 2.090530772004098026e+01 4.572232246949074153e+00 4.572232246949074153e+00
1.108660300000000043e-01 2.046744569090860821e+01 4.524096118663772259e+00 4.524096118663772259e+00
1.170665000000000039e-01 2.002974283018339108e+01 4.475460069108358141e+00 4.475460069108358141e+00
1.232665599999999972e-01 1.959495493155871060e+01 4.426618905164382056e+00 4.426618905164382056e+00
1.294666200000000045e-01 1.916555866181552403e+01 4.377848633954299018e+00 4.377848633954299018e+00
1.356670899999999902e-01 1.874381429239337749e+01 4.329412696012401973e+00 4.329412696012401973e+00
1.418671499999999974e-01 1.833182637637568746e+01 4.281568214611987777e+00 4.281568214611987777e+00
1.480676200000000109e-01 1.793133332649707512e+01 4.234540509488257776e+00 4.234540509488257776e+00
1.542676799999999904e-01 1.754391274234987463e+01 4.188545420829273169e+00 4.188545420829273169e+00
1.604681500000000038e-01 1.717076278982311166e+01 4.143761912782045087e+00 4.143761912782045087e+00
1.666682100000000111e-01 1.681290435693480489e+01 4.100354174572582444e+00 4.100354174572582444e+00
1.728686799999999968e-01 1.647098623962930830e+01 4.058446283940359223e+00 4.058446283940359223e+00
1.790687400000000040e-01 1.614548099500025558e+01 4.018143973901414867e+00 4.018143973901414867e+00
1.852688100000000060e-01 1.583653451218250829e+01 3.979514356323206936e+00 3.979514356323206936e+00
1.914692699999999970e-01 1.554405585372833798e+01 3.942595065908790275e+00 3.942595065908790275e+00
1.976693399999999989e-01 1.526778308039224008e+01 3.907401064696614856e+00 3.907401064696614856e+00
2.038697999999999899e-01 1.500717832414644803e+01 3.873909953025037378e+00 3.873909953025037378e+00
2.100698699999999919e-01 1.476159001599095966e+01 3.842081469202723643e+00 3.842081469202723643e+00
2.162703400000000054e-01 1.453014593144734867e+01 3.811842852407133275e+00 3.811842852407133275e+00
2.224704000000000126e-01 1.431190468222082224e+01 3.783107807374886722e+00 3.783107807374886722e+00
2.286704599999999921e-01 1.410577466922451606e+01 3.755765523728087807e+00 3.755765523728087807e+00
2.348709300000000055e-01 1.391058956029474558e+01 3.729690276724696663e+00 3.729690276724696663e+00
2.410709900000000128e-01 1.372516926172549745e+01 3.704749554521263200e+00 3.704749554521263200e+00
2.472714599999999985e-01 1.354825600536231889e+01 3.680795566907013150e+00 3.680795566907013150e+00
2.534715200000000057e-01 1.337863625295280556e+01 3.657681814066500614e+00 3.657681814066500614e+00
2.596719900000000192e-01 1.321506837923016775e+01 3.635253550886123453e+00 3.635253550886123453e+00
2.658720500000000264e-01 1.305639234636156409e+01 3.613363024436039517e+00 3.613363024436039517e+00
2.720725199999999844e-01 1.290146006094291131e+01 3.591860250753488248e+00 3.591860250753488248e+00
2.782725799999999916e-01 1.274923442397027173e+01 3.570607010575410634e+00 3.570607010575410634e+00
2.844726399999999988e-01 1.259872913041958142e+01 3.549468851873415431e+00 3.549468851873415431e+00
2.906731100000000123e-01 1.244904945801626894e+01 3.528321053704760235e+00 3.528321053704760235e+00
2.968731700000000195e-01 1.229942836308735821e+01 3.507054086136590865e+00 3.507054086136590865e+00
3.030736399999999775e-01 1.214916158934273227e+01 3.485564744678074867e+00 3.485564744678074867e+00
3.092736999999999847e-01 1.199768900687955053e+01 3.463768035951534596e+00 3.463768035951534596e+00
3.154741699999999982e-01 1.184451467433353855e+01 3.441586069580933493e+00 3.441586069580933493e+00
3.216742300000000054e-01 1.168928481295889554e+01 3.418959609729090410e+00 3.418959609729090410e+00
3.278747000000000189e-01 1.153170255591247084e+01 3.395836061401149575e+00 3.395836061401149575e+00
3.340747600000000261e-01 1.137160450501082032e+01 3.372180971568818464e+00 3.372180971568818464e+00
3.402752299999999841e-01 1.120887039495682913e+01 3.347965112565665535e+00 3.347965112565665535e+00
3.464752899999999913e-01 1.104349991319315016e+01 3.323176178476420883e+00 3.323176178476420883e+00
3.526753499999999986e-01 1.087552918381528855e+01 3.297806723235200188e+00 3.297806723235200188e+00
3.588758200000000120e-01 1.070505323099233408e+01 3.271857764480652797e+00 3.271857764480652797e+00
3.650758800000000193e-01 1.053225134057591106e+01 3.245343023560978146e+00 3.245343023560978146e+00
3.712763499999999772e-01 1.035729861492242065e+01 3.218275720773846604e+00 3.218275720773846604e+00
3.774764199999999792e-01 1.018044816141664199e+01 3.190681457215157835e+00 3.190681457215157835e+00
3.836768799999999979e-01 1.000193163311489464e+01 3.162583063433258790e+00 3.162583063433258790e+00
3.898769499999999999e-01 9.822041758574208359e+00 3.134013681937940721e+00 3.134013681937940721e+00
3.960770100000000071e-01 9.641046969323216587e+00 3.105003537731191976e+00 3.105003537731191976e+00
4.022774800000000206e-01 9.459217089792035793e+00 3.075584024180129106e+00 3.075584024180129106e+00
4.084763100000000091e-01 9.276892059333672336e+00 3.045799083874980884e+00 3.045799083874980884e+00
4.146780099999999858e-01 9.094211897680887446e+00 3.015661104580699803e+00 3.015661104580699803e+00
4.208797000000000232e-01 8.911523700781295076e+00 2.985217529893139154e+00 2.985217529893139154e+00
4.270773099999999878e-01 8.729196419510747873e+00 2.954521352014696234e+00 2.954521352014696234e+00
4.332790100000000200e-01 8.547223914868528283e+00 2.923563564362596345e+00 2.923563564362596345e+00
4.394807000000000019e-01 8.365945105504106749e+00 2.892394355115516902e+00 2.892394355115516902e+00
4.456783100000000220e-01 8.185679582023757561e+00 2.861062666567049995e+00 2.861062666567049995e+00
4.518800000000000039e-01 8.006374849398811833e+00 2.829553825146079671e+00 2.829553825146079671e+00
4.580776200000000187e-01 7.828435143573890365e+00 2.797934084922997222e+00 2.797934084922997222e+00
4.642793100000000006e-01 7.651780224888991455e+00 2.766185139300873175e+00 2.766185139300873175e+00
4.704809999999999826e-01 7.476666704837870547e+00 2.734349411622053694e+00 2.734349411622053694e+00
4.766786199999999973e-01 7.303334160153134746e+00 2.702468160802849351e+00 2.702468160802849351e+00
4.828803099999999793e-01 7.131669474443650181e+00 2.670518577812865502e+00 2.670518577812865502e+00
4.890820000000000167e-01 6.961891205684741735e+00 2.638539597141710935e+00 2.638539597141710935e+00
4.952796199999999760e-01 6.794203768290063117e+00 2.606569348452111079e+00 2.606569348452111079e+00
5.014813099999999579e-01 6.628473762671879932e+00 2.574582250127558147e+00 2.574582250127558147e+00
5.076829999999999954e-01 6.464891787570523185e+00 2.542615147357248695e+00 2.542615147357248695e+00
5.138806200000000102e-01 6.303636593521781073e+00 2.510704401860517798e+00 2.510704401860517798e+00
5.200823100000000476e-01 6.144564430887379025e+00 2.478823194761453408e+00 2.478823194761453408e+00
5.262839999999999741e-01 5.987845050009030778e+00 2.447007366153406416e+00 2.447007366153406416e+00
5.324816199999999888e-01 5.833637480266014030e+00 2.415292421274495283e+00 2.415292421274495283e+00
5.386833100000000263e-01 5.681793459422250336e+00 2.383651287294819454e+00 2.383651287294819454e+00
5.448849999999999527e-01 5.532465290335164987e+00 2.352119318898419742e+00 2.352119318898419742e+00
5.510826199999999675e-01 5.385794722157528192e+00 2.320731505831195474e+00 2.320731505831195474e+00
5.572843100000000049e-01 5.241631475630080139e+00 2.289460957437379207e+00 2.289460957437379207e+00
5.634819300000000197e-01 5.100203223209919479e+00 2.258362952053969419e+00 2.258362952053969419e+00
5.696836199999999462e-01 4.961358829728232500e+00 2.227410790520741202e+00 2.227410790520741202e+00
5.758853099999999836e-01 4.825222814501995749e+00 2.196638981376319855e+00 2.196638981376319855e+00
5.820829299999999984e-01 4.691908741738305189e+00 2.166081425463573407e+00 2.166081425463573407e+00
5.882846200000000358e-01 4.561264600867796837e+00 2.135711731687541359e+00 2.135711731687541359e+00
5.944863099999999623e-01 4.433398164357062576e+00 2.105563621541050257e+00 2.105563621541050257e+00
6.006839200000000378e-01 4.308406409614049970e+00 2.075670110979596306e+00 2.075670110979596306e+00
6.068856200000000145e-01 4.186136550476013518e+00 2.046005022104298909e+00 2.046005022104298909e+00
6.130873100000000520e-01 4.066680623153691165e+00 2.016601255368470458e+00 2.016601255368470458e+00
6.192849200000000165e-01 3.950119206421473184e+00 1.987490680838899682e+00 1.987490680838899682e+00
6.254866199999999932e-01 3.836300228187440542e+00 1.958647550782794733e+00 1.958647550782794733e+00
6.316883100000000306e-01 3.725299958915269105e+00 1.930103613518007188e+00 1.930103613518007188e+00
6.378859199999999952e-01 3.617183397259291500e+00 1.901889428242160340e+00 1.901889428242160340e+00
6.440876100000000326e-01 3.511799825816361853e+00 1.873979675934710265e+00 1.873979675934710265e+00
6.502852300000000474e-01 3.409276053764143555e+00 1.846422501423805596e+00 1.846422501423805596e+00
6.564869199999999738e-01 3.309462338155348515e+00 1.819192771026574951e+00 1.819192771026574951e+00
6.626886100000000113e-01 3.212408351887206859e+00 1.792319266170848024e+00 1.792319266170848024e+00
6.688862300000000261e-01 3.118152951802058315e+00 1.765829253297741319e+00 1.765829253297741319e+00
6.750879199999999525e-01 3.026546518015354348e+00 1.739697248953206321e+00 1.739697248953206321e+00
6.812896099999999899e-01 2.937622203119478748e+00 1.713949300043463575e+00 1.713949300043463575e+00
6.874872300000000047e-01 2.851402222204730830e+00 1.688609552917645473e+00 1.688609552917645473e+00
6.936889200000000422e-01 2.767735832212034452e+00 1.663651355366272178e+00 1.663651355366272178e+00
6.998906099999999686e-01 2.686638984893319204e+00 1.639097002893153743e+00 1.639097002893153743e+00
7.060882299999999834e-01 2.608116893945152448e+00 1.614966530286356283e+00 1.614966530286356283e+00
7.122899200000000208e-01 2.532016996302361544e+00 1.591231283095691840e+00 1.591231283095691840e+00
7.184916099999999473e-01 2.458338440827938509e+00 1.567908938946372066e+00 1.567908938946372066e+00
7.246892299999999620e-01 2.387070460630826840e+00 1.545014712108213839e+00 1.545014712108213839e+00
7.308909199999999995e-01 2.318059406025381630e+00 1.522517456722707552e+00 1.522517456722707552e+00
7.370885400000000143e-01 2.251332961726297821e+00 1.500444254787993703e+00 1.500444254787993703e+00
7.432902300000000517e-01 2.186738069290742992e+00 1.478762343749239205e+00 1.478762343749239205e+00
7.494919199999999782e-01 2.124251848751052663e+00 1.457481337359436857e+00 1.457481337359436857e+00
7.556895399999999929e-01 2.063844462575934013e+00 1.436608667165813147e+00 1.436608667165813147e+00
7.618912300000000304e-01 2.005366916231222874e+00 1.416109782549087148e+00 1.416109782549087148e+00
7.680929199999999568e-01 1.948789613905262286e+00 1.395990549361012745e+00 1.395990549361012745e+00
7.742905300000000324e-01 1.894078434150174184e+00 1.376255221298060771e+00 1.376255221298060771e+00
7.804922300000000090e-01 1.841092715282140801e+00 1.356868717040134564e+00 1.356868717040134564e+00
7.866939200000000465e-01 1.789802195086509284e+00 1.337834890816691713e+00 1.337834890816691713e+00
7.928915300000000110e-01 1.740173942600002910e+00 1.319156526951977382e+00 1.319156526951977382e+00
7.990932299999999877e-01 1.692080084104765403e+00 1.300799786325614882e+00 1.300799786325614882e+00
8.052949200000000252e-01 1.645494365137599280e+00 1.282768242956458415e+00 1.282768242956458415e+00
8.114925299999999897e-01 1.600389494029977655e+00 1.265065015732384168e+00 1.265065015732384168e+00
8.176942200000000271e-01 1.556653035997312973e+00 1.247659022328341472e+00 1.247659022328341472e+00
8.238959200000000038e-01 1.514265472632072562e+00 1.230554944987046317e+00 1.230554944987046317e+00
8.300935299999999684e-01 1.473207397719106693e+00 1.213757553104863884e+00 1.213757553104863884e+00
8.362952200000000058e-01 1.433381922280283716e+00 1.197239291988148713e+00 1.197239291988148713e+00
8.424928400000000206e-01 1.394801847432719066e+00 1.181017293452013339e+00 1.181017293452013339e+00
8.486945299999999470e-01 1.357379860228145052e+00 1.165066461721452562e+00 1.165066461721452562e+00
8.548962199999999845e-01 1.321107645433374778e+00 1.149394469028529375e+00 1.149394469028529375e+00
8.610938399999999993e-01 1.285976114036399665e+00 1.134008868588072261e+00 1.134008868588072261e+00
8.672955300000000367e-01 1.251909187289207415e+00 1.118887477492356064e+00 1.118887477492356064e+00
8.734972199999999631e-01 1.218901778043693707e+00 1.104038848068170875e+00 1.104038848068170875e+00
8.796948399999999779e-01 1.186947035178352206e+00 1.089470988681365604e+00 1.089470988681365604e+00
8.858965300000000154e-01 1.155976123659493870e+00 1.075163300926651688e+00 1.075163300926651688e+00
8.920982200000000528e-01 1.125983745136660996e+00 1.061123812350218243e+00 1.061123812350218243e+00
8.982958399999999566e-01 1.096961979156388711e+00 1.047359527171252136e+00 1.047359527171252136e+00
9.044975299999999940e-01 1.068845738756627917e+00 1.033849959499263171e+00 1.033849959499263171e+00
9.106992200000000315e-01 1.041626903788952063e+00 1.020601246221535918e+00 1.020601246221535918e+00
9.168968400000000463e-01 1.015294373731785882e+00 1.007618168619336618e+00 1.007618168619336618e+00
9.230985299999999727e-01 9.897847897395204431e-01 9.948792840036023710e-01 9.948792840036023710e-01
9.292961499999999875e-01 9.651022338949662993e-01 9.823961695237651837e-01 9.823961695237651837e-01
9.354978400000000249e-01 9.411842984117443356e-01 9.701465345048366773e-01 9.701465345048366773e-01
9.416995299999999514e-01 9.180170354907710717e-01 9.581320553508118065e-01 9.581320553508118065e-01
9.478971499999999661e-01 8.955843147042769070e-01 9.463531659503638949e-01 9.463531659503638949e-01
9.540988400000000036e-01 8.738260861051051487e-01 9.347866527208789078e-01 9.347866527208789078e-01
9.603005300000000410e-01 8.527270099942704240e-01 9.234321902523597858e-01 9.234321902523597858e-01
9.664981400000000056e-01 8.322706326620843420e-01 9.122886783590402615e-01 9.122886783590402615e-01
9.726998399999999823e-01 8.124011560929659259e-01 9.013329884637341083e-01 9.013329884637341083e-01
9.789015300000000197e-01 7.931046134345075549e-01 8.905642107307634170e-01 8.905642107307634170e-01
9.850991399999999842e-01 7.743668320808554384e-01 8.799811543896013388e-01 8.799811543896013388e-01
9.913008399999999609e-01 7.561384432402644684e-01 8.695622135536159591e-01 8.695622135536159591e-01
9.975025299999999984e-01 7.384091303966799913e-01 8.593073550230324598e-01 8.593073550230324598e-01
1.003700100000000095e+00 7.211692040200388121e-01 8.492168180270800448e-01 8.492168180270800448e-01
1.009901799999999961e+00 7.043767537511366195e-01 8.392715613859059731e-01 8.392715613859059731e-01
1.016099499999999933e+00 6.880368675673742551e-01 8.294798777350624874e-01 8.294798777350624874e-01
1.022301099999999963e+00 6.721137196174338246e-01 8.198254202069082952e-01 8.198254202069082952e-01
1.028502800000000050e+00 6.566043615726114835e-01 8.103112744943213874e-01 8.103112744943213874e-01
1.034700500000000023e+00 6.415072796546412714e-01 8.009414957752165609e-01 8.009414957752165609e-01
1.040902100000000052e+00 6.267933819910516124e-01 7.917028369224475837e-01 7.917028369224475837e-01
1.047103799999999918e+00 6.124635493601163772e-01 7.826005043188487553e-01 7.826005043188487553e-01
1.053301400000000054e+00 5.985196895835905861e-01 7.736405428773692750e-01 7.736405428773692750e-01
1.059503099999999920e+00 5.849367475041912234e-01 7.648115764710882170e-01 7.648115764710882170e-01
1.065704800000000008e+00 5.717180228395845054e-01 7.561203758923472629e-01 7.561203758923472629e-01
1.071902399999999922e+00 5.588661557553566972e-01 7.475735119407032059e-01 7.475735119407032059e-01
1.078104100000000010e+00 5.463584620995681762e-01 7.391606470176615984e-01 7.391606470176615984e-01
1.084305800000000097e+00 5.341977219427486157e-01 7.308883101697198903e-01 7.308883101697198903e-01
1.090503400000000012e+00 5.223854541172927579e-01 7.227623773532299012e-01 7.227623773532299012e-01
1.096705100000000099e+00 5.108993541649878845e-01 7.147722393636926075e-01 7.147722393636926075e-01
1.102906799999999965e+00 4.997400638174823162e-01 7.069229546545240384e-01 7.069229546545240384e-01
1.109104400000000101e+00 4.889066891945940130e-01 6.992186276084140228e-01 6.992186276084140228e-01
1.115306099999999967e+00 4.783762480990103594e-01 6.916474883197439860e-01 6.916474883197439860e-01
1.121503799999999940e+00 4.681531830794782301e-01 6.842172046064599611e-01 6.842172046064599611e-01
1.127705399999999969e+00 4.582145080598428177e-01 6.769154364171663385e-01 6.769154364171663385e-01
1.133907100000000057e+00 4.485561125163948781e-01 6.697433183812996349e-01 6.697433183812996349e-01
1.140104800000000029e+00 4.391732349446745287e-01 6.627014674381478399e-01 6.627014674381478399e-01
1.146306400000000059e+00 4.300427505227161773e-01 6.557764485880200889e-01 6.557764485880200889e-01
1.152508099999999924e+00 4.211592290284202900e-01 6.489678181762330578e-01 6.489678181762330578e-01
1.158705799999999897e+00 4.125170975136068785e-01 6.422749391916260375e-01 6.422749391916260375e-01
1.164907399999999926e+00 4.040943296354612135e-01 6.356841429794054532e-01 6.356841429794054532e-01
1.171109100000000014e+00 3.958856674061953518e-01 6.291944591350080440e-01 6.291944591350080440e-01
1.177306799999999987e+00 3.878862241291584079e-01 6.228051253234501150e-01 6.228051253234501150e-01
1.183508400000000016e+00 3.800763200718739743e-01 6.165033009415877840e-01 6.165033009415877840e-01
1.189710100000000104e+00 3.724521882512925042e-01 6.102886106190189563e-01 6.102886106190189563e-01
1.195907800000000076e+00 3.650107751487421948e-01 6.041612161904653666e-01 6.041612161904653666e-01
1.202109400000000106e+00 3.577355272112232032e-01 5.981099624744794507e-01 5.981099624744794507e-01
1.208307100000000078e+00 3.506294111748908260e-01 5.921396889036326661e-01 5.921396889036326661e-01
1.214508799999999944e+00 3.436780458543736705e-01 5.862406040648955319e-01 5.862406040648955319e-01
1.220710399999999973e+00 3.368816699339281517e-01 5.804150841716022580e-01 5.804150841716022580e-01
1.226908099999999946e+00 3.302405508515289245e-01 5.746655991544377118e-01 5.746655991544377118e-01
1.233109800000000034e+00 3.237431480794825123e-01 5.689843126831199971e-01 5.689843126831199971e-01
1.239311400000000063e+00 3.173913856255644594e-01 5.633749955629593353e-01 5.633749955629593353e-01
1.245509100000000036e+00 3.111869606996668924e-01 5.578413400776844888e-01 5.578413400776844888e-01
1.251710799999999901e+00 3.051202479176529092e-01 5.523769074804385504e-01 5.523769074804385504e-01
1.257912399999999931e+00 2.991938847645766453e-01 5.469861833397409168e-01 5.469861833397409168e-01
1.264110099999999903e+00 2.934099573267217043e-01 5.416732939020730830e-01 5.416732939020730830e-01
1.270311799999999991e+00 2.877596721562082349e-01 5.364323556201734400e-01 5.364323556201734400e-01
1.276513400000000020e+00 2.822453581295151781e-01 5.312676897097311501e-01 5.312676897097311501e-01
1.282711099999999993e+00 2.768685340091509017e-01 5.261829852904319482e-01 5.261829852904319482e-01
1.288912700000000022e+00 2.716204439600776177e-01 5.211721826422411885e-01 5.211721826422411885e-01
1.295110399999999995e+00 2.665053965744357822e-01 5.162416067835251532e-01 5.162416067835251532e-01
1.301312100000000083e+00 2.615142494832191633e-01 5.113846394674160800e-01 5.113846394674160800e-01
1.307513699999999890e+00 2.566474577824208736e-01 5.066038469873880290e-01 5.066038469873880290e-01
1.313711400000000085e+00 2.519045954626573103e-01 5.019009817311153032e-01 5.019009817311153032e-01
1.319913099999999950e+00 2.472760320360040676e-01 4.972685713334435986e-01 4.972685713334435986e-01
1.326114699999999980e+00 2.427610945026449085e-01 4.927079200729829189e-01 4.927079200729829189e-01
1.332312399999999952e+00 2.383583997197861459e-01 4.882196224239518934e-01 4.882196224239518934e-01
1.338514100000000040e+00 2.340581593564065588e-01 4.837955759992091376e-01 4.837955759992091376e-01
1.344715700000000069e+00 2.298590675288161023e-01 4.794361975579400359e-01 4.794361975579400359e-01
1.350913400000000042e+00 2.257593581645316871e-01 4.751414085980422142e-01 4.751414085980422142e-01
1.357115099999999908e+00 2.217496361802064608e-01 4.709030008188591632e-01 4.709030008188591632e-01
1.363316699999999937e+00 2.178286048157469512e-01 4.667211210302646407e-01 4.667211210302646407e-01
1.369514399999999910e+00 2.139947462770097342e-01 4.625956617576625352e-01 4.625956617576625352e-01
1.375716099999999997e+00 2.102395852887169458e-01 4.585189039600406358e-01 4.585189039600406358e-01
1.381913699999999912e+00 2.065647233344434230e-01 4.544939200192268935e-01 4.544939200192268935e-01
1.388115399999999999e+00 2.029623088061709157e-01 4.505133836038291428e-01 4.505133836038291428e-01
1.394317100000000087e+00 1.994321382271642962e-01 4.465782554347718092e-01 4.465782554347718092e-01
1.400514700000000001e+00 1.959741522124837099e-01 4.426896793607049130e-01 4.426896793607049130e-01
1.406716400000000089e+00 1.925817808251478469e-01 4.388414073730370624e-01 4.388414073730370624e-01
1.412918099999999955e+00 1.892556499586051655e-01 4.350352284109933465e-01 4.350352284109933465e-01
1.419115700000000091e+00 1.859964948494292059e-01 4.312731093511734670e-01 4.312731093511734670e-01
1.425317399999999957e+00 1.827988553660155058e-01 4.275498279335585572e-01 4.275498279335585572e-01
1.431519100000000044e+00 1.796639720793781203e-01 4.238678710156953411e-01 4.238678710156953411e-01
1.437716699999999959e+00 1.765930883524251260e-01 4.202298042171986880e-01 4.202298042171986880e-01
1.443918400000000046e+00 1.735814980701831933e-01 4.166311295020850847e-01 4.166311295020850847e-01
1.450120099999999912e+00 1.706306899337778904e-01 4.130746783982018333e-01 4.130746783982018333e-01
1.456317700000000048e+00 1.677420297603640087e-01 4.095632182708354718e-01 4.095632182708354718e-01
1.462519399999999914e+00 1.649111695659351839e-01 4.060925628054953274e-01 4.060925628054953274e-01
1.468721100000000002e+00 1.621394788355255689e-01 4.026654676471842498e-01 4.026654676471842498e-01
1.474918699999999916e+00 1.594281071852426679e-01 3.992844940455898550e-01 3.992844940455898550e-01
1.481120400000000004e+00 1.567727570488247069e-01 3.959453965496059769e-01 3.959453965496059769e-01
1.487317999999999918e+00 1.541761286963161393e-01 3.926526820184934596e-01 3.926526820184934596e-01
1.493519700000000006e+00 1.516338648976073011e-01 3.894019323239258368e-01 3.894019323239258368e-01
1.499721400000000093e+00 1.491466669874701723e-01 3.861951151781573000e-01 3.861951151781573000e-01
1.505919000000000008e+00 1.467149808210582995e-01 3.830339160192714476e-01 3.830339160192714476e-01
1.512120700000000095e+00 1.443343425442870365e-01 3.799135987883127119e-01 3.799135987883127119e-01
1.518322399999999961e+00 1.420050416794135240e-01 3.768355631829531927e-01 3.768355631829531927e-01
1.524520000000000097e+00 1.397271579782295436e-01 3.738009603762804112e-01 3.738009603762804112e-01
1.530721699999999963e+00 1.374962110570228657e-01 3.708048153099186561e-01 3.708048153099186561e-01
1.536923400000000051e+00 1.353122195433500985e-01 3.678480930266597171e-01 3.678480930266597171e-01
1.543120999999999965e+00 1.331750600267195273e-01 3.649315826654628281e-01 3.649315826654628281e-01
1.549322700000000053e+00 1.310803841244739532e-01 3.620502508278014564e-01 3.620502508278014564e-01
1.555524399999999918e+00 1.290281176686267073e-01 3.592048408201463650e-01 3.592048408201463650e-01
1.561722000000000055e+00 1.270181089825293541e-01 3.563960002336296617e-01 3.563960002336296617e-01
1.567923699999999920e+00 1.250462796863194004e-01 3.536188338964985078e-01 3.536188338964985078e-01
1.574121300000000057e+00 1.231138789594466432e-01 3.508758740059604864e-01 3.508758740059604864e-01
1.580322999999999922e+00 1.212170593796591395e-01 3.481624037423615148e-01 3.481624037423615148e-01
1.586524700000000010e+00 1.193558952306318921e-01 3.454792254689590947e-01 3.454792254689590947e-01
1.592722299999999924e+00 1.175304451285869994e-01 3.428271359279877473e-01 3.428271359279877473e-01
1.598924000000000012e+00 1.157372369890293656e-01 3.402017592385867539e-01 3.402017592385867539e-01
1.605125700000000100e+00 1.139765125233190152e-01 3.376040765798289378e-01 3.376040765798289378e-01
1.611323300000000014e+00 1.122485059634211607e-01 3.350350816905912632e-01 3.350350816905912632e-01
1.617525000000000102e+00 1.105501083408904905e-01 3.324907642941236641e-01 3.324907642941236641e-01
1.623726699999999967e+00 1.088817217773388746e-01 3.299723045610629124e-01 3.299723045610629124e-01
1.629924300000000104e+00 1.072437362610931394e-01 3.274808944978212510e-01 3.274808944978212510e-01
1.636125999999999969e+00 1.056333633808322070e-01 3.250128664850550075e-01 3.250128664850550075e-01
1.642327700000000057e+00 1.040511323824569179e-01 3.225695775835918933e-01 3.225695775835918933e-01
1.648525299999999971e+00 1.024975506239373807e-01 3.201523865660497736e-01 3.201523865660497736e-01
1.654727000000000059e+00 1.009700990775734553e-01 3.177579252789353159e-01 3.177579252789353159e-01
1.660924599999999973e+00 9.947037693948956871e-02 3.153892467087132112e-01 3.153892467087132112e-01
1.667126300000000061e+00 9.799601693969837990e-02 3.130431550756195280e-01 3.130431550756195280e-01
1.673327999999999927e+00 9.654766967334055261e-02 3.107212089210206196e-01 3.107212089210206196e-01
1.679525600000000063e+00 9.512594471614006786e-02 3.084249417867174770e-01 3.084249417867174770e-01
1.685727299999999929e+00 9.372866112440339514e-02 3.061513696268618467e-01 3.061513696268618467e-01
1.691929000000000016e+00 9.235648479396435517e-02 3.039020973832927686e-01 3.039020973832927686e-01
1.698126599999999931e+00 9.101002628245137560e-02 3.016786805235852076e-01 3.016786805235852076e-01
1.704328300000000018e+00 8.968723708448579635e-02 2.994782748121903593e-01 2.994782748121903593e-01
1.710530000000000106e+00 8.838874739329985464e-02 2.973024510381639396e-01 2.973024510381639396e-01
1.716727600000000020e+00 8.711511499932751701e-02 2.951526977673209484e-01 2.951526977673209484e-01
1.722929300000000108e+00 8.586436326818408515e-02 2.930262160083703105e-01 2.930262160083703105e-01
1.729130999999999974e+00 8.463702985372489884e-02 2.909244401107010658e-01 2.909244401107010658e-01
1.735328600000000110e+00 8.343356339897810281e-02 2.888486859914340954e-01 2.888486859914340954e-01
1.741530299999999976e+00 8.225199946054492783e-02 2.867960938725367948e-01 2.867960938725367948e-01
1.747732000000000063e+00 8.109273273256584202e-02 2.847678576183868548e-01 2.847678576183868548e-01
1.753929599999999978e+00 7.995605924128069975e-02 2.827650247843263576e-01 2.827650247843263576e-01
1.760131300000000065e+00 7.883998515221431191e-02 2.807845885233274386e-01 2.807845885233274386e-01
1.766328899999999980e+00 7.774545544817419718e-02 2.788287206300208432e-01 2.788287206300208432e-01
1.772530600000000067e+00 7.667045139037871604e-02 2.768942964208159774e-01 2.768942964208159774e-01
1.778732299999999933e+00 7.561509732442159293e-02 2.749819945458640280e-01 2.749819945458640280e-01
1.784929900000000069e+00 7.457943560894658708e-02 2.730923572876886585e-01 2.730923572876886585e-01
1.791131599999999935e+00 7.356143697939183934e-02 2.712221174229562104e-01 2.712221174229562104e-01
1.797333300000000023e+00 7.256111964288515515e-02 2.693717127741611095e-01 2.693717127741611095e-01
1.803530899999999937e+00 7.157845147130727226e-02 2.675414948588485387e-01 2.675414948588485387e-01
1.809732600000000025e+00 7.061146347943249302e-02 2.657281759231273077e-01 2.657281759231273077e-01
1.815934299999999890e+00 6.966016129136751167e-02 2.639321149298953784e-01 2.639321149298953784e-01
1.822131900000000027e+00 6.872453990299705329e-02 2.621536570467729588e-01 2.621536570467729588e-01
1.828333599999999892e+00 6.780278473822964891e-02 2.603896786322945633e-01 2.603896786322945633e-01
1.834535299999999980e+00 6.689499512624884348e-02 2.586406679666769515e-01 2.586406679666769515e-01
1.840732899999999894e+00 6.600129472407854914e-02 2.569071714142650009e-01 2.569071714142650009e-01
1.846934599999999982e+00 6.512010646977149653e-02 2.551864151356249000e-01 2.551864151356249000e-01
1.853132199999999896e+00 6.425227429587465622e-02 2.534803232913250270e-01 2.534803232913250270e-01
1.859333899999999984e+00 6.339640395470405587e-02 2.517864252788542534e-01 2.517864252788542534e-01
1.865535600000000072e+00 6.255290270376610839e-02 2.501057830274344140e-01 2.501057830274344140e-01
1.871733199999999986e+00 6.172221698332525791e-02 2.484395640459169385e-01 2.484395640459169385e-01
1.877934900000000074e+00 6.090321481030767925e-02 2.467857670334893394e-01 2.467857670334893394e-01
1.884136599999999939e+00 6.009647457736648490e-02 2.451458230877419653e-01 2.451458230877419653e-01
1.890334200000000076e+00 5.930258928581231409e-02 2.435212296408925392e-01 2.435212296408925392e-01
1.896535899999999941e+00 5.852061497476684221e-02 2.419103449106028703e-01 2.419103449106028703e-01
1.902737600000000029e+00 5.775120808091056129e-02 2.403148103653009460e-01 2.403148103653009460e-01
1.908935199999999943e+00 5.699499775221067432e-02 2.387362514412310066e-01 2.387362514412310066e-01
1.915136900000000031e+00 5.625110747431602554e-02 2.371731592619958084e-01 2.371731592619958084e-01
1.921338599999999897e+00 5.552014222599229581e-02 2.356271254036603757e-01 2.356271254036603757e-01
1.927536200000000033e+00 5.480263568753300507e-02 2.340996276962716560e-01 2.340996276962716560e-01
1.933737899999999899e+00 5.409765267053227855e-02 2.325890209587122281e-01 2.325890209587122281e-01
1.939935500000000035e+00 5.340608045646780266e-02 2.310975561455979599e-01 2.310975561455979599e-01
1.946137199999999901e+00 5.272689272433107865e-02 2.296233714679999094e-01 2.296233714679999094e-01
1.952338899999999988e+00 5.206036893081620459e-02 2.281674142615816303e-01 2.281674142615816303e-01
1.958536499999999902e+00 5.140668273518547715e-02 2.267304186367269936e-01 2.267304186367269936e-01
1.964738199999999990e+00 5.076464398027359659e-02 2.253101062541882360e-01 2.253101062541882360e-01
1.970939900000000078e+00 5.013429782756723824e-02 2.239068954444396742e-01 2.239068954444396742e-01
1.977137499999999992e+00 4.951560038796583990e-02 2.225210111157277793e-01 2.225210111157277793e-01
1.983339200000000080e+00 4.890723584317739625e-02 2.211498040767330142e-01 2.211498040767330142e-01
1.989540899999999946e+00 4.830908417977186620e-02 2.197932760112826234e-01 2.197932760112826234e-01
1.995738500000000082e+00 4.772097701328974900e-02 2.184513149726724501e-01 2.184513149726724501e-01
2.001940199999999948e+00 4.714157588950314282e-02 2.171211088068203954e-01 2.171211088068203954e-01
2.008141900000000035e+00 4.657072162333163873e-02 2.158025060636035442e-01 2.158025060636035442e-01
2.014339500000000172e+00 4.600825695104397012e-02 2.144953541479254766e-01 2.144953541479254766e-01
2.020541199999999815e+00 4.545295006475691402e-02 2.131969748020757227e-01 2.131969748020757227e-01
2.026742899999999903e+00 4.490473959273148796e-02 2.119073844695636977e-01 2.119073844695636977e-01
2.032940500000000039e+00 4.436360798704801212e-02 2.106267029297282933e-01 2.106267029297282933e-01
2.039142200000000127e+00 4.382853707783928437e-02 2.093526619793483479e-01 2.093526619793483479e-01
2.045339799999999819e+00 4.330000882244783300e-02 2.080865416658363165e-01 2.080865416658363165e-01
2.051541499999999907e+00 4.277717714192909998e-02 2.068264420762710443e-01 2.068264420762710443e-01
2.057743199999999995e+00 4.226032513245912836e-02 2.055731624810474278e-01 2.055731624810474278e-01
2.063940800000000131e+00 4.174979449698405787e-02 2.043276645415007253e-01 2.043276645415007253e-01
2.070142500000000219e+00 4.124498347718138364e-02 2.030886099149368518e-01 2.030886099149368518e-01
2.076344199999999862e+00 4.074636405101545594e-02 2.018572863461100264e-01 2.018572863461100264e-01
2.082541799999999999e+00 4.025443874814653433e-02 2.006350885267742246e-01 2.006350885267742246e-01
2.088743500000000086e+00 3.976876960499000496e-02 1.994210861593878892e-01 1.994210861593878892e-01
2.094945200000000174e+00 3.928991662406584179e-02 1.982168424328917544e-01 1.982168424328917544e-01
2.101142799999999866e+00 3.881842635270688763e-02 1.970239233004633939e-01 1.970239233004633939e-01
2.107344499999999954e+00 3.835390168870021071e-02 1.958415218708745020e-01 1.958415218708745020e-01
2.113546200000000042e+00 3.789685956832190145e-02 1.946711575152361984e-01 1.946711575152361984e-01
2.119743800000000178e+00 3.744776030004612344e-02 1.935142379775868782e-01 1.935142379775868782e-01
2.125945499999999821e+00 3.700612760827197423e-02 1.923697679165621288e-01 1.923697679165621288e-01
2.132143099999999958e+00 3.657260691360145893e-02 1.912396583180420162e-01 1.912396583180420162e-01
2.138344800000000046e+00 3.614662372222145897e-02 1.901226544160938836e-01 1.901226544160938836e-01
2.144546500000000133e+00 3.572840075471925975e-02 1.890195777022032619e-01 1.890195777022032619e-01
2.150744099999999825e+00 3.531807413377965887e-02 1.879310355789582110e-01 1.879310355789582110e-01
2.156945799999999913e+00 3.491490450227704989e-02 1.868553036503835807e-01 1.868553036503835807e-01
2.163147500000000001e+00 3.451891065793640662e-02 1.857926550161130841e-01 1.857926550161130841e-01
2.169345100000000137e+00 3.413004144722430605e-02 1.847431769977562754e-01 1.847431769977562754e-01
2.175546799999999781e+00 3.374743490502139787e-02 1.837047492718176800e-01 1.837047492718176800e-01
2.181748499999999868e+00 3.337097265708582894e-02 1.826772362859856447e-01 1.826772362859856447e-01
2.187946100000000005e+00 3.300050220883487401e-02 1.816604035249148041e-01 1.816604035249148041e-01
2.194147800000000093e+00 3.263513283343544985e-02 1.806519660381127601e-01 1.806519660381127601e-01
2.200349500000000180e+00 3.227471856231736019e-02 1.796516589467443692e-01 1.796516589467443692e-01
2.206547099999999872e+00 3.191912052113973081e-02 1.786592301593727672e-01 1.786592301593727672e-01
2.212748799999999960e+00 3.156752724457820292e-02 1.776725281088165354e-01 1.776725281088165354e-01
2.218946400000000096e+00 3.122010419123358999e-02 1.766921169470601627e-01 1.766921169470601627e-01
2.225148100000000184e+00 3.087614119244059749e-02 1.757160812004427697e-01 1.757160812004427697e-01
2.231349799999999828e+00 3.053567367836034635e-02 1.747445955626678316e-01 1.747445955626678316e-01
2.237547399999999964e+00 3.019878609172124348e-02 1.737779793061285660e-01 1.737779793061285660e-01
2.243749100000000052e+00 2.986495465222101589e-02 1.728147987072317093e-01 1.728147987072317093e-01
2.249950800000000140e+00 2.953438296961513956e-02 1.718557039193495672e-01 1.718557039193495672e-01
2.256148399999999832e+00 2.920731988918048860e-02 1.709014917699096248e-01 1.709014917699096248e-01
2.262350099999999919e+00 2.888341423278434697e-02 1.699512113307355965e-01 1.699512113307355965e-01
2.268551800000000007e+00 2.856300540185431266e-02 1.690059330374360236e-01 1.690059330374360236e-01
2.274749400000000144e+00 2.824645475869783789e-02 1.680668163520027958e-01 1.680668163520027958e-01
2.280951099999999787e+00 2.793351773644425773e-02 1.671332334888673832e-01 1.671332334888673832e-01
2.287152799999999875e+00 2.762458986815680140e-02 1.662064675882283515e-01 1.662064675882283515e-01
2.293350400000000011e+00 2.732005592975836686e-02 1.652877972802540840e-01 1.652877972802540840e-01
2.299552100000000099e+00 2.701968715727547099e-02 1.643766624471839910e-01 1.643766624471839910e-01
2.305749699999999791e+00 2.672403473729670700e-02 1.634748749419821512e-01 1.634748749419821512e-01
2.311951399999999879e+00 2.643283332225908680e-02 1.625817742622434614e-01 1.625817742622434614e-01
2.318153099999999966e+00 2.614637068420342172e-02 1.616983941917897460e-01 1.616983941917897460e-01
2.324350700000000103e+00 2.586488175046384314e-02 1.608256252916923645e-01 1.608256252916923645e-01
2.330552400000000191e+00 2.558800075842686608e-02 1.599624979750781106e-01 1.599624979750781106e-01
2.336754099999999834e+00 2.531587727423163445e-02 1.591096391619050698e-01 1.591096391619050698e-01
2.342951699999999970e+00 2.504860407467619093e-02 1.582675079562327336e-01 1.582675079562327336e-01
2.349153400000000058e+00 2.478570332326354708e-02 1.574347589424379412e-01 1.574347589424379412e-01
2.355355100000000146e+00 2.452719151352878921e-02 1.566115944415635841e-01 1.566115944415635841e-01
2.361552699999999838e+00 2.427304162716809391e-02 1.557980796645712651e-01 1.557980796645712651e-01
2.367754399999999926e+00 2.402269855060421705e-02 1.549925757918882152e-01 1.549925757918882152e-01
2.373956100000000013e+00 2.377609526494381398e-02 1.541949910501110022e-01 1.541949910501110022e-01
2.380153700000000150e+00 2.353314542316916821e-02 1.534051675243346124e-01 1.534051675243346124e-01
2.386355399999999793e+00 2.329328050802515968e-02 1.526213632098244732e-01 1.526213632098244732e-01
2.392557099999999881e+00 2.305642190633143060e-02 1.518434124561596765e-01 1.518434124561596765e-01
2.398754700000000017e+00 2.282249721265762130e-02 1.510711660531473544e-01 1.510711660531473544e-01
2.404956400000000105e+00 2.259099150967484870e-02 1.503029990042608899e-01 1.503029990042608899e-01
2.411153999999999797e+00 2.236203188740153863e-02 1.495393991140847867e-01 1.495393991140847867e-01
2.417355699999999885e+00 2.213516671490331142e-02 1.487789189196618289e-01 1.487789189196618289e-01
2.423557399999999973e+00 2.191043278324979540e-02 1.480217307804830296e-01 1.480217307804830296e-01
2.429755000000000109e+00 2.168789592269346547e-02 1.472681089805035204e-01 1.472681089805035204e-01
2.435956700000000197e+00 2.146721565925036393e-02 1.465169466623242323e-01 1.465169466623242323e-01
2.442158399999999840e+00 2.124852704656569891e-02 1.457687450949815278e-01 1.457687450949815278e-01
2.448355999999999977e+00 2.103199037509447325e-02 1.450241027384568115e-01 1.450241027384568115e-01
2.454557700000000064e+00 2.081736360574786004e-02 1.442822359327296522e-01 1.442822359327296522e-01
2.460759400000000152e+00 2.060485726337819151e-02 1.435439210255111953e-01 1.435439210255111953e-01
2.466956999999999844e+00 2.039469308708368248e-02 1.428099894513114310e-01 1.428099894513114310e-01
2.473158699999999932e+00 2.018668758270691227e-02 1.420798633962846724e-01 1.420798633962846724e-01
2.479360400000000020e+00 1.998108051284751968e-02 1.413544499223406692e-01 1.413544499223406692e-01
2.485558000000000156e+00 1.977810497610097556e-02 1.406346506949868735e-01 1.406346506949868735e-01
2.491759699999999800e+00 1.957758636481985587e-02 1.399199284048553704e-01 1.399199284048553704e-01
2.497957299999999936e+00 1.937987322096204265e-02 1.392116130966164766e-01 1.392116130966164766e-01
2.504159000000000024e+00 1.918477289243236336e-02 1.385091076154646439e-01 1.385091076154646439e-01
2.510360700000000111e+00 1.899246824858389152e-02 1.378131642789754974e-01 1.378131642789754974e-01
2.516558299999999804e+00 1.880311467205840470e-02 1.371244495779596617e-01 1.371244495779596617e-01
2.522759999999999891e+00 1.861647120413596063e-02 1.364421899711960873e-01 1.364421899711960873e-01
2.528961699999999979e+00 1.843265175590459715e-02 1.357669022844102402e-01 1.357669022844102402e-01
2.535159300000000115e+00 1.825174144736712092e-02 1.350990060931875347e-01 1.350990060931875347e-01
2.541361000000000203e+00 1.807344730285418560e-02 1.344375219306506997e-01 1.344375219306506997e-01
2.547562699999999847e+00 1.789781835960581324e-02 1.337827281812036251e-01 1.337827281812036251e-01
2.553760299999999983e+00 1.772488137628507390e-02 1.331348240554854623e-01 1.331348240554854623e-01
2.559962000000000071e+00 1.755430863322690258e-02 1.324926738851129882e-01 1.324926738851129882e-01
2.566163700000000158e+00 1.738610765185056445e-02 1.318563902579263092e-01 1.318563902579263092e-01
2.572361299999999851e+00 1.722027442663866259e-02 1.312260432484294026e-01 1.312260432484294026e-01
2.578562999999999938e+00 1.705647482346468041e-02 1.306004395990483791e-01 1.306004395990483791e-01
2.584760600000000075e+00 1.689481230030989711e-02 1.299800457774573093e-01 1.299800457774573093e-01
2.590962300000000162e+00 1.673496424377974787e-02 1.293636898197471352e-01 1.293636898197471352e-01
2.597163999999999806e+00 1.657693659681118772e-02 1.287514527949536747e-01 1.287514527949536747e-01
2.603361599999999942e+00 1.642073974070270073e-02 1.281434342473413701e-01 1.281434342473413701e-01
2.609563300000000030e+00 1.626608555926713218e-02 1.275385649882698480e-01 1.275385649882698480e-01
2.615765000000000118e+00 1.611300845300304985e-02 1.269370255402380576e-01 1.269370255402380576e-01
2.621962599999999810e+00 1.596155122349547303e-02 1.263390328580026589e-01 1.263390328580026589e-01
2.628164299999999898e+00 1.581146926937448266e-02 1.257436649274009388e-01 1.257436649274009388e-01
2.634365999999999985e+00 1.566283134929125423e-02 1.251512339103824090e-01 1.251512339103824090e-01
2.640563600000000122e+00 1.551571393032098387e-02 1.245620886559027779e-01 1.245620886559027779e-01
2.646765300000000209e+00 1.536991244124743909e-02 1.239754509620652201e-01 1.239754509620652201e-01
2.652966999999999853e+00 1.522552389549076957e-02 1.233917497059295737e-01 1.233917497059295737e-01
2.659164599999999989e+00 1.508264922945754156e-02 1.228114376980317807e-01 1.228114376980317807e-01
2.665366300000000077e+00 1.494111239523212772e-02 1.222338430846061919e-01 1.222338430846061919e-01
2.671568000000000165e+00 1.480102590583619315e-02 1.216594669799115624e-01 1.216594669799115624e-01
2.677765599999999857e+00 1.466250143415097004e-02 1.210888163050203858e-01 1.210888163050203858e-01
2.683967299999999945e+00 1.452537777453326295e-02 1.205212751946031502e-01 1.205212751946031502e-01
2.690164900000000081e+00 1.438985855191524978e-02 1.199577365238076315e-01 1.199577365238076315e-01
2.696366600000000169e+00 1.425578591756182165e-02 1.193975959454871977e-01 1.193975959454871977e-01
2.702568299999999812e+00 1.412326963768963106e-02 1.188413633281343307e-01 1.188413633281343307e-01
2.708765899999999949e+00 1.399241270479827798e-02 1.182895291426856454e-01 1.182895291426856454e-01
2.714967600000000036e+00 1.386305561820508174e-02 1.177414779005473561e-01 1.177414779005473561e-01
2.721169300000000124e+00 1.373529530841959001e-02 1.171976762074214140e-01 1.171976762074214140e-01
2.727366899999999816e+00 1.360922031714989315e-02 1.166585629825341724e-01 1.166585629825341724e-01
2.733568599999999904e+00 1.348466506503824373e-02 1.161234905823892438e-01 1.161234905823892438e-01
2.739770299999999992e+00 1.336171009786571613e-02 1.155928635248115871e-01 1.155928635248115871e-01
2.745967900000000128e+00 1.324042700003435352e-02 1.150670543641156840e-01 1.150670543641156840e-01
2.752169600000000216e+00 1.312064238102488359e-02 1.145453725866954625e-01 1.145453725866954625e-01
2.758371299999999859e+00 1.300241924385809114e-02 1.140281511025154348e-01 1.140281511025154348e-01
2.764568899999999996e+00 1.288581165481130983e-02 1.135156890249594958e-01 1.135156890249594958e-01
2.770770600000000083e+00 1.277063801592436508e-02 1.130072476256472891e-01 1.130072476256472891e-01
2.776968200000000220e+00 1.265701867590081700e-02 1.125034162854658265e-01 1.125034162854658265e-01
2.783169899999999863e+00 1.254476686390991642e-02 1.120034234472764567e-01 1.120034234472764567e-01
2.789371599999999951e+00 1.243391753914424927e-02 1.115074775032788984e-01 1.115074775032788984e-01
2.795569200000000087e+00 1.232449807777014072e-02 1.110157559888241274e-01 1.110157559888241274e-01
2.801770900000000175e+00 1.221631574544736372e-02 1.105274434041037812e-01 1.105274434041037812e-01
2.807972599999999819e+00 1.210939255409801581e-02 1.100426851458015665e-01 1.100426851458015665e-01
2.814170199999999955e+00 1.200374508071873868e-02 1.095616040441118183e-01 1.095616040441118183e-01
2.820371900000000043e+00 1.189917939252982393e-02 1.090833598333394994e-01 1.090833598333394994e-01
2.826573600000000130e+00 1.179571131648429923e-02 1.086080628520935398e-01 1.086080628520935398e-01
2.832771199999999823e+00 1.169335458785322746e-02 1.081358154722718429e-01 1.081358154722718429e-01
2.838972899999999910e+00 1.159192214225160562e-02 1.076657890987272048e-01 1.076657890987272048e-01
2.845174599999999998e+00 1.149143356114083227e-02 1.071981042796038980e-01 1.071981042796038980e-01
2.851372200000000134e+00 1.139191033659212038e-02 1.067328924773994908e-01 1.067328924773994908e-01
2.857573899999999778e+00 1.129318233651290145e-02 1.062693856974477047e-01 1.062693856974477047e-01
2.863775599999999866e+00 1.119528387605121106e-02 1.058077685052057626e-01 1.058077685052057626e-01
2.869973200000000002e+00 1.109825464803333370e-02 1.053482541290235858e-01 1.053482541290235858e-01
2.876174900000000090e+00 1.100195034686562989e-02 1.048901823187739085e-01 1.048901823187739085e-01
2.882372600000000062e+00 1.090648961433625039e-02 1.044341400804174314e-01 1.044341400804174314e-01
2.888574199999999870e+00 1.081175252257155980e-02 1.039795774302413600e-01 1.039795774302413600e-01
2.894775899999999957e+00 1.071780845005137345e-02 1.035268489332664549e-01 1.035268489332664549e-01
2.900973500000000094e+00 1.062473911862142802e-02 1.030763751721092830e-01 1.030763751721092830e-01
2.907175200000000181e+00 1.053244776569082532e-02 1.026277144132657082e-01 1.026277144132657082e-01
2.913376899999999825e+00 1.044102897667767774e-02 1.021813533707480182e-01 1.021813533707480182e-01
2.919574499999999961e+00 1.035057993402282300e-02 1.017377999271795869e-01 1.017377999271795869e-01
2.925776200000000049e+00 1.026102181254281466e-02 1.012967018838363542e-01 1.012967018838363542e-01
2.931977900000000137e+00 1.017245694600880934e-02 1.008585987707979609e-01 1.008585987707979609e-01
2.938175499999999829e+00 1.008498434893365624e-02 1.004240227681288261e-01 1.004240227681288261e-01
2.944377199999999917e+00 9.998527007386372872e-03 9.999263476569848763e-02 9.999263476569848763e-02
2.950578900000000004e+00 9.913177096944897002e-03 9.956493909476818449e-02 9.956493909476818449e-02
2.956776500000000141e+00 9.829017195854591882e-03 9.914140000955500021e-02 9.914140000955500021e-02
2.962978199999999784e+00 9.745954860851934257e-03 9.872160280734877669e-02 9.872160280734877669e-02
2.969175900000000201e+00 9.664107752584496364e-03 9.830619386683880911e-02 9.830619386683880911e-02
2.975377500000000008e+00 9.583369877497837849e-03 9.789468768783032848e-02 9.789468768783032848e-02
2.981579200000000096e+00 9.503778773994053797e-03 9.748732622240725842e-02 9.748732622240725842e-02
2.987776900000000069e+00 9.425361360901100827e-03 9.708430028022604907e-02 9.708430028022604907e-02
2.993978499999999876e+00 9.347981747966450927e-03 9.668496133301419937e-02 9.668496133301419937e-02
3.000180199999999964e+00 9.271641985182012963e-03 9.628936589874301233e-02 9.628936589874301233e-02
3.006377899999999936e+00 9.196335938016178546e-03 9.589752832068289268e-02 9.589752832068289268e-02
3.012579500000000188e+00 9.121904327422183240e-03 9.550866100737766262e-02 9.550866100737766262e-02
3.018781199999999831e+00 9.048324756500678023e-03 9.512268266034488995e-02 9.512268266034488995e-02
3.024978899999999804e+00 8.975572904736595775e-03 9.473950023478378002e-02 9.473950023478378002e-02
3.031180500000000055e+00 8.903482941753897845e-03 9.435826906929724311e-02 9.435826906929724311e-02
3.037382200000000143e+00 8.832028294504979879e-03 9.397887153240870595e-02 9.397887153240870595e-02
3.043579900000000116e+00 8.761188426753585209e-03 9.360122022043081136e-02 9.360122022043081136e-02
3.049781499999999923e+00 8.690812388648412948e-03 9.322452675475705053e-02 9.322452675475705053e-02
3.055979199999999896e+00 8.620936830060968795e-03 9.284900015649585892e-02 9.284900015649585892e-02
3.062180899999999983e+00 8.551431337950984868e-03 9.247394950985377005e-02 9.247394950985377005e-02
3.068382499999999791e+00 8.482312857346435697e-03 9.209947262252067557e-02 9.209947262252067557e-02
3.074580200000000207e+00 8.413606889599469299e-03 9.172571553059408189e-02 9.172571553059408189e-02
3.080781899999999851e+00 8.345222693438649614e-03 9.135219041401607121e-02 9.135219041401607121e-02
3.086983500000000102e+00 8.277215835961925644e-03 9.097920551401801614e-02 9.097920551401801614e-02
3.093181200000000075e+00 8.209650121350690541e-03 9.060711959526519810e-02 9.060711959526519810e-02
3.099382900000000163e+00 8.142473253458197904e-03 9.023565400360435140e-02 9.023565400360435140e-02
3.105584499999999970e+00 8.075773515594528509e-03 8.986530763089017881e-02 8.986530763089017881e-02
3.111782199999999943e+00 8.009642288399825699e-03 8.949660489873247082e-02 8.949660489873247082e-02
3.117983800000000194e+00 7.944052502260530099e-03 8.912941434936352825e-02 8.912941434936352825e-02
3.124185499999999838e+00 7.879103626865256033e-03 8.876431505320848958e-02 8.876431505320848958e-02
3.130383199999999810e+00 7.814896463767385601e-03 8.840190305512311830e-02 8.840190305512311830e-02
3.136584800000000062e+00 7.751404746039603291e-03 8.804206236816357334e-02 8.804206236816357334e-02
3.142782500000000034e+00 7.688758369343403481e-03 8.768556534198433672e-02 8.768556534198433672e-02
3.148984200000000122e+00 7.626919705631636688e-03 8.733223749356039400e-02 8.733223749356039400e-02
3.155185799999999929e+00 7.565962740811255950e-03 8.698254273594935304e-02 8.698254273594935304e-02
3.161383499999999902e+00 7.505944731898931722e-03 8.663685550560415449e-02 8.663685550560415449e-02
3.167585199999999990e+00 7.446797320516979068e-03 8.629482788972336893e-02 8.629482788972336893e-02
3.173786799999999797e+00 7.388555351875191954e-03 8.595670626469578690e-02 8.595670626469578690e-02
3.179984500000000214e+00 7.331235273827856405e-03 8.562263295313836398e-02 8.562263295313836398e-02
3.186186199999999857e+00 7.274732934118289564e-03 8.529204496386688650e-02 8.529204496386688650e-02
3.192387800000000109e+00 7.219043705486781481e-03 8.496495574933692063e-02 8.496495574933692063e-02
3.198585500000000081e+00 7.164148076977288650e-03 8.464129061502599638e-02 8.464129061502599638e-02
3.204787200000000169e+00 7.109915075971043330e-03 8.432031235693475402e-02 8.432031235693475402e-02
3.210988799999999976e+00 7.056314353054431339e-03 8.400187112829350655e-02 8.400187112829350655e-02
3.217186499999999949e+00 7.003308063880451899e-03 8.368576978125046029e-02 8.368576978125046029e-02
3.223388200000000037e+00 6.950757919280610951e-03 8.337120557650951058e-02 8.337120557650951058e-02
3.229589799999999844e+00 6.898630428201373878e-03 8.305799436659527801e-02 8.305799436659527801e-02
3.235787499999999817e+00 6.846893125845061531e-03 8.274595534432520327e-02 8.274595534432520327e-02
3.241989199999999904e+00 6.795423029714369942e-03 8.243435588220708599e-02 8.243435588220708599e-02
3.248186800000000041e+00 6.744239400263998992e-03 8.212331824922808332e-02 8.212331824922808332e-02
3.254388500000000128e+00 6.693237215192235877e-03 8.181220700599779738e-02 8.181220700599779738e-02
3.260590200000000216e+00 6.642424987369738125e-03 8.150107353507521357e-02 8.150107353507521357e-02
3.266787799999999908e+00 6.591823292954416928e-03 8.119004429703445547e-02 8.119004429703445547e-02
3.272989499999999996e+00 6.541365074163686850e-03 8.087870593774165728e-02 8.087870593774165728e-02
3.279191200000000084e+00 6.491096113134088054e-03 8.056733899747520189e-02 8.056733899747520189e-02
3.285388800000000220e+00 6.441073146277060193e-03 8.025629661451530450e-02 8.025629661451530450e-02
3.291590499999999864e+00 6.391263807142675939e-03 7.994538014884083887e-02 7.994538014884083887e-02
3.297792199999999951e+00 6.341743460837640997e-03 7.963506426717843756e-02 7.963506426717843756e-02
3.303989800000000088e+00 6.292592986816020889e-03 7.932586581195329167e-02 7.932586581195329167e-02
3.310191500000000175e+00 6.243799794051352846e-03 7.901771822858055794e-02 7.901771822858055794e-02
3.316393199999999819e+00 6.195450532395348209e-03 7.871118429038752307e-02 7.871118429038752307e-02
3.322590799999999955e+00 6.147629772638326523e-03 7.840682223275170781e-02 7.840682223275170781e-02
3.328792500000000043e+00 6.100324046567252509e-03 7.810457122708792943e-02 7.810457122708792943e-02
3.334990100000000179e+00 6.053640196567009087e-03 7.780514248150316448e-02 7.780514248150316448e-02
3.341191799999999823e+00 6.007553396592939590e-03 7.750840855412359509e-02 7.750840855412359509e-02
3.347393499999999911e+00 5.962122719209456134e-03 7.721478303543601041e-02 7.721478303543601041e-02
3.353591100000000047e+00 5.917395372470188146e-03 7.692460836735010021e-02 7.692460836735010021e-02
3.359792800000000135e+00 5.873319154344292664e-03 7.663758317134154729e-02 7.663758317134154729e-02
3.365994499999999778e+00 5.829919743042177513e-03 7.635391111817506349e-02 7.635391111817506349e-02
3.372192099999999915e+00 5.787210143727782377e-03 7.607371519603721433e-02 7.607371519603721433e-02
3.378393800000000002e+00 5.745108599143412473e-03 7.579649463625222350e-02 7.579649463625222350e-02
3.384595500000000090e+00 5.703609173713828154e-03 7.552224290706564813e-02 7.552224290706564813e-02
3.390793099999999782e+00 5.662696645799305574e-03 7.525089132893580945e-02 7.525089132893580945e-02
3.396994799999999870e+00 5.622268824396535990e-03 7.498178995193791052e-02 7.498178995193791052e-02
3.403196499999999958e+00 5.582300832880976102e-03 7.471479661272575901e-02 7.471479661272575901e-02
3.409394100000000094e+00 5.542764605320099972e-03 7.444974550205057939e-02 7.444974550205057939e-02
3.415595800000000182e+00 5.503553878358814939e-03 7.418594124467799145e-02 7.418594124467799145e-02
3.421793399999999874e+00 5.464668738547757455e-03 7.392339777464072836e-02 7.392339777464072836e-02
3.427995099999999962e+00 5.426009973841743224e-03 7.366145514339057787e-02 7.366145514339057787e-02
3.434196800000000049e+00 5.387561330829384633e-03 7.340000906559469851e-02 7.340000906559469851e-02
3.440394400000000186e+00 5.349313103591144848e-03 7.313899851372826499e-02 7.313899851372826499e-02
3.446596099999999829e+00 5.311187915738336054e-03 7.287789730596194726e-02 7.287789730596194726e-02
3.452797799999999917e+00 5.273193204533093391e-03 7.261675567341943638e-02 7.261675567341943638e-02
3.458995400000000053e+00 5.235345223018389102e-03 7.235568549200808997e-02 7.235568549200808997e-02
3.465197100000000141e+00 5.197594241032897459e-03 7.209434264235230205e-02 7.209434264235230205e-02
3.471398799999999785e+00 5.159974323131420390e-03 7.183296125826513223e-02 7.183296125826513223e-02
3.477596399999999921e+00 5.122527025889527484e-03 7.157183123191362961e-02 7.157183123191362961e-02
3.483798100000000009e+00 5.085226387232852537e-03 7.131077329010569732e-02 7.131077329010569732e-02
3.489999800000000096e+00 5.048126260163422925e-03 7.105016720714613099e-02 7.105016720714613099e-02
3.496197399999999789e+00 5.011283889819632097e-03 7.079042230287677095e-02 7.079042230287677095e-02
3.502399099999999876e+00 4.974685783756805507e-03 7.053145244326679275e-02 7.053145244326679275e-02
3.508600799999999964e+00 4.938392337988622982e-03 7.027369591809315419e-02 7.027369591809315419e-02
3.514798400000000100e+00 4.902462202087978088e-03 7.001758494898248364e-02 7.001758494898248364e-02
3.521000100000000188e+00 4.866880367037067050e-03 6.976303008784141835e-02 6.976303008784141835e-02
3.527197699999999880e+00 4.831722585512991490e-03 6.951059333305241450e-02 6.951059333305241450e-02
3.533399399999999968e+00 4.796966135275014011e-03 6.926013380924854468e-02 6.926013380924854468e-02
3.539601100000000056e+00 4.762652391164856613e-03 6.901197281026573427e-02 6.901197281026573427e-02
3.545798700000000192e+00 4.728815127122747153e-03 6.876638079121764890e-02 6.876638079121764890e-02
3.552000399999999836e+00 4.695414352587444669e-03 6.852309357134603318e-02 6.852309357134603318e-02
3.558202099999999923e+00 4.662470597699154215e-03 6.828228611945527660e-02 6.828228611945527660e-02
3.564399700000000060e+00 4.629996655040481864e-03 6.804407876546263167e-02 6.804407876546263167e-02
3.570601400000000147e+00 4.597934991519682033e-03 6.780807467787064446e-02 6.780807467787064446e-02
3.576803099999999791e+00 4.566287362560565374e-03 6.757430993033199107e-02 6.757430993033199107e-02
3.583000699999999927e+00 4.535050047437607333e-03 6.734278021761209987e-02 6.734278021761209987e-02
3.589202400000000015e+00 4.504154129986883033e-03 6.711299523927451161e-02 6.711299523927451161e-02
3.595404100000000103e+00 4.473590593761740675e-03 6.688490557488842303e-02 6.688490557488842303e-02
3.601601699999999795e+00 4.443348505163102931e-03 6.665844661528727566e-02 6.665844661528727566e-02
3.607803399999999883e+00 4.413357130535264586e-03 6.643310267129833024e-02 6.643310267129833024e-02
3.614001000000000019e+00 4.383626625239790339e-03 6.620896181967959870e-02 6.620896181967959870e-02
3.620202700000000107e+00 4.354090301960595114e-03 6.598553100461188037e-02 6.598553100461188037e-02
3.626404400000000194e+00 4.324743555728956593e-03 6.576278245123876043e-02 6.576278245123876043e-02
3.632601999999999887e+00 4.295584966511922440e-03 6.554071228261043602e-02 6.554071228261043602e-02
3.638803699999999974e+00 4.266559486417241184e-03 6.531890604118566201e-02 6.531890604118566201e-02
3.645005400000000062e+00 4.237674458358375862e-03 6.509742282424378634e-02 6.509742282424378634e-02
3.651203000000000198e+00 4.208941428277983288e-03 6.487635492440974039e-02 6.487635492440974039e-02
3.657404699999999842e+00 4.180319460149601631e-03 6.465539003168724319e-02 6.465539003168724319e-02
3.663606399999999930e+00 4.151828931276549568e-03 6.443468732970270008e-02 6.443468732970270008e-02
3.669804000000000066e+00 4.123493715057966608e-03 6.421443541025620427e-02 6.421443541025620427e-02
3.676005700000000154e+00 4.095284820995040431e-03 6.399441242010930897e-02 6.399441242010930897e-02
3.682207399999999797e+00 4.067232263621183529e-03 6.377485604547597497e-02 6.377485604547597497e-02
3.688404999999999934e+00 4.039367691998394655e-03 6.355602010823517556e-02 6.355602010823517556e-02
3.694606700000000021e+00 4.011668859385070403e-03 6.333773645612124359e-02 6.333773645612124359e-02
3.700804300000000158e+00 3.984187657418290091e-03 6.312042187294290840e-02 6.312042187294290840e-02
3.707005999999999801e+00 3.956903005308889942e-03 6.290391883904285220e-02 6.290391883904285220e-02
3.713207699999999889e+00 3.929847828498530399e-03 6.268849837488955912e-02 6.268849837488955912e-02
3.719405300000000025e+00 3.903053302342537802e-03 6.247442118453389731e-02 6.247442118453389731e-02
3.725607000000000113e+00 3.876495909801172101e-03 6.226151226721988313e-02 6.226151226721988313e-02
3.731808700000000201e+00 3.850203458464705828e-03 6.205000772332511239e-02 6.205000772332511239e-02
3.738006299999999893e+00 3.824200867897820707e-03 6.184012344665735378e-02 6.184012344665735378e-02
3.744207999999999981e+00 3.798459200822015824e-03 6.163164123096200736e-02 6.163164123096200736e-02
3.750409700000000068e+00 3.772998824904804684e-03 6.142474114642083177e-02 6.142474114642083177e-02
3.756607300000000205e+00 3.747837002358114095e-03 6.121958022036833730e-02 6.121958022036833730e-02
3.762808999999999848e+00 3.722938891287304666e-03 6.101589048180239977e-02 6.101589048180239977e-02
3.769010699999999936e+00 3.698317582422136138e-03 6.081379434324202943e-02 6.081379434324202943e-02
3.775208300000000072e+00 3.673983550026371260e-03 6.061339414705606971e-02 6.061339414705606971e-02
3.781410000000000160e+00 3.649897421032549140e-03 6.041438091243300085e-02 6.041438091243300085e-02
3.787611699999999804e+00 3.626066816615695042e-03 6.021683167201422049e-02 6.021683167201422049e-02
3.793809299999999940e+00 3.602497565391815041e-03 6.002080943632645549e-02 6.002080943632645549e-02
3.800011000000000028e+00 3.579147949510537007e-03 5.982598055619763044e-02 5.982598055619763044e-02
3.806208600000000164e+00 3.556037716843518312e-03 5.963252230824651196e-02 5.963252230824651196e-02
3.812410299999999808e+00 3.533124790350423029e-03 5.944009413140614179e-02 5.944009413140614179e-02
3.818611999999999895e+00 3.510412878398734473e-03 5.924873735699972416e-02 5.924873735699972416e-02
3.824809600000000032e+00 3.487905210579718071e-03 5.905848974177817928e-02 5.905848974177817928e-02
3.831011300000000119e+00 3.465560647359013091e-03 5.886901262429167919e-02 5.886901262429167919e-02
3.837213000000000207e+00 3.443383173767567123e-03 5.868034742371219803e-02 5.868034742371219803e-02
3.843410599999999899e+00 3.421376885504386241e-03 5.849253700690701385e-02 5.849253700690701385e-02
3.849612299999999987e+00 3.399502955761512027e-03 5.830525667348967350e-02 5.830525667348967350e-02
3.855814000000000075e+00 3.377767112157042603e-03 5.811856082317457678e-02 5.811856082317457678e-02
3.862011600000000211e+00 3.356175683493220225e-03 5.793250972893562029e-02 5.793250972893562029e-02
3.868213299999999855e+00 3.334693288993966897e-03 5.774680327943675084e-02 5.774680327943675084e-02
3.874414999999999942e+00 3.313328658003223889e-03 5.756152063664773944e-02 5.756152063664773944e-02
3.880612600000000079e+00 3.292091543932335832e-03 5.737675090079897428e-02 5.737675090079897428e-02
3.886814300000000166e+00 3.270951032530198394e-03 5.719222877743267847e-02 5.719222877743267847e-02
3.893011899999999859e+00 3.249933790505223335e-03 5.700819055631588250e-02 5.700819055631588250e-02
3.899213599999999946e+00 3.229012315761655393e-03 5.682439894764972771e-02 5.682439894764972771e-02
3.905415300000000034e+00 3.208202479947304831e-03 5.664099645969608576e-02 5.664099645969608576e-02
3.911612900000000170e+00 3.187521477353293629e-03 5.645813915949846051e-02 5.645813915949846051e-02
3.917814599999999814e+00 3.166947062681421503e-03 5.627563471593564903e-02 5.627563471593564903e-02
3.924016299999999902e+00 3.146499542579559924e-03 5.609366758003580394e-02 5.609366758003580394e-02
3.930213900000000038e+00 3.126200196019470606e-03 5.591243328651929190e-02 5.591243328651929190e-02
3.936415600000000126e+00 3.106031153129879419e-03 5.573177866468895930e-02 5.573177866468895930e-02
3.942617300000000213e+00 3.086015710121138653e-03 5.555191904985046225e-02 5.555191904985046225e-02
3.948814899999999906e+00 3.066177266926521476e-03 5.537307348275442853e-02 5.537307348275442853e-02
3.955016599999999993e+00 3.046500051016134622e-03 5.519510894106591931e-02 5.519510894106591931e-02
3.961218300000000081e+00 3.027007477764109486e-03 5.501824677108595185e-02 5.501824677108595185e-02
3.967415900000000217e+00 3.007721815790375883e-03 5.484270066098474034e-02 5.484270066098474034e-02
3.973617599999999861e+00 2.988626042489950230e-03 5.466832759916796791e-02 5.466832759916796791e-02
3.979815199999999997e+00 2.969752412405818245e-03 5.449543478499660476e-02 5.449543478499660476e-02
3.986016900000000085e+00 2.951081109423230823e-03 5.432385396327502058e-02 5.432385396327502058e-02
3.992218600000000173e+00 2.932627664506421827e-03 5.415374100195130547e-02 5.415374100195130547e-02
3.998416199999999865e+00 2.914404592959904047e-03 5.398522569147880951e-02 5.398522569147880951e-02
4.004617900000000397e+00 2.896385696342661069e-03 5.381807964190715027e-02 5.381807964190715027e-02
4.010819599999999596e+00 2.878578309139276370e-03 5.365238400238405564e-02 5.365238400238405564e-02
4.017017199999999733e+00 2.860986525375031498e-03 5.348819052253526302e-02 5.348819052253526302e-02
4.023218899999999820e+00 2.843577040461550687e-03 5.332520080094917819e-02 5.332520080094917819e-02
4.029420599999999908e+00 2.826349205224480774e-03 5.316341980370037357e-02 5.316341980370037357e-02
4.035618200000000044e+00 2.809299915471312383e-03 5.300282931571966699e-02 5.300282931571966699e-02
4.041819900000000132e+00 2.792390750580697485e-03 5.284307665702951684e-02 5.284307665702951684e-02
4.048021600000000220e+00 2.775616148749979629e-03 5.268411666479736605e-02 5.268411666479736605e-02
4.054219200000000356e+00 2.758969750055389764e-03 5.252589599478899030e-02 5.252589599478899030e-02
4.060420900000000444e+00 2.742412379064412733e-03 5.236804731001923341e-02 5.236804731001923341e-02
4.066618499999999692e+00 2.725949604011356636e-03 5.221062730911549266e-02 5.221062730911549266e-02
4.072820199999999780e+00 2.709544740332282386e-03 5.205328750744070421e-02 5.205328750744070421e-02
4.079017799999999916e+00 2.693206608614955814e-03 5.189611361763957903e-02 5.189611361763957903e-02
4.085211400000000381e+00 2.676924519947717490e-03 5.173900385538667684e-02 5.173900385538667684e-02
4.091404899999999678e+00 2.660680831549968543e-03 5.158178778939295772e-02 5.158178778939295772e-02
4.097639199999999704e+00 2.644364545850381130e-03 5.142338520411098707e-02 5.142338520411098707e-02
4.103832699999999889e+00 2.628188644560805823e-03 5.126586237020504949e-02 5.126586237020504949e-02
4.110026300000000354e+00 2.612048940041442752e-03 5.110820814743403245e-02 5.110820814743403245e-02
4.116219799999999651e+00 2.595952355115950429e-03 5.095048925295958542e-02 5.095048925295958542e-02
4.122413400000000117e+00 2.579907975715127824e-03 5.079279452555379715e-02 5.079279452555379715e-02
4.128606900000000302e+00 2.563928757073224464e-03 5.063525211819552840e-02 5.063525211819552840e-02
4.134841200000000327e+00 2.547924771982289314e-03 5.047697269034950168e-02 5.047697269034950168e-02
4.141034699999999624e+00 2.532122091619813664e-03 5.032019566356845525e-02 5.032019566356845525e-02
4.147228300000000090e+00 2.516432997311290280e-03 5.016406081360728908e-02 5.016406081360728908e-02
4.153421800000000275e+00 2.500875844077962967e-03 5.000875767381112585e-02 5.000875767381112585e-02
4.159615399999999852e+00 2.485467509433944566e-03 4.985446328498527313e-02 4.985446328498527313e-02
4.165808900000000037e+00 2.470224643165544725e-03 4.970135454055095436e-02 4.970135454055095436e-02
4.172043200000000063e+00 2.455062593117454065e-03 4.954858820508869360e-02 4.954858820508869360e-02
4.178236700000000248e+00 2.440191482840262972e-03 4.939829433128499481e-02 4.939829433128499481e-02
4.184430299999999825e+00 2.425519700282439788e-03 4.924956548318411287e-02 4.924956548318411287e-02
4.190623800000000010e+00 2.411052614300996690e-03 4.910247055190804233e-02 4.910247055190804233e-02
4.196817399999999587e+00 2.396790816408080234e-03 4.895703030626020330e-02 4.895703030626020330e-02
4.203010899999999772e+00 2.382731871714195530e-03 4.881323459589822361e-02 4.881323459589822361e-02
4.209245199999999798e+00 2.368778049708298011e-03 4.867009399732342978e-02 4.867009399732342978e-02
4.215438699999999983e+00 2.355101422952662980e-03 4.852938720973780373e-02 4.852938720973780373e-02
4.221632299999999560e+00 2.341595973171452412e-03 4.839004002035390134e-02 4.839004002035390134e-02
4.227825799999999745e+00 2.328245476246591696e-03 4.825189608965218396e-02 4.825189608965218396e-02
4.234019400000000211e+00 2.315030659313173107e-03 4.811476550200752267e-02 4.811476550200752267e-02
4.240212900000000396e+00 2.301931654541831008e-03 4.797844989723856063e-02 4.797844989723856063e-02
4.246447200000000421e+00 2.288841893185859268e-03 4.784184249363583608e-02 4.784184249363583608e-02
4.252640699999999718e+00 2.275911802583588817e-03 4.770651740154157466e-02 4.770651740154157466e-02
4.258834300000000184e+00 2.263035423753943440e-03 4.757137189270395361e-02 4.757137189270395361e-02
4.265027800000000369e+00 2.250195145261447809e-03 4.743622186959504938e-02 4.743622186959504938e-02
4.271221399999999946e+00 2.237375005249950428e-03 4.730089856704574464e-02 4.730089856704574464e-02
4.277414900000000131e+00 2.224562958005909651e-03 4.716527279689909646e-02 4.716527279689909646e-02
4.283649200000000157e+00 2.211665479051045605e-03 4.702834761131891722e-02 4.702834761131891722e-02
4.289842700000000342e+00 2.198846368595582836e-03 4.689185823355247057e-02 4.689185823355247057e-02
4.296036299999999919e+00 2.186020112730908699e-03 4.675489399764380660e-02 4.675489399764380660e-02
4.302229800000000104e+00 2.173190271719861212e-03 4.661748890405682799e-02 4.661748890405682799e-02
4.308423399999999681e+00 2.160363460495063302e-03 4.647971020235672213e-02 4.647971020235672213e-02
4.314616899999999866e+00 2.147550669370227889e-03 4.634167313952127637e-02 4.634167313952127637e-02
4.320810400000000051e+00 2.134765331158912632e-03 4.620352076583463669e-02 4.620352076583463669e-02
4.327044700000000077e+00 2.121939786803949887e-03 4.606451765517522584e-02 4.606451765517522584e-02
4.333238299999999654e+00 2.109259647460966832e-03 4.592667686063261340e-02 4.592667686063261340e-02
4.339431799999999839e+00 2.096660037899188318e-03 4.578930047401017639e-02 4.578930047401017639e-02
4.345625400000000305e+00 2.084159515353697575e-03 4.565259593225447221e-02 4.565259593225447221e-02
4.351818899999999601e+00 2.071776782953554420e-03 4.551677474243484567e-02 4.551677474243484567e-02
4.358012399999999786e+00 2.059528492846858516e-03 4.538202830247738823e-02 4.538202830247738823e-02
4.364246699999999812e+00 2.047350160950852337e-03 4.524765365133149447e-02 4.524765365133149447e-02
4.370440300000000278e+00 2.035412974254968265e-03 4.511555135709823666e-02 4.511555135709823666e-02
4.376633799999999574e+00 2.023645742044429506e-03 4.498495017274587587e-02 4.498495017274587587e-02
4.382827400000000040e+00 2.012053090362855411e-03 4.485591477567763691e-02 4.485591477567763691e-02
4.389020900000000225e+00 2.000636578469650300e-03 4.472847614741251587e-02 4.472847614741251587e-02
4.395214400000000410e+00 1.989393347328587656e-03 4.460261592472562070e-02 4.460261592472562070e-02
4.401448700000000436e+00 1.978244565901169771e-03 4.447746132482349735e-02 4.447746132482349735e-02
4.407642300000000013e+00 1.967326075588868642e-03 4.435454966053503645e-02 4.435454966053503645e-02
4.413835800000000198e+00 1.956551840700214255e-03 4.423292710979247894e-02 4.423292710979247894e-02
4.420029399999999775e+00 1.945906152788338906e-03 4.411242628543955713e-02 4.411242628543955713e-02
4.426222899999999960e+00 1.935372161283935299e-03 4.399286489061533106e-02 4.399286489061533106e-02
4.432416400000000145e+00 1.924931373639632423e-03 4.387403986003149403e-02 4.387403986003149403e-02
4.438650700000000171e+00 1.914497007335912724e-03 4.375496551633783343e-02 4.375496551633783343e-02
4.444844299999999748e+00 1.904187042019107922e-03 4.363699167013129071e-02 4.363699167013129071e-02
4.451037799999999933e+00 1.893916069497027102e-03 4.351914601065865612e-02 4.351914601065865612e-02
4.457231400000000399e+00 1.883668289546301233e-03 4.340124755748734492e-02 4.340124755748734492e-02
4.463424899999999695e+00 1.873430905882446243e-03 4.328314805882823441e-02 4.328314805882823441e-02
4.469618399999999880e+00 1.863193438886346070e-03 4.316472447365262560e-02 4.316472447365262560e-02
4.475852699999999906e+00 1.852881211916898325e-03 4.304510671280648709e-02 4.304510671280648709e-02
4.482046300000000372e+00 1.842625237794681160e-03 4.292581085774246907e-02 4.292581085774246907e-02
4.488239799999999669e+00 1.832358056040976407e-03 4.280605162872390401e-02 4.280605162872390401e-02
4.494433299999999853e+00 1.822082517434313754e-03 4.268585851818273991e-02 4.268585851818273991e-02
4.500626900000000319e+00 1.811804603841301806e-03 4.256529811761338572e-02 4.256529811761338572e-02
4.506820399999999616e+00 1.801533582637213343e-03 4.244447646793647611e-02 4.244447646793647611e-02
4.513054699999999642e+00 1.791213104337676569e-03 4.232272562510212832e-02 4.232272562510212832e-02
4.519248300000000107e+00 1.780991232083321309e-03 4.220179181128830975e-02 4.220179181128830975e-02
4.525441800000000292e+00 1.770814951924454305e-03 4.208105217225983907e-02 4.208105217225983907e-02
4.531635299999999589e+00 1.760698926282977181e-03 4.196068310076681018e-02 4.196068310076681018e-02
4.537828900000000054e+00 1.750657736281596103e-03 4.184086204037383572e-02 4.184086204037383572e-02
4.544022400000000239e+00 1.740705741449578977e-03 4.172176579975467314e-02 4.172176579975467314e-02
4.550256700000000265e+00 1.730791004379997854e-03 4.160277640230274077e-02 4.160277640230274077e-02
4.556450299999999842e+00 1.721054154811924855e-03 4.148558972476978912e-02 4.148558972476978912e-02
4.562643800000000027e+00 1.711439006101397962e-03 4.136954200980955815e-02 4.136954200980955815e-02
4.568837300000000212e+00 1.701951606157573295e-03 4.125471616867062291e-02 4.125471616867062291e-02
4.575030899999999789e+00 1.692595282342087724e-03 4.114116287056173576e-02 4.114116287056173576e-02
4.581224399999999974e+00 1.683371003289416612e-03 4.102890448561131997e-02 4.102890448561131997e-02
4.587458700000000000e+00 1.674217019759521039e-03 4.091719711514366781e-02 4.091719711514366781e-02
4.593652299999999578e+00 1.665248236912032342e-03 4.080745320296320922e-02 4.080745320296320922e-02
4.599845799999999763e+00 1.656397495112690420e-03 4.069886356045694653e-02 4.069886356045694653e-02
4.606039299999999947e+00 1.647655504925018720e-03 4.059132302506310991e-02 4.059132302506310991e-02
4.612232900000000413e+00 1.639011373197475857e-03 4.048470542312831988e-02 4.048470542312831988e-02
4.618426399999999710e+00 1.630453480924293035e-03 4.037887419089706414e-02 4.037887419089706414e-02
4.624660699999999736e+00 1.621913468314719253e-03 4.027298683130814405e-02 4.027298683130814405e-02
4.630854300000000201e+00 1.613490225804300147e-03 4.016827387135648436e-02 4.016827387135648436e-02
4.637047800000000386e+00 1.605115580331277015e-03 4.006389372404131621e-02 4.006389372404131621e-02
4.643241299999999683e+00 1.596777884319782728e-03 3.995970325615272323e-02 3.995970325615272323e-02
4.649434900000000148e+00 1.588466717377906177e-03 3.985557322857000845e-02 3.985557322857000845e-02
4.655628400000000333e+00 1.580173628802911904e-03 3.975139782200007299e-02 3.975139782200007299e-02
4.661862700000000359e+00 1.571837064084029723e-03 3.964640039252025072e-02 3.964640039252025072e-02
4.668056299999999936e+00 1.563561111639347277e-03 3.954189059262780415e-02 3.954189059262780415e-02
4.674249800000000121e+00 1.555288692968977930e-03 3.943714864146465743e-02 3.943714864146465743e-02
4.680443300000000306e+00 1.547019020993356747e-03 3.933216267882248818e-02 3.933216267882248818e-02
4.686636899999999883e+00 1.538753329621957025e-03 3.922694647333586221e-02 3.922694647333586221e-02
4.692830400000000068e+00 1.530495113094395166e-03 3.912154282610023903e-02 3.912154282610023903e-02
4.699064700000000094e+00 1.522194830106696423e-03 3.901531532753126780e-02 3.901531532753126780e-02
4.705258299999999672e+00 1.513967237684251364e-03 3.890973191483399624e-02 3.890973191483399624e-02
4.711451799999999857e+00 1.505765480065926086e-03 3.880419410406465291e-02 3.880419410406465291e-02
4.717645300000000042e+00 1.497597351600088488e-03 3.869880297373665123e-02 3.869880297373665123e-02
4.723838899999999619e+00 1.489470976506799584e-03 3.859366497894180931e-02 3.859366497894180931e-02
4.730032399999999804e+00 1.481394852483572258e-03 3.848889258583016587e-02 3.848889258583016587e-02
4.736266699999999830e+00 1.473324125236629692e-03 3.838390450744465221e-02 3.838390450744465221e-02
4.742460300000000295e+00 1.465371587557490326e-03 3.828017225088584108e-02 3.828017225088584108e-02
4.748653799999999592e+00 1.457490825367153400e-03 3.817709817897575048e-02 3.817709817897575048e-02
4.754847299999999777e+00 1.449686960925203934e-03 3.807475490302208304e-02 3.807475490302208304e-02
4.761040900000000242e+00 1.441963879843872554e-03 3.797319949443123122e-02 3.797319949443123122e-02
4.767234400000000427e+00 1.434324511258277526e-03 3.787247696227799554e-02 3.787247696227799554e-02
4.773428000000000004e+00 1.426769926999456621e-03 3.777260815722759124e-02 3.777260815722759124e-02
4.779662300000000030e+00 1.419251424169368529e-03 3.767295348349222056e-02 3.767295348349222056e-02
4.785855800000000215e+00 1.411865991727897498e-03 3.757480527864246606e-02 3.757480527864246606e-02
4.792049300000000400e+00 1.404561701524322925e-03 3.747748259320952263e-02 3.747748259320952263e-02
4.798242899999999977e+00 1.397334991045357184e-03 3.738094422356606772e-02 3.738094422356606772e-02
4.804436400000000162e+00 1.390181820483717525e-03 3.728514208748194558e-02 3.728514208748194558e-02
4.810629999999999740e+00 1.383097050150960006e-03 3.719001277427799040e-02 3.719001277427799040e-02
4.816864299999999766e+00 1.376029506122008854e-03 3.709487169572107945e-02 3.709487169572107945e-02
4.823057799999999951e+00 1.369065963928962947e-03 3.700089139370783820e-02 3.700089139370783820e-02
4.829251300000000136e+00 1.362154333317785668e-03 3.690737505320292738e-02 3.690737505320292738e-02
4.835444899999999713e+00 1.355288992364782428e-03 3.681424985470684030e-02 3.681424985470684030e-02
4.841638399999999898e+00 1.348464928061630539e-03 3.672145051685227896e-02 3.672145051685227896e-02
4.847832000000000363e+00 1.341677091212780922e-03 3.662891059276512234e-02 3.662891059276512234e-02
4.854066300000000389e+00 1.334876975468375594e-03 3.653596824320351488e-02 3.653596824320351488e-02
4.860259799999999686e+00 1.328149724976070535e-03 3.644378856507746178e-02 3.644378856507746178e-02
4.866453299999999871e+00 1.321447643651287984e-03 3.635172132996301181e-02 3.635172132996301181e-02
4.872646900000000336e+00 1.314768195594921999e-03 3.625973242585943390e-02 3.625973242585943390e-02
4.878840399999999633e+00 1.308109837536322421e-03 3.616780111558238336e-02 3.616780111558238336e-02
4.885034000000000098e+00 1.301471251927001837e-03 3.607590957865098452e-02 3.607590957865098452e-02
4.891268300000000124e+00 1.294808640312509768e-03 3.598344953325778584e-02 3.598344953325778584e-02
4.897461800000000309e+00 1.288209220452590656e-03 3.589163162148790998e-02 3.589163162148790998e-02
4.903655299999999606e+00 1.281629988924876075e-03 3.579986018024199079e-02 3.579986018024199079e-02
4.909848900000000071e+00 1.275071994834773605e-03 3.570815025781612362e-02 3.570815025781612362e-02
4.916042400000000256e+00 1.268537041820402530e-03 3.561652764967975643e-02 3.561652764967975643e-02
4.922235999999999834e+00 1.262026892353244325e-03 3.552501783747960551e-02 3.552501783747960551e-02
4.928470199999999579e+00 1.255501550317644549e-03 3.543305730977281548e-02 3.543305730977281548e-02
4.934663800000000045e+00 1.249048592837265822e-03 3.534188156900062300e-02 3.534188156900062300e-02
4.940857300000000230e+00 1.242628321978142460e-03 3.525093363271591951e-02 3.525093363271591951e-02
4.947050899999999807e+00 1.236243475610802195e-03 3.516025420287518383e-02 3.516025420287518383e-02
4.953244399999999992e+00 1.229897305700525635e-03 3.506989172638726171e-02 3.506989172638726171e-02
4.959437999999999569e+00 1.223592693141033628e-03 3.497988983889219888e-02 3.497988983889219888e-02
4.965672200000000203e+00 1.217291921835935830e-03 3.488971083050038113e-02 3.488971083050038113e-02
4.971865799999999780e+00 1.211080043230613329e-03 3.480057532901738304e-02 3.480057532901738304e-02
4.978059299999999965e+00 1.204918774413402463e-03 3.471193994021945506e-02 3.471193994021945506e-02
4.984252900000000430e+00 1.198810475005672189e-03 3.462384258001517667e-02 3.462384258001517667e-02
4.990446399999999727e+00 1.192757578692268602e-03 3.453632259943534288e-02 3.453632259943534288e-02
4.996640000000000192e+00 1.186761724568699463e-03 3.444940818894715734e-02 3.444940818894715734e-02
5.002874199999999938e+00 1.180785640367720823e-03 3.436256160951509792e-02 3.436256160951509792e-02
5.009067800000000403e+00 1.174907968837905076e-03 3.427693056325063076e-02 3.427693056325063076e-02
5.015261299999999700e+00 1.169089873132049626e-03 3.419195626360167078e-02 3.419195626360167078e-02
5.021454900000000166e+00 1.163330679134361124e-03 3.410763373695632067e-02 3.410763373695632067e-02
5.027648400000000350e+00 1.157629384181923116e-03 3.402395309457622447e-02 3.402395309457622447e-02
5.033841999999999928e+00 1.151983898774016236e-03 3.394088830266550616e-02 3.394088830266550616e-02
5.040076199999999673e+00 1.146355213501394892e-03 3.385786782272910689e-02 3.385786782272910689e-02
5.046269800000000139e+00 1.140813335455406361e-03 3.377592834335432781e-02 3.377592834335432781e-02
5.052463300000000324e+00 1.135317624167709758e-03 3.369447468306502325e-02 3.369447468306502325e-02
5.058656899999999901e+00 1.129863480162073561e-03 3.361344195648630073e-02 3.361344195648630073e-02
5.064850400000000086e+00 1.124446252020949114e-03 3.353276385896260953e-02 3.353276385896260953e-02
5.071043999999999663e+00 1.119060670817670139e-03 3.345236420371017899e-02 3.345236420371017899e-02
5.077278200000000297e+00 1.113666569779625309e-03 3.337164319867431256e-02 3.337164319867431256e-02
5.083471799999999874e+00 1.108329044723775376e-03 3.329157618262876955e-02 3.329157618262876955e-02
5.089665300000000059e+00 1.103008088289453596e-03 3.321156558022300698e-02 3.321156558022300698e-02
5.095858899999999636e+00 1.097699079886436599e-03 3.313154206924930761e-02 3.313154206924930761e-02
5.102052399999999821e+00 1.092398353992258533e-03 3.305145010422778223e-02 3.305145010422778223e-02
5.108246000000000286e+00 1.087102677298220276e-03 3.297124015408307851e-02 3.297124015408307851e-02
5.114480200000000032e+00 1.081775301640431697e-03 3.289035271383436432e-02 3.289035271383436432e-02
5.120673799999999609e+00 1.076484494520812052e-03 3.280982314065121475e-02 3.280982314065121475e-02
5.126867299999999794e+00 1.071195631120852240e-03 3.272912512000362290e-02 3.272912512000362290e-02
5.133060900000000260e+00 1.065909671033107853e-03 3.264827209873606695e-02 3.264827209873606695e-02
5.139254399999999556e+00 1.060629043569077164e-03 3.256730021922414620e-02 3.256730021922414620e-02
5.145448000000000022e+00 1.055356908961065186e-03 3.248625723226769568e-02 3.248625723226769568e-02
5.151682199999999767e+00 1.050063231435963444e-03 3.240467915958995110e-02 3.240467915958995110e-02
5.157875800000000233e+00 1.044822116045978754e-03 3.232370826569839345e-02 3.232370826569839345e-02
5.164069300000000418e+00 1.039604892182784211e-03 3.224290452460485540e-02 3.224290452460485540e-02
5.170262899999999995e+00 1.034417579018673001e-03 3.216236277108187186e-02 3.216236277108187186e-02
5.176456400000000180e+00 1.029266708912755573e-03 3.208218678507990251e-02 3.208218678507990251e-02
5.182649999999999757e+00 1.024158399993752586e-03 3.200247490419690088e-02 3.200247490419690088e-02
5.188884200000000391e+00 1.019065682376897597e-03 3.192280818438280460e-02 3.192280818438280460e-02
5.195077799999999968e+00 1.014060257049642861e-03 3.184431278972185697e-02 3.184431278972185697e-02
5.201271300000000153e+00 1.009113369409736158e-03 3.176654481384048878e-02 3.176654481384048878e-02
5.207464899999999730e+00 1.004228307519562787e-03 3.168956149143693779e-02 3.168956149143693779e-02
5.213658399999999915e+00 9.994074549314706495e-04 3.161340625322539566e-02 3.161340625322539566e-02
5.219851900000000100e+00 9.946516105461807120e-04 3.153809776359665917e-02 3.153809776359665917e-02
5.226045499999999677e+00 9.899601574514210571e-04 3.146363229907540165e-02 3.146363229907540165e-02
5.232279799999999703e+00 9.853009779466866732e-04 3.138950426411170336e-02 3.138950426411170336e-02
5.238473299999999888e+00 9.807315893762334584e-04 3.131663438775363767e-02 3.131663438775363767e-02
5.244666900000000354e+00 9.762165629716786260e-04 3.124446451728175519e-02 3.124446451728175519e-02
5.250860399999999650e+00 9.717502564481763456e-04 3.117290901485096286e-02 3.117290901485096286e-02
5.257053899999999835e+00 9.673258919095821052e-04 3.110186315817079980e-02 3.110186315817079980e-02
5.263247500000000301e+00 9.629360293209101316e-04 3.103121056808628639e-02 3.103121056808628639e-02
5.269481800000000327e+00 9.585443901063217878e-04 3.096036805508490392e-02 3.096036805508490392e-02
5.275675299999999623e+00 9.542005149276851185e-04 3.089013620765834398e-02 3.089013620765834398e-02
5.281868900000000089e+00 9.498679239068929039e-04 3.081992738321900904e-02 3.081992738321900904e-02
5.288062400000000274e+00 9.455397109792344854e-04 3.074962944458411659e-02 3.074962944458411659e-02
5.294255899999999571e+00 9.412095916657125519e-04 3.067913935666567032e-02 3.067913935666567032e-02
5.300449500000000036e+00 9.368723693012297312e-04 3.060837090243826927e-02 3.060837090243826927e-02
5.306683800000000062e+00 9.324956742809830269e-04 3.053679214130035346e-02 3.053679214130035346e-02
5.312877300000000247e+00 9.281343534220917778e-04 3.046529752722089771e-02 3.046529752722089771e-02
5.319070899999999824e+00 9.237589465665279600e-04 3.039340301062926422e-02 3.039340301062926422e-02
5.325264400000000009e+00 9.193704119423042444e-04 3.032112154822615147e-02 3.032112154822615147e-02
5.331457900000000194e+00 9.149710684246833373e-04 3.024848869653959035e-02 3.024848869653959035e-02
5.337651499999999771e+00 9.105647105156407803e-04 3.017556479199089842e-02 3.017556479199089842e-02
5.343885799999999797e+00 9.061276331518442742e-04 3.010195397564490935e-02 3.010195397564490935e-02
5.350079299999999982e+00 9.017241651153374334e-04 3.002872233571280899e-02 3.002872233571280899e-02
5.356272899999999559e+00 8.973323276908540865e-04 2.995550579928260918e-02 2.995550579928260918e-02
5.362466399999999744e+00 8.929599333967781901e-04 2.988243519857071775e-02 2.988243519857071775e-02
5.368659899999999929e+00 8.886147989323327527e-04 2.980964271728751835e-02 2.980964271728751835e-02
5.374853500000000395e+00 8.843046272278965022e-04 2.973725991459025622e-02 2.973725991459025622e-02
5.381087800000000421e+00 8.800089272419961244e-04 2.966494441663419107e-02 2.966494441663419107e-02
5.387281299999999717e+00 8.757904615253041822e-04 2.959375713770227151e-02 2.959375713770227151e-02
5.393474900000000183e+00 8.716264354042310269e-04 2.952332019614716321e-02 2.952332019614716321e-02
5.399668400000000368e+00 8.675212450575472837e-04 2.945371360384878984e-02 2.945371360384878984e-02
5.405861899999999665e+00 8.634776318010294353e-04 2.938498990643062178e-02 2.938498990643062178e-02
5.412055500000000130e+00 8.594967674626526315e-04 2.931717529815334317e-02 2.931717529815334317e-02
5.418289800000000156e+00 8.555527791438312510e-04 2.924983383104648102e-02 2.924983383104648102e-02
5.424483300000000341e+00 8.516952021047748339e-04 2.918381746970013721e-02 2.918381746970013721e-02
5.430676899999999918e+00 8.478944121662817602e-04 2.911862655013594189e-02 2.911862655013594189e-02
5.436870400000000103e+00 8.441455992447599631e-04 2.905418385094924588e-02 2.905418385094924588e-02
5.443063900000000288e+00 8.404425877688357195e-04 2.899038785130057111e-02 2.899038785130057111e-02
5.449257499999999865e+00 8.367782767247408226e-04 2.892712009040548926e-02 2.892712009040548926e-02
5.455491799999999891e+00 8.331212558464881276e-04 2.886383993592134961e-02 2.886383993592134961e-02
5.461685300000000076e+00 8.295112850399890148e-04 2.880123756091027692e-02 2.880123756091027692e-02
5.467878899999999653e+00 8.259162826940890561e-04 2.873875924068555049e-02 2.873875924068555049e-02
5.474072399999999838e+00 8.223286992787637913e-04 2.867627415266432028e-02 2.867627415266432028e-02
5.480265900000000023e+00 8.187414509019261483e-04 2.861365846762566750e-02 2.861365846762566750e-02
5.486459499999999601e+00 8.151483725732091776e-04 2.855080336125779064e-02 2.855080336125779064e-02
5.492693799999999626e+00 8.115208462258378117e-04 2.848720495636309150e-02 2.848720495636309150e-02
5.498887299999999811e+00 8.079026738678368475e-04 2.842362879485722457e-02 2.842362879485722457e-02
5.505080900000000277e+00 8.042679753717010523e-04 2.835961874517534814e-02 2.835961874517534814e-02
5.511274399999999574e+00 8.006162874037946447e-04 2.829516367515471156e-02 2.829516367515471156e-02
5.517467899999999759e+00 7.969485120570935725e-04 2.823027651400342869e-02 2.823027651400342869e-02
5.523661500000000224e+00 7.932670280433623978e-04 2.816499650352121895e-02 2.816499650352121895e-02
5.529895800000000250e+00 7.895514066686529523e-04 2.809895739469087453e-02 2.809895739469087453e-02
5.536089300000000435e+00 7.858552169695124691e-04 2.803310929899700821e-02 2.803310929899700821e-02
5.542282900000000012e+00 7.821600270068528689e-04 2.796712403889346776e-02 2.796712403889346776e-02
5.548476400000000197e+00 7.784725555931998071e-04 2.790112104545621613e-02 2.790112104545621613e-02
5.554669900000000382e+00 7.747997376720371218e-04 2.783522476417312971e-02 2.783522476417312971e-02
5.560863499999999959e+00 7.711486049344413356e-04 2.776956256289323313e-02 2.776956256289323313e-02
5.567097799999999985e+00 7.675024094497718153e-04 2.770383384027870835e-02 2.770383384027870835e-02
5.573291300000000170e+00 7.639152492966478801e-04 2.763901679323358188e-02 2.763901679323358188e-02
5.579484899999999747e+00 7.603687496794623701e-04 2.757478467149766105e-02 2.757478467149766105e-02
5.585678399999999932e+00 7.568676982374780791e-04 2.751122858466117579e-02 2.751122858466117579e-02
5.591871900000000117e+00 7.534155583105342068e-04 2.744841631698510462e-02 2.744841631698510462e-02
5.598065499999999695e+00 7.500145166962113351e-04 2.738639291137500917e-02 2.738639291137500917e-02
5.604299799999999721e+00 7.466436840283755677e-04 2.732478150010307985e-02 2.732478150010307985e-02
5.610493299999999905e+00 7.433466428359518765e-04 2.726438414554694864e-02 2.726438414554694864e-02
5.616686900000000371e+00 7.400993029885319721e-04 2.720476618147143685e-02 2.720476618147143685e-02
5.622880399999999668e+00 7.368987386968542733e-04 2.714587885290977928e-02 2.714587885290977928e-02
5.629073899999999853e+00 7.337407883071882762e-04 2.708765010677722726e-02 2.708765010677722726e-02
5.635267500000000318e+00 7.306204022152919643e-04 2.702999079199421353e-02 2.702999079199421353e-02
5.641501800000000344e+00 7.275117585691253958e-04 2.697242589329193821e-02 2.697242589329193821e-02
5.647695299999999641e+00 7.244493626750889105e-04 2.691559701502251392e-02 2.691559701502251392e-02
5.653888799999999826e+00 7.214064988445653302e-04 2.685901150162763040e-02 2.685901150162763040e-02
5.660082400000000291e+00 7.183769277318014911e-04 2.680255450011810939e-02 2.680255450011810939e-02
5.666275899999999588e+00 7.153548832957319897e-04 2.674611903240789804e-02 2.674611903240789804e-02
5.672469500000000053e+00 7.123349549644390289e-04 2.668960387425109437e-02 2.668960387425109437e-02
5.678703800000000079e+00 7.092927475437171793e-04 2.663255052644633927e-02 2.663255052644633927e-02
5.684897300000000264e+00 7.062643529281400134e-04 2.657563457244511290e-02 2.657563457244511290e-02
5.691090799999999561e+00 7.032272412862581798e-04 2.651843210459958744e-02 2.651843210459958744e-02
5.697284400000000026e+00 7.001798237824336446e-04 2.646091124248055315e-02 2.646091124248055315e-02
5.703477900000000211e+00 6.971217762355482600e-04 2.640306376607737954e-02 2.640306376607737954e-02
