6.126431699999999869e-02 4.674100764570554020e+03
6.746437800000000540e-02 4.602297380953621541e+03
7.366443899999999823e-02 4.526188619149913393e+03
7.986490799999999834e-02 4.446374724024708485e+03
8.606497000000000452e-02 4.363479972882812945e+03
9.226543900000000464e-02 4.278106900574932297e+03
9.846549999999999747e-02 4.190871379252481347e+03
1.046659699999999971e-01 4.102350038303148722e+03
1.108660300000000043e-01 4.013118768945393185e+03
1.170665000000000039e-01 3.923699525690378323e+03
1.232665599999999972e-01 3.834601524257668643e+03
1.294666200000000045e-01 3.746274936615639035e+03
1.356670899999999902e-01 3.659124821296500158e+03
1.418671499999999974e-01 3.573525119084788912e+03
1.480676200000000109e-01 3.489776488037388390e+03
1.542676799999999904e-01 3.408150388978557203e+03
1.604681500000000038e-01 3.328844715082202129e+03
1.666682100000000111e-01 3.252027671302944782e+03
1.728686799999999968e-01 3.177797480171855568e+03
1.790687400000000040e-01 3.106225365803094519e+03
1.852688100000000060e-01 3.037323724161594782e+03
1.914692699999999970e-01 2.971065822443711568e+03
1.976693399999999989e-01 2.907401069966449086e+03
2.038697999999999899e-01 2.846230832481421658e+03
2.100698699999999919e-01 2.787445208900299349e+03
2.162703400000000054e-01 2.730896972541019750e+03
2.224704000000000126e-01 2.676436509963746175e+03
2.286704599999999921e-01 2.623890547497913758e+03
2.348709300000000055e-01 2.573078457115278525e+03
2.410709900000000128e-01 2.523826125816809054e+03
2.472714599999999985e-01 2.475946718874188718e+03
2.534715200000000057e-01 2.429270431496068795e+03
2.596719900000000192e-01 2.383622311661953063e+03
2.658720500000000264e-01 2.338849741631956022e+03
2.720725199999999844e-01 2.294800490517749950e+03
2.782725799999999916e-01 2.251348200226079825e+03
2.844726399999999988e-01 2.208373138395526894e+03
2.906731100000000123e-01 2.165771875911932966e+03
2.968731700000000195e-01 2.123465946616429846e+03
3.030736399999999775e-01 2.081382121038792775e+03
3.092736999999999847e-01 2.039474385814721927e+03
3.154741699999999982e-01 1.997700924533213083e+03
3.216742300000000054e-01 1.956045290359357750e+03
3.278747000000000189e-01 1.914493077447449650e+03
3.340747600000000261e-01 1.873052574926091665e+03
3.402752299999999841e-01 1.831731291116353987e+03
3.464752899999999913e-01 1.790556316409325063e+03
3.526753499999999986e-01 1.749553605132932489e+03
3.588758200000000120e-01 1.708754679755291363e+03
3.650758800000000193e-01 1.668203190555691890e+03
3.712763499999999772e-01 1.627934683659330858e+03
3.774764199999999792e-01 1.587996705044761256e+03
3.836768799999999979e-01 1.548426695616063171e+03
3.898769499999999999e-01 1.509271413003376438e+03
3.960770100000000071e-01 1.470568613762773339e+03
4.022774800000000206e-01 1.432353658087766917e+03
4.084763100000000091e-01 1.394674168295649224e+03
4.146780099999999858e-01 1.357534870045610205e+03
4.208797000000000232e-01 1.320981965553496821e+03
4.270773099999999878e-01 1.285063855703393756e+03
4.332790100000000200e-01 1.249754629392977449e+03
4.394807000000000019e-01 1.215096191740983841e+03
4.456783100000000220e-01 1.181125202650679057e+03
4.518800000000000039e-01 1.147808334666814062e+03
4.580776200000000187e-01 1.115197836011810750e+03
4.642793100000000006e-01 1.083256680340874482e+03
4.704809999999999826e-01 1.052009926206407499e+03
4.766786199999999973e-01 1.021478701002327739e+03
4.828803099999999793e-01 9.916223712602666183e+02
4.890820000000000167e-01 9.624590987320987097e+02
4.952796199999999760e-01 9.340038815389184492e+02
5.014813099999999579e-01 9.062147521283200149e+02
5.076829999999999954e-01 8.791050794870734535e+02
5.138806200000000102e-01 8.526856641204475409e+02
5.200823100000000476e-01 8.269148297009005546e+02
5.262839999999999741e-01 8.018026261859270107e+02
5.324816199999999888e-01 7.773569266502945538e+02
5.386833100000000263e-01 7.535372832494299473e+02
5.448849999999999527e-01 7.303512977612264194e+02
5.510826199999999675e-01 7.078046353498984899e+02
5.572843100000000049e-01 6.858585123751576020e+02
5.634819300000000197e-01 6.645323644436673476e+02
5.696836199999999462e-01 6.437886224748677932e+02
5.758853099999999836e-01 6.236317669981660856e+02
5.820829299999999984e-01 6.040646025885248491e+02
5.882846200000000358e-01 5.850514627542810331e+02
5.944863099999999623e-01 5.665953202156936186e+02
6.006839200000000378e-01 5.486976417257869798e+02
6.068856200000000145e-01 5.313246494502343467e+02
6.130873100000000520e-01 5.144781339931570301e+02
6.192849200000000165e-01 4.981583960876890274e+02
6.254866199999999932e-01 4.823336737991158429e+02
6.316883100000000306e-01 4.670046746289220323e+02
6.378859199999999952e-01 4.521707278986791039e+02
6.440876100000000326e-01 4.378020573643555622e+02
6.502852300000000474e-01 4.239073065584827873e+02
6.564869199999999738e-01 4.104579627200802179e+02
6.626886100000000113e-01 3.974530054341360028e+02
6.688862300000000261e-01 3.848902039135291488e+02
6.750879199999999525e-01 3.727426611271243360e+02
6.812896099999999899e-01 3.610082856789180141e+02
6.874872300000000047e-01 3.496838049116113893e+02
6.936889200000000422e-01 3.387436601909774936e+02
6.998906099999999686e-01 3.281846073299197428e+02
7.060882299999999834e-01 3.180022763146245097e+02
7.122899200000000208e-01 3.081722380557164342e+02
7.184916099999999473e-01 2.986901233511699729e+02
7.246892299999999620e-01 2.895505522944898189e+02
7.308909199999999995e-01 2.807301805106563393e+02
7.370885400000000143e-01 2.722292146903099592e+02
7.432902300000000517e-01 2.640251089360775723e+02
7.494919199999999782e-01 2.561122064079220877e+02
7.556895399999999929e-01 2.484841823463193009e+02
7.618912300000000304e-01 2.411199301476477501e+02
7.680929199999999568e-01 2.340136624217303165e+02
7.742905300000000324e-01 2.271591874629023096e+02
7.804922300000000090e-01 2.205371663849670654e+02
7.866939200000000465e-01 2.141422695052619360e+02
7.928915300000000110e-01 2.079689464143306736e+02
7.990932299999999877e-01 2.019999769631842241e+02
8.052949200000000252e-01 1.962309020140397706e+02
8.114925299999999897e-01 1.906572005169590511e+02
8.176942200000000271e-01 1.852639214741452349e+02
8.238959200000000038e-01 1.800476725987520581e+02
8.300935299999999684e-01 1.750051099348839330e+02
8.362952200000000058e-01 1.701234319727649904e+02
8.424928400000000206e-01 1.654033442852751534e+02
8.486945299999999470e-01 1.608333337949064230e+02
8.548962199999999845e-01 1.564115935049133554e+02
8.610938399999999993e-01 1.521362378270357567e+02
8.672955300000000367e-01 1.479972676807836933e+02
8.734972199999999631e-01 1.439933612804686049e+02
8.796948399999999779e-01 1.401230026848530201e+02
8.858965300000000154e-01 1.363772090129987191e+02
8.920982200000000528e-01 1.327547344176788897e+02
8.982958399999999566e-01 1.292540444494256917e+02
9.044975299999999940e-01 1.258667539235642607e+02
9.106992200000000315e-01 1.225913947831680559e+02
9.168968400000000463e-01 1.194261750665837383e+02
9.230985299999999727e-01 1.163630679551267519e+02
9.292961499999999875e-01 1.134021943442432132e+02
9.354978400000000249e-01 1.105357387843286574e+02
9.416995299999999514e-01 1.077617421182684296e+02
9.478971499999999661e-01 1.050780170418164232e+02
9.540988400000000036e-01 1.024771599596781329e+02
9.603005300000000410e-01 9.995715055882972422e+01
9.664981400000000056e-01 9.751585992148910975e+01
9.726998399999999823e-01 9.514649049824801352e+01
9.789015300000000197e-01 9.284725929232001818e+01
9.850991399999999842e-01 9.061637159580233458e+01
9.913008399999999609e-01 8.844785666589592665e+01
9.975025299999999984e-01 8.634040352636134230e+01
1.003700100000000095e+00 8.429277756686964551e+01
1.009901799999999961e+00 8.229992123084220168e+01
1.016099499999999933e+00 8.036235769058303902e+01
1.022301099999999963e+00 7.847575511819758276e+01
1.028502800000000050e+00 7.663967797214002076e+01
1.034700500000000023e+00 7.485385306874952960e+01
1.040902100000000052e+00 7.311474145088747889e+01
1.047103799999999918e+00 7.142234607003103974e+01
1.053301400000000054e+00 6.977678432395175889e+01
1.059503099999999920e+00 6.817498948889259225e+01
1.065704800000000008e+00 6.661724000625352460e+01
1.071902399999999922e+00 6.510373356939311407e+01
1.078104100000000010e+00 6.363168732974457953e+01
1.084305800000000097e+00 6.220132043318878345e+01
1.090503400000000012e+00 6.081270574108274474e+01
1.096705100000000099e+00 5.946312154872903477e+01
1.102906799999999965e+00 5.815255081303618567e+01
1.109104400000000101e+00 5.688080242126208930e+01
1.115306099999999967e+00 5.564510122009329507e+01
1.121503799999999940e+00 5.444590020948689357e+01
1.127705399999999969e+00 5.328044375575842651e+01
1.133907100000000057e+00 5.214820002872568239e+01
1.140104800000000029e+00 5.104856918994801163e+01
1.146306400000000059e+00 4.997880810029756304e+01
1.152508099999999924e+00 4.893825543492916808e+01
1.158705799999999897e+00 4.792623952644558472e+01
1.164907399999999926e+00 4.694016811588447524e+01
1.171109100000000014e+00 4.597941760465633365e+01
1.177306799999999987e+00 4.504341099757261446e+01
1.183508400000000016e+00 4.412984311824768469e+01
1.189710100000000104e+00 4.323827236968788412e+01
1.195907800000000076e+00 4.236834046008725352e+01
1.202109400000000106e+00 4.151811062874156022e+01
1.208307100000000078e+00 4.068792666391984625e+01
1.214508799999999944e+00 3.987610362565196453e+01
1.220710399999999973e+00 3.908266250778946471e+01
1.226908099999999946e+00 3.830762457554229883e+01
1.233109800000000034e+00 3.754963074296826164e+01
1.239311400000000063e+00 3.680889093813121349e+01
1.245509100000000036e+00 3.608558576296969989e+01
1.251710799999999901e+00 3.537857406414345007e+01
1.257912399999999931e+00 3.468814283432313061e+01
1.264110099999999903e+00 3.401451319656791838e+01
1.270311799999999991e+00 3.335663871335153630e+01
1.276513400000000020e+00 3.271476830681702097e+01
1.282711099999999993e+00 3.208905657674614531e+01
1.288912700000000022e+00 3.147846339747390942e+01
1.295110399999999995e+00 3.088347012101635869e+01
1.301312100000000083e+00 3.030299492131258887e+01
1.307513699999999890e+00 2.973707430843506216e+01
1.313711400000000085e+00 2.918564419433858603e+01
1.319913099999999950e+00 2.864757257997383633e+01
1.326114699999999980e+00 2.812277117498250334e+01
1.332312399999999952e+00 2.761107118121076809e+01
1.338514100000000040e+00 2.711132902159832980e+01
1.344715700000000069e+00 2.662338890559759363e+01
1.350913400000000042e+00 2.614704312431475586e+01
1.357115099999999908e+00 2.568119899116440763e+01
1.363316699999999937e+00 2.522570590824390280e+01
1.369514399999999910e+00 2.478038831286628252e+01
1.375716099999999997e+00 2.434426306493494607e+01
1.381913699999999912e+00 2.391751766677857205e+01
1.388115399999999999e+00 2.349924181273095058e+01
1.394317100000000087e+00 2.308941313853321020e+01
1.400514700000000001e+00 2.268802544900262319e+01
1.406716400000000089e+00 2.229431631116853652e+01
1.412918099999999955e+00 2.190835792706779728e+01
1.419115700000000091e+00 2.153023432314357066e+01
1.425317399999999957e+00 2.115931006039198792e+01
1.431519100000000044e+00 2.079572644013721572e+01
1.437716699999999959e+00 2.043962429584961171e+01
1.443918400000000046e+00 2.009045402946477310e+01
1.450120099999999912e+00 1.974838396902945448e+01
1.456317700000000048e+00 1.941356772283412724e+01
1.462519399999999914e+00 1.908549643534057338e+01
1.468721100000000002e+00 1.876432386874873615e+01
1.474918699999999916e+00 1.845017821955576665e+01
1.481120400000000004e+00 1.814255670585657754e+01
1.487317999999999918e+00 1.784176751571653341e+01
1.493519700000000006e+00 1.754730156572561128e+01
1.499721400000000093e+00 1.725923611971024840e+01
1.505919000000000008e+00 1.697761919808981901e+01
1.512120700000000095e+00 1.670193066186177688e+01
1.518322399999999961e+00 1.643220131528050132e+01
1.524520000000000097e+00 1.616843807123031596e+01
1.530721699999999963e+00 1.591012023558903543e+01
1.536923400000000051e+00 1.565724846411182547e+01
1.543120999999999965e+00 1.540980729779883873e+01
1.549322700000000053e+00 1.516729242641088504e+01
1.555524399999999918e+00 1.492969468225423313e+01
1.561722000000000055e+00 1.469699612978773473e+01
1.567923699999999920e+00 1.446872442283953930e+01
1.574121300000000057e+00 1.424502411720580497e+01
1.580322999999999922e+00 1.402544986494960000e+01
1.586524700000000010e+00 1.381001037902392525e+01
1.592722299999999924e+00 1.359871258260139726e+01
1.598924000000000012e+00 1.339115474045872034e+01
1.605125700000000100e+00 1.318736499957819497e+01
1.611323300000000014e+00 1.298737060990767844e+01
1.617525000000000102e+00 1.279081187294810462e+01
1.623726699999999967e+00 1.259773542956815007e+01
1.629924300000000104e+00 1.240818646012698423e+01
1.636125999999999969e+00 1.222184230455556886e+01
1.642327700000000057e+00 1.203876418655894653e+01
1.648525299999999971e+00 1.185901072611193996e+01
1.654727000000000059e+00 1.168229033567698849e+01
1.660924599999999973e+00 1.150878784864892701e+01
1.667126300000000061e+00 1.133822914479568489e+01
1.673327999999999927e+00 1.117068917636140490e+01
1.679525600000000063e+00 1.100623805347716555e+01
1.685727299999999929e+00 1.084462303396538019e+01
1.691929000000000016e+00 1.068592059423146878e+01
1.698126599999999931e+00 1.053020070846204703e+01
1.704328300000000018e+00 1.037722575252335133e+01
1.710530000000000106e+00 1.022706782836529982e+01
1.716727600000000020e+00 1.007979058368053416e+01
1.722929300000000108e+00 9.935164547650460420e+00
1.729130999999999974e+00 9.793250956283046094e+00
1.735328600000000110e+00 9.654100723392883054e+00
1.741530299999999976e+00 9.517485755135281167e+00
1.747732000000000063e+00 9.383450757589528735e+00
1.753929599999999978e+00 9.252029071882198252e+00
1.760131300000000065e+00 9.122989358556843342e+00
1.766328899999999980e+00 8.996440156673065403e+00
1.772530600000000067e+00 8.872147454021888535e+00
1.778732299999999933e+00 8.750125150810299957e+00
1.784929900000000069e+00 8.630377814644271339e+00
1.791131599999999935e+00 8.512670633979475099e+00
1.797333300000000023e+00 8.397005686541017866e+00
1.803530899999999937e+00 8.283379385522826155e+00
1.809732600000000025e+00 8.171564324644069899e+00
1.815934299999999890e+00 8.061561548154580592e+00
1.822131900000000027e+00 7.953370981636071591e+00
1.828333599999999892e+00 7.846783382567620535e+00
1.834535299999999980e+00 7.741810877643634292e+00
1.840732899999999894e+00 7.638468431165078343e+00
1.846934599999999982e+00 7.536574340215408618e+00
1.853132199999999896e+00 7.436226813081937337e+00
1.859333899999999984e+00 7.337265189733725990e+00
1.865535600000000072e+00 7.239737028357840387e+00
1.871733199999999986e+00 7.143694296131325672e+00
1.877934900000000074e+00 7.049006336369736836e+00
1.884136599999999939e+00 6.955740103322473722e+00
1.890334200000000076e+00 6.863964082356126539e+00
1.896535899999999941e+00 6.773568935456207640e+00
1.902737600000000029e+00 6.684630197736360913e+00
1.908935199999999943e+00 6.597220112906462042e+00
1.915136900000000031e+00 6.511236777150820387e+00
1.921338599999999897e+00 6.426749444847693837e+00
1.927536200000000033e+00 6.343819061642670398e+00
1.933737899999999899e+00 6.262336765580745812e+00
1.939935500000000035e+00 6.182404332956235038e+00
1.946137199999999901e+00 6.103902388073517038e+00
1.952338899999999988e+00 6.026862529691049630e+00
1.958536499999999902e+00 5.951304210696696018e+00
1.964738199999999990e+00 5.877089343540477628e+00
1.970939900000000078e+00 5.804222746850777881e+00
1.977137499999999992e+00 5.732699086868446869e+00
1.983339200000000080e+00 5.662366129760611599e+00
1.989540899999999946e+00 5.593210022148596750e+00
1.995738500000000082e+00 5.525211466932432813e+00
2.001940199999999948e+00 5.458216007702294092e+00
2.008141900000000035e+00 5.392205650975672171e+00
2.014339500000000172e+00 5.327162727820336841e+00
2.020541199999999815e+00 5.262945379667097079e+00
2.026742899999999903e+00 5.199547140973542980e+00
2.032940500000000039e+00 5.136966636521308693e+00
2.039142200000000127e+00 5.075086762350391467e+00
2.045339799999999819e+00 5.013963865634371686e+00
2.051541499999999907e+00 4.953500651500432284e+00
2.057743199999999995e+00 4.893730332847150422e+00
2.063940800000000131e+00 4.834692801320900735e+00
2.070142500000000219e+00 4.776318740513620043e+00
2.076344199999999862e+00 4.718662886649286570e+00
2.082541799999999999e+00 4.661783386290094811e+00
2.088743500000000086e+00 4.605629527060639106e+00
2.094945200000000174e+00 4.550265881383744215e+00
2.101142799999999866e+00 4.495755364541740740e+00
2.107344499999999954e+00 4.442051712715304745e+00
2.113546200000000042e+00 4.389214273210902739e+00
2.119743800000000178e+00 4.337295798499613220e+00
2.125945499999999821e+00 4.286240741964983059e+00
2.132143099999999958e+00 4.236123227310839567e+00
2.138344800000000046e+00 4.186876364563708819e+00
2.144546500000000133e+00 4.138525460246251342e+00
2.150744099999999825e+00 4.091085863519860588e+00
2.156945799999999913e+00 4.044471770432972235e+00
2.163147500000000001e+00 3.998685105692083130e+00
2.169345100000000137e+00 3.953719795434331719e+00
2.175546799999999781e+00 3.909476097359279034e+00
2.181748499999999868e+00 3.865940337258083837e+00
2.187946100000000005e+00 3.823094985014328540e+00
2.194147800000000093e+00 3.780837207846122094e+00
2.200349500000000180e+00 3.739150369721210954e+00
2.206547099999999872e+00 3.698018713200377228e+00
2.212748799999999960e+00 3.657348719837189233e+00
2.218946400000000096e+00 3.617159894788942065e+00
2.225148100000000184e+00 3.577370461207385333e+00
2.231349799999999828e+00 3.537984881156366779e+00
2.237547399999999964e+00 3.499013263870168089e+00
2.243749100000000052e+00 3.460395321699624382e+00
2.249950800000000140e+00 3.422154865513110877e+00
2.256148399999999832e+00 3.384320883063520746e+00
2.262350099999999919e+00 3.346852892687104841e+00
2.268551800000000007e+00 3.309790235297012106e+00
2.274749400000000144e+00 3.273174727862830924e+00
2.280951099999999787e+00 3.236978040500698484e+00
2.287152799999999875e+00 3.201245830141875359e+00
2.293350400000000011e+00 3.166022460660335103e+00
2.299552100000000099e+00 3.131281293922311804e+00
2.305749699999999791e+00 3.097085874393588512e+00
2.311951399999999879e+00 3.063405286667220118e+00
2.318153099999999966e+00 3.030272581757328609e+00
2.324350700000000103e+00 2.997714701574119900e+00
2.330552400000000191e+00 2.965689122357092256e+00
2.336754099999999834e+00 2.934212945156697394e+00
2.342951699999999970e+00 2.903296732635835653e+00
2.349153400000000058e+00 2.872885076600505627e+00
2.355355100000000146e+00 2.842979786649400431e+00
2.361552699999999838e+00 2.813577682566086757e+00
2.367754399999999926e+00 2.784614529996210841e+00
2.373956100000000013e+00 2.756082600037020214e+00
2.380153700000000150e+00 2.727971967733250569e+00
2.386355399999999793e+00 2.700216949865607674e+00
2.392557099999999881e+00 2.672808573904556617e+00
2.398754700000000017e+00 2.645738609017507237e+00
2.404956400000000105e+00 2.618947629368110874e+00
2.411153999999999797e+00 2.592450510241652406e+00
2.417355699999999885e+00 2.566195153187425859e+00
2.423557399999999973e+00 2.540185977153885943e+00
2.429755000000000109e+00 2.514430750791282421e+00
2.435956700000000197e+00 2.488890202153531739e+00
2.442158399999999840e+00 2.463580073848745222e+00
2.448355999999999977e+00 2.438519006702509540e+00
2.454557700000000064e+00 2.413679053509582229e+00
2.460759400000000152e+00 2.389084620874221798e+00
2.466956999999999844e+00 2.364761389811992576e+00
2.473158699999999932e+00 2.340688120545637574e+00
2.479360400000000020e+00 2.316892539828784070e+00
2.485558000000000156e+00 2.293401587049349821e+00
2.491759699999999800e+00 2.270195004136253303e+00
2.497957299999999936e+00 2.247313069760801252e+00
2.504159000000000024e+00 2.224733423196712856e+00
2.510360700000000111e+00 2.202477161855852295e+00
2.516558299999999804e+00 2.180562203497790286e+00
2.522759999999999891e+00 2.158960598726370250e+00
2.528961699999999979e+00 2.137685475001144475e+00
2.535159300000000115e+00 2.116746636091773937e+00
2.541361000000000203e+00 2.096110133001521270e+00
2.547562699999999847e+00 2.075781610967794233e+00
2.553760299999999983e+00 2.055764147333660308e+00
2.559962000000000071e+00 2.036019797503809237e+00
2.566163700000000158e+00 2.016549429254897774e+00
2.572361299999999851e+00 1.997352584956646249e+00
2.578562999999999938e+00 1.978390597362328363e+00
2.584760600000000075e+00 1.959675460544364034e+00
2.590962300000000162e+00 1.941169848108874163e+00
2.597163999999999806e+00 1.922874471841365729e+00
2.603361599999999942e+00 1.904790560091866869e+00
2.609563300000000030e+00 1.886884782514525405e+00
2.615765000000000118e+00 1.869161148234583791e+00
2.621962599999999810e+00 1.851624639572420294e+00
2.628164299999999898e+00 1.834246960738482812e+00
2.634365999999999985e+00 1.817036097323524668e+00
2.640563600000000122e+00 1.800000927645415638e+00
2.646765300000000209e+00 1.783117786983339004e+00
2.652966999999999853e+00 1.766397931576849434e+00
2.659164599999999989e+00 1.749853072752412420e+00
2.665366300000000077e+00 1.733462847175041510e+00
2.671568000000000165e+00 1.717240307053995663e+00
2.677765599999999857e+00 1.701198408349674285e+00
2.683967299999999945e+00 1.685318506272436956e+00
2.690164900000000081e+00 1.669624205569624875e+00
2.696366600000000169e+00 1.654097248887266947e+00
2.702568299999999812e+00 1.638750369720776590e+00
2.708765899999999949e+00 1.623595515586830684e+00
2.714967600000000036e+00 1.608614231256742855e+00
2.721169300000000124e+00 1.593817755852036555e+00
2.727366899999999816e+00 1.579216353017447005e+00
2.733568599999999904e+00 1.564790850381499343e+00
2.739770299999999992e+00 1.550550575209522330e+00
2.745967900000000128e+00 1.536503811567716316e+00
2.752169600000000216e+00 1.522630465346360928e+00
2.758371299999999859e+00 1.508937815621998357e+00
2.764568899999999996e+00 1.495432101983412920e+00
2.770770600000000083e+00 1.482092264852612917e+00
2.776968200000000220e+00 1.468932214012908188e+00
2.783169899999999863e+00 1.455930285485372844e+00
2.789371599999999951e+00 1.443090496987637472e+00
2.795569200000000087e+00 1.430415990000520887e+00
2.801770900000000175e+00 1.417884412451037690e+00
2.807972599999999819e+00 1.405498291444974068e+00
2.814170199999999955e+00 1.393259531326891176e+00
2.820371900000000043e+00 1.381145656695369706e+00
2.826573600000000130e+00 1.369158499545243046e+00
2.832771199999999823e+00 1.357299659171655737e+00
2.838972899999999910e+00 1.345547479169982630e+00
2.845174599999999998e+00 1.333904253098738835e+00
2.851372200000000134e+00 1.322372504921287995e+00
2.857573899999999778e+00 1.310932562004850865e+00
2.863775599999999866e+00 1.299588446659151852e+00
2.869973200000000002e+00 1.288344809271503744e+00
2.876174900000000090e+00 1.277184980949075399e+00
2.882372600000000062e+00 1.266122763464494483e+00
2.888574199999999870e+00 1.255144311199768214e+00
2.894775899999999957e+00 1.244257712210611988e+00
2.900973500000000094e+00 1.233472479622973683e+00
2.907175200000000181e+00 1.222777435987871808e+00
2.913376899999999825e+00 1.212183569544482920e+00
2.919574499999999961e+00 1.201702159814447501e+00
2.925776200000000049e+00 1.191324080072416081e+00
2.931977900000000137e+00 1.181061186267291063e+00
2.938175499999999829e+00 1.170924939276208221e+00
2.944377199999999917e+00 1.160906392383064478e+00
2.950578900000000004e+00 1.151016195819032806e+00
2.956776500000000141e+00 1.141263880412817233e+00
2.962978199999999784e+00 1.131638690234012312e+00
2.969175900000000201e+00 1.122154212325138456e+00
2.975377500000000008e+00 1.112798115114728592e+00
2.981579200000000096e+00 1.103574700041343171e+00
2.987776900000000069e+00 1.094487041107342185e+00
2.993978499999999876e+00 1.085519349287399571e+00
3.000180199999999964e+00 1.076671827541362259e+00
3.006377899999999936e+00 1.067943739148523807e+00
3.012579500000000188e+00 1.059316606790012383e+00
3.018781199999999831e+00 1.050787827754144477e+00
3.024978899999999804e+00 1.042354587621136197e+00
3.031180500000000055e+00 1.033997678426853639e+00
3.037382200000000143e+00 1.025714043965916700e+00
3.043579900000000116e+00 1.017501337263231553e+00
3.049781499999999923e+00 1.009342098999220561e+00
3.055979199999999896e+00 1.001240624653856770e+00
3.062180899999999983e+00 9.931818439953155053e-01
3.068382499999999791e+00 9.851677731119626857e-01
3.074580200000000207e+00 9.772014199481888763e-01
3.080781899999999851e+00 9.692723116070712797e-01
3.086983500000000102e+00 9.613869349835917344e-01
3.093181200000000075e+00 9.535527260722187481e-01
3.099382900000000163e+00 9.457636517467268300e-01
3.105584499999999970e+00 9.380299707063013415e-01
3.111782199999999943e+00 9.303622917129890091e-01
3.117983800000000194e+00 9.227574805753069320e-01
3.124185499999999838e+00 9.152270659811256870e-01
3.130383199999999810e+00 9.077827224285923702e-01
3.136584800000000062e+00 9.004213842500583542e-01
3.142782500000000034e+00 8.931580852275817772e-01
3.148984200000000122e+00 8.859884311456770467e-01
3.155185799999999929e+00 8.789209649513144429e-01
3.161383499999999902e+00 8.719622882787334550e-01
3.167585199999999990e+00 8.651044383617916278e-01
3.173786799999999797e+00 8.583514196408136288e-01
3.179984500000000214e+00 8.517051069044953016e-01
3.186186199999999857e+00 8.451533956789571977e-01
3.192387800000000109e+00 8.386957270512553908e-01
3.198585500000000081e+00 8.323298233902649557e-01
3.204787200000000169e+00 8.260404885943565256e-01
3.210988799999999976e+00 8.198242024908029002e-01
3.217186499999999949e+00 8.136765836842524413e-01
3.223388200000000037e+00 8.075816080254216711e-01
3.229589799999999844e+00 8.015354118044160092e-01
3.235787499999999817e+00 7.955342560660945139e-01
3.241989199999999904e+00 7.895639062469305136e-01
3.248186800000000041e+00 7.836266297371263789e-01
3.254388500000000128e+00 7.777102785265809226e-01
3.260590200000000216e+00 7.718158743203784589e-01
3.266787799999999908e+00 7.659458367839668824e-01
3.272989499999999996e+00 7.600924167162099732e-01
3.279191200000000084e+00 7.542609509647344446e-01
3.285388800000000220e+00 7.484580423847060349e-01
3.291590499999999864e+00 7.426799521262792414e-01
3.297792199999999951e+00 7.369354330644710682e-01
3.303989800000000088e+00 7.312338718823819805e-01
3.310191500000000175e+00 7.255738069037767080e-01
3.316393199999999819e+00 7.199652834003356094e-01
3.322590799999999955e+00 7.144181007015937279e-01
3.328792500000000043e+00 7.089306817504847924e-01
3.334990100000000179e+00 7.035154023639016430e-01
3.341191799999999823e+00 6.981693627799199220e-01
3.347393499999999911e+00 6.928993941884411534e-01
3.353591100000000047e+00 6.877109513830605980e-01
3.359792800000000135e+00 6.825979581364892690e-01
3.365994499999999778e+00 6.775633739772006781e-01
3.372192099999999915e+00 6.726086908931284691e-01
3.378393800000000002e+00 6.677244105263711038e-01
3.384595500000000090e+00 6.629098338221675046e-01
3.390793099999999782e+00 6.581631884930139176e-01
3.396994799999999870e+00 6.534726158741220869e-01
3.403196499999999958e+00 6.488352309265702500e-01
3.409394100000000094e+00 6.442477824871636338e-01
3.415595800000000182e+00 6.396979490695429149e-01
3.421793399999999874e+00 6.351857519117503070e-01
3.427995099999999962e+00 6.306996919079463915e-01
3.434196800000000049e+00 6.262378976941380682e-01
3.440394400000000186e+00 6.217992586598375393e-01
3.446596099999999829e+00 6.173748110907785192e-01
3.452797799999999917e+00 6.129654331060740979e-01
3.458995400000000053e+00 6.085730249414886828e-01
3.465197100000000141e+00 6.041918275957375295e-01
3.471398799999999785e+00 5.998258048555653588e-01
3.477596399999999921e+00 5.954797879818305439e-01
3.483798100000000009e+00 5.911507700201150683e-01
3.489999800000000096e+00 5.868450049350578679e-01
3.496197399999999789e+00 5.825691383870135187e-01
3.502399099999999876e+00 5.783216045130051830e-01
3.508600799999999964e+00 5.741094112685372064e-01
3.514798400000000100e+00 5.699393627315625377e-01
3.521000100000000188e+00 5.658097132670150131e-01
3.527197699999999880e+00 5.617292505114933610e-01
3.533399399999999968e+00 5.576953327638963787e-01
3.539601100000000056e+00 5.537127575656501932e-01
3.545798700000000192e+00 5.497854406862194843e-01
3.552000399999999836e+00 5.459087369257717981e-01
3.558202099999999923e+00 5.420850260337298776e-01
3.564399700000000060e+00 5.383157905465166815e-01
3.570601400000000147e+00 5.345943510679206367e-01
3.576803099999999791e+00 5.309209104863881201e-01
3.583000699999999927e+00 5.272950368588472658e-01
3.589202400000000015e+00 5.237087311900213704e-01
3.595404100000000103e+00 5.201609477199762299e-01
3.601601699999999795e+00 5.166504185515684577e-01
3.607803399999999883e+00 5.131689342169594159e-01
3.614001000000000019e+00 5.097176749535513585e-01
3.620202700000000107e+00 5.062889006518949131e-01
3.626404400000000194e+00 5.028820777627169836e-01
3.632601999999999887e+00 4.994970423311281271e-01
3.638803699999999974e+00 4.961274044027296215e-01
3.645005400000000062e+00 4.927740167333104493e-01
3.651203000000000198e+00 4.894382199850975668e-01
3.657404699999999842e+00 4.861152617586667057e-01
3.663606399999999930e+00 4.828075079350407917e-01
3.669804000000000066e+00 4.795177306234906789e-01
3.676005700000000154e+00 4.762425646328843354e-01
3.682207399999999797e+00 4.729854958244590901e-01
3.688404999999999934e+00 4.697502005505111988e-01
3.694606700000000021e+00 4.665340980679717475e-01
3.700804300000000158e+00 4.633432164337457637e-01
3.707005999999999801e+00 4.601751115188554841e-01
3.713207699999999889e+00 4.570336105445332309e-01
3.719405300000000025e+00 4.539223381496187981e-01
3.725607000000000113e+00 4.508385686666281922e-01
3.731808700000000201e+00 4.477855362037390097e-01
3.738006299999999893e+00 4.447661395466706025e-01
3.744207999999999981e+00 4.417770233834324434e-01
3.750409700000000068e+00 4.388205571137616112e-01
3.756607300000000205e+00 4.358987488049501646e-01
3.762808999999999848e+00 4.330075551782175403e-01
3.769010699999999936e+00 4.301484977678142752e-01
3.775208300000000072e+00 4.273227930153467025e-01
3.781410000000000160e+00 4.245258676574287238e-01
3.787611699999999804e+00 4.217586041069703029e-01
3.793809299999999940e+00 4.190216753467215227e-01
3.800011000000000028e+00 4.163102319499288884e-01
3.806208600000000164e+00 4.136265611126085928e-01
3.812410299999999808e+00 4.109657699203679848e-01
3.818611999999999895e+00 4.083282818261714797e-01
3.824809600000000032e+00 4.057144646780955766e-01
3.831011300000000119e+00 4.031195339545186052e-01
3.837213000000000207e+00 4.005439460149924913e-01
3.843410599999999899e+00 3.979881711490713680e-01
3.849612299999999987e+00 3.954476958892166882e-01
3.855814000000000075e+00 3.929231826931032234e-01
3.862011600000000211e+00 3.904153657034216129e-01
3.868213299999999855e+00 3.879201363054722296e-01
3.874414999999999942e+00 3.854385110238273127e-01
3.880612600000000079e+00 3.829716273156764661e-01
3.886814300000000166e+00 3.805159003574827836e-01
3.893011899999999859e+00 3.780744354220842984e-01
3.899213599999999946e+00 3.756440465445209931e-01
3.905415300000000034e+00 3.732265871170947213e-01
3.911612900000000170e+00 3.708240647746169349e-01
3.917814599999999814e+00 3.684339055092476500e-01
3.924016299999999902e+00 3.660584782688666716e-01
3.930213900000000038e+00 3.637002642594453494e-01
3.936415600000000126e+00 3.613571955891762832e-01
3.942617300000000213e+00 3.590319852849644944e-01
3.948814899999999906e+00 3.567273566870250434e-01
3.955016599999999993e+00 3.544414805830837789e-01
3.961218300000000081e+00 3.521770782028081359e-01
3.967415900000000217e+00 3.499367354457479928e-01
3.973617599999999861e+00 3.477184719074565278e-01
3.979815199999999997e+00 3.455260296442003165e-01
3.986016900000000085e+00 3.433571002950589479e-01
3.992218600000000173e+00 3.412134802205059048e-01
3.998416199999999865e+00 3.390966144655224168e-01
4.004617900000000397e+00 3.370034503222215649e-01
4.010819599999999596e+00 3.349348302032793545e-01
4.017017199999999733e+00 3.328912203966161720e-01
4.023218899999999820e+00 3.308687432981033405e-01
4.029420599999999908e+00 3.288673158494111459e-01
4.035618200000000044e+00 3.268865713017590213e-01
4.041819900000000132e+00 3.249220415657604333e-01
4.048021600000000220e+00 3.229730778325457519e-01
4.054219200000000356e+00 3.210389407022555819e-01
4.060420900000000444e+00 3.191150799127779880e-01
4.066618499999999692e+00 3.172021459423184919e-01
4.072820199999999780e+00 3.152958814309295144e-01
4.079017799999999916e+00 3.133973181896477223e-01
4.085211400000000381e+00 3.115052222981635754e-01
4.091404899999999678e+00 3.096175525177590204e-01
4.097639199999999704e+00 3.077214190377988157e-01
4.103832699999999889e+00 3.058415822031297360e-01
4.110026300000000354e+00 3.039659434407865346e-01
4.116219799999999651e+00 3.020953156543161322e-01
4.122413400000000117e+00 3.002307620738354221e-01
4.128606900000000302e+00 2.983737942552753819e-01
4.134841200000000327e+00 2.965139662691907430e-01
4.141034699999999624e+00 2.946775526993403727e-01
4.147228300000000090e+00 2.928543606582912351e-01
4.153421800000000275e+00 2.910465224058217393e-01
4.159615399999999852e+00 2.892559968128545211e-01
4.165808900000000037e+00 2.874847147406366377e-01
4.172043200000000063e+00 2.857228341053139609e-01
4.178236700000000248e+00 2.839947656010834987e-01
4.184430299999999825e+00 2.822898564667395416e-01
4.190623800000000010e+00 2.806087230206880667e-01
4.196817399999999587e+00 2.789514263248649151e-01
4.203010899999999772e+00 2.773176759883177467e-01
4.209245199999999798e+00 2.756961077979087626e-01
4.215438699999999983e+00 2.741067121991593303e-01
4.221632299999999560e+00 2.725371640629326020e-01
4.227825799999999745e+00 2.709855743786450111e-01
4.234019400000000211e+00 2.694497012543561887e-01
4.240212900000000396e+00 2.679272351530072593e-01
4.246447200000000421e+00 2.664057904829161272e-01
4.252640699999999718e+00 2.649028543372912159e-01
4.258834300000000184e+00 2.634061150383556482e-01
4.265027800000000369e+00 2.619135306080933034e-01
4.271221399999999946e+00 2.604232516464888292e-01
4.277414900000000131e+00 2.589338845339125283e-01
4.283649200000000157e+00 2.574345640129789281e-01
4.289842700000000342e+00 2.559443386517391561e-01
4.296036299999999919e+00 2.544532741876633364e-01
4.302229800000000104e+00 2.529617905284499146e-01
4.308423399999999681e+00 2.514706619081690242e-01
4.314616899999999866e+00 2.499811702495388643e-01
4.320810400000000051e+00 2.484948803416045515e-01
4.327044700000000077e+00 2.470039290612017213e-01
4.333238299999999654e+00 2.455298943821853097e-01
4.339431799999999839e+00 2.440652344072899160e-01
4.345625400000000305e+00 2.426121051326619316e-01
4.351818899999999601e+00 2.411726785733773193e-01
4.358012399999999786e+00 2.397488875343528891e-01
4.364246699999999812e+00 2.383332326228733145e-01
4.370440300000000278e+00 2.369456092729682328e-01
4.376633799999999574e+00 2.355777378018311663e-01
4.382827400000000040e+00 2.342301517175504610e-01
4.389020900000000225e+00 2.329030281780246348e-01
4.395214400000000410e+00 2.315960310528724642e-01
4.401448700000000436e+00 2.302999929198908391e-01
4.407642300000000013e+00 2.290307025303308375e-01
4.413835800000000198e+00 2.277781563368015127e-01
4.420029399999999775e+00 2.265405269273136624e-01
4.426222899999999960e+00 2.253158548485873491e-01
4.432416400000000145e+00 2.241019904672678087e-01
4.438650700000000171e+00 2.228888450217359485e-01
4.444844299999999748e+00 2.216901369634173002e-01
4.451037799999999933e+00 2.204959385119961979e-01
4.457231400000000399e+00 2.193044150528182246e-01
4.463424899999999695e+00 2.181140814243328618e-01
4.469618399999999880e+00 2.169237218767928188e-01
4.475852699999999906e+00 2.157246559501523053e-01
4.482046300000000372e+00 2.145321198136644347e-01
4.488239799999999669e+00 2.133382716666791523e-01
4.494433299999999853e+00 2.121434448320392296e-01
4.500626900000000319e+00 2.109483363053592797e-01
4.506820399999999616e+00 2.097540246958919663e-01
4.513054699999999642e+00 2.085539582484109977e-01
4.519248300000000107e+00 2.073653539586222116e-01
4.525441800000000292e+00 2.061820472283428518e-01
4.531635299999999589e+00 2.050057425892681251e-01
4.537828900000000054e+00 2.038381349163400913e-01
4.544022400000000239e+00 2.026808931899234112e-01
4.550256700000000265e+00 2.015279771038404610e-01
4.556450299999999842e+00 2.003957386878976177e-01
4.562643800000000027e+00 1.992776436632570647e-01
4.568837300000000212e+00 1.981743946755272490e-01
4.575030899999999789e+00 1.970863781707942186e-01
4.581224399999999974e+00 1.960137064876491531e-01
4.587458700000000000e+00 1.949491987186014463e-01
4.593652299999999578e+00 1.939062171315857896e-01
4.599845799999999763e+00 1.928769520394032488e-01
4.606039299999999947e+00 1.918603234949097236e-01
4.612232900000000413e+00 1.908550651174542034e-01
4.618426399999999710e+00 1.898598261322078096e-01
4.624660699999999736e+00 1.888666569781389803e-01
4.630854300000000201e+00 1.878870585751047928e-01
4.637047800000000386e+00 1.869131029376979169e-01
4.643241299999999683e+00 1.859434355854787113e-01
4.649434900000000148e+00 1.849768445861201260e-01
4.655628400000000333e+00 1.840123469056361705e-01
4.661862700000000359e+00 1.830427832004560829e-01
4.668056299999999936e+00 1.820802587067421596e-01
4.674249800000000121e+00 1.811181344696479179e-01
4.680443300000000306e+00 1.801563182860516088e-01
4.686636899999999883e+00 1.791949530072841079e-01
4.692830400000000068e+00 1.782344444430099539e-01
4.699064700000000094e+00 1.772690298660865582e-01
4.705258299999999672e+00 1.763120564912062926e-01
4.711451799999999857e+00 1.753580744735375729e-01
4.717645300000000042e+00 1.744079906245054323e-01
4.723838899999999619e+00 1.734627504403840614e-01
4.730032399999999804e+00 1.725233431884055368e-01
4.736266699999999830e+00 1.715845524985719350e-01
4.742460300000000295e+00 1.706594999215179098e-01
4.748653799999999592e+00 1.697427882728519133e-01
4.754847299999999777e+00 1.688350152520802783e-01
4.761040900000000242e+00 1.679366348222298688e-01
4.767234400000000427e+00 1.670479897122909008e-01
4.773428000000000004e+00 1.661692065338779556e-01
4.779662300000000030e+00 1.652946217291198228e-01
4.785855800000000215e+00 1.644355189887133362e-01
4.792049300000000400e+00 1.635858589604592961e-01
4.798242899999999977e+00 1.627452279819324998e-01
4.804436400000000162e+00 1.619131563981286992e-01
4.810629999999999740e+00 1.610890461074170887e-01
4.816864299999999766e+00 1.602669437645236894e-01
4.823057799999999951e+00 1.594569418937882566e-01
4.829251300000000136e+00 1.586529795728956194e-01
4.835444899999999713e+00 1.578544007278141481e-01
4.841638399999999898e+00 1.570606198007954146e-01
4.847832000000000363e+00 1.562710468135652953e-01
4.854066300000000389e+00 1.554800365854284716e-01
4.860259799999999686e+00 1.546974906159881424e-01
4.866453299999999871e+00 1.539178582212518687e-01
4.872646900000000336e+00 1.531408421264218445e-01
4.878840399999999633e+00 1.523662609076921193e-01
4.885034000000000098e+00 1.515939598744681371e-01
4.891268300000000124e+00 1.508188426529031290e-01
4.897461800000000309e+00 1.500510557515439269e-01
4.903655299999999606e+00 1.492855966626194519e-01
4.909848900000000071e+00 1.485225884326850376e-01
4.916042400000000256e+00 1.477622424897853115e-01
4.922235999999999834e+00 1.470047660081121865e-01
4.928470199999999579e+00 1.462455077386318747e-01
4.934663800000000045e+00 1.454946606632881723e-01
4.940857300000000230e+00 1.447476088895366386e-01
4.947050899999999807e+00 1.440046742077679132e-01
4.953244399999999992e+00 1.432662381847102373e-01
4.959437999999999569e+00 1.425326390296984269e-01
4.965672200000000203e+00 1.417994908569513712e-01
4.971865799999999780e+00 1.410766923911677684e-01
4.978059299999999965e+00 1.403597908035990605e-01
4.984252900000000430e+00 1.396490617855895844e-01
4.990446399999999727e+00 1.389447889971960892e-01
4.996640000000000192e+00 1.382471629760595455e-01
5.002874199999999938e+00 1.375518462950580667e-01
5.009067800000000403e+00 1.368679875676294955e-01
5.015261299999999700e+00 1.361910660951283769e-01
5.021454900000000166e+00 1.355210009773803737e-01
5.027648400000000350e+00 1.348576727398690667e-01
5.033841999999999928e+00 1.342008352369024049e-01
5.040076199999999673e+00 1.335459466420496344e-01
5.046269800000000139e+00 1.329011490943122209e-01
5.052463300000000324e+00 1.322617113026397506e-01
5.058656899999999901e+00 1.316270955916357122e-01
5.064850400000000086e+00 1.309967586847572973e-01
5.071043999999999663e+00 1.303700859901749665e-01
5.077278200000000297e+00 1.297424025744157161e-01
5.083471799999999874e+00 1.291212830722181515e-01
5.089665300000000059e+00 1.285020725312702172e-01
5.095858899999999636e+00 1.278842343421466299e-01
5.102052399999999821e+00 1.272673436218937082e-01
5.108246000000000286e+00 1.266510262918780771e-01
5.114480200000000032e+00 1.260310080682167655e-01
5.120673799999999609e+00 1.254152370852956444e-01
5.126867299999999794e+00 1.247996866958067386e-01
5.133060900000000260e+00 1.241844716783304242e-01
5.139254399999999556e+00 1.235698777568612489e-01
5.145448000000000022e+00 1.229562754886611986e-01
5.151682199999999767e+00 1.223401715933726264e-01
5.157875800000000233e+00 1.217301927450064186e-01
5.164069300000000418e+00 1.211230035299325769e-01
5.170262899999999995e+00 1.205193053448755658e-01
5.176456400000000180e+00 1.199198587090535145e-01
5.182649999999999757e+00 1.193253753301761616e-01
5.188884200000000391e+00 1.187327157818150875e-01
5.195077799999999968e+00 1.181502227836888907e-01
5.201271300000000153e+00 1.175745481577252505e-01
5.207464899999999730e+00 1.170060723131088887e-01
5.213658399999999915e+00 1.164450701261873500e-01
5.219851900000000100e+00 1.158916319043863524e-01
5.226045499999999677e+00 1.153456831508845593e-01
5.232279799999999703e+00 1.148034835952072563e-01
5.238473299999999888e+00 1.142717242045877130e-01
5.244666900000000354e+00 1.137462799137684971e-01
5.250860399999999650e+00 1.132264923266169121e-01
5.257053899999999835e+00 1.127115713294573884e-01
5.263247500000000301e+00 1.122006502364039510e-01
5.269481800000000327e+00 1.116895062981156511e-01
5.275675299999999623e+00 1.111839058535387115e-01
5.281868900000000089e+00 1.106796038258533454e-01
5.288062400000000274e+00 1.101757976272608880e-01
5.294255899999999571e+00 1.096717573875528040e-01
5.300449500000000036e+00 1.091668801405762806e-01
5.306683800000000062e+00 1.086573999467832230e-01
5.312877300000000247e+00 1.081497036335104106e-01
5.319070899999999824e+00 1.076403640617327184e-01
5.325264400000000009e+00 1.071294948924703672e-01
5.331457900000000194e+00 1.066173679860357160e-01
5.337651499999999771e+00 1.061044267144015951e-01
5.343885799999999797e+00 1.055879129574250758e-01
5.350079299999999982e+00 1.050753161151601056e-01
5.356272899999999559e+00 1.045640782523328816e-01
5.362466399999999744e+00 1.040551090106594523e-01
5.368659899999999929e+00 1.035493181422862119e-01
5.374853500000000395e+00 1.030476018085981216e-01
5.381087800000000421e+00 1.025475740424813820e-01
5.387281299999999717e+00 1.020565394835983020e-01
5.393474900000000183e+00 1.015718435460365304e-01
5.399668400000000368e+00 1.010939965978285698e-01
5.405861899999999665e+00 1.006233163211963100e-01
5.412055500000000130e+00 1.001599377178185174e-01
5.418289800000000156e+00 9.970084777664392495e-02
5.424483300000000341e+00 9.925181132306022669e-02
5.430676899999999918e+00 9.880937902908068504e-02
5.436870400000000103e+00 9.837299019086453988e-02
5.443063900000000288e+00 9.794192539765303462e-02
5.449257499999999865e+00 9.751535776543604483e-02
5.455491799999999891e+00 9.708963071243832677e-02
5.461685300000000076e+00 9.666937310344059231e-02
5.467878899999999653e+00 9.625085070970512691e-02
5.474072399999999838e+00 9.583318532189706584e-02
5.480265900000000023e+00 9.541555307070154202e-02
5.486459499999999601e+00 9.499723714696825527e-02
5.492693799999999626e+00 9.457490668632748121e-02
5.498887299999999811e+00 9.415366224287161079e-02
5.505080900000000277e+00 9.373049165401742266e-02
5.511274399999999574e+00 9.330534176573446192e-02
5.517467899999999759e+00 9.287831826316297890e-02
5.523661500000000224e+00 9.244969859652539534e-02
5.529895800000000250e+00 9.201710468744209170e-02
5.536089300000000435e+00 9.158677353481020633e-02
5.542282900000000012e+00 9.115655921675014373e-02
5.548476400000000197e+00 9.072724387091055109e-02
5.554669900000000382e+00 9.029963468508513114e-02
5.560863499999999959e+00 8.987455002513869418e-02
5.567097799999999985e+00 8.945003964213978087e-02
5.573291300000000170e+00 8.903240154860708744e-02
5.579484899999999747e+00 8.861949606858664230e-02
5.585678399999999932e+00 8.821188025220602635e-02
5.591871900000000117e+00 8.780995701677897503e-02
5.598065499999999695e+00 8.741398072240737227e-02
5.604299799999999721e+00 8.702151907137103959e-02
5.610493299999999905e+00 8.663764623438088841e-02
5.616686900000000371e+00 8.625955742915455970e-02
5.622880399999999668e+00 8.588691206938948997e-02
5.629073899999999853e+00 8.551922573109149717e-02
5.635267500000000318e+00 8.515591064100071217e-02
5.641501800000000344e+00 8.479396044924451814e-02
5.647695299999999641e+00 8.443739290744949055e-02
5.653888799999999826e+00 8.408309756974657878e-02
5.660082400000000291e+00 8.373034806378311379e-02
5.666275899999999588e+00 8.337847305865909997e-02
5.672469500000000053e+00 8.302684253265875391e-02
5.678703800000000079e+00 8.267261584968704780e-02
5.684897300000000264e+00 8.231999525125296979e-02
5.691090799999999561e+00 8.196635714665984063e-02
5.697284400000000026e+00 8.161151618797013452e-02
5.703477900000000211e+00 8.125543423586015224e-02
