6.367979799999999579e-02 3.267244688454297119e+01 5.715981707855875449e+00 5.715981707855875449e+00
6.972053899999999804e-02 3.237502154574686841e+01 5.689905231701743560e+00 5.689905231701743560e+00
7.576168699999999423e-02 3.179720469240952241e+01 5.638901018142588484e+00 5.638901018142588484e+00
8.180283500000000430e-02 3.155936360728409085e+01 5.617772121338146185e+00 5.617772121338146185e+00
8.784357600000000654e-02 3.115314396862255464e+01 5.581500153957048127e+00 5.581500153957048127e+00
9.388472400000000273e-02 3.089292050949236668e+01 5.558140022479855169e+00 5.558140022479855169e+00
9.992587199999999892e-02 3.107517659648912201e+01 5.574511332528540031e+00 5.574511332528540031e+00
1.059666100000000027e-01 3.139106902214142281e+01 5.602773333104010156e+00 5.602773333104010156e+00
1.120077599999999979e-01 3.154136815628548973e+01 5.616170239254281604e+00 5.616170239254281604e+00
1.180485000000000007e-01 3.203889748253403980e+01 5.660291289548095683e+00 5.660291289548095683e+00
1.240896499999999958e-01 3.303260678726138622e+01 5.747400002371628069e+00 5.747400002371628069e+00
1.301307999999999909e-01 3.393635112242587581e+01 5.825491491919447817e+00 5.825491491919447817e+00
1.361715400000000076e-01 3.387932891744765129e+01 5.820595237383170861e+00 5.820595237383170861e+00
1.422126900000000027e-01 3.260589684729641391e+01 5.710157339977280699e+00 5.710157339977280699e+00
1.482538399999999978e-01 3.099732021788766190e+01 5.567523706091215274e+00 5.567523706091215274e+00
1.542945799999999867e-01 2.988828928193865764e+01 5.467018317322400733e+00 5.467018317322400733e+00
1.603357199999999871e-01 2.945987310677689663e+01 5.427695008636437279e+00 5.427695008636437279e+00
1.663768700000000100e-01 2.950997971701389844e+01 5.432308875332283904e+00 5.432308875332283904e+00
1.724176099999999989e-01 3.014459123587203848e+01 5.490409022638663039e+00 5.490409022638663039e+00
1.784587599999999941e-01 3.118672251988587973e+01 5.584507365908462972e+00 5.584507365908462972e+00
1.844999099999999892e-01 3.214141681656776939e+01 5.669340068876427274e+00 5.669340068876427274e+00
1.905406500000000058e-01 3.265793484913542954e+01 5.714712140531264417e+00 5.714712140531264417e+00
1.965818000000000010e-01 3.262603941659524764e+01 5.711920816730152062e+00 5.711920816730152062e+00
2.026229499999999961e-01 3.219940366415352884e+01 5.674451838209003007e+00 5.674451838209003007e+00
2.086636900000000128e-01 3.155659210282175664e+01 5.617525443006178065e+00 5.617525443006178065e+00
2.147048400000000079e-01 3.083766874850562800e+01 5.553167451869755133e+00 5.553167451869755133e+00
2.207455799999999968e-01 3.017567043082384615e+01 5.493238610403142097e+00 5.493238610403142097e+00
2.267867199999999972e-01 2.967807770382292176e+01 5.447758961611913975e+00 5.447758961611913975e+00
2.328278699999999923e-01 2.937182834842905876e+01 5.419578244515808940e+00 5.419578244515808940e+00
2.388686100000000090e-01 2.925109008118233689e+01 5.408427690298016621e+00 5.408427690298016621e+00
2.449097600000000041e-01 2.927158465074458960e+01 5.410322046860481571e+00 5.410322046860481571e+00
2.509509100000000270e-01 2.936666828241724758e+01 5.419102165711332297e+00 5.419102165711332297e+00
2.569916500000000159e-01 2.946168537922702413e+01 5.427861952852801153e+00 5.427861952852801153e+00
2.630328000000000110e-01 2.949104207425960311e+01 5.430565539081505300e+00 5.430565539081505300e+00
2.690739500000000062e-01 2.942656068222312626e+01 5.424625395566327057e+00 5.424625395566327057e+00
2.751146899999999951e-01 2.927600496960105048e+01 5.410730539363520109e+00 5.410730539363520109e+00
2.811558399999999902e-01 2.905180071817574117e+01 5.389972237236082542e+00 5.389972237236082542e+00
2.871965799999999791e-01 2.876677885088802711e+01 5.363467055076224455e+00 5.363467055076224455e+00
2.932377299999999742e-01 2.843410046115774747e+01 5.332363496720543772e+00 5.332363496720543772e+00
2.992788699999999746e-01 2.807120458491221981e+01 5.298226550923640588e+00 5.298226550923640588e+00
3.053196100000000190e-01 2.770175653972813379e+01 5.263245817908197566e+00 5.263245817908197566e+00
3.113607600000000142e-01 2.734373421820613004e+01 5.229123656809631093e+00 5.229123656809631093e+00
3.174019100000000093e-01 2.700653270815278972e+01 5.196780994822928434e+00 5.196780994822928434e+00
3.234426499999999982e-01 2.669424143216588874e+01 5.166647020279776292e+00 5.166647020279776292e+00
3.294837999999999933e-01 2.641010275064138568e+01 5.139076060017148784e+00 5.139076060017148784e+00
3.355245399999999822e-01 2.615301453805932752e+01 5.114001812481036247e+00 5.114001812481036247e+00
3.415656899999999774e-01 2.591850077479596592e+01 5.091021584593407034e+00 5.091021584593407034e+00
3.476068399999999725e-01 2.570009643561157375e+01 5.069526253567642193e+00 5.069526253567642193e+00
3.536475800000000169e-01 2.549291101425330197e+01 5.049050506209390221e+00 5.049050506209390221e+00
3.596887300000000121e-01 2.529265913283088807e+01 5.029180761598342819e+00 5.029180761598342819e+00
3.657298700000000125e-01 2.509114796082817023e+01 5.009106503242685804e+00 5.009106503242685804e+00
3.717706100000000013e-01 2.487499241331659050e+01 4.987483575242788625e+00 4.987483575242788625e+00
3.778117599999999965e-01 2.462692874911006058e+01 4.962552644467367102e+00 4.962552644467367102e+00
3.838529099999999916e-01 2.432985774175874383e+01 4.932530561664949964e+00 4.932530561664949964e+00
3.898936499999999805e-01 2.397710209835629769e+01 4.896641920577438079e+00 4.896641920577438079e+00
3.959347999999999757e-01 2.358413282730593608e+01 4.856349743099845462e+00 4.856349743099845462e+00
4.019755400000000201e-01 2.316935254871412653e+01 4.813455364778417511e+00 4.813455364778417511e+00
4.080158700000000027e-01 2.274972595032356182e+01 4.769667278786180020e+00 4.769667278786180020e+00
4.140586499999999726e-01 2.233478652637337447e+01 4.725969374252585453e+00 4.725969374252585453e+00
4.200973599999999752e-01 2.192937151158118780e+01 4.682880685174584556e+00 4.682880685174584556e+00
4.261401300000000059e-01 2.153577151757482255e+01 4.640664986569793982e+00 4.640664986569793982e+00
4.321788400000000085e-01 2.115592492200008934e+01 4.599557035411137029e+00 4.599557035411137029e+00
4.382216099999999837e-01 2.079330313328043545e+01 4.559967448708426296e+00 4.559967448708426296e+00
4.442643900000000090e-01 2.045136462023283386e+01 4.522318500529659779e+00 4.522318500529659779e+00
4.503031000000000117e-01 2.013264727768223139e+01 4.486941862525324787e+00 4.486941862525324787e+00
4.563458699999999868e-01 1.983718265682466964e+01 4.453895222928427877e+00 4.453895222928427877e+00
4.623845799999999895e-01 1.956260102626395891e+01 4.422962923907904020e+00 4.422962923907904020e+00
4.684273600000000148e-01 1.930534491364367966e+01 4.393784805113204683e+00 4.393784805113204683e+00
4.744660600000000228e-01 1.906233429988757067e+01 4.366043323180333502e+00 4.366043323180333502e+00
4.805088399999999926e-01 1.882989245949483958e+01 4.339342399430452524e+00 4.339342399430452524e+00
4.865516200000000180e-01 1.860365669136294997e+01 4.313195647239172814e+00 4.313195647239172814e+00
4.925903200000000259e-01 1.837854384885986647e+01 4.287020392867272989e+00 4.287020392867272989e+00
4.986330999999999958e-01 1.815022649849988667e+01 4.260308263318498767e+00 4.260308263318498767e+00
5.046718000000000037e-01 1.791499975448723703e+01 4.232611458011145800e+00 4.232611458011145800e+00
5.107145800000000291e-01 1.767076071155836559e+01 4.203660394413226697e+00 4.203660394413226697e+00
5.167532799999999815e-01 1.741826417079125378e+01 4.173519398636030608e+00 4.173519398636030608e+00
5.227960600000000069e-01 1.715842551495689605e+01 4.142272988946635870e+00 4.142272988946635870e+00
5.288388400000000322e-01 1.689206653521512891e+01 4.109995928856271519e+00 4.109995928856271519e+00
5.348775399999999847e-01 1.662013115286044140e+01 4.076779507510853939e+00 4.076779507510853939e+00
5.409203200000000100e-01 1.634403669063375375e+01 4.042775864506187311e+00 4.042775864506187311e+00
5.469590199999999625e-01 1.606474103633570749e+01 4.008084459730820726e+00 4.008084459730820726e+00
5.530017999999999878e-01 1.578361450090879181e+01 3.972859738388556661e+00 3.972859738388556661e+00
5.590405000000000513e-01 1.550195041771153726e+01 3.937251632511127308e+00 3.937251632511127308e+00
5.650832799999999656e-01 1.522053716479949159e+01 3.901350684673128733e+00 3.901350684673128733e+00
5.711219899999999683e-01 1.494034434678041201e+01 3.865274161916643525e+00 3.865274161916643525e+00
5.771647600000000544e-01 1.466172756245450515e+01 3.829063535964701614e+00 3.829063535964701614e+00
5.832075399999999687e-01 1.438516980420773272e+01 3.792778638967443605e+00 3.792778638967443605e+00
5.892462499999999714e-01 1.411112654003410682e+01 3.756477943504274997e+00 3.756477943504274997e+00
5.952890199999999465e-01 1.383951735822817675e+01 3.720150179526113821e+00 3.720150179526113821e+00
6.013277299999999492e-01 1.357055405549896321e+01 3.683823293196752058e+00 3.683823293196752058e+00
6.073705000000000354e-01 1.330425561592255868e+01 3.647499913080541667e+00 3.647499913080541667e+00
6.134092100000000380e-01 1.304091883202774227e+01 3.611221238310904358e+00 3.611221238310904358e+00
6.194519899999999524e-01 1.278041850231019616e+01 3.574971119087564819e+00 3.574971119087564819e+00
6.254947600000000385e-01 1.252298155523421208e+01 3.538782496174950332e+00 3.538782496174950332e+00
6.315334700000000412e-01 1.226881747669233391e+01 3.502687179394176731e+00 3.502687179394176731e+00
6.375762499999999555e-01 1.201827916009972874e+01 3.466738980670412307e+00 3.466738980670412307e+00
6.436149500000000190e-01 1.177207150865127971e+01 3.431045250160842830e+00 3.431045250160842830e+00
6.496577300000000443e-01 1.153058407347626613e+01 3.395671373009506500e+00 3.395671373009506500e+00
6.556964299999999968e-01 1.129435978583019384e+01 3.360708226822167077e+00 3.360708226822167077e+00
6.617392100000000221e-01 1.106383436442655643e+01 3.326234261808172388e+00 3.326234261808172388e+00
6.677779099999999746e-01 1.083950567280493438e+01 3.292340455178494274e+00 3.292340455178494274e+00
6.738206899999999999e-01 1.062171760270091170e+01 3.259097666947235350e+00 3.259097666947235350e+00
6.798634700000000253e-01 1.041077534064815069e+01 3.226573312455204512e+00 3.226573312455204512e+00
6.859021699999999777e-01 1.020670678110055007e+01 3.194793699302123979e+00 3.194793699302123979e+00
6.919449500000000031e-01 1.000921106084815015e+01 3.163733721546134081e+00 3.163733721546134081e+00
6.979836499999999555e-01 9.818067608106105126e+00 3.133379582512483275e+00 3.133379582512483275e+00
7.040264299999999809e-01 9.632784097864032447e+00 3.103672678918321992e+00 3.103672678918321992e+00
7.100651300000000443e-01 9.452733990103604711e+00 3.074529881153150512e+00 3.074529881153150512e+00
7.161079099999999587e-01 9.277229388017216749e+00 3.045854459427964400e+00 3.045854459427964400e+00
7.221506899999999840e-01 9.105670320346883173e+00 3.017560325883624106e+00 3.017560325883624106e+00
7.281893900000000475e-01 8.937418845874843143e+00 2.989551612846789830e+00 2.989551612846789830e+00
7.342321699999999618e-01 8.771850117894684828e+00 2.961730932730838983e+00 2.961730932730838983e+00
7.402708799999999645e-01 8.608503863813060875e+00 2.934025198223945363e+00 2.934025198223945363e+00
7.463136500000000506e-01 8.447178258209563140e+00 2.906402975880936435e+00 2.906402975880936435e+00
7.523523600000000533e-01 8.287869577836815438e+00 2.878866022904993827e+00 2.878866022904993827e+00
7.583951399999999676e-01 8.130453084001652897e+00 2.851394936518203860e+00 2.851394936518203860e+00
7.644338400000000311e-01 7.974926900072194513e+00 2.823991306656625344e+00 2.823991306656625344e+00
7.704766199999999454e-01 7.821183680818939443e+00 2.796637924512027418e+00 2.796637924512027418e+00
7.765193999999999708e-01 7.669230530059423678e+00 2.769337561594725994e+00 2.769337561594725994e+00
7.825581000000000342e-01 7.519106425926660897e+00 2.742098908851878125e+00 2.742098908851878125e+00
7.886008799999999486e-01 7.370878044602303447e+00 2.714936103226428532e+00 2.714936103226428532e+00
7.946395800000000120e-01 7.224640614624567192e+00 2.687869158762116406e+00 2.687869158762116406e+00
8.006823600000000374e-01 7.080449146997644938e+00 2.660911337680690991e+00 2.660911337680690991e+00
8.067210599999999898e-01 6.938383442371230281e+00 2.634081138152587265e+00 2.634081138152587265e+00
8.127638400000000152e-01 6.798476066570746212e+00 2.607388744811702797e+00 2.607388744811702797e+00
8.188066200000000405e-01 6.660792496991435385e+00 2.580851118718674897e+00 2.580851118718674897e+00
8.248453199999999930e-01 6.525406490947553095e+00 2.554487520217617380e+00 2.554487520217617380e+00
8.308881000000000183e-01 6.392250639719327054e+00 2.528290062417547723e+00 2.528290062417547723e+00
8.369267999999999708e-01 6.261295975527092494e+00 2.502258175234340687e+00 2.502258175234340687e+00
8.429695799999999961e-01 6.132454831259670058e+00 2.476379379509462630e+00 2.476379379509462630e+00
8.490082799999999486e-01 6.005708029364418721e+00 2.450654612417755285e+00 2.450654612417755285e+00
8.550510599999999739e-01 5.880981104905097290e+00 2.425073422580251936e+00 2.425073422580251936e+00
8.610938399999999993e-01 5.758224519700450905e+00 2.399630079762389290e+00 2.399630079762389290e+00
8.671325399999999517e-01 5.637398785363624043e+00 2.374320699771542031e+00 2.374320699771542031e+00
8.731753199999999770e-01 5.518499228041969573e+00 2.349148617700031583e+00 2.349148617700031583e+00
8.792140200000000405e-01 5.401570163975637051e+00 2.324127828665118134e+00 2.324127828665118134e+00
8.852567999999999548e-01 5.286663594381828979e+00 2.299274580032108606e+00 2.299274580032108606e+00
8.912955099999999575e-01 5.173823725810851926e+00 2.274604081111887055e+00 2.274604081111887055e+00
8.973382800000000437e-01 5.063061298089604811e+00 2.250124729451592920e+00 2.250124729451592920e+00
9.033769900000000463e-01 4.954421186716476022e+00 2.225852912192644251e+00 2.225852912192644251e+00
9.094197699999999607e-01 4.847928143391465383e+00 2.201801113495827522e+00 2.201801113495827522e+00
9.154625400000000468e-01 4.743613021613219516e+00 2.177983705543551363e+00 2.177983705543551363e+00
9.215012500000000495e-01 4.641507099275258064e+00 2.154415721088958957e+00 2.154415721088958957e+00
9.275440299999999638e-01 4.541608021397373740e+00 2.131104882777329124e+00 2.131104882777329124e+00
9.335827300000000273e-01 4.443943546766142561e+00 2.108066305116170547e+00 2.108066305116170547e+00
9.396255100000000526e-01 4.348525650187870184e+00 2.085311883193463611e+00 2.085311883193463611e+00
9.456642100000000051e-01 4.255384459275987297e+00 2.062858322637787900e+00 2.062858322637787900e+00
9.517069900000000304e-01 4.164503279038692440e+00 2.040711463935725778e+00 2.040711463935725778e+00
9.577497699999999448e-01 4.075921392166725887e+00 2.018891129349654978e+00 2.018891129349654978e+00
9.637884700000000082e-01 3.989614508828731587e+00 1.997401939727888598e+00 1.997401939727888598e+00
9.698312500000000336e-01 3.905570733453167076e+00 1.976251687779966737e+00 1.976251687779966737e+00
9.758699499999999860e-01 3.823771193137697644e+00 1.955446545712180129e+00 1.955446545712180129e+00
9.819127300000000114e-01 3.744142748585391089e+00 1.934978746287770335e+00 1.934978746287770335e+00
9.879514299999999638e-01 3.666667876511470414e+00 1.914854531423071382e+00 1.914854531423071382e+00
9.939942099999999892e-01 3.591307536677488255e+00 1.895074546469739385e+00 1.895074546469739385e+00
1.000032899999999891e+00 3.518023417825547394e+00 1.875639469041304741e+00 1.875639469041304741e+00
1.006075700000000017e+00 3.446767467024480336e+00 1.856547189549589749e+00 1.856547189549589749e+00
1.012118499999999921e+00 3.377510034537879680e+00 1.837800324991232470e+00 1.837800324991232470e+00
1.018157200000000095e+00 3.310210790188893526e+00 1.819398469326852341e+00 1.819398469326852341e+00
1.024199999999999999e+00 3.244822540143819989e+00 1.801339096379085403e+00 1.801339096379085403e+00
1.030238699999999952e+00 3.181243724275522933e+00 1.783604138892799007e+00 1.783604138892799007e+00
1.036281400000000019e+00 3.119385812211187936e+00 1.766178307026555094e+00 1.766178307026555094e+00
1.042320099999999972e+00 3.059168134401282213e+00 1.749047779336311281e+00 1.749047779336311281e+00
1.048362900000000097e+00 3.000502714881415844e+00 1.732195922775889629e+00 1.732195922775889629e+00
1.054405700000000001e+00 2.943296550569582060e+00 1.715603844297856062e+00 1.715603844297856062e+00
1.060444399999999954e+00 2.887467284205151419e+00 1.699254920312179395e+00 1.699254920312179395e+00
1.066487200000000080e+00 2.832917207468768961e+00 1.683127210720796629e+00 1.683127210720796629e+00
1.072525900000000032e+00 2.779565768433774231e+00 1.667202977574648637e+00 1.667202977574648637e+00
1.078568699999999936e+00 2.727337299433923334e+00 1.651465197766493365e+00 1.651465197766493365e+00
1.084607400000000110e+00 2.676172485146853131e+00 1.635901123279415392e+00 1.635901123279415392e+00
1.090650099999999956e+00 2.626059719542536808e+00 1.620512178153109994e+00 1.620512178153109994e+00
1.096692900000000082e+00 2.576980942173926703e+00 1.605297773677496487e+00 1.605297773677496487e+00
1.102731600000000034e+00 2.528907979380910387e+00 1.590254061268485009e+00 1.590254061268485009e+00
1.108774399999999938e+00 2.481809836523451995e+00 1.575376093675237898e+00 1.575376093675237898e+00
1.114813099999999890e+00 2.435671224263102452e+00 1.560663712739904341e+00 1.560663712739904341e+00
1.120855900000000016e+00 2.390472678370118231e+00 1.546115350926352550e+00 1.546115350926352550e+00
1.126894599999999969e+00 2.346189815865351580e+00 1.531727722496838417e+00 1.531727722496838417e+00
1.132937400000000094e+00 2.302794225016580487e+00 1.517496037891559180e+00 1.517496037891559180e+00
1.138976100000000047e+00 2.260272962606646896e+00 1.503420421108695448e+00 1.503420421108695448e+00
1.145018799999999892e+00 2.218547342058388772e+00 1.489478882716498420e+00 1.489478882716498420e+00
1.151061600000000018e+00 2.177552491812035029e+00 1.475653242402169107e+00 1.475653242402169107e+00
1.157100299999999971e+00 2.137213765350409744e+00 1.461921258259284651e+00 1.461921258259284651e+00
1.163143100000000096e+00 2.097433951924703166e+00 1.448252033288647933e+00 1.448252033288647933e+00
1.169181800000000049e+00 2.058140307647546852e+00 1.434622008630686896e+00 1.434622008630686896e+00
1.175224599999999953e+00 2.019278403333403471e+00 1.421013160858618951e+00 1.421013160858618951e+00
1.181263299999999905e+00 1.980776218614656470e+00 1.407400518194680927e+00 1.407400518194680927e+00
1.187306100000000031e+00 1.942569483877209624e+00 1.393760913455822870e+00 1.393760913455822870e+00
1.193348800000000098e+00 1.904596588934231782e+00 1.380071226036624354e+00 1.380071226036624354e+00
1.199387500000000051e+00 1.866795710891772542e+00 1.366307326662553168e+00 1.366307326662553168e+00
1.205430299999999955e+00 1.829155130249449535e+00 1.352462616950816043e+00 1.352462616950816043e+00
1.211468999999999907e+00 1.791748318528943118e+00 1.338562033874016288e+00 1.338562033874016288e+00
1.217511800000000033e+00 1.754625230197693675e+00 1.324622674650292042e+00 1.324622674650292042e+00
1.223550499999999985e+00 1.717848435370247895e+00 1.310667171851896073e+00 1.310667171851896073e+00
1.229593299999999889e+00 1.681477849876456210e+00 1.296718107329598579e+00 1.296718107329598579e+00
1.235632000000000064e+00 1.645595883339707521e+00 1.282807812316290708e+00 1.282807812316290708e+00
1.241674799999999967e+00 1.610230866697628827e+00 1.268948725007290834e+00 1.268948725007290834e+00
1.247717500000000035e+00 1.575474577719212510e+00 1.255179101849298817e+00 1.255179101849298817e+00
1.253756199999999987e+00 1.541366506367684908e+00 1.241517823620621686e+00 1.241517823620621686e+00
1.259798999999999891e+00 1.507975875919290498e+00 1.227996692145093105e+00 1.227996692145093105e+00
1.265837700000000066e+00 1.475363078957425245e+00 1.214645248192831595e+00 1.214645248192831595e+00
1.271880499999999969e+00 1.443555344713084221e+00 1.201480480371231119e+00 1.201480480371231119e+00
1.277919199999999922e+00 1.412561602390001836e+00 1.188512348438164778e+00 1.188512348438164778e+00
1.283962000000000048e+00 1.382388599511455540e+00 1.175750228369722983e+00 1.175750228369722983e+00
1.290004799999999952e+00 1.353034147563638045e+00 1.163199960266349864e+00 1.163199960266349864e+00
1.296043499999999904e+00 1.324506536771625109e+00 1.150872076632162067e+00 1.150872076632162067e+00
1.302086300000000030e+00 1.296802476663218684e+00 1.138772355066287378e+00 1.138772355066287378e+00
1.308124999999999982e+00 1.269910214713332541e+00 1.126902930475084164e+00 1.126902930475084164e+00
1.314167700000000050e+00 1.243816581542457111e+00 1.115265251652026057e+00 1.115265251652026057e+00
1.320206400000000002e+00 1.218489397672457120e+00 1.103852072368601833e+00 1.103852072368601833e+00
1.326249199999999906e+00 1.193915846909700207e+00 1.092664562850695020e+00 1.092664562850695020e+00
1.332287900000000080e+00 1.170074205655358579e+00 1.081699683671655032e+00 1.081699683671655032e+00
1.338330699999999984e+00 1.146952204340680348e+00 1.070958544641518850e+00 1.070958544641518850e+00
1.344373500000000110e+00 1.124507533265244330e+00 1.060427995323230066e+00 1.060427995323230066e+00
1.350412200000000063e+00 1.102718830328371924e+00 1.050104199747992517e+00 1.050104199747992517e+00
1.356454999999999966e+00 1.081574140378549265e+00 1.039987567415375125e+00 1.039987567415375125e+00
1.362493699999999919e+00 1.061042291486956390e+00 1.030069071221418886e+00 1.030069071221418886e+00
1.368536399999999986e+00 1.041080926369573278e+00 1.020333732839198593e+00 1.020333732839198593e+00
1.374575099999999939e+00 1.021679497887741705e+00 1.010781627201316812e+00 1.010781627201316812e+00
1.380617900000000065e+00 1.002815540215451495e+00 1.001406780591908907e+00 1.001406780591908907e+00
1.386660699999999968e+00 9.844539185540592818e-01 9.921965120650542147e-01 9.921965120650542147e-01
1.392699399999999921e+00 9.665729150921961166e-01 9.831444019533428502e-01 9.831444019533428502e-01
1.398742200000000047e+00 9.491471488011056223e-01 9.742418328121132953e-01 9.742418328121132953e-01
1.404780899999999999e+00 9.321511443617942483e-01 9.654797482919018625e-01 9.654797482919018625e-01
1.410823699999999903e+00 9.155596514956073628e-01 9.568488132905884624e-01 9.568488132905884624e-01
1.416862400000000077e+00 8.993543698241500683e-01 9.483429600224541067e-01 9.483429600224541067e-01
1.422905099999999923e+00 8.835244210783560481e-01 9.399597975862350463e-01 9.399597975862350463e-01
1.428947900000000049e+00 8.680584359835534780e-01 9.316965364235039182e-01 9.316965364235039182e-01
1.434986600000000001e+00 8.529480881177898821e-01 9.235518870739152231e-01 9.235518870739152231e-01
1.441029399999999905e+00 8.381803933731400980e-01 9.155219240264758085e-01 9.155219240264758085e-01
1.447068100000000079e+00 8.237471140879154552e-01 9.076051531849714804e-01 9.076051531849714804e-01
1.453110899999999983e+00 8.096352446670508352e-01 8.997973353300457999e-01 8.997973353300457999e-01
1.459149599999999936e+00 7.958363936260612892e-01 8.920966279647408737e-01 8.920966279647408737e-01
1.465192400000000061e+00 7.823395626508253820e-01 8.844996114475265347e-01 8.844996114475265347e-01
1.471231100000000014e+00 7.691331828166160234e-01 8.770023847268695327e-01 8.770023847268695327e-01
1.477273800000000081e+00 7.562072135185498034e-01 8.696017557011657129e-01 8.696017557011657129e-01
1.483316599999999985e+00 7.435509261167214667e-01 8.622939905372885017e-01 8.622939905372885017e-01
1.489355299999999938e+00 7.311525289594549282e-01 8.550745750865563766e-01 8.550745750865563766e-01
1.495398100000000063e+00 7.190060028189326768e-01 8.479422166745400613e-01 8.479422166745400613e-01
1.501436800000000016e+00 7.071088138070248386e-01 8.408976238562128058e-01 8.408976238562128058e-01
1.507479599999999920e+00 6.954559623797971213e-01 8.339400232509512900e-01 8.339400232509512900e-01
1.513518300000000094e+00 6.840469479764113014e-01 8.270713076732932878e-01 8.270713076732932878e-01
1.519561099999999998e+00 6.728788682579353031e-01 8.202919408710140914e-01 8.202919408710140914e-01
1.525603800000000065e+00 6.619481138079521543e-01 8.136019381785862814e-01 8.136019381785862814e-01
1.531642500000000018e+00 6.512511340733195819e-01 8.070013222252609975e-01 8.070013222252609975e-01
1.537685299999999922e+00 6.407861977763202876e-01 8.004912227978020489e-01 8.004912227978020489e-01
1.543724000000000096e+00 6.305468769815939512e-01 7.940698187071423275e-01 7.940698187071423275e-01
1.549766800000000000e+00 6.205315932654653643e-01 7.877382771361725045e-01 7.877382771361725045e-01
1.555805499999999952e+00 6.107360772099461599e-01 7.814960506681695174e-01 7.814960506681695174e-01
1.561848300000000078e+00 6.011588816841096916e-01 7.753443632890547610e-01 7.753443632890547610e-01
1.567887000000000031e+00 5.917948602180983508e-01 7.692820420483623689e-01 7.692820420483623689e-01
1.573929799999999934e+00 5.826416738844172327e-01 7.633096841285437195e-01 7.633096841285437195e-01
1.579972500000000002e+00 5.736891676476334467e-01 7.574227139765703498e-01 7.574227139765703498e-01
1.586011300000000013e+00 5.649251586119656832e-01 7.516150335191318366e-01 7.516150335191318366e-01
1.592054000000000080e+00 5.563363280971513891e-01 7.458795667513297145e-01 7.458795667513297145e-01
1.598092700000000033e+00 5.479106666553968941e-01 7.402098801390027960e-01 7.402098801390027960e-01
1.604135499999999936e+00 5.396369394913966833e-01 7.345998499124517522e-01 7.345998499124517522e-01
1.610174200000000111e+00 5.315031899748847710e-01 7.290426530559681595e-01 7.290426530559681595e-01
1.616217000000000015e+00 5.234951702707232313e-01 7.235296609474439755e-01 7.235296609474439755e-01
1.622259799999999919e+00 5.156049066482724097e-01 7.180563394666691357e-01 7.180563394666691357e-01
1.628298500000000093e+00 5.078173215096792870e-01 7.126130236739146584e-01 7.126130236739146584e-01
1.634341299999999997e+00 5.001221912482359810e-01 7.071931781686217056e-01 7.071931781686217056e-01
1.640379999999999949e+00 4.925064900386809663e-01 7.017880663267800356e-01 7.017880663267800356e-01
1.646422700000000017e+00 4.849589382876898780e-01 6.963899326438384163e-01 6.963899326438384163e-01
1.652461399999999969e+00 4.774674440608674963e-01 6.909901910019182747e-01 6.909901910019182747e-01
1.658504200000000095e+00 4.700196817257505377e-01 6.855798142636279069e-01 6.855798142636279069e-01
1.664546999999999999e+00 4.626084983396164807e-01 6.801532903247741180e-01 6.801532903247741180e-01
1.670585699999999951e+00 4.552388585673934340e-01 6.747139086808522368e-01 6.747139086808522368e-01
1.676628500000000077e+00 4.479165730450282434e-01 6.692656968984950216e-01 6.692656968984950216e-01
1.682667200000000030e+00 4.406475979674152610e-01 6.638129239231601586e-01 6.638129239231601586e-01
1.688709999999999933e+00 4.334397237460822505e-01 6.583613929644434037e-01 6.583613929644434037e-01
1.694748700000000108e+00 4.262988611090207658e-01 6.529156615589954971e-01 6.529156615589954971e-01
1.700791399999999953e+00 4.192307592894008450e-01 6.474803157543871368e-01 6.474803157543871368e-01
1.706830099999999906e+00 4.122423330446171597e-01 6.420610041457253114e-01 6.420610041457253114e-01
1.712872900000000032e+00 4.053403309212095795e-01 6.366634361428411548e-01 6.366634361428411548e-01
1.718915699999999935e+00 3.985316470208823403e-01 6.312936297958996468e-01 6.312936297958996468e-01
1.724954400000000110e+00 3.918211548390067023e-01 6.259561924280377943e-01 6.259561924280377943e-01
1.730997200000000014e+00 3.852156839069149075e-01 6.206574610096255995e-01 6.206574610096255995e-01
1.737035899999999966e+00 3.787221834616267269e-01 6.154040814470007614e-01 6.154040814470007614e-01
1.743078700000000092e+00 3.723475320975589975e-01 6.102028614301632237e-01 6.102028614301632237e-01
1.749117400000000044e+00 3.660977251561290391e-01 6.050601004496405366e-01 6.050601004496405366e-01
1.755160099999999890e+00 3.599786931465038808e-01 5.999822440260244027e-01 5.999822440260244027e-01
1.761202900000000016e+00 3.539923962768301013e-01 5.949726012824708699e-01 5.949726012824708699e-01
1.767241599999999968e+00 3.481398387896366131e-01 5.900337607202121859e-01 5.900337607202121859e-01
1.773284400000000094e+00 3.424189089120978635e-01 5.851657106428040933e-01 5.851657106428040933e-01
1.779323100000000046e+00 3.368306681898027288e-01 5.803711469308262538e-01 5.803711469308262538e-01
1.785365899999999950e+00 3.313760799729243423e-01 5.756527425218473937e-01 5.756527425218473937e-01
1.791404599999999903e+00 3.260531997876047750e-01 5.710106827263433660e-01 5.710106827263433660e-01
1.797447400000000028e+00 3.208640208225128632e-01 5.664486038666817214e-01 5.664486038666817214e-01
1.803486099999999981e+00 3.158055784196633353e-01 5.619658160597167385e-01 5.619658160597167385e-01
1.809528800000000048e+00 3.108778738502972483e-01 5.575642329367058725e-01 5.575642329367058725e-01
1.815571599999999952e+00 3.060769147030747428e-01 5.532421844934410915e-01 5.532421844934410915e-01
1.821610299999999905e+00 3.014017416415400996e-01 5.490006754472530615e-01 5.490006754472530615e-01
1.827653100000000030e+00 2.968472696469936500e-01 5.448369202311766912e-01 5.448369202311766912e-01
1.833691799999999983e+00 2.924115476728503804e-01 5.407509109311332551e-01 5.407509109311332551e-01
1.839734600000000109e+00 2.880914940366380850e-01 5.367415523663489063e-01 5.367415523663489063e-01
1.845773300000000061e+00 2.838851235988529287e-01 5.328087120147838585e-01 5.328087120147838585e-01
1.851816099999999965e+00 2.797893456796219924e-01 5.289511751377644622e-01 5.289511751377644622e-01
1.857858800000000032e+00 2.757990948848791368e-01 5.251657784784525829e-01 5.251657784784525829e-01
1.863897499999999985e+00 2.719133443425557073e-01 5.214531084791380611e-01 5.214531084791380611e-01
1.869940300000000111e+00 2.681259405047040634e-01 5.178087875893031544e-01 5.178087875893031544e-01
1.875979000000000063e+00 2.644348358548732070e-01 5.142322781145435284e-01 5.142322781145435284e-01
1.882021799999999967e+00 2.608358879857825552e-01 5.107209492333191214e-01 5.107209492333191214e-01
1.888060499999999919e+00 2.573260217784169579e-01 5.072731234536449474e-01 5.072731234536449474e-01
1.894103300000000045e+00 2.539010742063978476e-01 5.038859734170002547e-01 5.038859734170002547e-01
1.900146099999999949e+00 2.505569451922358692e-01 5.005566353493237086e-01 5.005566353493237086e-01
1.906184799999999901e+00 2.472915249887920885e-01 4.972841491429141336e-01 4.972841491429141336e-01
1.912227600000000027e+00 2.440996584317247087e-01 4.940644274097505950e-01 4.940644274097505950e-01
1.918266299999999980e+00 2.409792384509924501e-01 4.908963622303514907e-01 4.908963622303514907e-01
1.924309000000000047e+00 2.379251256669544790e-01 4.877756919598951191e-01 4.877756919598951191e-01
1.930347700000000000e+00 2.349342100223967000e-01 4.847001238109979182e-01 4.847001238109979182e-01
1.936390499999999903e+00 2.320033587639538097e-01 4.816672697661257829e-01 4.816672697661257829e-01
1.942429200000000078e+00 2.291295147087046291e-01 4.786747483508030365e-01 4.786747483508030365e-01
1.948471999999999982e+00 2.263075172694116732e-01 4.757178967302067574e-01 4.757178967302067574e-01
1.954514800000000108e+00 2.235353232699394399e-01 4.727952234000883380e-01 4.727952234000883380e-01
1.960553500000000060e+00 2.208098722916690682e-01 4.699041096773564630e-01 4.699041096773564630e-01
1.966596299999999964e+00 2.181290684273380076e-01 4.670428978448746271e-01 4.670428978448746271e-01
1.972634999999999916e+00 2.154919093434908284e-01 4.642110612032966377e-01 4.642110612032966377e-01
1.978677699999999984e+00 2.128973595967121601e-01 4.614080185656856958e-01 4.614080185656856958e-01
1.984716399999999936e+00 2.103423945321740707e-01 4.586310004046543765e-01 4.586310004046543765e-01
1.990759200000000062e+00 2.078260007115856345e-01 4.558793707896702241e-01 4.558793707896702241e-01
1.996801999999999966e+00 2.053482032636604893e-01 4.531536199388243591e-01 4.531536199388243591e-01
2.002840700000000140e+00 2.029050088477858116e-01 4.504497850457759855e-01 4.504497850457759855e-01
2.008883500000000044e+00 2.004964153077942179e-01 4.477682607195313524e-01 4.477682607195313524e-01
2.014922199999999997e+00 1.981194688217587097e-01 4.451061320873468952e-01 4.451061320873468952e-01
2.020964999999999900e+00 1.957751824365957793e-01 4.424648940160064159e-01 4.424648940160064159e-01
2.027003699999999853e+00 1.934596003537244202e-01 4.398404260112119823e-01 4.398404260112119823e-01
2.033046399999999920e+00 1.911727413596638336e-01 4.372330515407816809e-01 4.372330515407816809e-01
2.039085099999999873e+00 1.889126381474313110e-01 4.346408150961335037e-01 4.346408150961335037e-01
2.045127900000000221e+00 1.866793038854076547e-01 4.320640043852387868e-01 4.320640043852387868e-01
2.051170700000000124e+00 1.844707623094803406e-01 4.295005964017749034e-01 4.295005964017749034e-01
2.057209400000000077e+00 1.822860450020263590e-01 4.269496984447071486e-01 4.269496984447071486e-01
2.063252199999999981e+00 1.801241300728319283e-01 4.244103321937767181e-01 4.244103321937767181e-01
2.069290899999999933e+00 1.779840301530845048e-01 4.218815356863636068e-01 4.218815356863636068e-01
2.075333699999999837e+00 1.758657225757310760e-01 4.193634731062435561e-01 4.193634731062435561e-01
2.081372399999999789e+00 1.737692156807706390e-01 4.168563489750043982e-01 4.168563489750043982e-01
2.087415099999999857e+00 1.716944498772114691e-01 4.143602899376477300e-01 4.143602899376477300e-01
2.093457900000000205e+00 1.696404128312520021e-01 4.118742682315223447e-01 4.118742682315223447e-01
2.099496600000000157e+00 1.676080548992155417e-01 4.093996273804063057e-01 4.093996273804063057e-01
2.105539400000000061e+00 1.655963315347754872e-01 4.069352915818134075e-01 4.069352915818134075e-01
2.111578100000000013e+00 1.636061980802781812e-01 4.044826301341977182e-01 4.044826301341977182e-01
2.117620899999999917e+00 1.616365736347870341e-01 4.020405124297637411e-01 4.020405124297637411e-01
2.123659599999999870e+00 1.596874335556188740e-01 3.996091009419315832e-01 3.996091009419315832e-01
2.129702400000000218e+00 1.577587026929875291e-01 3.971884976846478676e-01 3.971884976846478676e-01
2.135741100000000170e+00 1.558503286455460157e-01 3.947788351033348353e-01 3.947788351033348353e-01
2.141783799999999793e+00 1.539632784219462092e-01 3.923815469946901335e-01 3.923815469946901335e-01
2.147826600000000141e+00 1.520964883164301895e-01 3.899954978155903973e-01 3.899954978155903973e-01
2.153865300000000094e+00 1.502519565535117285e-01 3.876234726555033427e-01 3.876234726555033427e-01
2.159908099999999997e+00 1.484276140609880335e-01 3.852630452833337160e-01 3.852630452833337160e-01
2.165946799999999950e+00 1.466244638018299462e-01 3.829157398199112272e-01 3.829157398199112272e-01
2.171989599999999854e+00 1.448424827422219729e-01 3.805817687990610820e-01 3.805817687990610820e-01
2.178028299999999806e+00 1.430826695970271456e-01 3.782626991880472800e-01 3.782626991880472800e-01
2.184071100000000154e+00 1.413440320108769188e-01 3.759574869727652091e-01 3.759574869727652091e-01
2.190113800000000222e+00 1.396265636612943339e-01 3.736663801592194911e-01 3.736663801592194911e-01
2.196152600000000010e+00 1.379303039332388514e-01 3.713896928204104553e-01 3.713896928204104553e-01
2.202195300000000078e+00 1.362562377610928299e-01 3.691290258989298745e-01 3.691290258989298745e-01
2.208234000000000030e+00 1.346034230915412466e-01 3.668833916812551110e-01 3.668833916812551110e-01
2.214276799999999934e+00 1.329728704649275062e-01 3.646544535103438123e-01 3.646544535103438123e-01
2.220315499999999886e+00 1.313625967590341670e-01 3.624397836317561072e-01 3.624397836317561072e-01
2.226358299999999790e+00 1.297746377663030193e-01 3.602424707975213636e-01 3.602424707975213636e-01
2.232401100000000138e+00 1.282090126249522399e-01 3.580628612757154605e-01 3.580628612757154605e-01
2.238439800000000091e+00 1.266647532636327456e-01 3.558999202916920401e-01 3.558999202916920401e-01
2.244482599999999994e+00 1.251418695138466486e-01 3.537539674884885854e-01 3.537539674884885854e-01
2.250521299999999947e+00 1.236413881920029878e-01 3.516267739976621787e-01 3.516267739976621787e-01
2.256564000000000014e+00 1.221633006322301179e-01 3.495186699337105574e-01 3.495186699337105574e-01
2.262602699999999967e+00 1.207076287823285327e-01 3.474300343699843752e-01 3.474300343699843752e-01
2.268645499999999871e+00 1.192743544457825627e-01 3.453611941805022068e-01 3.453611941805022068e-01
2.274684199999999823e+00 1.178634989634679275e-01 3.433125383138051490e-01 3.433125383138051490e-01
2.280727000000000171e+00 1.164760187949820669e-01 3.412858315180723467e-01 3.412858315180723467e-01
2.286769800000000075e+00 1.151099246756427386e-01 3.392785355362799016e-01 3.392785355362799016e-01
2.292808500000000027e+00 1.137681924715423926e-01 3.372954083167192807e-01 3.372954083167192807e-01
2.298851299999999931e+00 1.124487867461151092e-01 3.353338437231099256e-01 3.353338437231099256e-01
2.304889999999999883e+00 1.111516991417800387e-01 3.333942098204167315e-01 3.333942098204167315e-01
2.310932699999999951e+00 1.098768988499922161e-01 3.314768451189196163e-01 3.314768451189196163e-01
2.316971399999999903e+00 1.086243546148614875e-01 3.295820908588048548e-01 3.295820908588048548e-01
2.323014199999999807e+00 1.073930416551875378e-01 3.277087756761901671e-01 3.277087756761901671e-01
2.329057000000000155e+00 1.061829270937214159e-01 3.258572188761841848e-01 3.258572188761841848e-01
2.335095700000000107e+00 1.049929856579259607e-01 3.240262113748298978e-01 3.240262113748298978e-01
2.341138500000000011e+00 1.038222073479171809e-01 3.222145362144873681e-01 3.222145362144873681e-01
2.347177199999999964e+00 1.026725545358078973e-01 3.204255834601973385e-01 3.204255834601973385e-01
2.353219999999999867e+00 1.015410155127107888e-01 3.186550101798350521e-01 3.186550101798350521e-01
2.359258699999999820e+00 1.004285851363273113e-01 3.169046940900802078e-01 3.169046940900802078e-01
2.365301399999999887e+00 9.933523580718907342e-02 3.151749289001095078e-01 3.151749289001095078e-01
2.371340099999999840e+00 9.825896842119502539e-02 3.134628660961215618e-01 3.134628660961215618e-01
2.377382900000000188e+00 9.719977111469353670e-02 3.117687782872004543e-01 3.117687782872004543e-01
2.383425700000000091e+00 9.615845070417482210e-02 3.100942609984499998e-01 3.100942609984499998e-01
2.389464400000000044e+00 9.513320417164075615e-02 3.084367101556504953e-01 3.084367101556504953e-01
2.395507199999999948e+00 9.412463517590939632e-02 3.067973845649754061e-01 3.067973845649754061e-01
2.401545899999999900e+00 9.313155211659165933e-02 3.051746256106356858e-01 3.051746256106356858e-01
2.407588699999999804e+00 9.215415944174373819e-02 3.035690357097438619e-01 3.035690357097438619e-01
2.413627400000000200e+00 9.119146967752551902e-02 3.019792537203930261e-01 3.019792537203930261e-01
2.419670099999999824e+00 9.024329060164873462e-02 3.004052106765938701e-01 3.004052106765938701e-01
2.425712900000000172e+00 8.930943549752586030e-02 2.988468428769590624e-01 2.988468428769590624e-01
2.431751600000000124e+00 8.838931762124345448e-02 2.973034100397159429e-01 2.973034100397159429e-01
2.437794400000000028e+00 8.748314652775660005e-02 2.957755002155462720e-01 2.957755002155462720e-01
2.443833099999999980e+00 8.659033462381925117e-02 2.942623567903636106e-01 2.942623567903636106e-01
2.449875899999999884e+00 8.571149102273743769e-02 2.927652490012047637e-01 2.927652490012047637e-01
2.455914599999999837e+00 8.484562620046499914e-02 2.912827255442124730e-01 2.912827255442124730e-01
2.461957400000000185e+00 8.399274358738134660e-02 2.898150161523404544e-01 2.898150161523404544e-01
2.468000099999999808e+00 8.315325095964597180e-02 2.883630540822557653e-01 2.883630540822557653e-01
2.474038800000000204e+00 8.232695469356313134e-02 2.869267409872476859e-01 2.869267409872476859e-01
2.480081600000000108e+00 8.151344807217116017e-02 2.855056007719833921e-01 2.855056007719833921e-01
2.486120300000000061e+00 8.071253556872920454e-02 2.840995170160083294e-01 2.840995170160083294e-01
2.492163099999999964e+00 7.992440868913147645e-02 2.827090530724679085e-01 2.827090530724679085e-01
2.498201799999999917e+00 7.914866329477733553e-02 2.813337222850779140e-01 2.813337222850779140e-01
2.504244599999999821e+00 7.838528918880935392e-02 2.799737294619074612e-01 2.799737294619074612e-01
2.510283300000000217e+00 7.763467890387165671e-02 2.786300035959366483e-01 2.786300035959366483e-01
2.516326100000000121e+00 7.689621623629917802e-02 2.773016700928777056e-01 2.773016700928777056e-01
2.522368900000000025e+00 7.617049170634908328e-02 2.759900210267557386e-01 2.759900210267557386e-01
2.528407599999999977e+00 7.545708994461400310e-02 2.746945393425468396e-01 2.746945393425468396e-01
2.534450300000000045e+00 7.475599370903561469e-02 2.734154233195991712e-01 2.734154233195991712e-01
2.540488999999999997e+00 7.406739146521723605e-02 2.721532499626216905e-01 2.721532499626216905e-01
2.546531799999999901e+00 7.339086318950512056e-02 2.709074808666329659e-01 2.709074808666329659e-01
2.552570499999999853e+00 7.272700030042193731e-02 2.696794398919241664e-01 2.696794398919241664e-01
2.558613300000000201e+00 7.207518417255050214e-02 2.684682181796394507e-01 2.684682181796394507e-01
2.564656100000000105e+00 7.143560681175571692e-02 2.672744035850715405e-01 2.672744035850715405e-01
2.570694800000000058e+00 7.080825758534749215e-02 2.660982104136506710e-01 2.660982104136506710e-01
2.576737599999999961e+00 7.019252741171186361e-02 2.649387238810360645e-01 2.649387238810360645e-01
2.582776299999999914e+00 6.958861169425815951e-02 2.637965346517238685e-01 2.637965346517238685e-01
2.588818999999999981e+00 6.899570462417427275e-02 2.626703344958739028e-01 2.626703344958739028e-01
2.594857699999999934e+00 6.841360760399244068e-02 2.615599503058380071e-01 2.615599503058380071e-01
2.600900499999999838e+00 6.784212005967941994e-02 2.604651993255133746e-01 2.604651993255133746e-01
2.606939199999999790e+00 6.728144808364081020e-02 2.593866767658678518e-01 2.593866767658678518e-01
2.612982000000000138e+00 6.673059440474053694e-02 2.583226556164606724e-01 2.583226556164606724e-01
2.619024800000000042e+00 6.618936680264889127e-02 2.572729422279942946e-01 2.572729422279942946e-01
2.625063499999999994e+00 6.565817774476841173e-02 2.562385172934943944e-01 2.562385172934943944e-01
2.631106299999999898e+00 6.513623336496143779e-02 2.552180114430825930e-01 2.552180114430825930e-01
2.637144999999999850e+00 6.462314390233978023e-02 2.542108256985523562e-01 2.542108256985523562e-01
2.643187699999999918e+00 6.411912127886693069e-02 2.532175374630811771e-01 2.532175374630811771e-01
2.649226399999999870e+00 6.362357375881801114e-02 2.522371379452637563e-01 2.522371379452637563e-01
2.655269200000000218e+00 6.313651063722088008e-02 2.512697965080978313e-01 2.512697965080978313e-01
2.661312000000000122e+00 6.265733903518583281e-02 2.503144802746853359e-01 2.503144802746853359e-01
2.667350700000000074e+00 6.218586618733702026e-02 2.493709409440823810e-01 2.493709409440823810e-01
2.673393499999999978e+00 6.172249676141355890e-02 2.484401271159986380e-01 2.484401271159986380e-01
2.679432199999999931e+00 6.126603199345104916e-02 2.475197608140631833e-01 2.475197608140631833e-01
2.685474999999999834e+00 6.081667019792090512e-02 2.466103610919883893e-01 2.466103610919883893e-01
2.691513699999999787e+00 6.037441352667411582e-02 2.457120540931480579e-01 2.457120540931480579e-01
2.697556399999999854e+00 5.993865466652212315e-02 2.448237216172528541e-01 2.448237216172528541e-01
2.703599200000000202e+00 5.950918842917328477e-02 2.439450520694635416e-01 2.439450520694635416e-01
2.709637900000000155e+00 5.908580773506687256e-02 2.430757242816873054e-01 2.430757242816873054e-01
2.715680700000000058e+00 5.866830215887870043e-02 2.422154044623890112e-01 2.422154044623890112e-01
2.721719400000000011e+00 5.825686331948840696e-02 2.413645858851053705e-01 2.413645858851053705e-01
2.727762199999999915e+00 5.785107862795144801e-02 2.405225116864353752e-01 2.405225116864353752e-01
2.733800899999999867e+00 5.745033693050502488e-02 2.396879991374308017e-01 2.396879991374308017e-01
2.739843700000000215e+00 5.705522621258228566e-02 2.388623582998842532e-01 2.388623582998842532e-01
2.745882400000000167e+00 5.666533803056914703e-02 2.380448235744040408e-01 2.380448235744040408e-01
2.751925099999999791e+00 5.628045906970960410e-02 2.372350291793132449e-01 2.372350291793132449e-01
2.757967900000000139e+00 5.589998082939737212e-02 2.364317678092294206e-01 2.364317678092294206e-01
2.764006600000000091e+00 5.552469774353387816e-02 2.356367919989021675e-01 2.356367919989021675e-01
2.770049399999999995e+00 5.515400068655672977e-02 2.348488890468863333e-01 2.348488890468863333e-01
2.776088099999999947e+00 5.478768809673385115e-02 2.340676998151044463e-01 2.340676998151044463e-01
2.782130899999999851e+00 5.442555397150735524e-02 2.332928502365800294e-01 2.332928502365800294e-01
2.788169599999999804e+00 5.406739939412619211e-02 2.325239759554403318e-01 2.325239759554403318e-01
2.794212400000000152e+00 5.371342345919621203e-02 2.317615659663961880e-01 2.317615659663961880e-01
2.800255100000000219e+00 5.336322966151463287e-02 2.310048260567614808e-01 2.310048260567614808e-01
2.806293900000000008e+00 5.301722329047091342e-02 2.302546922224841808e-01 2.302546922224841808e-01
2.812336600000000075e+00 5.267420625447639254e-02 2.295086191289477384e-01 2.295086191289477384e-01
2.818375300000000028e+00 5.233498635634356577e-02 2.287684120597587301e-01 2.287684120597587301e-01
2.824418099999999932e+00 5.199896806733691340e-02 2.280328223465580562e-01 2.280328223465580562e-01
2.830456799999999884e+00 5.166616204855322553e-02 2.273019182685294126e-01 2.273019182685294126e-01
2.836499599999999788e+00 5.133617163526734556e-02 2.265748698229071989e-01 2.265748698229071989e-01
2.842538300000000184e+00 5.100960641730108852e-02 2.258530637766534566e-01 2.258530637766534566e-01
2.848581100000000088e+00 5.068527101331109230e-02 2.251338957449790512e-01 2.251338957449790512e-01
2.854623899999999992e+00 5.036377233423004057e-02 2.244187432774500668e-01 2.244187432774500668e-01
2.860662599999999944e+00 5.004451659834216470e-02 2.237063177434695516e-01 2.237063177434695516e-01
2.866705300000000012e+00 4.972810798788990932e-02 2.229979999638783961e-01 2.229979999638783961e-01
2.872743999999999964e+00 4.941334844239431839e-02 2.222911344214931195e-01 2.222911344214931195e-01
2.878786799999999868e+00 4.910104037067781341e-02 2.215875456127392729e-01 2.215875456127392729e-01
2.884825499999999820e+00 4.879058626789937320e-02 2.208859123346244013e-01 2.208859123346244013e-01
2.890868300000000168e+00 4.848158361624615303e-02 2.201853392400278664e-01 2.201853392400278664e-01
2.896911100000000072e+00 4.817463380787621874e-02 2.194872064788201127e-01 2.194872064788201127e-01
2.902949800000000025e+00 4.786873283415347263e-02 2.187892429580427789e-01 2.187892429580427789e-01
2.908992599999999928e+00 4.756407813265094847e-02 2.180919029506848683e-01 2.180919029506848683e-01
2.915031299999999881e+00 4.726066574371704659e-02 2.173951833498549424e-01 2.173951833498549424e-01
2.921073999999999948e+00 4.695808989389511218e-02 2.166981538774502558e-01 2.166981538774502558e-01
2.927112699999999901e+00 4.665654658215676043e-02 2.160012652327683857e-01 2.160012652327683857e-01
2.933155499999999805e+00 4.635563023558150059e-02 2.153035769224039275e-01 2.153035769224039275e-01
2.939198300000000152e+00 4.605513539574730003e-02 2.146046024570472666e-01 2.146046024570472666e-01
2.945237000000000105e+00 4.575505478852658070e-02 2.139043122251783335e-01 2.139043122251783335e-01
2.951279800000000009e+00 4.545518408081322681e-02 2.132022140617053363e-01 2.132022140617053363e-01
2.957318499999999961e+00 4.515591924478559033e-02 2.124992217510115744e-01 2.124992217510115744e-01
2.963361299999999865e+00 4.485685240532207019e-02 2.117943634880826431e-01 2.117943634880826431e-01
2.969399999999999817e+00 4.455778176070993718e-02 2.110871425755485031e-01 2.110871425755485031e-01
2.975442699999999885e+00 4.425910267915616342e-02 2.103784748474904209e-01 2.103784748474904209e-01
2.981481399999999837e+00 4.396041354775388071e-02 2.096673878974836813e-01 2.096673878974836813e-01
2.987524200000000185e+00 4.366211128133695718e-02 2.089548067916528196e-01 2.089548067916528196e-01
2.993567000000000089e+00 4.336319394643018549e-02 2.082383104676711061e-01 2.082383104676711061e-01
2.999605700000000041e+00 4.306446276456808026e-02 2.075197888505288524e-01 2.075197888505288524e-01
3.005648499999999945e+00 4.276591874271210708e-02 2.067992232642862360e-01 2.067992232642862360e-01
3.011687199999999898e+00 4.246676231099508897e-02 2.060746522767782918e-01 2.060746522767782918e-01
3.017729999999999801e+00 4.216739558791966769e-02 2.053470126101659965e-01 2.053470126101659965e-01
3.023768700000000198e+00 4.186842320870894779e-02 2.046177490070422711e-01 2.046177490070422711e-01
3.029811399999999821e+00 4.156864774200001028e-02 2.038839075111128218e-01 2.038839075111128218e-01
3.035854200000000169e+00 4.126867352083781609e-02 2.031469259448387965e-01 2.031469259448387965e-01
3.041892900000000122e+00 4.096910622951704939e-02 2.024082662084655260e-01 2.024082662084655260e-01
3.047935700000000026e+00 4.066894871372822573e-02 2.016654375785008613e-01 2.016654375785008613e-01
3.053974399999999978e+00 4.036940891552917576e-02 2.009213998446386928e-01 2.009213998446386928e-01
3.060017199999999882e+00 4.006908819593488907e-02 2.001726459732570129e-01 2.001726459732570129e-01
3.066055899999999834e+00 3.976919299817045783e-02 1.994221477122600228e-01 1.994221477122600228e-01
3.072098700000000182e+00 3.946952626356447363e-02 1.986693893471374039e-01 1.986693893471374039e-01
3.078137400000000135e+00 3.916989283030267860e-02 1.979138520425053061e-01 1.979138520425053061e-01
3.084180100000000202e+00 3.887069402739357082e-02 1.971565216456041270e-01 1.971565216456041270e-01
3.090222900000000106e+00 3.857153157220327699e-02 1.963963634393551538e-01 1.963963634393551538e-01
3.096261600000000058e+00 3.827280703147119961e-02 1.956343707825166367e-01 1.956343707825166367e-01
3.102304399999999962e+00 3.797472100237554021e-02 1.948710368484130040e-01 1.948710368484130040e-01
3.108343099999999914e+00 3.767687162104172566e-02 1.941053106461585742e-01 1.941053106461585742e-01
3.114385899999999818e+00 3.737985711059409882e-02 1.933387108434161950e-01 1.933387108434161950e-01
3.120424600000000215e+00 3.708347495118147902e-02 1.925707011753903242e-01 1.925707011753903242e-01
3.126467400000000119e+00 3.678772225842846799e-02 1.918012571867777627e-01 1.918012571867777627e-01
3.132510200000000022e+00 3.649279427404945875e-02 1.910308725678900865e-01 1.910308725678900865e-01
3.138548899999999975e+00 3.619888668716957081e-02 1.902600501607459582e-01 1.902600501607459582e-01
3.144591600000000042e+00 3.590559388021676707e-02 1.894877143252743090e-01 1.894877143252743090e-01
3.150630299999999995e+00 3.561411312919277039e-02 1.887170186527774851e-01 1.887170186527774851e-01
3.156673099999999899e+00 3.532303682209206319e-02 1.879442385977608543e-01 1.879442385977608543e-01
3.162711799999999851e+00 3.503356148465196912e-02 1.871725446871201071e-01 1.871725446871201071e-01
3.168754600000000199e+00 3.474528204824597899e-02 1.864008638613189883e-01 1.864008638613189883e-01
3.174797400000000103e+00 3.445839594001501999e-02 1.856297280610382794e-01 1.856297280610382794e-01
3.180836100000000055e+00 3.417309830096279533e-02 1.848596719161937629e-01 1.848596719161937629e-01
3.186878899999999959e+00 3.388938843169942566e-02 1.840907070758853459e-01 1.840907070758853459e-01
3.192917599999999911e+00 3.360726513763846041e-02 1.833228440147011695e-01 1.833228440147011695e-01
3.198960299999999979e+00 3.332652528299489408e-02 1.825555402692421447e-01 1.825555402692421447e-01
3.204998999999999931e+00 3.304737171196799050e-02 1.817893608327175725e-01 1.817893608327175725e-01
3.211041799999999835e+00 3.277000436830008329e-02 1.810248722366627760e-01 1.810248722366627760e-01
3.217080499999999788e+00 3.249382515119417225e-02 1.802604370104382292e-01 1.802604370104382292e-01
3.223123300000000135e+00 3.221943780957781112e-02 1.794977376168786498e-01 1.794977376168786498e-01
3.229166100000000039e+00 3.194664366548116002e-02 1.787362404927471948e-01 1.787362404927471948e-01
3.235204799999999992e+00 3.167524851795820717e-02 1.779754154875279604e-01 1.779754154875279604e-01
3.241247599999999895e+00 3.140585534908713061e-02 1.772169725198101120e-01 1.772169725198101120e-01
3.247286299999999848e+00 3.113766911664203954e-02 1.764586895469929528e-01 1.764586895469929528e-01
3.253328999999999915e+00 3.087089156018658215e-02 1.757011427401272696e-01 1.757011427401272696e-01
3.259367699999999868e+00 3.060632961393168483e-02 1.749466479071024871e-01 1.749466479071024871e-01
3.265410500000000216e+00 3.034258425395349248e-02 1.741912289811214654e-01 1.741912289811214654e-01
3.271453300000000119e+00 3.008105980698491319e-02 1.734389224107002747e-01 1.734389224107002747e-01
3.277492000000000072e+00 2.982075917958421085e-02 1.726868818977985165e-01 1.726868818977985165e-01
3.283534799999999976e+00 2.956228220928710723e-02 1.719368552966091257e-01 1.719368552966091257e-01
3.289573499999999928e+00 2.930563236290554402e-02 1.711888792033686435e-01 1.711888792033686435e-01
3.295616299999999832e+00 2.905000810513858750e-02 1.704406292676091672e-01 1.704406292676091672e-01
3.301654999999999784e+00 2.879641011363896427e-02 1.696950503510310515e-01 1.696950503510310515e-01
3.307697699999999852e+00 2.854403652863707341e-02 1.689498047605769715e-01 1.689498047605769715e-01
3.313736399999999804e+00 2.829348736792572372e-02 1.682066805092048700e-01 1.682066805092048700e-01
3.319779200000000152e+00 2.804455908274445727e-02 1.674650981032897445e-01 1.674650981032897445e-01
3.325822000000000056e+00 2.779704902250444698e-02 1.667244703770398850e-01 1.667244703770398850e-01
3.331860700000000008e+00 2.755155469396064136e-02 1.659866099839401032e-01 1.659866099839401032e-01
3.337903499999999912e+00 2.730707208200090080e-02 1.652485161264720670e-01 1.652485161264720670e-01
3.343942199999999865e+00 2.706459871445103874e-02 1.645132174460491037e-01 1.645132174460491037e-01
3.349985000000000213e+00 2.682333166125237811e-02 1.637783003369261414e-01 1.637783003369261414e-01
3.356023700000000165e+00 2.658386731789539464e-02 1.630455988915229526e-01 1.630455988915229526e-01
3.362066399999999788e+00 2.634600252532480133e-02 1.623145172968973871e-01 1.623145172968973871e-01
3.368109200000000136e+00 2.610933451071568642e-02 1.615838312168506874e-01 1.615838312168506874e-01
3.374147900000000089e+00 2.587486181650625050e-02 1.608566498983061976e-01 1.608566498983061976e-01
3.380190699999999993e+00 2.564118266535427709e-02 1.601286441126454907e-01 1.601286441126454907e-01
3.386229399999999945e+00 2.540949474063092239e-02 1.594035593725275646e-01 1.594035593725275646e-01
3.392272199999999849e+00 2.517879849235533929e-02 1.586782861400870548e-01 1.586782861400870548e-01
3.398310899999999801e+00 2.494989337159158813e-02 1.579553524626234051e-01 1.579553524626234051e-01
3.404353700000000149e+00 2.472237916011263067e-02 1.572335179283114170e-01 1.572335179283114170e-01
3.410392400000000102e+00 2.449605664671070451e-02 1.565121613380593135e-01 1.565121613380593135e-01
3.416435200000000005e+00 2.427132792932145192e-02 1.557925798275432983e-01 1.557925798275432983e-01
3.422477900000000073e+00 2.404759220294468494e-02 1.550728609491186516e-01 1.550728609491186516e-01
3.428516600000000025e+00 2.382565379150424628e-02 1.543556082282216413e-01 1.543556082282216413e-01
3.434559399999999929e+00 2.360471288849493726e-02 1.536382533371651593e-01 1.536382533371651593e-01
3.440598099999999882e+00 2.338497196069619366e-02 1.529214568355147241e-01 1.529214568355147241e-01
3.446640899999999785e+00 2.316643287104482724e-02 1.522052327321397613e-01 1.522052327321397613e-01
3.452679600000000182e+00 2.294949825893343245e-02 1.514909180740992012e-01 1.514909180740992012e-01
3.458722400000000086e+00 2.273336948025933210e-02 1.507758915750768425e-01 1.507758915750768425e-01
3.464765199999999989e+00 2.251905016276171262e-02 1.500634871071631349e-01 1.500634871071631349e-01
3.470803899999999942e+00 2.230553966191509141e-02 1.493503922389060601e-01 1.493503922389060601e-01
3.476846600000000009e+00 2.209304137421270672e-02 1.486372812393065290e-01 1.486372812393065290e-01
3.482885299999999962e+00 2.188215611216588752e-02 1.479261846738632313e-01 1.479261846738632313e-01
3.488928099999999866e+00 2.167228431382178799e-02 1.472150954006476442e-01 1.472150954006476442e-01
3.494966799999999818e+00 2.146362694855575431e-02 1.465046994077519593e-01 1.465046994077519593e-01
3.501009600000000166e+00 2.125678443170389564e-02 1.457970659228226551e-01 1.457970659228226551e-01
3.507052400000000070e+00 2.105055627179881414e-02 1.450880983120214907e-01 1.450880983120214907e-01
3.513091100000000022e+00 2.084594368211617477e-02 1.443812442186178657e-01 1.443812442186178657e-01
3.519133899999999926e+00 2.064214348333812815e-02 1.436737397137630434e-01 1.436737397137630434e-01
3.525172599999999878e+00 2.043955705452151980e-02 1.429669788955530707e-01 1.429669788955530707e-01
3.531215299999999946e+00 2.023898244682237335e-02 1.422637777047354168e-01 1.422637777047354168e-01
3.537253999999999898e+00 2.003881759333350082e-02 1.415585306272055810e-01 1.415585306272055810e-01
3.543296799999999802e+00 1.984006126321350219e-02 1.408547523628986553e-01 1.408547523628986553e-01
3.549335500000000199e+00 1.964251170835032770e-02 1.401517452918454587e-01 1.401517452918454587e-01
3.555378300000000102e+00 1.944636713461810745e-02 1.394502317481692288e-01 1.394502317481692288e-01
3.561421100000000006e+00 1.925102547384964155e-02 1.387480647571332493e-01 1.387480647571332493e-01
3.567459799999999959e+00 1.905708622701913352e-02 1.380474057236105168e-01 1.380474057236105168e-01
3.573502599999999862e+00 1.886454562149469938e-02 1.373482639915579728e-01 1.373482639915579728e-01
3.579541299999999815e+00 1.867300398375969575e-02 1.366492004504954727e-01 1.366492004504954727e-01
3.585583999999999882e+00 1.848305814109559714e-02 1.359524113103390275e-01 1.359524113103390275e-01
3.591622699999999835e+00 1.829450894793245574e-02 1.352571955495620037e-01 1.352571955495620037e-01
3.597665500000000183e+00 1.810675420753152590e-02 1.345613399440252489e-01 1.345613399440252489e-01
3.603708300000000087e+00 1.792079383423212172e-02 1.338685692544449302e-01 1.338685692544449302e-01
3.609747000000000039e+00 1.773622747339280090e-02 1.331774285432512916e-01 1.331774285432512916e-01
3.615789799999999943e+00 1.755305609910358736e-02 1.324879469955798916e-01 1.324879469955798916e-01
3.621828499999999895e+00 1.737127823238313398e-02 1.318001450393099239e-01 1.318001450393099239e-01
3.627871299999999799e+00 1.719069536463242384e-02 1.311132920974545091e-01 1.311132920974545091e-01
3.633910000000000196e+00 1.701210993102228800e-02 1.304304793022792175e-01 1.304304793022792175e-01
3.639952699999999819e+00 1.683512082708570057e-02 1.297502247669949094e-01 1.297502247669949094e-01
3.645991400000000215e+00 1.665913136346262868e-02 1.290702574703507244e-01 1.290702574703507244e-01
3.652034200000000119e+00 1.648534237854728385e-02 1.283952583958896942e-01 1.283952583958896942e-01
3.658077000000000023e+00 1.631295524677902481e-02 1.277221799327705742e-01 1.277221799327705742e-01
3.664115699999999975e+00 1.614197167179693901e-02 1.270510593100149521e-01 1.270510593100149521e-01
3.670158499999999879e+00 1.597279322091686368e-02 1.263835164130072131e-01 1.263835164130072131e-01
3.676197199999999832e+00 1.580562158315064816e-02 1.257204103682081076e-01 1.257204103682081076e-01
3.682240000000000180e+00 1.563985771480991965e-02 1.250594167378447363e-01 1.250594167378447363e-01
3.688278700000000132e+00 1.547590399838571183e-02 1.244021864694737217e-01 1.244021864694737217e-01
3.694321400000000200e+00 1.531335903333263561e-02 1.237471576777932902e-01 1.237471576777932902e-01
3.700364200000000103e+00 1.515322579688724476e-02 1.230984394575627555e-01 1.230984394575627555e-01
3.706402900000000056e+00 1.499450328475624393e-02 1.224520448369738057e-01 1.224520448369738057e-01
3.712445699999999960e+00 1.483799064486991323e-02 1.218112911222515304e-01 1.218112911222515304e-01
3.718484399999999912e+00 1.468308943785237748e-02 1.211737984790952072e-01 1.211737984790952072e-01
3.724527199999999816e+00 1.452999805319384052e-02 1.205404415671099128e-01 1.205404415671099128e-01
3.730565900000000212e+00 1.437891573390420556e-02 1.199121167101315361e-01 1.199121167101315361e-01
3.736608700000000116e+00 1.422924115492190701e-02 1.192863829400569453e-01 1.192863829400569453e-01
3.742651500000000020e+00 1.408217342997462526e-02 1.186683337288201162e-01 1.186683337288201162e-01
3.748690199999999972e+00 1.393651178393314968e-02 1.180530041292179450e-01 1.180530041292179450e-01
3.754732900000000040e+00 1.379325301676473034e-02 1.174446806661107595e-01 1.174446806661107595e-01
3.760771599999999992e+00 1.365179644840291452e-02 1.168409022919752877e-01 1.168409022919752877e-01
3.766814399999999896e+00 1.351214159233904422e-02 1.162417377379529881e-01 1.162417377379529881e-01
3.772853099999999849e+00 1.337468619468069886e-02 1.156489783555423312e-01 1.156489783555423312e-01
3.778895900000000196e+00 1.323882780807685358e-02 1.150601051975742584e-01 1.150601051975742584e-01
3.784934600000000149e+00 1.310476743896900505e-02 1.144760561819326700e-01 1.144760561819326700e-01
3.790977400000000053e+00 1.297270326536488841e-02 1.138977755066572367e-01 1.138977755066572367e-01
3.797020199999999956e+00 1.284243461173045255e-02 1.133244660774117701e-01 1.133244660774117701e-01
3.803058899999999909e+00 1.271436124649486660e-02 1.127579764207165408e-01 1.127579764207165408e-01
3.809101599999999976e+00 1.258788283020328795e-02 1.121957344563655340e-01 1.121957344563655340e-01
3.815140299999999929e+00 1.246339965960208129e-02 1.116395971848791746e-01 1.116395971848791746e-01
3.821183099999999833e+00 1.234071198034177898e-02 1.110887572184592331e-01 1.110887572184592331e-01
3.827221799999999785e+00 1.221982042908511222e-02 1.105432966266390732e-01 1.105432966266390732e-01
3.833264600000000133e+00 1.210072668309394341e-02 1.100033030553807661e-01 1.100033030553807661e-01
3.839307400000000037e+00 1.198342966772376894e-02 1.094688525002604079e-01 1.094688525002604079e-01
3.845346099999999989e+00 1.186813247311113532e-02 1.089409586570227323e-01 1.089409586570227323e-01
3.851388899999999893e+00 1.175423390486678328e-02 1.084169447312862827e-01 1.084169447312862827e-01
3.857427599999999845e+00 1.164273738117805462e-02 1.079015170476210483e-01 1.079015170476210483e-01
3.863470299999999913e+00 1.153284265105236281e-02 1.073910734235036940e-01 1.073910734235036940e-01
3.869508999999999865e+00 1.142434973768449886e-02 1.068847497900635851e-01 1.068847497900635851e-01
3.875551800000000213e+00 1.131806164691680043e-02 1.063863790478687260e-01 1.063863790478687260e-01
3.881590500000000166e+00 1.121317803358975497e-02 1.058922944958213402e-01 1.058922944958213402e-01
3.887633300000000069e+00 1.111049963527165930e-02 1.054063548144591606e-01 1.054063548144591606e-01
3.893676099999999973e+00 1.100942681441348901e-02 1.049258157672052078e-01 1.049258157672052078e-01
3.899714799999999926e+00 1.091015993806380632e-02 1.044517110346393773e-01 1.044517110346393773e-01
3.905757599999999830e+00 1.081249902653612198e-02 1.039831670345547909e-01 1.039831670345547909e-01
3.911796299999999782e+00 1.071664412493866445e-02 1.035212254802785059e-01 1.035212254802785059e-01
3.917838999999999849e+00 1.062259498096963621e-02 1.030659739243249828e-01 1.030659739243249828e-01
3.923877699999999802e+00 1.053015222974927091e-02 1.026165300024770438e-01 1.026165300024770438e-01
3.929920500000000150e+00 1.043951339825606103e-02 1.021739369812872666e-01 1.021739369812872666e-01
3.935963300000000054e+00 1.035047986534859410e-02 1.017373081290663672e-01 1.017373081290663672e-01
3.942002000000000006e+00 1.026344903885159296e-02 1.013086819520005039e-01 1.013086819520005039e-01
3.948044799999999910e+00 1.017762099973969041e-02 1.008841959859902437e-01 1.008841959859902437e-01
3.954083499999999862e+00 1.009379614961835626e-02 1.004678861607944673e-01 1.004678861607944673e-01
3.960126300000000210e+00 1.001177265516963247e-02 1.000588459616121723e-01 1.000588459616121723e-01
3.966165000000000163e+00 9.930948931221551465e-03 9.965414658317811591e-02 9.965414658317811591e-02
3.972207699999999786e+00 9.852125504705993783e-03 9.925787376679995333e-02 9.925787376679995333e-02
3.978246500000000019e+00 9.774701186246610371e-03 9.886708848877168165e-02 9.886708848877168165e-02
3.984289200000000086e+00 9.698875510741592279e-03 9.848286912322158637e-02 9.848286912322158637e-02
3.990331999999999990e+00 9.624447932992993143e-03 9.810427071740043803e-02 9.810427071740043803e-02
3.996370699999999943e+00 9.551217917223738668e-03 9.773033263641200952e-02 9.773033263641200952e-02
4.002413500000000290e+00 9.479785270268789241e-03 9.736418884923137007e-02 9.736418884923137007e-02
4.008452199999999799e+00 9.409549813600917231e-03 9.700283404932516507e-02 9.700283404932516507e-02
4.014495000000000147e+00 9.340111279995890955e-03 9.664425114819759355e-02 9.664425114819759355e-02
4.020533699999999655e+00 9.272870024113206988e-03 9.629574250252814771e-02 9.629574250252814771e-02
4.026576500000000003e+00 9.206426000588808709e-03 9.595012246260453681e-02 9.595012246260453681e-02
4.032619200000000070e+00 9.141179470348988201e-03 9.560951558474181655e-02 9.560951558474181655e-02
4.038657899999999579e+00 9.076930880164544094e-03 9.527292836983937419e-02 9.527292836983937419e-02
4.044700699999999927e+00 9.013880561085606952e-03 9.494145859994782000e-02 9.494145859994782000e-02
4.050739400000000323e+00 8.952229105332550757e-03 9.461622009641132425e-02 9.461622009641132425e-02
4.056782199999999783e+00 8.891377015897650171e-03 9.429409852105087586e-02 9.429409852105087586e-02
4.062820900000000179e+00 8.831524878572348872e-03 9.397619314790500722e-02 9.397619314790500722e-02
4.068863699999999639e+00 8.772873283865027447e-03 9.366361771715327189e-02 9.366361771715327189e-02
4.074902400000000036e+00 8.715222865387175014e-03 9.335535798971140997e-02 9.335535798971140997e-02
4.080932899999999641e+00 8.657974249527482583e-03 9.304823614409615806e-02 9.304823614409615806e-02
4.087004199999999976e+00 8.601927720554290377e-03 9.274657794524976406e-02 9.274657794524976406e-02
4.093034799999999862e+00 8.546684214313858899e-03 9.244827859032238304e-02 9.244827859032238304e-02
4.099065300000000356e+00 8.492244011271151902e-03 9.215337221866137796e-02 9.215337221866137796e-02
4.105095900000000242e+00 8.439007413993979828e-03 9.186407031039926785e-02 9.186407031039926785e-02
4.111167199999999688e+00 8.385774365321022050e-03 9.157387381410170279e-02 9.157387381410170279e-02
4.117197700000000182e+00 8.333745507813905551e-03 9.128935046221933747e-02 9.128935046221933747e-02
4.123228300000000068e+00 8.282120702202907386e-03 9.100615749608872984e-02 9.100615749608872984e-02
4.129258899999999954e+00 8.231499856787437633e-03 9.072761352966050852e-02 9.072761352966050852e-02
4.135330200000000289e+00 8.181082538745958546e-03 9.044933686183641297e-02 9.044933686183641297e-02
4.141360699999999895e+00 8.131468963587296095e-03 9.017465810075077359e-02 9.017465810075077359e-02
4.147391299999999781e+00 8.082258321215044297e-03 8.990138108624941282e-02 8.990138108624941282e-02
4.153421800000000275e+00 8.033450241288490196e-03 8.962951657399748084e-02 8.962951657399748084e-02
4.159493099999999721e+00 7.985444345518162221e-03 8.936131347243146672e-02 8.936131347243146672e-02
4.165523699999999607e+00 7.937439819080016612e-03 8.909231066191973525e-02 8.909231066191973525e-02
4.171554200000000101e+00 7.890436159874439012e-03 8.882812707625011017e-02 8.882812707625011017e-02
4.177584799999999987e+00 7.843432604424304885e-03 8.856315602113727647e-02 8.856315602113727647e-02
4.183656100000000322e+00 7.796628666134211051e-03 8.829852018088531207e-02 8.829852018088531207e-02
4.189686599999999927e+00 7.750623579930723990e-03 8.803762593306752038e-02 8.803762593306752038e-02
4.195717199999999814e+00 7.704616929239118013e-03 8.777594732749466333e-02 8.777594732749466333e-02
4.201747700000000307e+00 7.659208223936789933e-03 8.751690250424079554e-02 8.751690250424079554e-02
4.207818999999999754e+00 7.613796976763950036e-03 8.725707407863243781e-02 8.725707407863243781e-02
4.213849599999999640e+00 7.569183076306293910e-03 8.700105215631759314e-02 8.700105215631759314e-02
4.219880200000000414e+00 7.524766273921069427e-03 8.674541067930377491e-02 8.674541067930377491e-02
4.225910700000000020e+00 7.480946684823774548e-03 8.649246605817048628e-02 8.649246605817048628e-02
4.231982000000000355e+00 7.437524050911067074e-03 8.624108099340514755e-02 8.624108099340514755e-02
4.238012600000000241e+00 7.394498993098166419e-03 8.599127277287019200e-02 8.599127277287019200e-02
4.244043099999999846e+00 7.351871621654884094e-03 8.574305582176836027e-02 8.574305582176836027e-02
4.250073699999999732e+00 7.309642339020837321e-03 8.549644635317212027e-02 8.549644635317212027e-02
4.256145000000000067e+00 7.268011473927010919e-03 8.525263323749601718e-02 8.525263323749601718e-02
4.262175499999999673e+00 7.226579865186661365e-03 8.500929281664836024e-02 8.500929281664836024e-02
4.268206099999999559e+00 7.185748065882483111e-03 8.476879181563509724e-02 8.476879181563509724e-02
4.274277399999999894e+00 7.145316268774174438e-03 8.452997260601811946e-02 8.452997260601811946e-02
4.280307900000000387e+00 7.105685656563177563e-03 8.429522914473379369e-02 8.429522914473379369e-02
4.286338500000000273e+00 7.066456461424643759e-03 8.406221779982160636e-02 8.406221779982160636e-02
4.292368999999999879e+00 7.027429169437627091e-03 8.382976302863814899e-02 8.382976302863814899e-02
4.298440300000000214e+00 6.989004115719055048e-03 8.360026384957798540e-02 8.360026384957798540e-02
4.304470900000000100e+00 6.951382044521919011e-03 8.337494854284420442e-02 8.337494854284420442e-02
4.310501499999999986e+00 6.914162825912490914e-03 8.315144512221354922e-02 8.315144512221354922e-02
4.316531999999999591e+00 6.877346807292771154e-03 8.292977033184627256e-02 8.292977033184627256e-02
4.322603299999999926e+00 6.841333904381923306e-03 8.271235641898931623e-02 8.271235641898931623e-02
4.328633899999999812e+00 6.805524128089730090e-03 8.249560065900320149e-02 8.249560065900320149e-02
4.334664400000000306e+00 6.770717291320889168e-03 8.228436845064127092e-02 8.228436845064127092e-02
4.340695000000000192e+00 6.736113068436427702e-03 8.207382693914319627e-02 8.207382693914319627e-02
4.346766299999999639e+00 6.702111154737545005e-03 8.186642263307677969e-02 8.186642263307677969e-02
4.352796800000000133e+00 6.668711210116333964e-03 8.166217735351130602e-02 8.166217735351130602e-02
4.358827400000000019e+00 6.636112682369382787e-03 8.146233904307795259e-02 8.146233904307795259e-02
4.364857899999999624e+00 6.604114954974986580e-03 8.126570589722940940e-02 8.126570589722940940e-02
4.370929199999999959e+00 6.572317722713496950e-03 8.106983238365240985e-02 8.106983238365240985e-02
4.376959799999999845e+00 6.541520353328845669e-03 8.087966588289571823e-02 8.087966588289571823e-02
4.382990300000000339e+00 6.511322471056511449e-03 8.069276591526969300e-02 8.069276591526969300e-02
4.389020900000000225e+00 6.481523416438243583e-03 8.050790903034461821e-02 8.050790903034461821e-02
4.395092199999999671e+00 6.452723059183229984e-03 8.032884325809272474e-02 8.032884325809272474e-02
4.401122799999999557e+00 6.424320796020697999e-03 8.015186083941344686e-02 8.015186083941344686e-02
4.407153300000000051e+00 6.396716637926467067e-03 7.997947635441524095e-02 7.997947635441524095e-02
4.413183899999999937e+00 6.370110340068921816e-03 7.981297100139125855e-02 7.981297100139125855e-02
4.419255200000000272e+00 6.343501703051890664e-03 7.964610287422663193e-02 7.964610287422663193e-02
4.425285699999999878e+00 6.317890893833623921e-03 7.948516146950715400e-02 7.948516146950715400e-02
4.431316299999999764e+00 6.292878041841421834e-03 7.932766252601561319e-02 7.932766252601561319e-02
4.437346800000000258e+00 6.268463114787555489e-03 7.917362638396421848e-02 7.917362638396421848e-02
4.443418099999999704e+00 6.244446430208504088e-03 7.902180983885717658e-02 7.902180983885717658e-02
4.449448699999999590e+00 6.221228301075360477e-03 7.887476339790415458e-02 7.887476339790415458e-02
4.455479200000000084e+00 6.198409144149845049e-03 7.872997614727089699e-02 7.872997614727089699e-02
4.461509799999999970e+00 6.176589262550050835e-03 7.859127981239426297e-02 7.859127981239426297e-02
4.467581100000000305e+00 6.154768853598095550e-03 7.845233491489017608e-02 7.845233491489017608e-02
4.473611599999999910e+00 6.133748605743512272e-03 7.831825206006268192e-02 7.831825206006268192e-02
4.479642199999999796e+00 6.112928743020993802e-03 7.818522074548996115e-02 7.818522074548996115e-02
4.485672700000000290e+00 6.092709750324032045e-03 7.805581176519806041e-02 7.805581176519806041e-02
4.491743999999999737e+00 6.073091651174538849e-03 7.793004331562082554e-02 7.793004331562082554e-02
4.497774599999999623e+00 6.053675143683925550e-03 7.780536706220160525e-02 7.780536706220160525e-02
4.503805200000000397e+00 6.035060185455482645e-03 7.768564980390833818e-02 7.768564980390833818e-02
4.509876499999999844e+00 6.016247054011169410e-03 7.756447030703664258e-02 7.756447030703664258e-02
4.515907000000000338e+00 5.998435993857832715e-03 7.744957064992570583e-02 7.744957064992570583e-02
4.521937600000000224e+00 5.980426947757083375e-03 7.733322020811679576e-02 7.733322020811679576e-02
4.527968099999999829e+00 5.963219869086737977e-03 7.722188724116199610e-02 7.722188724116199610e-02
4.534039400000000164e+00 5.946014864664229439e-03 7.711040698027879503e-02 7.711040698027879503e-02
4.540070000000000050e+00 5.929011792473671411e-03 7.700007657446628073e-02 7.700007657446628073e-02
4.546100499999999656e+00 5.912410572130957949e-03 7.689220098378611590e-02 7.689220098378611590e-02
4.552131100000000430e+00 5.896210801184793675e-03 7.678678793376367273e-02 7.678678793376367273e-02
4.558202399999999876e+00 5.880012343133588816e-03 7.668123853416550229e-02 7.668123853416550229e-02
4.564232900000000370e+00 5.864414904720432337e-03 7.657946790570192841e-02 7.657946790570192841e-02
4.570263500000000256e+00 5.849018281930228394e-03 7.647887474283489306e-02 7.647887474283489306e-02
4.576293999999999862e+00 5.833421939240896956e-03 7.637684164222095784e-02 7.637684164222095784e-02
4.582365300000000197e+00 5.818225803140003073e-03 7.627729546293578189e-02 7.627729546293578189e-02
4.588395900000000083e+00 5.803229273983179053e-03 7.617892933077478890e-02 7.617892933077478890e-02
4.594426499999999969e+00 5.788232262869522082e-03 7.608043285148634316e-02 7.608043285148634316e-02
4.600456999999999574e+00 5.773634293355625093e-03 7.598443454652817342e-02 7.598443454652817342e-02
4.606528299999999909e+00 5.758835288298240658e-03 7.588699024403484927e-02 7.588699024403484927e-02
4.612558899999999795e+00 5.744234812077560551e-03 7.579073038358688508e-02 7.579073038358688508e-02
4.618589400000000289e+00 5.729432888051385481e-03 7.569301743259668203e-02 7.569301743259668203e-02
4.624620000000000175e+00 5.714629298314091027e-03 7.559516716241912460e-02 7.559516716241912460e-02
4.630691299999999622e+00 5.700623969447581388e-03 7.550247657823934422e-02 7.550247657823934422e-02
4.636721800000000115e+00 5.685816785422358015e-03 7.540435521521524076e-02 7.540435521521524076e-02
4.642752400000000002e+00 5.671608026995861133e-03 7.531007918596195616e-02 7.531007918596195616e-02
4.648782899999999607e+00 5.656997665098751661e-03 7.521301526397376758e-02 7.521301526397376758e-02
4.654854199999999942e+00 5.642385802331818800e-03 7.511581592668629959e-02 7.511581592668629959e-02
4.660884799999999828e+00 5.627972810643716399e-03 7.501981611976742126e-02 7.501981611976742126e-02
4.666915300000000322e+00 5.613358871253093692e-03 7.492235228056506879e-02 7.492235228056506879e-02
4.672945900000000208e+00 5.598544284907883313e-03 7.482342069771925896e-02 7.482342069771925896e-02
4.679017199999999654e+00 5.583729289528070738e-03 7.472435539720681530e-02 7.472435539720681530e-02
4.685047800000000429e+00 5.569114425707843118e-03 7.462649948716502946e-02 7.462649948716502946e-02
4.691078300000000034e+00 5.554099934760641129e-03 7.452583400915846479e-02 7.452583400915846479e-02
4.697108899999999920e+00 5.539486173626768928e-03 7.442772449582728267e-02 7.442772449582728267e-02
4.703180200000000255e+00 5.524473372626181877e-03 7.432680117310432044e-02 7.432680117310432044e-02
4.709210699999999861e+00 5.510062002383965020e-03 7.422979187889432173e-02 7.422979187889432173e-02
4.715241299999999747e+00 5.495452214149067899e-03 7.413131736418197837e-02 7.413131736418197837e-02
4.721271800000000241e+00 5.480644206887109668e-03 7.403137312577087736e-02 7.403137312577087736e-02
4.727343099999999687e+00 5.465838090484125174e-03 7.393130656551476221e-02 7.393130656551476221e-02
4.733373699999999573e+00 5.451634118474543884e-03 7.383518211851680668e-02 7.383518211851680668e-02
4.739404200000000067e+00 5.436632040843711496e-03 7.373352046961891004e-02 7.373352046961891004e-02
4.745475500000000402e+00 5.422031911688740026e-03 7.363444786028303102e-02 7.363444786028303102e-02
4.751506100000000288e+00 5.407833593602820454e-03 7.353797382035230645e-02 7.353797382035230645e-02
4.757536599999999893e+00 5.393036979688519035e-03 7.343729964866980986e-02 7.343729964866980986e-02
4.763567199999999779e+00 5.378641626700987957e-03 7.333922297584688499e-02 7.333922297584688499e-02
4.769638500000000114e+00 5.364447379840499817e-03 7.324238786277041668e-02 7.324238786277041668e-02
4.775669100000000000e+00 5.350053913353138360e-03 7.314406273480533738e-02 7.314406273480533738e-02
4.781699599999999606e+00 5.336460719396841045e-03 7.305108294472328900e-02 7.305108294472328900e-02
4.787730200000000380e+00 5.322467614035161255e-03 7.295524391046308288e-02 7.295524391046308288e-02
4.793801499999999827e+00 5.308474081436649616e-03 7.285927587779505998e-02 7.285927587779505998e-02
4.799832000000000320e+00 5.294479876172643491e-03 7.276317664981817035e-02 7.276317664981817035e-02
4.805862600000000207e+00 5.280884637556238284e-03 7.266969545523249696e-02 7.266969545523249696e-02
4.811893099999999812e+00 5.267287984288359856e-03 7.257608410687614586e-02 7.257608410687614586e-02
4.817964400000000147e+00 5.253689906141539162e-03 7.248234202991470088e-02 7.248234202991470088e-02
4.823995000000000033e+00 5.240690020698103926e-03 7.239261026305174318e-02 7.239261026305174318e-02
4.830025499999999639e+00 5.227288437321128169e-03 7.229998919309137129e-02 7.229998919309137129e-02
4.836056100000000413e+00 5.214285048254803726e-03 7.221000656595180645e-02 7.221000656595180645e-02
4.842127399999999859e+00 5.201079851279520778e-03 7.211851254206176620e-02 7.211851254206176620e-02
4.848157900000000353e+00 5.188272934068454377e-03 7.202966704121610553e-02 7.202966704121610553e-02
4.854188500000000239e+00 5.175864645281029637e-03 7.194348229882280288e-02 7.194348229882280288e-02
4.860218999999999845e+00 5.163255104651271431e-03 7.185579381407787569e-02 7.185579381407787569e-02
4.866290300000000180e+00 5.151044523630304503e-03 7.177077764404050930e-02 7.177077764404050930e-02
4.872320900000000066e+00 5.138833341256768272e-03 7.168565645411059672e-02 7.168565645411059672e-02
4.878351499999999952e+00 5.127021824570917458e-03 7.160322495929158371e-02 7.160322495929158371e-02
4.884381999999999557e+00 5.115010305319492474e-03 7.151930022951491495e-02 7.151930022951491495e-02
4.890453299999999892e+00 5.103799049246154039e-03 7.144087799884708823e-02 7.144087799884708823e-02
4.896483899999999778e+00 5.092188514748861687e-03 7.135957199107112459e-02 7.135957199107112459e-02
4.902514400000000272e+00 5.080978917753638593e-03 7.128098566766342958e-02 7.128098566766342958e-02
4.908545000000000158e+00 5.070170606553636022e-03 7.120513047915603966e-02 7.120513047915603966e-02
4.914616299999999605e+00 5.059163545946318737e-03 7.112779728029203219e-02 7.112779728029203219e-02
4.920646800000000098e+00 5.048958076108960372e-03 7.105602068867183929e-02 7.105602068867183929e-02
4.926677399999999984e+00 5.038554245159478431e-03 7.098277428474797368e-02 7.098277428474797368e-02
4.932707899999999590e+00 5.028352188115799669e-03 7.091087496368804477e-02 7.091087496368804477e-02
4.938779199999999925e+00 5.018351686712066440e-03 7.084032528660541561e-02 7.084032528660541561e-02
4.944809799999999811e+00 5.008552766004918666e-03 7.077112946678834615e-02 7.077112946678834615e-02
4.950840300000000305e+00 4.998955388737002029e-03 7.070329121573480646e-02 7.070329121573480646e-02
4.956870900000000191e+00 4.989359180127725737e-03 7.063539608530361447e-02 7.063539608530361447e-02
4.962942199999999637e+00 4.980564160467241749e-03 7.057311216367917472e-02 7.057311216367917472e-02
4.968972800000000412e+00 4.971369819643215934e-03 7.050794153599447556e-02 7.050794153599447556e-02
4.975003300000000017e+00 4.962376121292869091e-03 7.044413475437731609e-02 7.044413475437731609e-02
4.981074600000000352e+00 4.953382635561397011e-03 7.038027163603019498e-02 7.038027163603019498e-02
4.987105200000000238e+00 4.945189193010270969e-03 7.032203916988095938e-02 7.032203916988095938e-02
4.993135699999999844e+00 4.936595367646524554e-03 7.026090924295333440e-02 7.026090924295333440e-02
4.999166299999999730e+00 4.928001106680024619e-03 7.019972298150488343e-02 7.019972298150488343e-02
5.005237600000000064e+00 4.919606114653991141e-03 7.013990386829732637e-02 7.013990386829732637e-02
5.011268099999999670e+00 4.912010027236986612e-03 7.008573340728473100e-02 7.008573340728473100e-02
5.017298699999999556e+00 4.903612912165900006e-03 7.002580176025048619e-02 7.002580176025048619e-02
5.023329200000000050e+00 4.895814558792837591e-03 6.997009760456845973e-02 6.997009760456845973e-02
5.029400500000000385e+00 4.887814884286732255e-03 6.991290928209704936e-02 6.991290928209704936e-02
5.035431100000000271e+00 4.880413754404474766e-03 6.985995816205786690e-02 6.985995816205786690e-02
5.041461599999999876e+00 4.872811383273996204e-03 6.980552544945131666e-02 6.980552544945131666e-02
5.047492199999999762e+00 4.865407727880637252e-03 6.975247470793159710e-02 6.975247470793159710e-02
5.053563500000000097e+00 4.857802844498871481e-03 6.969794003052652565e-02 6.969794003052652565e-02
5.059594099999999983e+00 4.850396928092534123e-03 6.964479110524011973e-02 6.964479110524011973e-02
5.065624599999999589e+00 4.843190111703089308e-03 6.959303206286596155e-02 6.959303206286596155e-02
5.071655200000000363e+00 4.835982480323014823e-03 6.954122863685265055e-02 6.954122863685265055e-02
5.077726499999999810e+00 4.828774385866749230e-03 6.948938326008333166e-02 6.948938326008333166e-02
5.083757000000000303e+00 4.821766054433477590e-03 6.943893759580051228e-02 6.943893759580051228e-02
5.089787600000000189e+00 4.814357661607800674e-03 6.938557243121801221e-02 6.938557243121801221e-02
5.095818099999999795e+00 4.807349431695470861e-03 6.933505197009280641e-02 6.933505197009280641e-02
5.101889400000000130e+00 4.800341534940835188e-03 6.928449707503717137e-02 6.928449707503717137e-02
5.107920000000000016e+00 4.793734280319979051e-03 6.923679859958849214e-02 6.923679859958849214e-02
5.113950499999999622e+00 4.786727809381782252e-03 6.918618221423829262e-02 6.918618221423829262e-02
5.119981100000000396e+00 4.779522286062085935e-03 6.913408917503785500e-02 6.913408917503785500e-02
5.126052399999999842e+00 4.772317819409932146e-03 6.908196450166954883e-02 6.908196450166954883e-02
5.132082900000000336e+00 4.765714563862310897e-03 6.903415505285996623e-02 6.903415505285996623e-02
5.138113500000000222e+00 4.758912562702323663e-03 6.898487198438744972e-02 6.898487198438744972e-02
5.144143999999999828e+00 4.751911845035824457e-03 6.893411234676069532e-02 6.893411234676069532e-02
5.150215300000000163e+00 4.744912406181888039e-03 6.888332458717340290e-02 6.888332458717340290e-02
5.156245900000000049e+00 4.737714188698857395e-03 6.883105540886945428e-02 6.883105540886945428e-02
5.162276499999999935e+00 4.730917096015268067e-03 6.878166249819255007e-02 6.878166249819255007e-02
5.168307000000000428e+00 4.723721011906098673e-03 6.872933152523817701e-02 6.872933152523817701e-02
5.174378299999999875e+00 4.716525908229202840e-03 6.867696781475725321e-02 6.867696781475725321e-02
5.180408899999999761e+00 4.709531328961113865e-03 6.862602515781540680e-02 6.862602515781540680e-02
5.186439400000000255e+00 4.702337198083293701e-03 6.857358965435084164e-02 6.857358965435084164e-02
5.192470000000000141e+00 4.695143287772937137e-03 6.852111563432791708e-02 6.852111563432791708e-02
5.198541299999999588e+00 4.688149403672103518e-03 6.847006209776725083e-02 6.847006209776725083e-02
5.204571800000000081e+00 4.680555227893009457e-03 6.841458344456252672e-02 6.841458344456252672e-02
5.210602399999999967e+00 4.673360569965373176e-03 6.836198190489632676e-02 6.836198190489632676e-02
5.216673700000000302e+00 4.665765248702426378e-03 6.830640708383384219e-02 6.830640708383384219e-02
5.222704199999999908e+00 4.658569106265907957e-03 6.825371130030885580e-02 6.825371130030885580e-02
5.228734799999999794e+00 4.651171819005517870e-03 6.819950013750480933e-02 6.819950013750480933e-02
5.234765300000000288e+00 4.643973363552021845e-03 6.814670471528334883e-02 6.814670471528334883e-02
5.240836599999999734e+00 4.636373656978857657e-03 6.809092198655307404e-02 6.809092198655307404e-02
5.246867199999999620e+00 4.629172656512652376e-03 6.803802360821963047e-02 6.803802360821963047e-02
5.252897800000000395e+00 4.621770480287040912e-03 6.798360449613598255e-02 6.798360449613598255e-02
5.258928300000000000e+00 4.614166986952960604e-03 6.792765995493264819e-02 6.792765995493264819e-02
5.264999600000000335e+00 4.606962346892119232e-03 6.787460752661571284e-02 6.787460752661571284e-02
5.271030200000000221e+00 4.599956766626473771e-03 6.782298110984560924e-02 6.782298110984560924e-02
5.277060699999999827e+00 4.592750405175235855e-03 6.776983403532309269e-02 6.776983403532309269e-02
5.283091299999999713e+00 4.585343578428847759e-03 6.771516505502181427e-02 6.771516505502181427e-02
5.289162600000000047e+00 4.578136274646957098e-03 6.766192632970892407e-02 6.766192632970892407e-02
5.295193099999999653e+00 4.571128943439988282e-03 6.761012456311546459e-02 6.761012456311546459e-02
5.301223700000000427e+00 4.564321894863852813e-03 6.755976535530487659e-02 6.755976535530487659e-02
5.307254200000000033e+00 4.557315186730470646e-03 6.750788981097298469e-02 6.750788981097298469e-02
5.313325500000000368e+00 4.550309119670431328e-03 6.745597912468864754e-02 6.745597912468864754e-02
5.319356100000000254e+00 4.543704085687270619e-03 6.740700323918331904e-02 6.740700323918331904e-02
5.325386599999999859e+00 4.537100032252910052e-03 6.735799902203827572e-02 6.735799902203827572e-02
5.331417199999999745e+00 4.530697202794420342e-03 6.731045388938051988e-02 6.731045388938051988e-02
5.337488500000000080e+00 4.524295798089312745e-03 6.726288574012649624e-02 6.726288574012649624e-02
5.343519099999999966e+00 4.518095688527196813e-03 6.721678130145176955e-02 6.721678130145176955e-02
5.349549599999999572e+00 4.511697070469911433e-03 6.716916755826225771e-02 6.716916755826225771e-02
5.355580200000000346e+00 4.505899685414654562e-03 6.712599858039100531e-02 6.712599858039100531e-02
5.361651499999999793e+00 4.499903681974998584e-03 6.708132140898089013e-02 6.708132140898089013e-02
5.367682000000000286e+00 4.494308657483505817e-03 6.703960514116641400e-02 6.703960514116641400e-02
5.373712600000000172e+00 4.488714661758545950e-03 6.699787057629925935e-02 6.699787057629925935e-02
5.379743099999999778e+00 4.483521278930810601e-03 6.695910153915456131e-02 6.695910153915456131e-02
5.385814400000000113e+00 4.478128530301691938e-03 6.691882044912098038e-02 6.691882044912098038e-02
5.391844999999999999e+00 4.473335858927146580e-03 6.688300127033136588e-02 6.688300127033136588e-02
5.397875499999999604e+00 4.468143263643928678e-03 6.684417150091642723e-02 6.684417150091642723e-02
5.403906100000000379e+00 4.463750386071469768e-03 6.681130432847026679e-02 6.681130432847026679e-02
5.409977399999999825e+00 4.459356935479254214e-03 6.677841668892169069e-02 6.677841668892169069e-02
5.416007900000000319e+00 4.455162803654178286e-03 6.674700595273302950e-02 6.674700595273302950e-02
5.422038500000000205e+00 4.450767752360092200e-03 6.671407461967895913e-02 6.671407461967895913e-02
5.428069100000000091e+00 4.447171532938227166e-03 6.668711669384294605e-02 6.668711669384294605e-02
5.434140400000000426e+00 4.443574252519098995e-03 6.666013990773721198e-02 6.666013990773721198e-02
5.440170900000000032e+00 4.440175710121847807e-03 6.663464346810785144e-02 6.663464346810785144e-02
5.446201499999999918e+00 4.436975812048361834e-03 6.661062837151712768e-02 6.661062837151712768e-02
5.452272800000000252e+00 4.433974776780732867e-03 6.658809786125995112e-02 6.658809786125995112e-02
5.458303299999999858e+00 4.431572590173223601e-03 6.657005776002619668e-02 6.657005776002619668e-02
5.464333899999999744e+00 4.429169360570394884e-03 6.655200493276212936e-02 6.655200493276212936e-02
5.470364400000000238e+00 4.426965235037686949e-03 6.653544344962079859e-02 6.653544344962079859e-02
5.476435699999999684e+00 4.424960354354572079e-03 6.652037548266374889e-02 6.652037548266374889e-02
5.482466299999999571e+00 4.423554979454823351e-03 6.650981115185054804e-02 6.650981115185054804e-02
