6.367979799999999579e-02 3.267244973945723530e+01 5.715981957586747875e+00 5.715981957586747875e+00
6.972053899999999804e-02 3.237502441274082088e+01 5.689905483638618477e+00 5.689905483638618477e+00
7.576168699999999423e-02 3.179720754800897353e+01 5.638901271347901201e+00 5.638901271347901201e+00
8.180283500000000430e-02 3.155936648317359072e+01 5.617772377301664122e+00 5.617772377301664122e+00
8.784357600000000654e-02 3.115314685056822341e+01 5.581500412126493949e+00 5.581500412126493949e+00
9.388472400000000273e-02 3.089292341185824498e+01 5.558140283571317397e+00 5.558140283571317397e+00
9.992587199999999892e-02 3.107517956236333845e+01 5.574511598549539038e+00 5.574511598549539038e+00
1.059666100000000027e-01 3.139107206652060711e+01 5.602773604789025086e+00 5.602773604789025086e+00
1.120077599999999979e-01 3.154137126520961942e+01 5.616170516037562344e+00 5.616170516037562344e+00
1.180485000000000007e-01 3.203890069252981476e+01 5.660291573102026241e+00 5.660291573102026241e+00
1.240896499999999958e-01 3.303261015166773262e+01 5.747400295061040332e+00 5.747400295061040332e+00
1.301307999999999909e-01 3.393635463634284832e+01 5.825491793517766581e+00 5.825491793517766581e+00
1.361715400000000076e-01 3.387933248380045370e+01 5.820595543739528033e+00 5.820595543739528033e+00
1.422126900000000027e-01 3.260590033653798514e+01 5.710157645506644286e+00 5.710157645506644286e+00
1.482538399999999978e-01 3.099732358968280366e+01 5.567524008900438304e+00 5.567524008900438304e+00
1.542945799999999867e-01 2.988829258613411000e+01 5.467018619515952693e+00 5.467018619515952693e+00
1.603357199999999871e-01 2.945987641588631689e+01 5.427695313472037597e+00 5.427695313472037597e+00
1.663768700000000100e-01 2.950998308371262269e+01 5.432309185209603264e+00 5.432309185209603264e+00
1.724176099999999989e-01 3.014459472711514110e+01 5.490409340578819020e+00 5.490409340578819020e+00
1.784587599999999941e-01 3.118672618414711906e+01 5.584507693982265764e+00 5.584507693982265764e+00
1.844999099999999892e-01 3.214142064442379620e+01 5.669340406469150828e+00 5.669340406469150828e+00
1.905406500000000058e-01 3.265793878723951593e+01 5.714712485089649796e+00 5.714712485089649796e+00
1.965818000000000010e-01 3.262604339493764627e+01 5.711921164979226972e+00 5.711921164979226972e+00
2.026229499999999961e-01 3.219940762825830660e+01 5.674452187503064238e+00 5.674452187503064238e+00
2.086636900000000128e-01 3.155659601799704461e+01 5.617525791484810682e+00 5.617525791484810682e+00
2.147048400000000079e-01 3.083767259614310063e+01 5.553167798306035685e+00 5.553167798306035685e+00
2.207455799999999968e-01 3.017567420822638269e+01 5.493238954226038473e+00 5.493238954226038473e+00
2.267867199999999972e-01 2.967808142138832039e+01 5.447759302813251381e+00 5.447759302813251381e+00
2.328278699999999923e-01 2.937183201957739342e+01 5.419578583208974010e+00 5.419578583208974010e+00
2.388686100000000090e-01 2.925109371809736558e+01 5.408428026524654264e+00 5.408428026524654264e+00
2.449097600000000041e-01 2.927158825946192522e+01 5.410322380363477457e+00 5.410322380363477457e+00
2.509509100000000270e-01 2.936667186017361075e+01 5.419102495817329945e+00 5.419102495817329945e+00
2.569916500000000159e-01 2.946168891391769407e+01 5.427862278458960077e+00 5.427862278458960077e+00
2.630328000000000110e-01 2.949104554624893382e+01 5.430565858752560260e+00 5.430565858752560260e+00
2.690739500000000062e-01 2.942656406959873649e+01 5.424625707788393925e+00 5.424625707788393925e+00
2.751146899999999951e-01 2.927600825290330633e+01 5.410730842770069771e+00 5.410730842770069771e+00
2.811558399999999902e-01 2.905180388114469636e+01 5.389972530648434734e+00 5.389972530648434734e+00
2.871965799999999791e-01 2.876678188062356867e+01 5.363467337518106781e+00 5.363467337518106781e+00
2.932377299999999742e-01 2.843410334810218032e+01 5.332363767420803313e+00 5.332363767420803313e+00
2.992788699999999746e-01 2.807120732315686595e+01 5.298226809335068843e+00 5.298226809335068843e+00
3.053196100000000190e-01 2.770175912730454115e+01 5.263246063723844514e+00 5.263246063723844514e+00
3.113607600000000142e-01 2.734373665608432447e+01 5.229123889915434198e+00 5.229123889915434198e+00
3.174019100000000093e-01 2.700653499910652400e+01 5.196781215243386320e+00 5.196781215243386320e+00
3.234426499999999982e-01 2.669424358003771047e+01 5.166647228139125581e+00 5.166647228139125581e+00
3.294837999999999933e-01 2.641010476003148355e+01 5.139076255518250314e+00 5.139076255518250314e+00
3.355245399999999822e-01 2.615301641384093401e+01 5.114001995877683449e+00 5.114001995877683449e+00
3.415656899999999774e-01 2.591850252173719582e+01 5.091021756164198386e+00 5.091021756164198386e+00
3.476068399999999725e-01 2.570009805822361315e+01 5.069526413603504977e+00 5.069526413603504977e+00
3.536475800000000169e-01 2.549291251687819226e+01 5.049050655012107924e+00 5.049050655012107924e+00
3.596887300000000121e-01 2.529266051963374906e+01 5.029180899473963962e+00 5.029180899473963962e+00
3.657298700000000125e-01 2.509114923560414212e+01 5.009106630488528999e+00 5.009106630488528999e+00
3.717706100000000013e-01 2.487499357930376220e+01 4.987483692134117241e+00 4.987483692134117241e+00
3.778117599999999965e-01 2.462692980894961181e+01 4.962552751251075200e+00 4.962552751251075200e+00
3.838529099999999916e-01 2.432985869772953080e+01 4.932530658569648452e+00 4.932530658569648452e+00
3.898936499999999805e-01 2.397710295295049221e+01 4.896642007840729782e+00 4.896642007840729782e+00
3.959347999999999757e-01 2.358413358397730519e+01 4.856349821005206735e+00 4.856349821005206735e+00
4.019755400000000201e-01 2.316935321174051055e+01 4.813455433650602799e+00 4.813455433650602799e+00
4.080158700000000027e-01 2.274972652449842414e+01 4.769667338976422144e+00 4.769667338976422144e+00
4.140586499999999726e-01 2.233478701659083043e+01 4.725969426116807703e+00 4.725969426116807703e+00
4.200973599999999752e-01 2.192937192275884328e+01 4.682880729076797977e+00 4.682880729076797977e+00
4.261401300000000059e-01 2.153577185440561337e+01 4.640665022861013789e+00 4.640665022861013789e+00
4.321788400000000085e-01 2.115592518913411979e+01 4.599557064450241484e+00 4.599557064450241484e+00
4.382216099999999837e-01 2.079330333516648466e+01 4.559967470845212922e+00 4.559967470845212922e+00
4.442643900000000090e-01 2.045136476123339264e+01 4.522318516119070431e+00 4.522318516119070431e+00
4.503031000000000117e-01 2.013264736204471816e+01 4.486941871926213743e+00 4.486941871926213743e+00
4.563458699999999868e-01 1.983718268855840705e+01 4.453895226490898196e+00 4.453895226490898196e+00
4.623845799999999895e-01 1.956260100929870660e+01 4.422962921990043483e+00 4.422962921990043483e+00
4.684273600000000148e-01 1.930534485172854531e+01 4.393784798067441599e+00 4.393784798067441599e+00
4.744660600000000228e-01 1.906233419674702390e+01 4.366043311368660973e+00 4.366043311368660973e+00
4.805088399999999926e-01 1.882989231873339975e+01 4.339342383211239884e+00 4.339342383211239884e+00
4.865516200000000180e-01 1.860365651657305364e+01 4.313195626976946251e+00 4.313195626976946251e+00
4.925903200000000259e-01 1.837854364363249005e+01 4.287020368931373504e+00 4.287020368931373504e+00
4.986330999999999958e-01 1.815022626635730063e+01 4.260308236073687915e+00 4.260308236073687915e+00
5.046718000000000037e-01 1.791499949895372623e+01 4.232611427824874539e+00 4.232611427824874539e+00
5.107145800000000291e-01 1.767076043604593494e+01 4.203660361642688414e+00 4.203660361642688414e+00
5.167532799999999815e-01 1.741826387859605418e+01 4.173519363630179058e+00 4.173519363630179058e+00
5.227960600000000069e-01 1.715842520916191916e+01 4.142272952035140676e+00 4.142272952035140676e+00
5.288388400000000322e-01 1.689206621870620850e+01 4.109995890351498815e+00 4.109995890351498815e+00
5.348775399999999847e-01 1.662013082829568589e+01 4.076779467704340298e+00 4.076779467704340298e+00
5.409203200000000100e-01 1.634403636039342089e+01 4.042775823662922541e+00 4.042775823662922541e+00
5.469590199999999625e-01 1.606474070255639575e+01 4.008084418092562551e+00 4.008084418092562551e+00
5.530017999999999878e-01 1.578361416544638729e+01 3.972859696169295685e+00 3.972859696169295685e+00
5.590405000000000513e-01 1.550195008217058223e+01 3.937251589900064186e+00 3.937251589900064186e+00
5.650832799999999656e-01 1.522053683053573003e+01 3.901350641833636779e+00 3.901350641833636779e+00
5.711219899999999683e-01 1.494034401492668351e+01 3.865274118989063812e+00 3.865274118989063812e+00
5.771647600000000544e-01 1.466172723394022981e+01 3.829063493067231594e+00 3.829063493067231594e+00
5.832075399999999687e-01 1.438516947978376237e+01 3.792778596198802976e+00 3.792778596198802976e+00
5.892462499999999714e-01 1.411112622029190078e+01 3.756477900945498938e+00 3.756477900945498938e+00
5.952890199999999465e-01 1.383951704362981516e+01 3.720150137243094512e+00 3.720150137243094512e+00
6.013277299999999492e-01 1.357055374639399403e+01 3.683823251242381858e+00 3.683823251242381858e+00
6.073705000000000354e-01 1.330425531256880589e+01 3.647499871496749702e+00 3.647499871496749702e+00
6.134092100000000380e-01 1.304091853460342598e+01 3.611221197130331628e+00 3.611221197130331628e+00
6.194519899999999524e-01 1.278041821093810881e+01 3.574971078335894781e+00 3.574971078335894781e+00
6.254947600000000385e-01 1.252298126998693029e+01 3.538782455871924526e+00 3.538782455871924526e+00
6.315334700000000412e-01 1.226881719760315015e+01 3.502687139554880424e+00 3.502687139554880424e+00
6.375762499999999555e-01 1.201827888716892367e+01 3.466738941306213295e+00 3.466738941306213295e+00
6.436149500000000190e-01 1.177207124184385734e+01 3.431045211279480700e+00 3.431045211279480700e+00
6.496577300000000443e-01 1.153058381273540967e+01 3.395671334616383152e+00 3.395671334616383152e+00
6.556964299999999968e-01 1.129435953107563151e+01 3.360708188920250805e+00 3.360708188920250805e+00
6.617392100000000221e-01 1.106383411556073426e+01 3.326234224398626704e+00 3.326234224398626704e+00
6.677779099999999746e-01 1.083950542971077269e+01 3.292340418260355506e+00 3.292340418260355506e+00
6.738206899999999999e-01 1.062171736524742727e+01 3.259097630517905575e+00 3.259097630517905575e+00
6.798634700000000253e-01 1.041077510868954725e+01 3.226573276510166011e+00 3.226573276510166011e+00
6.859021699999999777e-01 1.020670655448184050e+01 3.194793663835246988e+00 3.194793663835246988e+00
6.919449500000000031e-01 1.000921083941342715e+01 3.163733686550343371e+00 3.163733686550343371e+00
6.979836499999999555e-01 9.818067391694047075e+00 3.133379547979153745e+00 3.133379547979153745e+00
7.040264299999999809e-01 9.632783886315845479e+00 3.103672644838022521e+00 3.103672644838022521e+00
7.100651300000000443e-01 9.452733783263882472e+00 3.074529847515532488e+00 3.074529847515532488e+00
7.161079099999999587e-01 9.277229185737878581e+00 3.045854426222283973e+00 3.045854426222283973e+00
7.221506899999999840e-01 9.105670122484637474e+00 3.017560293098488611e+00 3.017560293098488611e+00
7.281893900000000475e-01 8.937418652293487753e+00 2.989551580470470427e+00 2.989551580470470427e+00
7.342321699999999618e-01 8.771849928467885249e+00 2.961730900751768925e+00 2.961730900751768925e+00
7.402708799999999645e-01 8.608503678421184802e+00 2.934025166630508608e+00 2.934025166630508608e+00
7.463136500000000506e-01 8.447178076737840158e+00 2.906402944661638177e+00 2.906402944661638177e+00
7.523523600000000533e-01 8.287869400172109380e+00 2.878865992048277089e+00 2.878865992048277089e+00
7.583951399999999676e-01 8.130452910038437508e+00 2.851394906013272390e+00 2.851394906013272390e+00
7.644338400000000311e-01 7.974926729710972495e+00 2.823991276493426295e+00 2.823991276493426295e+00
7.704766199999999454e-01 7.821183513971004864e+00 2.796637894681934799e+00 2.796637894681934799e+00
7.765193999999999708e-01 7.669230366645174435e+00 2.769337532090513143e+00 2.769337532090513143e+00
7.825581000000000342e-01 7.519106265875911355e+00 2.742098879667892675e+00 2.742098879667892675e+00
7.886008799999999486e-01 7.370877887854416777e+00 2.714936074358734519e+00 2.714936074358734519e+00
7.946395800000000120e-01 7.224640461127395774e+00 2.687869130208424995e+00 2.687869130208424995e+00
8.006823600000000374e-01 7.080448996708336828e+00 2.660911309440496364e+00 2.660911309440496364e+00
8.067210599999999898e-01 6.938383295254505256e+00 2.634081110226961897e+00 2.634081110226961897e+00
8.127638400000000152e-01 6.798475922599209298e+00 2.607388717203326767e+00 2.607388717203326767e+00
8.188066200000000405e-01 6.660792356143240056e+00 2.580851091431514366e+00 2.580851091431514366e+00
8.248453199999999930e-01 6.525406353204703969e+00 2.554487493256661690e+00 2.554487493256661690e+00
8.308881000000000183e-01 6.392250505069680067e+00 2.528290035788947954e+00 2.528290035788947954e+00
8.369267999999999708e-01 6.261295843961331542e+00 2.502258148944934923e+00 2.502258148944934923e+00
8.429695799999999961e-01 6.132454702772005994e+00 2.476379353566816821e+00 2.476379353566816821e+00
8.490082799999999486e-01 6.005707903948953152e+00 2.450654586829599246e+00 2.450654586829599246e+00
8.550510599999999739e-01 5.880980982557028725e+00 2.425073397354609916e+00 2.425073397354609916e+00
8.610938399999999993e-01 5.758224400413865851e+00 2.399630054907186061e+00 2.399630054907186061e+00
8.671325399999999517e-01 5.637398669130577744e+00 2.374320675294425698e+00 2.374320675294425698e+00
8.731753199999999770e-01 5.518499114852516207e+00 2.349148593608441082e+00 2.349148593608441082e+00
8.792140200000000405e-01 5.401570053815104799e+00 2.324127804965790745e+00 2.324127804965790745e+00
8.852567999999999548e-01 5.286663487232333480e+00 2.299274556731390806e+00 2.299274556731390806e+00
8.912955099999999575e-01 5.173823621649832560e+00 2.274604058215370372e+00 2.274604058215370372e+00
8.973382800000000437e-01 5.063061196892606475e+00 2.250124706964617527e+00 2.250124706964617527e+00
9.033769900000000463e-01 4.954421088454735944e+00 2.225852890119815797e+00 2.225852890119815797e+00
9.094197699999999607e-01 4.847928048034640724e+00 2.201801091841549596e+00 2.201801091841549596e+00
9.154625400000000468e-01 4.743612929127903222e+00 2.177983684311685320e+00 2.177983684311685320e+00
9.215012500000000495e-01 4.641507009625055247e+00 2.154415700282806601e+00 2.154415700282806601e+00
9.275440299999999638e-01 4.541607934545324632e+00 2.131104862400094113e+00 2.131104862400094113e+00
9.335827300000000273e-01 4.443943462671750666e+00 2.108066285170310028e+00 2.108066285170310028e+00
9.396255100000000526e-01 4.348525568809634478e+00 2.085311863681218014e+00 2.085311863681218014e+00
9.456642100000000051e-01 4.255384380568361102e+00 2.062858303560465512e+00 2.062858303560465512e+00
9.517069900000000304e-01 4.164503202955150307e+00 2.040711445294300042e+00 2.040711445294300042e+00
9.577497699999999448e-01 4.075921318656459569e+00 2.018891111144050843e+00 2.018891111144050843e+00
9.637884700000000082e-01 3.989614437837415206e+00 1.997401921956974302e+00 1.997401921956974302e+00
9.698312500000000336e-01 3.905570664924326252e+00 1.976251670441881325e+00 1.976251670441881325e+00
9.758699499999999860e-01 3.823771127009889526e+00 1.955446528803559403e+00 1.955446528803559403e+00
9.819127300000000114e-01 3.744142684795517706e+00 1.934978729804417652e+00 1.934978729804417652e+00
9.879514299999999638e-01 3.666667814991035446e+00 1.914854515359074361e+00 1.914854515359074361e+00
9.939942099999999892e-01 3.591307477355542233e+00 1.895074530818126490e+00 1.895074530818126490e+00
1.000032899999999891e+00 3.518023360626237661e+00 1.875639453793355615e+00 1.875639453793355615e+00
1.006075700000000017e+00 3.446767411869961162e+00 1.856547174695531766e+00 1.856547174695531766e+00
1.012118499999999921e+00 3.377509981346538126e+00 1.837800310519763114e+00 1.837800310519763114e+00
1.018157200000000095e+00 3.310210738876117720e+00 1.819398455225275102e+00 1.819398455225275102e+00
1.024199999999999999e+00 3.244822490624416744e+00 1.801339082633921285e+00 1.801339082633921285e+00
1.030238699999999952e+00 3.181243676463054726e+00 1.783604125489469450e+00 1.783604125489469450e+00
1.036281400000000019e+00 3.119385766020576156e+00 1.766178293950125600e+00 1.766178293950125600e+00
1.042320099999999972e+00 3.059168089747533514e+00 1.749047766571151463e+00 1.749047766571151463e+00
1.048362900000000097e+00 3.000502671682330647e+00 1.732195910306432607e+00 1.732195910306432607e+00
1.054405700000000001e+00 2.943296508745242956e+00 1.715603832108462790e+00 1.715603832108462790e+00
1.060444399999999954e+00 2.887467243678618622e+00 1.699254908387384466e+00 1.699254908387384466e+00
1.066487200000000080e+00 2.832917168167946365e+00 1.683127199045855393e+00 1.683127199045855393e+00
1.072525900000000032e+00 2.779565730290383563e+00 1.667202966135312492e+00 1.667202966135312492e+00
1.078568699999999936e+00 2.727337262385064687e+00 1.651465186549527120e+00 1.651465186549527120e+00
1.084607400000000110e+00 2.676172449133992881e+00 1.635901112272374780e+00 1.635901112272374780e+00
1.090650099999999956e+00 2.626059684512020542e+00 1.620512167344639431e+00 1.620512167344639431e+00
1.096692900000000082e+00 2.576980908076427212e+00 1.605297763057192739e+00 1.605297763057192739e+00
1.102731600000000034e+00 2.528907946171544019e+00 1.590254050826956478e+00 1.590254050826956478e+00
1.108774399999999938e+00 2.481809804162125932e+00 1.575376083404253613e+00 1.575376083404253613e+00
1.114813099999999890e+00 2.435671192713350752e+00 1.560663702632104854e+00 1.560663702632104854e+00
1.120855900000000016e+00 2.390472647599385159e+00 1.546115340975370067e+00 1.546115340975370067e+00
1.126894599999999969e+00 2.346189785844071007e+00 1.531727712697028565e+00 1.531727712697028565e+00
1.132937400000000094e+00 2.302794195718286474e+00 1.517496028238059846e+00 1.517496028238059846e+00
1.138976100000000047e+00 2.260272934006843482e+00 1.503420411597116590e+00 1.503420411597116590e+00
1.145018799999999892e+00 2.218547314135379978e+00 1.489478873343083043e+00 1.489478873343083043e+00
1.151061600000000018e+00 2.177552464546024691e+00 1.475653233163545242e+00 1.475653233163545242e+00
1.157100299999999971e+00 2.137213738723283463e+00 1.461921249152389635e+00 1.461921249152389635e+00
1.163143100000000096e+00 2.097433925920289877e+00 1.448252024310786146e+00 1.448252024310786146e+00
1.169181800000000049e+00 2.058140282250739528e+00 1.434621999779293722e+00 1.434621999779293722e+00
1.175224599999999953e+00 2.019278378530128926e+00 1.421013152131298529e+00 1.421013152131298529e+00
1.181263299999999905e+00 1.980776194391700384e+00 1.407400509589114890e+00 1.407400509589114890e+00
1.187306100000000031e+00 1.942569460222411282e+00 1.393760904969862935e+00 1.393760904969862935e+00
1.193348800000000098e+00 1.904596565836278454e+00 1.380071217668232597e+00 1.380071217668232597e+00
1.199387500000000051e+00 1.866795688340301851e+00 1.366307318409845095e+00 1.366307318409845095e+00
1.205430299999999955e+00 1.829155108234731042e+00 1.352462608812062816e+00 1.352462608812062816e+00
1.211468999999999907e+00 1.791748297040758997e+00 1.338562025847423786e+00 1.338562025847423786e+00
1.217511800000000033e+00 1.754625209225971094e+00 1.324622666734180276e+00 1.324622666734180276e+00
1.223550499999999985e+00 1.717848414904826315e+00 1.310667164044642785e+00 1.310667164044642785e+00
1.229593299999999889e+00 1.681477829907408239e+00 1.296718099629756926e+00 1.296718099629756926e+00
1.235632000000000064e+00 1.645595863856954111e+00 1.282807804722497780e+00 1.282807804722497780e+00
1.241674799999999967e+00 1.610230847691774381e+00 1.268948717518471714e+00 1.268948717518471714e+00
1.247717500000000035e+00 1.575474559180660483e+00 1.255179094464475398e+00 1.255179094464475398e+00
1.253756199999999987e+00 1.541366488287212233e+00 1.241517816339021474e+00 1.241517816339021474e+00
1.259798999999999891e+00 1.507975858287736504e+00 1.227996684966102148e+00 1.227996684966102148e+00
1.265837700000000066e+00 1.475363061765539774e+00 1.214645241115915208e+00 1.214645241115915208e+00
1.271880499999999969e+00 1.443555327951953515e+00 1.201480473396032256e+00 1.201480473396032256e+00
1.277919199999999922e+00 1.412561586050963047e+00 1.188512341564429420e+00 1.188512341564429420e+00
1.283962000000000048e+00 1.382388583586155573e+00 1.175750221597323675e+00 1.175750221597323675e+00
1.290004799999999952e+00 1.353034132043875681e+00 1.163199953595200009e+00 1.163199953595200009e+00
1.296043499999999904e+00 1.324506521649102320e+00 1.150872070062134433e+00 1.150872070062134433e+00
1.302086300000000030e+00 1.296802461929716488e+00 1.138772348597258732e+00 1.138772348597258732e+00
1.308124999999999982e+00 1.269910200360523600e+00 1.126902924106829795e+00 1.126902924106829795e+00
1.314167700000000050e+00 1.243816567562063602e+00 1.115265245384282400e+00 1.115265245384282400e+00
1.320206400000000002e+00 1.218489384056212099e+00 1.103852066200997850e+00 1.103852066200997850e+00
1.326249199999999906e+00 1.193915833649324520e+00 1.092664556782787066e+00 1.092664556782787066e+00
1.332287900000000080e+00 1.170074192742440067e+00 1.081699677702845586e+00 1.081699677702845586e+00
1.338330699999999984e+00 1.146952191766808182e+00 1.070958538771136670e+00 1.070958538771136670e+00
1.344373500000000110e+00 1.124507521022200862e+00 1.060427989550540406e+00 1.060427989550540406e+00
1.350412200000000063e+00 1.102718818407929069e+00 1.050104194072154495e+00 1.050104194072154495e+00
1.356454999999999966e+00 1.081574128772586407e+00 1.039987561835518548e+00 1.039987561835518548e+00
1.362493699999999919e+00 1.061042280187467934e+00 1.030069065736598066e+00 1.030069065736598066e+00
1.368536399999999986e+00 1.041080915369052340e+00 1.020333727448550221e+00 1.020333727448550221e+00
1.374575099999999939e+00 1.021679487178634327e+00 1.010781621903878102e+00 1.010781621903878102e+00
1.380617900000000065e+00 1.002815529790527016e+00 1.001406775386769032e+00 1.001406775386769032e+00
1.386660699999999968e+00 9.844539084063742562e-01 9.921965069513066782e-01 9.921965069513066782e-01
1.392699399999999921e+00 9.665729052149398814e-01 9.831443969300439623e-01 9.831443969300439623e-01
1.398742200000000047e+00 9.491471391877995822e-01 9.742418278783762098e-01 9.742418278783762098e-01
1.404780899999999999e+00 9.321511350060276424e-01 9.654797434467631279e-01 9.654797434467631279e-01
1.410823699999999903e+00 9.155596423912372162e-01 9.568488085331126047e-01 9.568488085331126047e-01
1.416862400000000077e+00 8.993543609649597981e-01 9.483429553515752009e-01 9.483429553515752009e-01
1.422905099999999923e+00 8.835244124581825842e-01 9.399597930008403157e-01 9.399597930008403157e-01
1.428947900000000049e+00 8.680584275960896434e-01 9.316965319223259323e-01 9.316965319223259323e-01
1.434986600000000001e+00 8.529480799565370974e-01 9.235518826555101368e-01 9.235518826555101368e-01
1.441029399999999905e+00 8.381803854316030034e-01 9.155219196893119582e-01 9.155219196893119582e-01
1.447068100000000079e+00 8.237471063593386766e-01 9.076051489272957129e-01 9.076051489272957129e-01
1.453110899999999983e+00 8.096352371446836615e-01 8.997973311500115923e-01 8.997973311500115923e-01
1.459149599999999936e+00 7.958363863029327412e-01 8.920966238602927589e-01 8.920966238602927589e-01
1.465192400000000061e+00 7.823395555199994522e-01 8.844996074165321076e-01 8.844996074165321076e-01
1.471231100000000014e+00 7.691331758710514555e-01 8.770023807670372928e-01 8.770023807670372928e-01
1.477273800000000081e+00 7.562072067513198048e-01 8.696017518101718524e-01 8.696017518101718524e-01
1.483316599999999985e+00 7.435509195209494271e-01 8.622939867127390468e-01 8.622939867127390468e-01
1.489355299999999938e+00 7.311525225283914686e-01 8.550745713260284875e-01 8.550745713260284875e-01
1.495398100000000063e+00 7.190059965460815494e-01 8.479422129756729598e-01 8.479422129756729598e-01
1.501436800000000016e+00 7.071088076860280180e-01 8.408976202166515979e-01 8.408976202166515979e-01
1.507479599999999920e+00 6.954559564046501885e-01 8.339400196684711997e-01 8.339400196684711997e-01
1.513518300000000094e+00 6.840469421413428730e-01 8.270713041457447012e-01 8.270713041457447012e-01
1.519561099999999998e+00 6.728788625575815585e-01 8.202919373964256966e-01 8.202919373964256966e-01
1.525603800000000065e+00 6.619481082372972169e-01 8.136019347551339820e-01 8.136019347551339820e-01
1.531642500000000018e+00 6.512511286277142819e-01 8.070013188512855651e-01 8.070013188512855651e-01
1.537685299999999922e+00 6.407861924515274588e-01 8.004912194718487584e-01 8.004912194718487584e-01
1.543724000000000096e+00 6.305468717737156004e-01 7.940698154279103305e-01 7.940698154279103305e-01
1.549766800000000000e+00 6.205315881709619896e-01 7.877382739025455827e-01 7.877382739025455827e-01
1.555805499999999952e+00 6.107360722255302798e-01 7.814960474791476930e-01 7.814960474791476930e-01
1.561848300000000078e+00 6.011588768067609445e-01 7.753443601437757238e-01 7.753443601437757238e-01
1.567887000000000031e+00 5.917948554449576903e-01 7.692820389460277575e-01 7.692820389460277575e-01
1.573929799999999934e+00 5.826416692127902586e-01 7.633096810684312228e-01 7.633096810684312228e-01
1.579972500000000002e+00 5.736891630749437754e-01 7.574227109579853012e-01 7.574227109579853012e-01
1.586011300000000013e+00 5.649251541357247497e-01 7.516150305413834554e-01 7.516150305413834554e-01
1.592054000000000080e+00 5.563363237149777651e-01 7.458795638137418749e-01 7.458795638137418749e-01
1.598092700000000033e+00 5.479106623649036001e-01 7.402098772408428617e-01 7.402098772408428617e-01
1.604135499999999936e+00 5.396369352902311567e-01 7.345998470529592206e-01 7.345998470529592206e-01
1.610174200000000111e+00 5.315031858606562576e-01 7.290426502343030357e-01 7.290426502343030357e-01
1.616217000000000015e+00 5.234951662410853856e-01 7.235296581627358448e-01 7.235296581627358448e-01
1.622259799999999919e+00 5.156049027008350327e-01 7.180563367179729761e-01 7.180563367179729761e-01
1.628298500000000093e+00 5.078173176420868185e-01 7.126130209602451471e-01 7.126130209602451471e-01
1.634341299999999997e+00 5.001221874581980309e-01 7.071931754889876354e-01 7.071931754889876354e-01
1.640379999999999949e+00 4.925064863239723700e-01 7.017880636801770988e-01 7.017880636801770988e-01
1.646422700000000017e+00 4.849589346462251926e-01 6.963899300293084904e-01 6.963899300293084904e-01
1.652461399999999969e+00 4.774674404906974479e-01 6.909901884185458698e-01 6.909901884185458698e-01
1.658504200000000095e+00 4.700196782251431227e-01 6.855798117106010059e-01 6.855798117106010059e-01
1.664546999999999999e+00 4.626084949070202734e-01 6.801532878013751837e-01 6.801532878013751837e-01
1.670585699999999951e+00 4.552388552013786893e-01 6.747139061864507736e-01 6.747139061864507736e-01
1.676628500000000077e+00 4.479165697443275307e-01 6.692656944325829915e-01 6.692656944325829915e-01
1.682667200000000030e+00 4.406475947309042573e-01 6.638129214853415450e-01 6.638129214853415450e-01
1.688709999999999933e+00 4.334397205728013347e-01 6.583613905544593026e-01 6.583613905544593026e-01
1.694748700000000108e+00 4.262988579981560888e-01 6.529156591767087958e-01 6.529156591767087958e-01
1.700791399999999953e+00 4.192307562403012056e-01 6.474803133997983906e-01 6.474803133997983906e-01
1.706830099999999906e+00 4.122423300567384929e-01 6.420610018189381041e-01 6.420610018189381041e-01
1.712872900000000032e+00 4.053403279941172888e-01 6.366634338440658736e-01 6.366634338440658736e-01
1.718915699999999935e+00 3.985316441541997268e-01 6.312936275254168450e-01 6.312936275254168450e-01
1.724954400000000110e+00 3.918211520323943708e-01 6.259561901861777633e-01 6.259561901861777633e-01
1.730997200000000014e+00 3.852156811600471742e-01 6.206574587967562673e-01 6.206574587967562673e-01
1.737035899999999966e+00 3.787221807741237289e-01 6.154040792634736246e-01 6.154040792634736246e-01
1.743078700000000092e+00 3.723475294689922444e-01 6.102028592763165671e-01 6.102028592763165671e-01
1.749117400000000044e+00 3.660977225859637918e-01 6.050600983257479193e-01 6.050600983257479193e-01
1.755160099999999890e+00 3.599786906341155834e-01 5.999822419323055378e-01 5.999822419323055378e-01
1.761202900000000016e+00 3.539923938214876720e-01 5.949725992190628698e-01 5.949725992190628698e-01
1.767241599999999968e+00 3.481398363904946724e-01 5.900337586871573503e-01 5.900337586871573503e-01
1.773284400000000094e+00 3.424189065682467503e-01 5.851657086400797736e-01 5.851657086400797736e-01
1.779323100000000046e+00 3.368306659002021641e-01 5.803711449582948934e-01 5.803711449582948934e-01
1.785365899999999950e+00 3.313760777364524457e-01 5.756527405792943863e-01 5.756527405792943863e-01
1.791404599999999903e+00 3.260531976030424661e-01 5.710106808134524092e-01 5.710106808134524092e-01
1.797447400000000028e+00 3.208640186885725054e-01 5.664486019830682340e-01 5.664486019830682340e-01
1.803486099999999981e+00 3.158055763349920109e-01 5.619658142049140936e-01 5.619658142049140936e-01
1.809528800000000048e+00 3.108778718135138952e-01 5.575642311102048110e-01 5.575642311102048110e-01
1.815571599999999952e+00 3.060769127127786482e-01 5.532421826946845034e-01 5.532421826946845034e-01
1.821610299999999905e+00 3.014017396963048490e-01 5.490006736756384287e-01 5.490006736756384287e-01
1.827653100000000030e+00 2.968472677454347952e-01 5.448369184861051595e-01 5.448369184861051595e-01
1.833691799999999983e+00 2.924115458135757573e-01 5.407509092119732186e-01 5.407509092119732186e-01
1.839734600000000109e+00 2.880914922183006599e-01 5.367415506724820817e-01 5.367415506724820817e-01
1.845773300000000061e+00 2.838851218201115523e-01 5.328087103455718676e-01 5.328087103455718676e-01
1.851816099999999965e+00 2.797893439391868631e-01 5.289511734925889108e-01 5.289511734925889108e-01
1.857858800000000032e+00 2.757990931814985336e-01 5.251657768566974083e-01 5.251657768566974083e-01
1.863897499999999985e+00 2.719133426749905658e-01 5.214531068801782077e-01 5.214531068801782077e-01
1.869940300000000111e+00 2.681259388717822656e-01 5.178087860125417663e-01 5.178087860125417663e-01
1.875979000000000063e+00 2.644348342554296294e-01 5.142322765593673184e-01 5.142322765593673184e-01
1.882021799999999967e+00 2.608358864186998693e-01 5.107209476991323438e-01 5.107209476991323438e-01
1.888060499999999919e+00 2.573260202425877163e-01 5.072731219398359803e-01 5.072731219398359803e-01
1.894103300000000045e+00 2.539010727007574575e-01 5.038859719229713541e-01 5.038859719229713541e-01
1.900146099999999949e+00 2.505569437157418866e-01 5.005566338744716903e-01 5.005566338744716903e-01
1.906184799999999901e+00 2.472915235404141709e-01 4.972841476866260990e-01 4.972841476866260990e-01
1.912227600000000027e+00 2.440996570104837782e-01 4.940644259714351838e-01 4.940644259714351838e-01
1.918266299999999980e+00 2.409792370559227515e-01 4.908963608094102926e-01 4.908963608094102926e-01
1.924309000000000047e+00 2.379251242971491542e-01 4.877756905557606437e-01 4.877756905557606437e-01
1.930347700000000000e+00 2.349342086769808380e-01 4.847001224231131111e-01 4.847001224231131111e-01
1.936390499999999903e+00 2.320033574421107581e-01 4.816672683939721145e-01 4.816672683939721145e-01
1.942429200000000078e+00 2.291295134096632546e-01 4.786747469938885668e-01 4.786747469938885668e-01
1.948471999999999982e+00 2.263075159924820834e-01 4.757178953880987771e-01 4.757178953880987771e-01
1.954514800000000108e+00 2.235353220144867259e-01 4.727952220723964927e-01 4.727952220723964927e-01
1.960553500000000060e+00 2.208098710571236856e-01 4.699041083637423011e-01 4.699041083637423011e-01
1.966596299999999964e+00 2.181290672132030206e-01 4.670428965450636460e-01 4.670428965450636460e-01
1.972634999999999916e+00 2.154919081493207877e-01 4.642110599170605756e-01 4.642110599170605756e-01
1.978677699999999984e+00 2.128973584221254545e-01 4.614080172928570200e-01 4.614080172928570200e-01
1.984716399999999936e+00 2.103423933768455989e-01 4.586309991451140711e-01 4.586309991451140711e-01
1.990759200000000062e+00 2.078259995752430034e-01 4.558793695433507875e-01 4.558793695433507875e-01
1.996801999999999966e+00 2.053482021460606433e-01 4.531536187056886544e-01 4.531536187056886544e-01
2.002840700000000140e+00 2.029050077487271897e-01 4.504497838258191278e-01 4.504497838258191278e-01
2.008883500000000044e+00 2.004964142270964644e-01 4.477682595127712717e-01 4.477682595127712717e-01
2.014922199999999997e+00 1.981194677592540698e-01 4.451061308938061289e-01 4.451061308938061289e-01
2.020964999999999900e+00 1.957751813921129458e-01 4.424648928357061695e-01 4.424648928357061695e-01
2.027003699999999853e+00 1.934595993270913361e-01 4.398404248441601938e-01 4.398404248441601938e-01
2.033046399999999920e+00 1.911727403506943423e-01 4.372330503869696350e-01 4.372330503869696350e-01
2.039085099999999873e+00 1.889126371559149975e-01 4.346408139555177352e-01 4.346408139555177352e-01
2.045127900000000221e+00 1.866793029111107338e-01 4.320640032577473533e-01 4.320640032577473533e-01
2.051170700000000124e+00 1.844707613521432976e-01 4.295005952872979482e-01 4.295005952872979482e-01
2.057209400000000077e+00 1.822860440613596200e-01 4.269496973430940701e-01 4.269496973430940701e-01
2.063252199999999981e+00 1.801241291485297380e-01 4.244103311048515459e-01 4.244103311048515459e-01
2.069290899999999933e+00 1.779840292448153227e-01 4.218815346099131225e-01 4.218815346099131225e-01
2.075333699999999837e+00 1.758657216831529813e-01 4.193634720420377771e-01 4.193634720420377771e-01
2.081372399999999789e+00 1.737692148035250017e-01 4.168563479227886392e-01 4.168563479227886392e-01
2.087415099999999857e+00 1.716944490149449609e-01 4.143602888971685272e-01 4.143602888971685272e-01
2.093457900000000205e+00 1.696404119836200652e-01 4.118742672025287876e-01 4.118742672025287876e-01
2.099496600000000157e+00 1.676080540658813067e-01 4.093996263626547560e-01 4.093996263626547560e-01
2.105539400000000061e+00 1.655963307154355302e-01 4.069352905750932003e-01 4.069352905750932003e-01
2.111578100000000013e+00 1.636061972746473137e-01 4.044826291383195049e-01 4.044826291383195049e-01
2.117620899999999917e+00 1.616365728426241988e-01 4.020405114445859129e-01 4.020405114445859129e-01
2.123659599999999870e+00 1.596874327767139612e-01 3.996090999673480582e-01 3.996090999673480582e-01
2.129702400000000218e+00 1.577587019271723678e-01 3.971884967206028572e-01 3.971884967206028572e-01
2.135741100000000170e+00 1.558503278926828273e-01 3.947788341498095210e-01 3.947788341498095210e-01
2.141783799999999793e+00 1.539632776819298277e-01 3.923815460517094955e-01 3.923815460517094955e-01
2.147826600000000141e+00 1.520964875891850088e-01 3.899954968832140545e-01 3.899954968832140545e-01
2.153865300000000094e+00 1.502519558389704690e-01 3.876234717338082891e-01 3.876234717338082891e-01
2.159908099999999997e+00 1.484276133591118929e-01 3.852630443724285869e-01 3.852630443724285869e-01
2.165946799999999950e+00 1.466244631125748210e-01 3.829157389199023265e-01 3.829157389199023265e-01
2.171989599999999854e+00 1.448424820655463408e-01 3.805817679100594320e-01 3.805817679100594320e-01
2.178028299999999806e+00 1.430826689328681123e-01 3.782626983101401441e-01 3.782626983101401441e-01
2.184071100000000154e+00 1.413440313591640407e-01 3.759574861060277495e-01 3.759574861060277495e-01
2.190113800000000222e+00 1.396265630219298559e-01 3.736663793036909542e-01 3.736663793036909542e-01
2.196152600000000010e+00 1.379303033060929329e-01 3.713896919760871773e-01 3.713896919760871773e-01
2.202195300000000078e+00 1.362562371460054045e-01 3.691290250657693894e-01 3.691290250657693894e-01
2.208234000000000030e+00 1.346034224883174424e-01 3.668833908591631054e-01 3.668833908591631054e-01
2.214276799999999934e+00 1.329728698733408931e-01 3.646544526991832846e-01 3.646544526991832846e-01
2.220315499999999886e+00 1.313625961788303098e-01 3.624397828313419279e-01 3.624397828313419279e-01
2.226358299999999790e+00 1.297746371971968682e-01 3.602424700076281572e-01 3.602424700076281572e-01
2.232401100000000138e+00 1.282090120666326549e-01 3.580628604960763850e-01 3.580628604960763850e-01
2.238439800000000091e+00 1.266647527157730435e-01 3.558999195220097778e-01 3.558999195220097778e-01
2.244482599999999994e+00 1.251418689761137903e-01 3.537539667284506639e-01 3.537539667284506639e-01
2.250521299999999947e+00 1.236413876640495013e-01 3.516267732469322560e-01 3.516267732469322560e-01
2.256564000000000014e+00 1.221633001137140961e-01 3.495186691919532906e-01 3.495186691919532906e-01
2.262602699999999967e+00 1.207076282729107608e-01 3.474300336368615905e-01 3.474300336368615905e-01
2.268645499999999871e+00 1.192743539451399659e-01 3.453611934556920504e-01 3.453611934556920504e-01
2.274684199999999823e+00 1.178634984712898098e-01 3.433125375969974802e-01 3.433125375969974802e-01
2.280727000000000171e+00 1.164760183109767866e-01 3.412858308089815607e-01 3.412858308089815607e-01
2.286769800000000075e+00 1.151099241995468259e-01 3.392785348346500363e-01 3.392785348346500363e-01
2.292808500000000027e+00 1.137681920031014121e-01 3.372954076223116937e-01 3.372954076223116937e-01
2.298851299999999931e+00 1.124487862851085568e-01 3.353338430357254429e-01 3.353338430357254429e-01
2.304889999999999883e+00 1.111516986880065200e-01 3.333942091398807150e-01 3.333942091398807150e-01
2.310932699999999951e+00 1.098768984032730406e-01 3.314768444450879592e-01 3.314768444450879592e-01
2.316971399999999903e+00 1.086243541750328279e-01 3.295820901915527679e-01 3.295820901915527679e-01
2.323014199999999807e+00 1.073930412221068276e-01 3.277087750154195067e-01 3.277087750154195067e-01
2.329057000000000155e+00 1.061829266672565664e-01 3.258572182218104074e-01 3.258572182218104074e-01
2.335095700000000107e+00 1.049929852379561657e-01 3.240262107267808389e-01 3.240262107267808389e-01
2.341138500000000011e+00 1.038222069343335968e-01 3.222145355727044080e-01 3.222145355727044080e-01
2.347177199999999964e+00 1.026725541284945475e-01 3.204255828246155291e-01 3.204255828246155291e-01
2.353219999999999867e+00 1.015410151115669068e-01 3.186550095504021574e-01 3.186550095504021574e-01
2.359258699999999820e+00 1.004285847412452470e-01 3.169046934667349436e-01 3.169046934667349436e-01
2.365301399999999887e+00 9.933523541806214829e-02 3.151749282827905341e-01 3.151749282827905341e-01
2.371340099999999840e+00 9.825896803792025236e-02 3.134628654847655960e-01 3.134628654847655960e-01
2.377382900000000188e+00 9.719977073716849769e-02 3.117687776817436585e-01 3.117687776817436585e-01
2.383425700000000091e+00 9.615845033229158956e-02 3.100942603988206536e-01 3.100942603988206536e-01
2.389464400000000044e+00 9.513320380529693976e-02 3.084367095617785437e-01 3.084367095617785437e-01
2.395507199999999948e+00 9.412463481500327189e-02 3.067973839767921818e-01 3.067973839767921818e-01
2.401545899999999900e+00 9.313155176102579091e-02 3.051746250280743533e-01 3.051746250280743533e-01
2.407588699999999804e+00 9.215415909142478379e-02 3.035690351327433589e-01 3.035690351327433589e-01
2.413627400000000200e+00 9.119146933236554897e-02 3.019792531488968979e-01 3.019792531488968979e-01
2.419670099999999824e+00 9.024329026156674427e-02 3.004052101105550987e-01 3.004052101105550987e-01
2.425712900000000172e+00 8.930943516244502223e-02 2.988468423163360699e-01 2.988468423163360699e-01
2.431751600000000124e+00 8.838931729109239521e-02 2.973034094844732578e-01 2.973034094844732578e-01
2.437794400000000028e+00 8.748314620246905315e-02 2.957754996656569713e-01 2.957754996656569713e-01
2.443833099999999980e+00 8.659033430333212822e-02 2.942623562458034359e-01 2.942623562458034359e-01
2.449875899999999884e+00 8.571149070698937111e-02 2.927652484619535089e-01 2.927652484619535089e-01
2.455914599999999837e+00 8.484562588939706385e-02 2.912827250102502652e-01 2.912827250102502652e-01
2.461957400000000185e+00 8.399274328093607467e-02 2.898150156236492525e-01 2.898150156236492525e-01
2.468000099999999808e+00 8.315325065776166258e-02 2.883630535588109223e-01 2.883630535588109223e-01
2.474038800000000204e+00 8.232695439617497557e-02 2.869267404690176160e-01 2.869267404690176160e-01
2.480081600000000108e+00 8.151344777921412654e-02 2.855056002589338449e-01 2.855056002589338449e-01
2.486120300000000061e+00 8.071253528013275225e-02 2.840995165080939522e-01 2.840995165080939522e-01
2.492163099999999964e+00 7.992440840482199771e-02 2.827090525696374090e-01 2.827090525696374090e-01
2.498201799999999917e+00 7.914866301467655962e-02 2.813337217872691753e-01 2.813337217872691753e-01
2.504244599999999821e+00 7.838528891283738642e-02 2.799737289690541475e-01 2.799737289690541475e-01
2.510283300000000217e+00 7.763467863194291330e-02 2.786300031079619877e-01 2.786300031079619877e-01
2.516326100000000121e+00 7.689621596833091932e-02 2.773016696097067024e-01 2.773016696097067024e-01
2.522368900000000025e+00 7.617049144225590540e-02 2.759900205483087898e-01 2.759900205483087898e-01
2.528407599999999977e+00 7.545708968431313890e-02 2.746945388687462297e-01 2.746945388687462297e-01
2.534450300000000045e+00 7.475599345244991756e-02 2.734154228503760109e-01 2.734154228503760109e-01
2.540488999999999997e+00 7.406739121227248757e-02 2.721532494979115313e-01 2.721532494979115313e-01
2.546531799999999901e+00 7.339086294013702494e-02 2.709074804063871245e-01 2.709074804063871245e-01
2.552570499999999853e+00 7.272700005457023720e-02 2.696794394361020641e-01 2.696794394361020641e-01
2.558613300000000201e+00 7.207518393016712488e-02 2.684682177282203264e-01 2.684682177282203264e-01
2.564656100000000105e+00 7.143560657279966752e-02 2.672744031380477336e-01 2.672744031380477336e-01
2.570694800000000058e+00 7.080825734978501984e-02 2.660982099710274551e-01 2.660982099710274551e-01
2.576737599999999961e+00 7.019252717952034759e-02 2.649387234428375315e-01 2.649387234428375315e-01
2.582776299999999914e+00 6.958861146541846232e-02 2.637965342179811046e-01 2.637965342179811046e-01
2.588818999999999981e+00 6.899570439867581950e-02 2.626703340666315389e-01 2.626703340666315389e-01
2.594857699999999934e+00 6.841360738182551693e-02 2.615599498811420065e-01 2.615599498811420065e-01
2.600900499999999838e+00 6.784211984083646230e-02 2.604651989054131977e-01 2.604651989054131977e-01
2.606939199999999790e+00 6.728144786810878741e-02 2.593866763504031336e-01 2.593866763504031336e-01
2.612982000000000138e+00 6.673059419250644553e-02 2.583226552056680503e-01 2.583226552056680503e-01
2.619024800000000042e+00 6.618936659369192843e-02 2.572729418218945296e-01 2.572729418218945296e-01
2.625063499999999994e+00 6.565817753905583976e-02 2.562385168920859879e-01 2.562385168920859879e-01
2.631106299999999898e+00 6.513623316245427397e-02 2.552180110463488916e-01 2.552180110463488916e-01
2.637144999999999850e+00 6.462314370298594124e-02 2.542108253064490064e-01 2.542108253064490064e-01
2.643187699999999918e+00 6.411912108260323095e-02 2.532175370755415100e-01 2.532175370755415100e-01
2.649226399999999870e+00 6.362357356556833099e-02 2.522371375621922929e-01 2.522371375621922929e-01
2.655269200000000218e+00 6.313651044689923275e-02 2.512697961293781090e-01 2.512697961293781090e-01
2.661312000000000122e+00 6.265733884769611461e-02 2.503144799001770227e-01 2.503144799001770227e-01
2.667350700000000074e+00 6.218586600257355185e-02 2.493709405736232732e-01 2.493709405736232732e-01
2.673393499999999978e+00 6.172249657926416611e-02 2.484401267494125432e-01 2.484401267494125432e-01
2.679432199999999931e+00 6.126603181380056024e-02 2.475197604511618910e-01 2.475197604511618910e-01
2.685474999999999834e+00 6.081667002065288541e-02 2.466103607325793035e-01 2.466103607325793035e-01
2.691513699999999787e+00 6.037441335167101353e-02 2.457120537370338642e-01 2.457120537370338642e-01
2.697556399999999854e+00 5.993865449367235393e-02 2.448237212642442318e-01 2.448237212642442318e-01
2.703599200000000202e+00 5.950918825837042681e-02 2.439450517193788581e-01 2.439450517193788581e-01
2.709637900000000155e+00 5.908580756621197028e-02 2.430757239343574738e-01 2.430757239343574738e-01
2.715680700000000058e+00 5.866830199188349110e-02 2.422154041176644290e-01 2.422154041176644290e-01
2.721719400000000011e+00 5.825686315427348883e-02 2.413645855428535880e-01 2.413645855428535880e-01
2.727762199999999915e+00 5.785107846445051993e-02 2.405225113465484232e-01 2.405225113465484232e-01
2.733800899999999867e+00 5.745033676866409533e-02 2.396879987998233041e-01 2.396879987998233041e-01
2.739843700000000215e+00 5.705522605235757022e-02 2.388623579644929551e-01 2.388623579644929551e-01
2.745882400000000167e+00 5.666533787192770677e-02 2.380448232411864762e-01 2.380448232411864762e-01
2.751925099999999791e+00 5.628045891262907496e-02 2.372350288482480418e-01 2.372350288482480418e-01
2.757967900000000139e+00 5.589998067386460490e-02 2.364317674803126101e-01 2.364317674803126101e-01
2.764006600000000091e+00 5.552469758953943596e-02 2.356367916721398559e-01 2.356367916721398559e-01
2.770049399999999995e+00 5.515400053409793418e-02 2.348488887222971999e-01 2.348488887222971999e-01
2.776088099999999947e+00 5.478768794581049401e-02 2.340676994927119170e-01 2.340676994927119170e-01
2.782130899999999851e+00 5.442555382212142800e-02 2.332928499164117764e-01 2.332928499164117764e-01
2.788169599999999804e+00 5.406739924627877031e-02 2.325239756375216682e-01 2.325239756375216682e-01
2.794212400000000152e+00 5.371342331288668503e-02 2.317615656507495403e-01 2.317615656507495403e-01
2.800255100000000219e+00 5.336322951674001003e-02 2.310048257434030583e-01 2.310048257434030583e-01
2.806293900000000008e+00 5.301722314722318030e-02 2.302546919114205060e-01 2.302546919114205060e-01
2.812336600000000075e+00 5.267420611274755554e-02 2.295086188201818922e-01 2.295086188201818922e-01
2.818375300000000028e+00 5.233498621611866464e-02 2.287684117532808870e-01 2.287684117532808870e-01
2.824418099999999932e+00 5.199896792859976663e-02 2.280328220423537278e-01 2.280328220423537278e-01
2.830456799999999884e+00 5.166616191128374502e-02 2.273019179665753398e-01 2.273019179665753398e-01
2.836499599999999788e+00 5.133617149944495750e-02 2.265748695231775967e-01 2.265748695231775967e-01
2.842538300000000184e+00 5.100960628290148596e-02 2.258530634791157399e-01 2.258530634791157399e-01
2.848581100000000088e+00 5.068527088031333366e-02 2.251338954496042433e-01 2.251338954496042433e-01
2.854623899999999992e+00 5.036377220261174098e-02 2.244187429842074144e-01 2.244187429842074144e-01
2.860662599999999944e+00 5.004451646808343729e-02 2.237063174523317710e-01 2.237063174523317710e-01
2.866705300000000012e+00 4.972810785897210234e-02 2.229979996748224225e-01 2.229979996748224225e-01
2.872743999999999964e+00 4.941334831480386630e-02 2.222911341345035763e-01 2.222911341345035763e-01
2.878786799999999868e+00 4.910104024440269804e-02 2.215875453278065010e-01 2.215875453278065010e-01
2.884825499999999820e+00 4.879058614293157320e-02 2.208859120517457919e-01 2.208859120517457919e-01
2.890868300000000168e+00 4.848158349258244182e-02 2.201853389592105525e-01 2.201853389592105525e-01
2.896911100000000072e+00 4.817463368551427871e-02 2.194872062000750856e-01 2.194872062000750856e-01
2.902949800000000025e+00 4.786873271309556588e-02 2.187892426813886348e-01 2.187892426813886348e-01
2.908992599999999928e+00 4.756407801290135628e-02 2.180919026761455881e-01 2.180919026761455881e-01
2.915031299999999881e+00 4.726066562528050824e-02 2.173951830774557559e-01 2.173951830774557559e-01
2.921073999999999948e+00 4.695808977677862900e-02 2.166981536072207226e-01 2.166981536072207226e-01
2.927112699999999901e+00 4.665654646636602232e-02 2.160012649647358451e-01 2.160012649647358451e-01
2.933155499999999805e+00 4.635563012112322440e-02 2.153035766565971898e-01 2.153035766565971898e-01
2.939198300000000152e+00 4.605513528262712708e-02 2.146046021934924219e-01 2.146046021934924219e-01
2.945237000000000105e+00 4.575505467674816085e-02 2.139043119638969759e-01 2.139043119638969759e-01
2.951279800000000009e+00 4.545518397037991154e-02 2.132022138027180880e-01 2.132022138027180880e-01
2.957318499999999961e+00 4.515591913569694249e-02 2.124992214943314528e-01 2.124992214943314528e-01
2.963361299999999865e+00 4.485685229757786080e-02 2.117943632337221938e-01 2.117943632337221938e-01
2.969399999999999817e+00 4.455778165430799437e-02 2.110871423235152755e-01 2.110871423235152755e-01
2.975442699999999885e+00 4.425910257409292059e-02 2.103784745977898829e-01 2.103784745977898829e-01
2.981481399999999837e+00 4.396041344402508433e-02 2.096673876501185529e-01 2.096673876501185529e-01
2.987524200000000185e+00 4.366211117893762511e-02 2.089548065466253490e-01 2.089548065466253490e-01
2.993567000000000089e+00 4.336319384535710503e-02 2.082383102249850404e-01 2.082383102249850404e-01
2.999605700000000041e+00 4.306446266481576968e-02 2.075197886101847744e-01 2.075197886101847744e-01
3.005648499999999945e+00 4.276591864427618794e-02 2.067992230262874764e-01 2.067992230262874764e-01
3.011687199999999898e+00 4.246676221387248040e-02 2.060746520411292082e-01 2.060746520411292082e-01
3.017729999999999801e+00 4.216739549210744148e-02 2.053470123768725286e-01 2.053470123768725286e-01
3.023768700000000198e+00 4.186842311420198998e-02 2.046177487761068892e-01 2.046177487761068892e-01
3.029811399999999821e+00 4.156864764879644736e-02 2.038839072825426590e-01 2.038839072825426590e-01
3.035854200000000169e+00 4.126867342893326268e-02 2.031469257186366284e-01 2.031469257186366284e-01
3.041892900000000122e+00 4.096910613890414332e-02 2.024082659846285492e-01 2.024082659846285492e-01
3.047935700000000026e+00 4.066894862440091629e-02 2.016654373570268277e-01 2.016654373570268277e-01
3.053974399999999978e+00 4.036940882747556275e-02 2.009213996255141688e-01 2.009213996255141688e-01
3.060017199999999882e+00 4.006908810914427965e-02 2.001726457564676209e-01 2.001726457564676209e-01
3.066055899999999834e+00 3.976919291262549783e-02 1.994221474977779240e-01 1.994221474977779240e-01
3.072098700000000182e+00 3.946952617924563700e-02 1.986693891349284868e-01 1.986693891349284868e-01
3.078137400000000135e+00 3.916989274718654657e-02 1.979138518325247176e-01 1.979138518325247176e-01
3.084180100000000202e+00 3.887069394545319273e-02 1.971565214377987429e-01 1.971565214377987429e-01
3.090222900000000106e+00 3.857153149140893356e-02 1.963963632336631071e-01 1.963963632336631071e-01
3.096261600000000058e+00 3.827280695178935516e-02 1.956343705788667342e-01 1.956343705788667342e-01
3.102304399999999962e+00 3.797472092377073699e-02 1.948710366467288346e-01 1.948710366467288346e-01
3.108343099999999914e+00 3.767687154347745815e-02 1.941053104463591472e-01 1.941053104463591472e-01
3.114385899999999818e+00 3.737985703403271659e-02 1.933387106454181326e-01 1.933387106454181326e-01
3.120424600000000215e+00 3.708347487558585898e-02 1.925707009791101654e-01 1.925707009791101654e-01
3.126467400000000119e+00 3.678772218376346465e-02 1.918012569921361821e-01 1.918012569921361821e-01
3.132510200000000022e+00 3.649279420028184867e-02 1.910308723748123660e-01 1.910308723748123660e-01
3.138548899999999975e+00 3.619888661426890614e-02 1.902600499691643188e-01 1.902600499691643188e-01
3.144591600000000042e+00 3.590559380815794288e-02 1.894877141351331562e-01 1.894877141351331562e-01
3.150630299999999995e+00 3.561411305795272875e-02 1.887170184640291626e-01 1.887170184640291626e-01
3.156673099999999899e+00 3.532303675165587159e-02 1.879442384103749974e-01 1.879442384103749974e-01
3.162711799999999851e+00 3.503356141500733184e-02 1.871725445010761490e-01 1.871725445010761490e-01
3.168754600000000199e+00 3.474528197938681062e-02 1.864008636766117943e-01 1.864008636766117943e-01
3.174797400000000103e+00 3.445839587193950948e-02 1.856297278776745663e-01 1.856297278776745663e-01
3.180836100000000055e+00 3.417309823367284394e-02 1.848596717341909612e-01 1.848596717341909612e-01
3.186878899999999959e+00 3.388938836520082043e-02 1.840907068952716552e-01 1.840907068952716552e-01
3.192917599999999911e+00 3.360726507193929902e-02 1.833228438355113954e-01 1.833228438355113954e-01
3.198960299999999979e+00 3.332652521810564039e-02 1.825555400915174764e-01 1.825555400915174764e-01
3.204998999999999931e+00 3.304737164789907367e-02 1.817893606565001152e-01 1.817893606565001152e-01
3.211041799999999835e+00 3.277000430506153000e-02 1.810248720619946350e-01 1.810248720619946350e-01
3.217080499999999788e+00 3.249382508879546799e-02 1.802604368373589283e-01 1.802604368373589283e-01
3.223123300000000135e+00 3.221943774802547150e-02 1.794977374454214958e-01 1.794977374454214958e-01
3.229166100000000039e+00 3.194664360477912635e-02 1.787362403229382224e-01 1.787362403229382224e-01
3.235204799999999992e+00 3.167524845810721495e-02 1.779754153193839616e-01 1.779754153193839616e-01
3.241247599999999895e+00 3.140585529008346755e-02 1.772169723533371655e-01 1.772169723533371655e-01
3.247286299999999848e+00 3.113766905847939817e-02 1.764586893821877001e-01 1.764586893821877001e-01
3.253328999999999915e+00 3.087089150285508149e-02 1.757011425769766655e-01 1.757011425769766655e-01
3.259367699999999868e+00 3.060632955741615993e-02 1.749466477455803026e-01 1.749466477455803026e-01
3.265410500000000216e+00 3.034258419823900044e-02 1.741912288211981130e-01 1.741912288211981130e-01
3.271453300000000119e+00 3.008105975205144222e-02 1.734389222523348151e-01 1.734389222523348151e-01
3.277492000000000072e+00 2.982075912541185328e-02 1.726868817409471235e-01 1.726868817409471235e-01
3.283534799999999976e+00 2.956228215585450514e-02 1.719368551412247537e-01 1.719368551412247537e-01
3.289573499999999928e+00 2.930563231019099255e-02 1.711888790494026091e-01 1.711888790494026091e-01
3.295616299999999832e+00 2.905000805312288673e-02 1.704406291150173114e-01 1.704406291150173114e-01
3.301654999999999784e+00 2.879641006230224121e-02 1.696950501997693539e-01 1.696950501997693539e-01
3.307697699999999852e+00 2.854403647796317778e-02 1.689498046106096552e-01 1.689498046106096552e-01
3.313736399999999804e+00 2.829348731789957036e-02 1.682066803605004601e-01 1.682066803605004601e-01
3.319779200000000152e+00 2.804455903335431252e-02 1.674650979558257591e-01 1.674650979558257591e-01
3.325822000000000056e+00 2.779704897374165457e-02 1.667244702308022242e-01 1.667244702308022242e-01
3.331860700000000008e+00 2.755155464581816177e-02 1.659866098389209399e-01 1.659866098389209399e-01
3.337903499999999912e+00 2.730707203447643727e-02 1.652485159826751204e-01 1.652485159826751204e-01
3.343942199999999865e+00 2.706459866754259286e-02 1.645132173034817014e-01 1.645132173034817014e-01
3.349985000000000213e+00 2.682333161496159787e-02 1.637783001956046591e-01 1.637783001956046591e-01
3.356023700000000165e+00 2.658386727222408763e-02 1.630455987514661254e-01 1.630455987514661254e-01
3.362066399999999788e+00 2.634600248027636066e-02 1.623145171581284185e-01 1.623145171581284185e-01
3.368109200000000136e+00 2.610933446629448706e-02 1.615838310793950849e-01 1.615838310793950849e-01
3.374147900000000089e+00 2.587486177271470719e-02 1.608566497621864155e-01 1.608566497621864155e-01
3.380190699999999993e+00 2.564118262219690011e-02 1.601286439778870363e-01 1.601286439778870363e-01
3.386229399999999945e+00 2.540949469810888789e-02 1.594035592391490064e-01 1.594035592391490064e-01
3.392272199999999849e+00 2.517879845047053464e-02 1.586782860081067670e-01 1.586782860081067670e-01
3.398310899999999801e+00 2.494989333034274351e-02 1.579553523320521846e-01 1.579553523320521846e-01
3.404353700000000149e+00 2.472237911949781361e-02 1.572335177991569799e-01 1.572335177991569799e-01
3.410392400000000102e+00 2.449605660672632412e-02 1.565121612103236026e-01 1.565121612103236026e-01
3.416435200000000005e+00 2.427132788996200566e-02 1.557925797012232605e-01 1.557925797012232605e-01
3.422477900000000073e+00 2.404759216420402496e-02 1.550728608242074869e-01 1.550728608242074869e-01
3.428516600000000025e+00 2.382565375337349772e-02 1.543556081047057216e-01 1.543556081047057216e-01
3.434559399999999929e+00 2.360471285096585672e-02 1.536382532150305791e-01 1.536382532150305791e-01
3.440598099999999882e+00 2.338497192375907710e-02 1.529214567147431925e-01 1.529214567147431925e-01
3.446640899999999785e+00 2.316643283468977632e-02 1.522052326127120159e-01 1.522052326127120159e-01
3.452679600000000182e+00 2.294949822314930679e-02 1.514909179559926766e-01 1.514909179559926766e-01
3.458722400000000086e+00 2.273336944503643459e-02 1.507758914582713883e-01 1.507758914582713883e-01
3.464765199999999989e+00 2.251905012808866346e-02 1.500634869916351866e-01 1.500634869916351866e-01
3.470803899999999942e+00 2.230553962778203739e-02 1.493503921246343291e-01 1.493503921246343291e-01
3.476846600000000009e+00 2.209304134060993685e-02 1.486372811262703930e-01 1.486372811262703930e-01
3.482885299999999962e+00 2.188215607908268120e-02 1.479261845620398752e-01 1.479261845620398752e-01
3.488928099999999866e+00 2.167228428124871528e-02 1.472150952900167509e-01 1.472150952900167509e-01
3.494966799999999818e+00 2.146362691648290993e-02 1.465046992982918239e-01 1.465046992982918239e-01
3.501009600000000166e+00 2.125678440012070125e-02 1.457970658145104903e-01 1.457970658145104903e-01
3.507052400000000070e+00 2.105055624069625611e-02 1.450880982048364243e-01 1.450880982048364243e-01
3.513091100000000022e+00 2.084594365148349088e-02 1.443812441125352231e-01 1.443812441125352231e-01
3.519133899999999926e+00 2.064214345316573579e-02 1.436737396087598706e-01 1.436737396087598706e-01
3.525172599999999878e+00 2.043955702479881981e-02 1.429669787916035550e-01 1.429669787916035550e-01
3.531215299999999946e+00 2.023898241753765287e-02 1.422637776018113864e-01 1.422637776018113864e-01
3.537253999999999898e+00 2.003881756447703152e-02 1.415585305252814174e-01 1.415585305252814174e-01
3.543296799999999802e+00 1.984006123477435532e-02 1.408547522619466030e-01 1.408547522619466030e-01
3.549335500000000199e+00 1.964251168031782777e-02 1.401517451918377899e-01 1.401517451918377899e-01
3.555378300000000102e+00 1.944636710698186693e-02 1.394502316490792704e-01 1.394502316490792704e-01
3.561421100000000006e+00 1.925102544660060866e-02 1.387480646589371591e-01 1.387480646589371591e-01
3.567459799999999959e+00 1.905708620014814891e-02 1.380474056262853133e-01 1.380474056262853133e-01
3.573502599999999862e+00 1.886454559499374864e-02 1.373482638950844215e-01 1.373482638950844215e-01
3.579541299999999815e+00 1.867300395762236734e-02 1.366492003548588907e-01 1.366492003548588907e-01
3.585583999999999882e+00 1.848305811531610054e-02 1.359524112155282849e-01 1.359524112155282849e-01
3.591622699999999835e+00 1.829450892250656519e-02 1.352571954555711053e-01 1.352571954555711053e-01
3.597665500000000183e+00 1.810675418245741644e-02 1.345613398508554437e-01 1.345613398508554437e-01
3.603708300000000087e+00 1.792079380950788170e-02 1.338685691620997431e-01 1.338685691620997431e-01
3.609747000000000039e+00 1.773622744901830889e-02 1.331774284517399376e-01 1.331774284517399376e-01
3.615789799999999943e+00 1.755305607507994664e-02 1.324879469049163871e-01 1.324879469049163871e-01
3.621828499999999895e+00 1.737127820871217643e-02 1.318001449495112554e-01 1.318001449495112554e-01
3.627871299999999799e+00 1.719069534131698399e-02 1.311132920085411602e-01 1.311132920085411602e-01
3.633910000000000196e+00 1.701210990806423587e-02 1.304304792142704505e-01 1.304304792142704505e-01
3.639952699999999819e+00 1.683512080448756193e-02 1.297502246799116798e-01 1.297502246799116798e-01
3.645991400000000215e+00 1.665913134122718603e-02 1.290702573842137657e-01 1.290702573842137657e-01
3.652034200000000119e+00 1.648534235667521372e-02 1.283952583107149381e-01 1.283952583107149381e-01
3.658077000000000023e+00 1.631295522527104191e-02 1.277221798485722870e-01 1.277221798485722870e-01
3.664115699999999975e+00 1.614197165065250211e-02 1.270510592268025984e-01 1.270510592268025984e-01
3.670158499999999879e+00 1.597279320013376622e-02 1.263835163307848730e-01 1.263835163307848730e-01
3.676197199999999832e+00 1.580562156272487598e-02 1.257204102869731999e-01 1.257204102869731999e-01
3.682240000000000180e+00 1.563985769473700757e-02 1.250594166575912380e-01 1.250594166575912380e-01
3.688278700000000132e+00 1.547590397865917025e-02 1.244021863901883795e-01 1.244021863901883795e-01
3.694321400000000200e+00 1.531335901394546839e-02 1.237471575994595063e-01 1.237471575994595063e-01
3.700364200000000103e+00 1.515322577783011215e-02 1.230984393801566879e-01 1.230984393801566879e-01
3.706402900000000056e+00 1.499450326602027282e-02 1.224520447604705020e-01 1.224520447604705020e-01
3.712445699999999960e+00 1.483799062644493988e-02 1.218112910466223608e-01 1.218112910466223608e-01
3.718484399999999912e+00 1.468308941972866141e-02 1.211737984043112365e-01 1.211737984043112365e-01
3.724527199999999816e+00 1.452999803536174535e-02 1.205404414931426499e-01 1.205404414931426499e-01
3.730565900000000212e+00 1.437891571635415734e-02 1.199121166369527397e-01 1.199121166369527397e-01
3.736608700000000116e+00 1.422924113764593816e-02 1.192863828676431065e-01 1.192863828676431065e-01
3.742651500000000020e+00 1.408217341296417319e-02 1.186683336571478647e-01 1.186683336571478647e-01
3.748690199999999972e+00 1.393651176718219316e-02 1.180530040582711826e-01 1.180530040582711826e-01
3.754732900000000040e+00 1.379325300026735396e-02 1.174446805958760942e-01 1.174446805958760942e-01
3.760771599999999992e+00 1.365179643215507985e-02 1.168409022224455446e-01 1.168409022224455446e-01
3.766814399999999896e+00 1.351214157633801212e-02 1.162417376691264603e-01 1.162417376691264603e-01
3.772853099999999849e+00 1.337468617892425410e-02 1.156489782874204758e-01 1.156489782874204758e-01
3.778895900000000196e+00 1.323882779256455207e-02 1.150601051301646943e-01 1.150601051301646943e-01
3.784934600000000149e+00 1.310476742370076698e-02 1.144760561152451950e-01 1.144760561152451950e-01
3.790977400000000053e+00 1.297270325034099829e-02 1.138977754407038412e-01 1.138977754407038412e-01
3.797020199999999956e+00 1.284243459695157477e-02 1.133244660122057490e-01 1.133244660122057490e-01
3.803058899999999909e+00 1.271436123196109137e-02 1.127579763562697596e-01 1.127579763562697596e-01
3.809101599999999976e+00 1.258788281591519467e-02 1.121957343926906769e-01 1.121957343926906769e-01
3.815140299999999929e+00 1.246339964555910097e-02 1.116395971219849015e-01 1.116395971219849015e-01
3.821183099999999833e+00 1.234071196654293323e-02 1.110887571563519416e-01 1.110887571563519416e-01
3.827221799999999785e+00 1.221982041552836795e-02 1.105432965653203592e-01 1.105432965653203592e-01
3.833264600000000133e+00 1.210072666977637934e-02 1.100033029948482011e-01 1.100033029948482011e-01
3.839307400000000037e+00 1.198342965464132583e-02 1.094688524405062202e-01 1.094688524405062202e-01
3.845346099999999989e+00 1.186813246025838521e-02 1.089409585980332107e-01 1.089409585980332107e-01
3.851388899999999893e+00 1.175423389223810913e-02 1.084169446730450376e-01 1.084169446730450376e-01
3.857427599999999845e+00 1.164273736876573692e-02 1.079015169901041543e-01 1.079015169901041543e-01
3.863470299999999913e+00 1.153284263884892490e-02 1.073910733666859491e-01 1.073910733666859491e-01
3.869508999999999865e+00 1.142434972568200265e-02 1.068847497339166785e-01 1.068847497339166785e-01
3.875551800000000213e+00 1.131806163510620800e-02 1.063863789923607112e-01 1.063863789923607112e-01
3.881590500000000166e+00 1.121317802196261822e-02 1.058922944409205757e-01 1.058922944409205757e-01
3.887633300000000069e+00 1.111049962381884491e-02 1.054063547601322010e-01 1.054063547601322010e-01
3.893676099999999973e+00 1.100942680312669633e-02 1.049258157134205782e-01 1.049258157134205782e-01
3.899714799999999926e+00 1.091015992693488215e-02 1.044517109813663247e-01 1.044517109813663247e-01
3.905757599999999830e+00 1.081249901555777181e-02 1.039831669817657123e-01 1.039831669817657123e-01
3.911796299999999782e+00 1.071664411410397540e-02 1.035212254279477412e-01 1.035212254279477412e-01
3.917838999999999849e+00 1.062259497027249339e-02 1.030659738724303415e-01 1.030659738724303415e-01
3.923877699999999802e+00 1.053015221918446841e-02 1.026165299509999435e-01 1.026165299509999435e-01
3.929920500000000150e+00 1.043951338781901744e-02 1.021739369302123862e-01 1.021739369302123862e-01
3.935963300000000054e+00 1.035047985503563008e-02 1.017373080783820910e-01 1.017373080783820910e-01
3.942002000000000006e+00 1.026344902865927548e-02 1.013086819016972284e-01 1.013086819016972284e-01
3.948044799999999910e+00 1.017762098966604190e-02 1.008841959360634588e-01 1.008841959360634588e-01
3.954083499999999862e+00 1.009379613966103831e-02 1.004678861112397320e-01 1.004678861112397320e-01
3.960126300000000210e+00 1.001177264532697106e-02 1.000588459124278073e-01 1.000588459124278073e-01
3.966165000000000163e+00 9.930948921492708734e-03 9.965414653436507897e-02 9.965414653436507897e-02
3.972207699999999786e+00 9.852125495089607971e-03 9.925787371835852191e-02 9.925787371835852191e-02
3.978246500000000019e+00 9.774701176741996261e-03 9.886708844070404845e-02 9.886708844070404845e-02
3.984289200000000086e+00 9.698875501347972716e-03 9.848286907552994407e-02 9.848286907552994407e-02
3.990331999999999990e+00 9.624447923709797403e-03 9.810427067008753443e-02 9.810427067008753443e-02
3.996370699999999943e+00 9.551217908050545213e-03 9.773033258948085611e-02 9.773033258948085611e-02
4.002413500000000290e+00 9.479785261204640504e-03 9.736418880268371545e-02 9.736418880268371545e-02
4.008452199999999799e+00 9.409549804645350041e-03 9.700283400316379867e-02 9.700283400316379867e-02
4.014495000000000147e+00 9.340111271148900107e-03 9.664425110242667871e-02 9.664425110242667871e-02
4.020533699999999655e+00 9.272870015373402969e-03 9.629574245714814240e-02 9.629574245714814240e-02
4.026576500000000003e+00 9.206425991956252233e-03 9.595012241761993743e-02 9.595012241761993743e-02
4.032619200000000070e+00 9.141179461823386102e-03 9.560951554015628684e-02 9.560951554015628684e-02
4.038657899999999579e+00 9.076930871745847798e-03 9.527292832565738279e-02 9.527292832565738279e-02
4.044700699999999927e+00 9.013880552773726254e-03 9.494145855617411311e-02 9.494145855617411311e-02
4.050739400000000323e+00 8.952229097127228918e-03 9.461622005305025951e-02 9.461622005305025951e-02
4.056782199999999783e+00 8.891377007799317403e-03 9.429409847810900358e-02 9.429409847810900358e-02
4.062820900000000179e+00 8.831524870581187320e-03 9.397619310538805892e-02 9.397619310538805892e-02
4.068863699999999639e+00 8.772873275981108235e-03 9.366361767506692360e-02 9.366361767506692360e-02
4.074902400000000036e+00 8.715222857610576204e-03 9.335535794806089360e-02 9.335535794806089360e-02
4.080932899999999641e+00 8.657974241858632652e-03 9.304823610288714963e-02 9.304823610288714963e-02
4.087004199999999976e+00 8.601927712993170244e-03 9.274657790448750938e-02 9.274657790448750938e-02
4.093034799999999862e+00 8.546684206859736510e-03 9.244827855000728456e-02 9.244827855000728456e-02
4.099065300000000356e+00 8.492244003923364593e-03 9.215337217879422671e-02 9.215337217879422671e-02
4.105095900000000242e+00 8.439007406751151963e-03 9.186407027097782951e-02 9.186407027097782951e-02
4.111167199999999688e+00 8.385774358182804950e-03 9.157387377512651860e-02 9.157387377512651860e-02
4.117197700000000182e+00 8.333745500777724885e-03 9.128935042368153951e-02 9.128935042368153951e-02
4.123228300000000068e+00 8.282120695266874041e-03 9.100615745798124046e-02 9.100615745798124046e-02
4.129258899999999954e+00 8.231499849948812481e-03 9.072761349197283609e-02 9.072761349197283609e-02
4.135330200000000289e+00 8.181082532002727573e-03 9.044933682456011981e-02 9.044933682456011981e-02
4.141360699999999895e+00 8.131468956935995057e-03 9.017465806387066352e-02 9.017465806387066352e-02
4.147391299999999781e+00 8.082258314652777942e-03 8.990138104975238520e-02 8.990138104975238520e-02
4.153421800000000275e+00 8.033450234812337248e-03 8.962951653787014361e-02 8.962951653787014361e-02
4.159493099999999721e+00 7.985444339125251714e-03 8.936131343666145477e-02 8.936131343666145477e-02
4.165523699999999607e+00 7.937439812767701358e-03 8.909231062649403121e-02 8.909231062649403121e-02
4.171554200000000101e+00 7.890436153639868860e-03 8.882812704115666813e-02 8.882812704115666813e-02
4.177584799999999987e+00 7.843432598265785011e-03 8.856315598636819997e-02 8.856315598636819997e-02
4.183656100000000322e+00 7.796628660050574852e-03 8.829852014643606306e-02 8.829852014643606306e-02
4.189686599999999927e+00 7.750623573920300928e-03 8.803762589893199264e-02 8.803762589893199264e-02
4.195717199999999814e+00 7.704616923301605379e-03 8.777594729367269033e-02 8.777594729367269033e-02
4.201747700000000307e+00 7.659208218071909303e-03 8.751690247073366791e-02 8.751690247073366791e-02
4.207818999999999754e+00 7.613796970972580916e-03 8.725707404544677526e-02 8.725707404544677526e-02
4.213849599999999640e+00 7.569183070588559464e-03 8.700105212345744798e-02 8.700105212345744798e-02
4.219880200000000414e+00 7.524766268278097227e-03 8.674541064677772362e-02 8.674541064677772362e-02
4.225910700000000020e+00 7.480946679256559456e-03 8.649246602598725797e-02 8.649246602598725797e-02
4.231982000000000355e+00 7.437524045421122637e-03 8.624108096157609427e-02 8.624108096157609427e-02
4.238012600000000241e+00 7.394498987686334845e-03 8.599127274140286326e-02 8.599127274140286326e-02
4.244043099999999846e+00 7.351871616322117747e-03 8.574305579067098559e-02 8.574305579067098559e-02
4.250073699999999732e+00 7.309642333767769375e-03 8.549644632245113895e-02 8.549644632245113895e-02
4.256145000000000067e+00 7.268011468754079392e-03 8.525263320715718851e-02 8.525263320715718851e-02
4.262175499999999673e+00 7.226579860093410024e-03 8.500929278669132338e-02 8.500929278669132338e-02
4.268206099999999559e+00 7.185748060867980409e-03 8.476879178605756238e-02 8.476879178605756238e-02
4.274277399999999894e+00 7.145316263837368266e-03 8.452997257681661714e-02 8.452997257681661714e-02
4.280307900000000387e+00 7.105685651701517877e-03 8.429522911589669432e-02 8.429522911589669432e-02
4.286338500000000273e+00 7.066456456635642966e-03 8.406221777133673911e-02 8.406221777133673911e-02
4.292368999999999879e+00 7.027429164718450652e-03 8.382976300049076179e-02 8.382976300049076179e-02
4.298440300000000214e+00 6.989004111066460766e-03 8.360026382175154980e-02 8.360026382175154980e-02
4.304470900000000100e+00 6.951382039931681099e-03 8.337494851531652984e-02 8.337494851531652984e-02
4.310501499999999986e+00 6.914162821380737470e-03 8.315144509496354142e-02 8.315144509496354142e-02
4.316531999999999591e+00 6.877346802815583436e-03 8.292977030485242096e-02 8.292977030485242096e-02
4.322603299999999926e+00 6.841333899955345278e-03 8.271235639223044334e-02 8.271235639223044334e-02
4.328633899999999812e+00 6.805524123710019087e-03 8.249560063245808816e-02 8.249560063245808816e-02
4.334664400000000306e+00 6.770717286984284308e-03 8.228436842428994702e-02 8.228436842428994702e-02
4.340695000000000192e+00 6.736113064140068427e-03 8.207382691296945254e-02 8.207382691296945254e-02
4.346766299999999639e+00 6.702111150478901221e-03 8.186642260706705754e-02 8.186642260706705754e-02
4.352796800000000133e+00 6.668711205893167009e-03 8.166217732765375381e-02 8.166217732765375381e-02
4.358827400000000019e+00 6.636112678180009980e-03 8.146233901736439631e-02 8.146233901736439631e-02
4.364857899999999624e+00 6.604114950818400914e-03 8.126570587165536652e-02 8.126570587165536652e-02
4.370929199999999959e+00 6.572317718589563984e-03 8.106983235821796363e-02 8.106983235821796363e-02
4.376959799999999845e+00 6.541520349237257489e-03 8.087966585760142380e-02 8.087966585760142380e-02
4.382990300000000339e+00 6.511322466997706074e-03 8.069276589011994960e-02 8.069276589011994960e-02
4.389020900000000225e+00 6.481523412413128273e-03 8.050790900534635086e-02 8.050790900534635086e-02
4.395092199999999671e+00 6.452723055192716335e-03 8.032884323325412135e-02 8.032884323325412135e-02
4.401122799999999557e+00 6.424320792066005523e-03 8.015186081474344471e-02 8.015186081474344471e-02
4.407153300000000051e+00 6.396716634008732874e-03 7.997947632992312428e-02 7.997947632992312428e-02
4.413183899999999937e+00 6.370110336189147709e-03 7.981297097708585364e-02 7.981297097708585364e-02
4.419255200000000272e+00 6.343501699211748050e-03 7.964610285011908264e-02 7.964610285011908264e-02
4.425285699999999878e+00 6.317890890033685258e-03 7.948516144560370533e-02 7.948516144560370533e-02
4.431316299999999764e+00 6.292878038082453870e-03 7.932766250232294036e-02 7.932766250232294036e-02
4.437346800000000258e+00 6.268463111070075172e-03 7.917362636048745628e-02 7.917362636048745628e-02
4.443418099999999704e+00 6.244446426533071734e-03 7.902180981560136264e-02 7.902180981560136264e-02
4.449448699999999590e+00 6.221228297441675111e-03 7.887476337486962197e-02 7.887476337486962197e-02
4.455479200000000084e+00 6.198409140557782637e-03 7.872997612445835347e-02 7.872997612445835347e-02
4.461509799999999970e+00 6.176589258998944378e-03 7.859127978980202933e-02 7.859127978980202933e-02
4.467581100000000305e+00 6.154768850087864382e-03 7.845233489251843273e-02 7.845233489251843273e-02
4.473611599999999910e+00 6.133748602273125100e-03 7.831825203790700185e-02 7.831825203790700185e-02
4.479642199999999796e+00 6.112928739589872963e-03 7.818522072354770758e-02 7.818522072354770758e-02
4.485672700000000290e+00 6.092709746931356148e-03 7.805581174346569451e-02 7.805581174346569451e-02
4.491743999999999737e+00 6.073091647819675587e-03 7.793004329409598807e-02 7.793004329409598807e-02
4.497774599999999623e+00 6.053675140366157614e-03 7.780536704088066025e-02 7.780536704088066025e-02
4.503805200000000397e+00 6.035060182174029411e-03 7.768564978278826028e-02 7.768564978278826028e-02
4.509876499999999844e+00 6.016247050766056030e-03 7.756447028611783423e-02 7.756447028611783423e-02
4.515907000000000338e+00 5.998435990648186625e-03 7.744957062920482249e-02 7.744957062920482249e-02
4.521937600000000224e+00 5.980426944582953146e-03 7.733322018759436478e-02 7.733322018759436478e-02
4.527968099999999829e+00 5.963219865947714214e-03 7.722188722083729584e-02 7.722188722083729584e-02
4.534039400000000164e+00 5.946014861560569749e-03 7.711040696015401819e-02 7.711040696015401819e-02
4.540070000000000050e+00 5.929011789405212729e-03 7.700007655454124689e-02 7.700007655454124689e-02
4.546100499999999656e+00 5.912410569097613540e-03 7.689220096406144955e-02 7.689220096406144955e-02
4.552131100000000430e+00 5.896210798186468129e-03 7.678678791423995675e-02 7.678678791423995675e-02
4.558202399999999876e+00 5.880012340170535402e-03 7.668123851484491549e-02 7.668123851484491549e-02
4.564232900000000370e+00 5.864414901792176608e-03 7.657946788658286097e-02 7.657946788658286097e-02
4.570263500000000256e+00 5.849018279036622033e-03 7.647887472391720620e-02 7.647887472391720620e-02
4.576293999999999862e+00 5.833421936381903532e-03 7.637684162350459605e-02 7.637684162350459605e-02
4.582365300000000197e+00 5.818225800315416155e-03 7.627729544442052312e-02 7.627729544442052312e-02
4.588395900000000083e+00 5.803229271192463477e-03 7.617892931245794086e-02 7.617892931245794086e-02
4.594426499999999969e+00 5.788232260112397692e-03 7.608043283336654583e-02 7.608043283336654583e-02
4.600456999999999574e+00 5.773634290631599227e-03 7.598443452860328962e-02 7.598443452860328962e-02
4.606528299999999909e+00 5.758835285607289897e-03 7.588699022630486513e-02 7.588699022630486513e-02
4.612558899999999795e+00 5.744234809419176621e-03 7.579073036604923319e-02 7.579073036604923319e-02
4.618589400000000289e+00 5.729432885425483381e-03 7.569301741525094607e-02 7.569301741525094607e-02
4.624620000000000175e+00 5.714629295720566673e-03 7.559516714526509640e-02 7.559516714526509640e-02
4.630691299999999622e+00 5.700623966886254369e-03 7.550247656127746787e-02 7.550247656127746787e-02
4.636721800000000115e+00 5.685816782893518898e-03 7.540435519844672363e-02 7.540435519844672363e-02
4.642752400000000002e+00 5.671608024499439661e-03 7.531007916938767255e-02 7.531007916938767255e-02
4.648782899999999607e+00 5.656997662635203199e-03 7.521301524759663182e-02 7.521301524759663182e-02
4.654854199999999942e+00 5.642385799901651622e-03 7.511581591051015583e-02 7.511581591051015583e-02
4.660884799999999828e+00 5.627972808247012904e-03 7.501981610379361565e-02 7.501981610379361565e-02
4.666915300000000322e+00 5.613358868890255468e-03 7.492235226479648791e-02 7.492235226479648791e-02
4.672945900000000208e+00 5.598544282579241693e-03 7.482342068215834530e-02 7.482342068215834530e-02
4.679017199999999654e+00 5.583729287233932768e-03 7.472435538185613624e-02 7.472435538185613624e-02
4.685047800000000429e+00 5.569114423447903486e-03 7.462649947202336376e-02 7.462649947202336376e-02
4.691078300000000034e+00 5.554099932534810498e-03 7.452583399422518795e-02 7.452583399422518795e-02
4.697108899999999920e+00 5.539486171434395041e-03 7.442772448109907790e-02 7.442772448109907790e-02
4.703180200000000255e+00 5.524473370466856208e-03 7.432680115857842607e-02 7.432680115857842607e-02
4.709210699999999861e+00 5.510062000256240808e-03 7.422979186456231393e-02 7.422979186456231393e-02
4.715241299999999747e+00 5.495452212051742981e-03 7.413131735003596068e-02 7.413131735003596068e-02
4.721271800000000241e+00 5.480644204818721672e-03 7.403137311180120472e-02 7.403137311180120472e-02
4.727343099999999687e+00 5.465838088443074685e-03 7.393130655171105403e-02 7.393130655171105403e-02
4.733373699999999573e+00 5.451634116458550609e-03 7.383518210486482436e-02 7.383518210486482436e-02
4.739404200000000067e+00 5.436632038851072803e-03 7.373352045610648275e-02 7.373352045610648275e-02
4.745475500000000402e+00 5.422031909717373380e-03 7.363444784689686384e-02 7.363444784689686384e-02
4.751506100000000288e+00 5.407833591650488061e-03 7.353797380707798037e-02 7.353797380707798037e-02
4.757536599999999893e+00 5.393036977753570306e-03 7.343729963549565365e-02 7.343729963549565365e-02
4.763567199999999779e+00 5.378641624781623116e-03 7.333922296276136621e-02 7.333922296276136621e-02
4.769638500000000114e+00 5.364447377935302463e-03 7.324238784976430661e-02 7.324238784976430661e-02
4.775669100000000000e+00 5.350053911461057250e-03 7.314406272187140567e-02 7.314406272187140567e-02
4.781699599999999606e+00 5.336460717516893458e-03 7.305108293185592905e-02 7.305108293185592905e-02
4.787730200000000380e+00 5.322467612167192802e-03 7.295524389766093465e-02 7.295524389766093465e-02
4.793801499999999827e+00 5.308474079580832901e-03 7.285927586505944187e-02 7.285927586505944187e-02
4.799832000000000320e+00 5.294479874329439083e-03 7.276317663715238526e-02 7.276317663715238526e-02
4.805862600000000207e+00 5.280884635726412063e-03 7.266969544264247072e-02 7.266969544264247072e-02
4.811893099999999812e+00 5.267287982473139139e-03 7.257608409437049657e-02 7.257608409437049657e-02
4.817964400000000147e+00 5.253689904342499946e-03 7.248234201750451688e-02 7.248234201750451688e-02
4.823995000000000033e+00 5.240690018916672153e-03 7.239261025074777978e-02 7.239261025074777978e-02
4.830025499999999639e+00 5.227288435559261474e-03 7.229998918090695115e-02 7.229998918090695115e-02
4.836056100000000413e+00 5.214285046514219486e-03 7.221000655389957223e-02 7.221000655389957223e-02
4.842127399999999859e+00 5.201079849562226069e-03 7.211851253015570673e-02 7.211851253015570673e-02
4.848157900000000353e+00 5.188272932375879477e-03 7.202966702946696220e-02 7.202966702946696220e-02
4.854188500000000239e+00 5.175864643614520692e-03 7.194348228724073424e-02 7.194348228724073424e-02
4.860218999999999845e+00 5.163255103012117340e-03 7.185579380267201333e-02 7.185579380267201333e-02
4.866290300000000180e+00 5.151044522019461967e-03 7.177077763281837497e-02 7.177077763281837497e-02
4.872320900000000066e+00 5.138833339674666635e-03 7.168565644307560436e-02 7.168565644307560436e-02
4.878351499999999952e+00 5.127021823017673813e-03 7.160322494844539865e-02 7.160322494844539865e-02
4.884381999999999557e+00 5.115010303795073862e-03 7.151930021885752331e-02 7.151930021885752331e-02
4.890453299999999892e+00 5.103799047750082543e-03 7.144087798837639447e-02 7.144087798837639447e-02
4.896483899999999778e+00 5.092188513280382703e-03 7.135957198078182739e-02 7.135957198078182739e-02
4.902514400000000272e+00 5.080978916311713889e-03 7.128098565754904803e-02 7.128098565754904803e-02
4.908545000000000158e+00 5.070170605137046087e-03 7.120513046920878830e-02 7.120513046920878830e-02
4.914616299999999605e+00 5.059163544554040950e-03 7.112779727050487499e-02 7.112779727050487499e-02
4.920646800000000098e+00 5.048958074739356289e-03 7.105602067903434016e-02 7.105602067903434016e-02
4.926677399999999984e+00 5.038554243811344154e-03 7.098277427525176431e-02 7.098277427525176431e-02
4.932707899999999590e+00 5.028352186787883593e-03 7.091087495432477072e-02 7.091087495432477072e-02
4.938779199999999925e+00 5.018351685403352885e-03 7.084032527736834617e-02 7.084032527736834617e-02
4.944809799999999811e+00 5.008552764714319094e-03 7.077112945767023711e-02 7.077112945767023711e-02
4.950840300000000305e+00 4.998955387463733212e-03 7.070329120673049528e-02 7.070329120673049528e-02
4.956870900000000191e+00 4.989359178871255983e-03 7.063539607640956230e-02 7.063539607640956230e-02
4.962942199999999637e+00 4.980564159227137376e-03 7.057311215489321665e-02 7.057311215489321665e-02
4.968972800000000412e+00 4.971369818419358981e-03 7.050794152731562625e-02 7.050794152731562625e-02
4.975003300000000017e+00 4.962376120085256956e-03 7.044413474580589474e-02 7.044413474580589474e-02
4.981074600000000352e+00 4.953382634370323730e-03 7.038027162756850530e-02 7.038027162756850530e-02
4.987105200000000238e+00 4.945189191835774704e-03 7.032203916153011158e-02 7.032203916153011158e-02
4.993135699999999844e+00 4.936595366489091030e-03 7.026090923471664529e-02 7.026090923471664529e-02
4.999166299999999730e+00 4.928001105540090118e-03 7.019972297338565592e-02 7.019972297338565592e-02
5.005237600000000064e+00 4.919606113532052662e-03 7.013990386029947399e-02 7.013990386029947399e-02
5.011268099999999670e+00 4.912010026133165584e-03 7.008573339940993296e-02 7.008573339940993296e-02
5.017298699999999556e+00 4.903612911080711644e-03 7.002580175250198991e-02 7.002580175250198991e-02
5.023329200000000050e+00 4.895814557726411997e-03 6.997009759694788888e-02 6.997009759694788888e-02
5.029400500000000385e+00 4.887814883239396425e-03 6.991290927460676319e-02 6.991290927460676319e-02
5.035431100000000271e+00 4.880413753376042219e-03 6.985995815469718540e-02 6.985995815469718540e-02
5.041461599999999876e+00 4.872811382264473877e-03 6.980552544222036471e-02 6.980552544222036471e-02
5.047492199999999762e+00 4.865407726889851674e-03 6.975247470082944490e-02 6.975247470082944490e-02
5.053563500000000097e+00 4.857802843526771476e-03 6.969794002355285401e-02 6.969794002355285401e-02
5.059594099999999983e+00 4.850396927138693817e-03 6.964479109839223636e-02 6.964479109839223636e-02
5.065624599999999589e+00 4.843190110767162625e-03 6.959303205614167376e-02 6.959303205614167376e-02
5.071655200000000363e+00 4.835982479404670430e-03 6.954122863024976564e-02 6.954122863024976564e-02
5.077726499999999810e+00 4.828774384965758143e-03 6.948938325360039248e-02 6.948938325360039248e-02
5.083757000000000303e+00 4.821766053549376638e-03 6.943893758943447958e-02 6.943893758943447958e-02
5.089787600000000189e+00 4.814357660740356537e-03 6.938557242496710964e-02 6.938557242496710964e-02
5.095818099999999795e+00 4.807349430844338328e-03 6.933505196395499393e-02 6.933505196395499393e-02
5.101889400000000130e+00 4.800341534105863339e-03 6.928449706901150529e-02 6.928449706901150529e-02
5.107920000000000016e+00 4.793734279500768899e-03 6.923679859367248834e-02 6.923679859367248834e-02
5.113950499999999622e+00 4.786727808578186347e-03 6.918618220843079925e-02 6.918618220843079925e-02
5.119981100000000396e+00 4.779522285273915191e-03 6.913408916933755366e-02 6.913408916933755366e-02
5.126052399999999842e+00 4.772317818637043449e-03 6.908196449607555134e-02 6.908196449607555134e-02
5.132082900000000336e+00 4.765714563104241075e-03 6.903415504736942765e-02 6.903415504736942765e-02
5.138113500000000222e+00 4.758912561958795161e-03 6.898487197899837164e-02 6.898487197899837164e-02
5.144143999999999828e+00 4.751911844306504207e-03 6.893411234147070465e-02 6.893411234147070465e-02
5.150215300000000163e+00 4.744912405466434301e-03 6.888332458198018204e-02 6.888332458198018204e-02
5.156245900000000049e+00 4.737714187996729803e-03 6.883105540376908971e-02 6.883105540376908971e-02
5.162276499999999935e+00 4.730917095325873345e-03 6.878166249318108660e-02 6.878166249318108660e-02
5.168307000000000428e+00 4.723721011228919874e-03 6.872933152031175663e-02 6.872933152031175663e-02
5.174378299999999875e+00 4.716525907563725618e-03 6.867696780991226768e-02 6.867696780991226768e-02
5.180408899999999761e+00 4.709531328306649535e-03 6.862602515304706829e-02 6.862602515304706829e-02
5.186439400000000255e+00 4.702337197439329652e-03 6.857358964965543091e-02 6.857358964965543091e-02
5.192470000000000141e+00 4.695143287138997187e-03 6.852111562970203407e-02 6.852111562970203407e-02
5.198541299999999588e+00 4.688149403047844194e-03 6.847006209320861958e-02 6.847006209320861958e-02
5.204571800000000081e+00 4.680555227278209579e-03 6.841458344006934311e-02 6.841458344006934311e-02
5.210602399999999967e+00 4.673360569359906111e-03 6.836198190046793854e-02 6.836198190046793854e-02
5.216673700000000302e+00 4.665765248106499424e-03 6.830640707947167878e-02 6.830640707947167878e-02
5.222704199999999908e+00 4.658569105679706730e-03 6.825371129601456865e-02 6.825371129601456865e-02
5.228734799999999794e+00 4.651171818429551512e-03 6.819950013328214544e-02 6.819950013328214544e-02
5.234765300000000288e+00 4.643973362986947816e-03 6.814670471113733197e-02 6.814670471113733197e-02
5.240836599999999734e+00 4.636373656425643065e-03 6.809092198249075412e-02 6.809092198249075412e-02
5.246867199999999620e+00 4.629172655972167184e-03 6.803802360424769657e-02 6.803802360424769657e-02
5.252897800000000395e+00 4.621770479760399682e-03 6.798360449226269198e-02 6.798360449226269198e-02
5.258928300000000000e+00 4.614166986441339477e-03 6.792765995116671618e-02 6.792765995116671618e-02
5.264999600000000335e+00 4.606962346396749862e-03 6.787460752296656241e-02 6.787460752296656241e-02
5.271030200000000221e+00 4.599956766148357960e-03 6.782298110632087318e-02 6.782298110632087318e-02
5.277060699999999827e+00 4.592750404715428315e-03 6.776983403193066746e-02 6.776983403193066746e-02
5.283091299999999713e+00 4.585343577988260089e-03 6.771516505176856937e-02 6.771516505176856937e-02
5.289162600000000047e+00 4.578136274226406351e-03 6.766192632660118778e-02 6.766192632660118778e-02
5.295193099999999653e+00 4.571128943039818801e-03 6.761012456015606797e-02 6.761012456015606797e-02
5.301223700000000427e+00 4.564321894484284908e-03 6.755976535249574866e-02 6.755976535249574866e-02
5.307254200000000033e+00 4.557315186371509522e-03 6.750788980831433361e-02 6.750788980831433361e-02
5.313325500000000368e+00 4.550309119331933001e-03 6.745597912217962677e-02 6.745597912217962677e-02
5.319356100000000254e+00 4.543704085368542936e-03 6.740700323681911299e-02 6.740700323681911299e-02
5.325386599999999859e+00 4.537100031953206214e-03 6.735799901981356919e-02 6.735799901981356919e-02
5.331417199999999745e+00 4.530697202512783649e-03 6.731045388728844336e-02 6.731045388728844336e-02
5.337488500000000080e+00 4.524295797824765680e-03 6.726288573815998595e-02 6.726288573815998595e-02
5.343519099999999966e+00 4.518095688278424456e-03 6.721678129960124981e-02 6.721678129960124981e-02
5.349549599999999572e+00 4.511697070235698610e-03 6.716916755651880511e-02 6.716916755651880511e-02
5.355580200000000346e+00 4.505899685193758344e-03 6.712599857874561315e-02 6.712599857874561315e-02
5.361651499999999793e+00 4.499903681766364259e-03 6.708132140742581462e-02 6.708132140742581462e-02
5.367682000000000286e+00 4.494308657286009284e-03 6.703960513969342561e-02 6.703960513969342561e-02
5.373712600000000172e+00 4.488714661571320715e-03 6.699787057490201592e-02 6.699787057490201592e-02
5.379743099999999778e+00 4.483521278753185325e-03 6.695910153782819174e-02 6.695910153782819174e-02
5.385814400000000113e+00 4.478128530133296259e-03 6.691882044786276462e-02 6.691882044786276462e-02
5.391844999999999999e+00 4.473335858767688196e-03 6.688300126913929167e-02 6.688300126913929167e-02
5.397875499999999604e+00 4.468143263493444886e-03 6.684417149979079986e-02 6.684417149979079986e-02
5.403906100000000379e+00 4.463750385930175674e-03 6.681130432741284875e-02 6.681130432741284875e-02
5.409977399999999825e+00 4.459356935347648550e-03 6.677841668793629837e-02 6.677841668793629837e-02
5.416007900000000319e+00 4.455162803532784939e-03 6.674700595182367358e-02 6.674700595182367358e-02
5.422038500000000205e+00 4.450767752249616335e-03 6.671407461885098256e-02 6.671407461885098256e-02
5.428069100000000091e+00 4.447171532839419919e-03 6.668711669310212198e-02 6.668711669310212198e-02
5.434140400000000426e+00 4.443574252432830329e-03 6.666013990709013237e-02 6.666013990709013237e-02
5.440170900000000032e+00 4.440175710048780387e-03 6.663464346755958168e-02 6.663464346755958168e-02
5.446201499999999918e+00 4.436975811989161793e-03 6.661062837107274703e-02 6.661062837107274703e-02
5.452272800000000252e+00 4.433974776736041186e-03 6.658809786092437233e-02 6.658809786092437233e-02
5.458303299999999858e+00 4.431572590143324775e-03 6.657005775980162632e-02 6.657005775980162632e-02
5.464333899999999744e+00 4.429169360555504018e-03 6.655200493265026052e-02 6.655200493265026052e-02
5.470364400000000238e+00 4.426965235037815319e-03 6.653544344962175616e-02 6.653544344962175616e-02
5.476435699999999684e+00 4.424960354369638152e-03 6.652037548277699164e-02 6.652037548277699164e-02
5.482466299999999571e+00 4.423554979484356151e-03 6.650981115207256489e-02 6.650981115207256489e-02
