3.577503900000000153e-02 5.917342173457137542e+05
4.190623799999999843e-02 5.815148475988595746e+05
4.803784500000000263e-02 5.699245504441509256e+05
5.416904399999999953e-02 5.570647125581823057e+05
6.030024300000000337e-02 5.430436048770998605e+05
6.643184900000000115e-02 5.279768327470591757e+05
7.256304800000000499e-02 5.119890834274129011e+05
7.869424699999999495e-02 4.952064672857243568e+05
8.482544599999999879e-02 4.777587930943215615e+05
9.095705299999999605e-02 4.597757352557804552e+05
9.708825199999999989e-02 4.413900415292760590e+05
1.032198599999999966e-01 4.227275393885858939e+05
1.093510599999999999e-01 4.039154340017004870e+05
1.154822600000000032e-01 3.850723094967181678e+05
1.216134600000000066e-01 3.663118768498014542e+05
1.277450599999999936e-01 3.477394707579451497e+05
1.338762599999999969e-01 3.294559787380182534e+05
1.400074600000000002e-01 3.115498251240163227e+05
1.461390700000000098e-01 2.941001244547613314e+05
1.522702700000000131e-01 2.771797107922980213e+05
1.584014599999999939e-01 2.608479391326452314e+05
1.645330700000000035e-01 2.451542056429682416e+05
1.706642700000000068e-01 2.301411855154254299e+05
1.767954700000000101e-01 2.158386760924220725e+05
1.829270799999999919e-01 2.022673673140261963e+05
1.890582799999999952e-01 1.894418481932276045e+05
1.951894700000000038e-01 1.773657744816771010e+05
2.013210800000000134e-01 1.660354123838290398e+05
2.074522799999999889e-01 1.554425392231983715e+05
2.135834799999999922e-01 1.455705950109448167e+05
2.197146799999999955e-01 1.363985826332731231e+05
2.258462800000000104e-01 1.279005586263882578e+05
2.319774800000000137e-01 1.200486027595560154e+05
2.381086799999999892e-01 1.128102669502279459e+05
2.442402899999999988e-01 1.061511433567796485e+05
2.503714899999999743e-01 1.000367178079323639e+05
2.565026899999999777e-01 9.443033300558807969e+04
2.626342899999999925e-01 8.929525365623345715e+04
2.687654899999999958e-01 8.459601215545198647e+04
2.748966899999999991e-01 8.029683372670708923e+04
2.810283000000000087e-01 7.636311436846695142e+04
2.871595000000000120e-01 7.276239116366897360e+04
2.932907000000000153e-01 6.946299459370177647e+04
2.994222999999999746e-01 6.643509895486252208e+04
3.055534999999999779e-01 6.365132923597045738e+04
3.116846999999999812e-01 6.108563825110094331e+04
3.178163099999999908e-01 5.871397589789601625e+04
3.239475099999999941e-01 5.651468406595319539e+04
3.300787099999999974e-01 5.446749767194991000e+04
3.362103100000000122e-01 5.255399703572415456e+04
3.423415100000000155e-01 5.075784496558166575e+04
3.484727100000000188e-01 4.906394043732469436e+04
3.546039100000000222e-01 4.745882112100908853e+04
3.607355199999999762e-01 4.593032950182203786e+04
3.668667099999999848e-01 4.446791662772682321e+04
3.729979099999999881e-01 4.306192381406762433e+04
3.791295199999999976e-01 4.170383130331758730e+04
3.852607200000000010e-01 4.038642317960932996e+04
3.913919200000000043e-01 3.910317373390182911e+04
3.975235200000000191e-01 3.784846892484965792e+04
4.036547200000000224e-01 3.661778402402080246e+04
4.097842899999999955e-01 3.540746347300575871e+04
4.159167100000000228e-01 3.421348776577052922e+04
4.220491399999999893e-01 3.303399160999627929e+04
4.281815600000000166e-01 3.186722145032959088e+04
4.343099000000000265e-01 3.071281702627983395e+04
4.404423299999999930e-01 2.956871012591226099e+04
4.465747500000000203e-01 2.843569772642126554e+04
4.527071699999999921e-01 2.731430256597404150e+04
4.588355199999999967e-01 2.620623302985721239e+04
4.649679400000000240e-01 2.511138972882540838e+04
4.711003599999999958e-01 2.403222175583298667e+04
4.772287100000000004e-01 2.297140743728138841e+04
4.833611300000000277e-01 2.192972006212630731e+04
4.894935499999999995e-01 2.091018720521403884e+04
4.956259700000000268e-01 1.991518853541043791e+04
5.017543199999999759e-01 1.894772934403223189e+04
5.078867400000000032e-01 1.800882022159717962e+04
5.140191600000000305e-01 1.710127037604009092e+04
5.201515799999999468e-01 1.622703916608831059e+04
5.262799299999999514e-01 1.538838088767904264e+04
5.324123499999999787e-01 1.458559619783977359e+04
5.385447700000000060e-01 1.382034052255640563e+04
5.446771900000000333e-01 1.309334658004699668e+04
5.508055400000000379e-01 1.240542230179731632e+04
5.569379599999999542e-01 1.175564460761826558e+04
5.630703799999999815e-01 1.114410618905993579e+04
5.691987299999999861e-01 1.057044620548571220e+04
5.753311500000000134e-01 1.003284526210096374e+04
5.814635700000000407e-01 9.530342091904962217e+03
5.875959899999999569e-01 9.061323809764893667e+03
5.937243399999999616e-01 8.624242987380532213e+03
5.998567599999999889e-01 8.216524988058770759e+03
6.059891800000000162e-01 7.836356805029419775e+03
6.121216000000000435e-01 7.481556069904674587e+03
6.182499500000000481e-01 7.150133120233800582e+03
6.243823699999999643e-01 6.839472286893668752e+03
6.305147899999999916e-01 6.547692737908848358e+03
6.366472100000000189e-01 6.272791961624022406e+03
6.427755600000000236e-01 6.013073115485658491e+03
6.489079800000000509e-01 5.766490760402581145e+03
6.550403999999999671e-01 5.531702993361033805e+03
6.611687499999999718e-01 5.307530687828286318e+03
6.673011699999999990e-01 5.092551596388554572e+03
6.734335900000000263e-01 4.885991454559621161e+03
6.795660199999999929e-01 4.687115210762570314e+03
6.856943599999999472e-01 4.495493660719026593e+03
6.918267799999999745e-01 4.310479358312622026e+03
6.979592100000000521e-01 4.131952639177995479e+03
7.040916299999999683e-01 3.959785194438237795e+03
7.102199700000000337e-01 3.794052322818348784e+03
7.163523899999999500e-01 3.634572241412814492e+03
7.224848200000000276e-01 3.481543283237894229e+03
7.286131599999999819e-01 3.335171401904868617e+03
7.347455800000000092e-01 3.195374433779843912e+03
7.408780099999999758e-01 3.062348972863417657e+03
7.470104300000000030e-01 2.936160960187278761e+03
7.531387699999999574e-01 2.816908664485009922e+03
7.592712000000000350e-01 2.704401375522268609e+03
7.654036199999999512e-01 2.598630679145544946e+03
7.715360399999999785e-01 2.499445020285421833e+03
7.776643899999999832e-01 2.406692587009556064e+03
7.837968100000000105e-01 2.319982720255367440e+03
7.899292300000000377e-01 2.239061326245061991e+03
7.960616499999999540e-01 2.163568416722508118e+03
8.021899999999999586e-01 2.093156355307499780e+03
8.083224199999999859e-01 2.027316449247000037e+03
8.144548400000000132e-01 1.965669713123501651e+03
8.205831900000000179e-01 1.907824538939969898e+03
8.267156100000000452e-01 1.853283892711059252e+03
8.328480299999999614e-01 1.801684401832502999e+03
8.389804499999999887e-01 1.752648307989064051e+03
8.451087999999999933e-01 1.705859833476976974e+03
8.512412200000000206e-01 1.660947126731369053e+03
8.573736400000000479e-01 1.617671494638081185e+03
8.635060599999999642e-01 1.575803361214104598e+03
8.696344099999999688e-01 1.535180567548865838e+03
8.757668299999999961e-01 1.495599777733488509e+03
8.818992500000000234e-01 1.456975502823205488e+03
8.880316700000000507e-01 1.419227825179320007e+03
8.941600200000000553e-01 1.382329583500490116e+03
9.002924399999999716e-01 1.346204004133660874e+03
9.064248599999999989e-01 1.310866602568225744e+03
9.125532100000000035e-01 1.276344233755297637e+03
9.186856300000000308e-01 1.242603854175360539e+03
9.248180499999999471e-01 1.209685710234220096e+03
9.309504699999999744e-01 1.177607291198856956e+03
9.370788199999999790e-01 1.146403843285688936e+03
9.432112400000000063e-01 1.116043687020787956e+03
9.493436600000000336e-01 1.086550981783437692e+03
9.554760799999999499e-01 1.057921427678377540e+03
9.616044299999999545e-01 1.030161302721457560e+03
9.677368499999999818e-01 1.003214774315997943e+03
9.738692700000000091e-01 9.770754896859781411e+02
9.799976200000000137e-01 9.517302329368591245e+02
9.861300400000000410e-01 9.271124548304984501e+02
9.922624599999999573e-01 9.032049705748380575e+02
9.983948900000000348e-01 8.799738246387369145e+02
1.004523199999999949e+00 8.574020520184207044e+02
1.010655700000000046e+00 8.354304188670382700e+02
1.016788100000000084e+00 8.140506470834374113e+02
1.022920499999999899e+00 7.932431984115694377e+02
1.029048799999999986e+00 7.730076751983402801e+02
1.035181300000000082e+00 7.533083035940384207e+02
1.041313699999999898e+00 7.341560093560556197e+02
1.047446099999999936e+00 7.155512301179885526e+02
1.053574500000000080e+00 6.975095200724557571e+02
1.059706899999999896e+00 6.800132799850488254e+02
1.065839299999999934e+00 6.630811067476528251e+02
1.071967600000000020e+00 6.467297340542802431e+02
1.078100099999999895e+00 6.309410726053563394e+02
1.084232499999999932e+00 6.157277146593971793e+02
1.090364899999999970e+00 6.010862839482850859e+02
1.096493299999999893e+00 5.870178936200352382e+02
1.102625699999999931e+00 5.734910995377163090e+02
1.108758099999999969e+00 5.604968624367635357e+02
1.114890500000000007e+00 5.480116480826751513e+02
1.121018899999999929e+00 5.360149583320015836e+02
1.127151299999999967e+00 5.244590796772301928e+02
1.133283700000000005e+00 5.133170047841273345e+02
1.139416100000000043e+00 5.025519588445146155e+02
1.145544499999999966e+00 4.921333219773597420e+02
1.151676900000000003e+00 4.820109301039175875e+02
1.157809300000000041e+00 4.721570846363827059e+02
1.163937699999999964e+00 4.625465073989911957e+02
1.170070100000000002e+00 4.531393031394388231e+02
1.176202500000000040e+00 4.439193545553769695e+02
1.182334900000000077e+00 4.348696403181411938e+02
1.188463300000000000e+00 4.259846028444045487e+02
1.194595700000000038e+00 4.172470449508825254e+02
1.200728100000000076e+00 4.086626354990326604e+02
1.206860499999999892e+00 4.002360721660131730e+02
1.212988900000000037e+00 3.919814909597349128e+02
1.219121300000000074e+00 3.839000631484032056e+02
1.225253699999999890e+00 3.760112391988164973e+02
1.231382100000000035e+00 3.683348457110196819e+02
1.237514500000000073e+00 3.608754258859455604e+02
1.243646900000000111e+00 3.536511601916401446e+02
1.249779299999999926e+00 3.466726177304435623e+02
1.255907700000000071e+00 3.399512266138108885e+02
1.262040100000000109e+00 3.334811702231085633e+02
1.268172499999999925e+00 3.272652147352561656e+02
1.274305000000000021e+00 3.212966449296104088e+02
1.280433300000000107e+00 3.155678812555386799e+02
1.286565699999999923e+00 3.100549849491562213e+02
1.292698099999999961e+00 3.047415274726610050e+02
1.298830600000000057e+00 2.996036395817337734e+02
1.304958899999999922e+00 2.946184301792685005e+02
1.311091299999999960e+00 2.897512641621173088e+02
1.317223800000000056e+00 2.849771058483931938e+02
1.323352099999999920e+00 2.802715863024420742e+02
1.329484499999999958e+00 2.756024783533999880e+02
1.335616899999999996e+00 2.709499019960879878e+02
1.341749400000000092e+00 2.662944624571887857e+02
1.347877699999999956e+00 2.616245970522948028e+02
1.354010099999999994e+00 2.569241562772204475e+02
1.360142600000000090e+00 2.521916910710846764e+02
1.366274999999999906e+00 2.474283034023715686e+02
1.372403299999999993e+00 2.426433645665679535e+02
1.378535700000000030e+00 2.378416288685465929e+02
1.384668199999999905e+00 2.330417203928148524e+02
1.390800599999999942e+00 2.282628943472323328e+02
1.396928900000000029e+00 2.235300072183684392e+02
1.403061399999999903e+00 2.188601115706325970e+02
1.409193799999999941e+00 2.142806440721808769e+02
1.415322100000000027e+00 2.098181286354501651e+02
1.421454500000000065e+00 2.054887655107761759e+02
1.427586999999999939e+00 2.013152719337426220e+02
1.433719399999999977e+00 1.973142839131144513e+02
1.439847700000000064e+00 1.935007837474353778e+02
1.445980199999999938e+00 1.898777397128420148e+02
1.452112599999999976e+00 1.864512859282976649e+02
1.458245000000000013e+00 1.832199357629848464e+02
1.464373300000000100e+00 1.801795189620202109e+02
1.470505799999999974e+00 1.773153735430638847e+02
1.476638200000000012e+00 1.746152052809265740e+02
1.482766500000000098e+00 1.720628476235901871e+02
1.488898999999999972e+00 1.696345325900753096e+02
1.495031400000000010e+00 1.673100614100609675e+02
1.501163800000000048e+00 1.650665381360668391e+02
1.507292099999999913e+00 1.628826215484291424e+02
1.513424600000000009e+00 1.607335056775762325e+02
1.519557000000000047e+00 1.586005963522765398e+02
1.525689400000000084e+00 1.564661298558651197e+02
1.531817800000000007e+00 1.543167713835096038e+02
1.537950200000000045e+00 1.521383815306577389e+02
1.544082600000000083e+00 1.499246888347648792e+02
1.550214999999999899e+00 1.476718020877956405e+02
1.556343400000000043e+00 1.453810552929749349e+02
1.562475800000000081e+00 1.430527879374731128e+02
1.568608199999999897e+00 1.406949701159525432e+02
1.574736600000000042e+00 1.383183355546911173e+02
1.580869000000000080e+00 1.359310853189015802e+02
1.587001399999999895e+00 1.335475838151164112e+02
1.593133799999999933e+00 1.311815023022431888e+02
1.599262200000000078e+00 1.288482129347926275e+02
1.605394599999999894e+00 1.265580795783839392e+02
1.611526999999999932e+00 1.243250234304384634e+02
1.617659399999999970e+00 1.221598895623369145e+02
1.623787799999999892e+00 1.200728998144325459e+02
1.629920199999999930e+00 1.180679446695193064e+02
1.636052599999999968e+00 1.161505688963536898e+02
1.642180999999999891e+00 1.143235549108402296e+02
1.648313399999999929e+00 1.125836411663410388e+02
1.654445799999999966e+00 1.109288255365653697e+02
1.660578200000000004e+00 1.093537823024573044e+02
1.666706599999999927e+00 1.078523674935491812e+02
1.672838999999999965e+00 1.064141346726972728e+02
1.678971400000000003e+00 1.050306334957854091e+02
1.685103800000000041e+00 1.036918943603745475e+02
1.691232199999999963e+00 1.023887160235257738e+02
1.697364600000000001e+00 1.011097072885170434e+02
1.703497000000000039e+00 9.984676051195455670e+01
1.709629499999999913e+00 9.859193732314959391e+01
1.715757800000000000e+00 9.733950537136904302e+01
1.721890200000000037e+00 9.608264459773039334e+01
1.728022600000000075e+00 9.481865108599546943e+01
1.734150999999999998e+00 9.354642197476238152e+01
1.740283400000000036e+00 9.226390910136078105e+01
1.746415800000000074e+00 9.097297626622112432e+01
1.752548299999999948e+00 8.967588027928510996e+01
1.758676600000000034e+00 8.837682317754268979e+01
1.764809000000000072e+00 8.707808541224483179e+01
1.770941400000000110e+00 8.578505151894889025e+01
1.777073899999999984e+00 8.450241108794331524e+01
1.783202200000000071e+00 8.323568466704915636e+01
1.789334600000000108e+00 8.198747531959011781e+01
1.795467099999999983e+00 8.076241502590978882e+01
1.801599500000000020e+00 7.956365671309718834e+01
1.807727800000000107e+00 7.839426649084246890e+01
1.813860299999999981e+00 7.725411481533463132e+01
1.819992700000000019e+00 7.614461733165718726e+01
1.826121000000000105e+00 7.506622575970934008e+01
1.832253399999999921e+00 7.401651485409807663e+01
1.838385900000000017e+00 7.299459668533019396e+01
1.844518300000000055e+00 7.199843045567315869e+01
1.850646599999999919e+00 7.102626419002586999e+01
1.856779100000000016e+00 7.007427455921298076e+01
1.862911500000000053e+00 6.914068187516284070e+01
1.869043900000000091e+00 6.822319865284181617e+01
1.875172199999999956e+00 6.732048446541462283e+01
1.881304700000000052e+00 6.642981540320612055e+01
1.887437100000000090e+00 6.555083579017642137e+01
1.893569499999999906e+00 6.468308173163225661e+01
1.899697900000000050e+00 6.382719921936923413e+01
1.905830300000000088e+00 6.298266197985747539e+01
1.911962699999999904e+00 6.215105062315384998e+01
1.918090999999999990e+00 6.133425067436527911e+01
1.924223500000000087e+00 6.053270313610040176e+01
1.930355899999999902e+00 5.974860120031320321e+01
1.936488299999999940e+00 5.898347459997172137e+01
1.942616700000000085e+00 5.823913548120759742e+01
1.948749099999999901e+00 5.751560997096126471e+01
1.954881499999999939e+00 5.681394823934408578e+01
1.961013899999999976e+00 5.613418664157504168e+01
1.967142299999999899e+00 5.547621300950882528e+01
1.973274699999999937e+00 5.483804658243880681e+01
1.979407099999999975e+00 5.421843173500081292e+01
1.985535499999999898e+00 5.361554751576774436e+01
1.991667899999999936e+00 5.302596439003775686e+01
1.997800299999999973e+00 5.244711293651246109e+01
2.003932700000000011e+00 5.187583260596690593e+01
2.010061100000000156e+00 5.130928528226314000e+01
2.016193499999999972e+00 5.074363185423903388e+01
2.022325899999999788e+00 5.017639904382477312e+01
2.028458300000000047e+00 4.960514168468856155e+01
2.034586700000000192e+00 4.902831723842360390e+01
2.040719100000000008e+00 4.844387707577404001e+01
2.046851499999999824e+00 4.785159631561725746e+01
2.052983900000000084e+00 4.725161208063884288e+01
2.059112299999999784e+00 4.664519921316485807e+01
2.065244700000000044e+00 4.603314973746766725e+01
2.071377099999999860e+00 4.541808212024574232e+01
2.077505500000000005e+00 4.480316345342178153e+01
2.083637899999999821e+00 4.419077099657155827e+01
2.089770300000000081e+00 4.358475616934344998e+01
2.095902699999999896e+00 4.298867544452005518e+01
2.102031100000000041e+00 4.240639875368249534e+01
2.108163499999999857e+00 4.184043117057736794e+01
2.114295900000000117e+00 4.129403927011820485e+01
2.120428400000000213e+00 4.076957091069890993e+01
2.126556700000000077e+00 4.026908391520346697e+01
2.132689099999999893e+00 3.979288395608359252e+01
2.138821500000000153e+00 3.934151511441547200e+01
2.144949899999999854e+00 3.891464765486515631e+01
2.151082300000000114e+00 3.851034133079132715e+01
2.157214699999999930e+00 3.812677018301701537e+01
2.163347200000000026e+00 3.776117497608262141e+01
2.169475499999999890e+00 3.741052068380291473e+01
2.175607900000000150e+00 3.707067360753855212e+01
2.181740299999999966e+00 3.673798735607785915e+01
2.187872800000000062e+00 3.640851386725078953e+01
2.194001099999999926e+00 3.607865589465220779e+01
2.200133500000000186e+00 3.574441664593960866e+01
2.206265999999999838e+00 3.540288778870346675e+01
2.212398400000000098e+00 3.505151899664152637e+01
2.218526699999999963e+00 3.468865800205827554e+01
2.224659099999999778e+00 3.431266972774174207e+01
2.230791599999999875e+00 3.392342253162387067e+01
2.236919900000000183e+00 3.352163253719981384e+01
2.243052299999999999e+00 3.310795276317638525e+01
2.249184800000000095e+00 3.268454482893791635e+01
2.255317199999999911e+00 3.225394234139758254e+01
2.261445500000000219e+00 3.181944854378222232e+01
2.267577900000000035e+00 3.138386055236525962e+01
2.273710400000000131e+00 3.095105186071070946e+01
2.279842799999999947e+00 3.052467970904056571e+01
2.285971099999999812e+00 3.010854823223964161e+01
2.292103599999999908e+00 2.970537179894210311e+01
2.298236000000000168e+00 2.931832993825792855e+01
2.304368399999999983e+00 2.894978639496986617e+01
2.310496699999999848e+00 2.860172943008172552e+01
2.316629199999999944e+00 2.827477602652084698e+01
2.322761600000000204e+00 2.796955517493681143e+01
2.328889900000000068e+00 2.768590784023383833e+01
2.335022400000000165e+00 2.742242603464642059e+01
2.341154799999999980e+00 2.717765675152979910e+01
2.347287199999999796e+00 2.694938427158776051e+01
2.353415500000000105e+00 2.673508652338832547e+01
2.359548000000000201e+00 2.653148287822381590e+01
2.365680400000000017e+00 2.633553469946449255e+01
2.371812799999999832e+00 2.614398026803875652e+01
2.377941199999999977e+00 2.595375451734538430e+01
2.384073599999999793e+00 2.576161727851943795e+01
2.390206000000000053e+00 2.556501023920374749e+01
2.396338399999999869e+00 2.536165989724768721e+01
2.402466800000000013e+00 2.514992029668475482e+01
2.408599199999999829e+00 2.492826828855153209e+01
2.414731600000000089e+00 2.469616018447703709e+01
2.420859999999999790e+00 2.445365056904607215e+01
2.426992400000000050e+00 2.420086573070908997e+01
2.433124799999999865e+00 2.393890946048929180e+01
2.439257200000000125e+00 2.366917229276531742e+01
2.445385599999999826e+00 2.339358697369672058e+01
2.451518000000000086e+00 2.311381177495659855e+01
2.457650399999999902e+00 2.283221132704309397e+01
2.463782800000000162e+00 2.255103651596106218e+01
2.469911199999999862e+00 2.227268194267223933e+01
2.476043600000000122e+00 2.199886633540861780e+01
2.482175999999999938e+00 2.173164085227477926e+01
2.488304400000000083e+00 2.147275504501002175e+01
2.494436799999999899e+00 2.122311562598963519e+01
2.500569200000000158e+00 2.098376624596436102e+01
2.506701599999999974e+00 2.075518878101821940e+01
2.512830000000000119e+00 2.053761601360472255e+01
2.518962399999999935e+00 2.033049095757755609e+01
2.525094800000000195e+00 2.013335458924236221e+01
2.531227200000000011e+00 1.994532007442040467e+01
2.537355600000000155e+00 1.976539300603402083e+01
2.543487999999999971e+00 1.959207352376390432e+01
2.549620399999999787e+00 1.942412943145034987e+01
2.555752899999999883e+00 1.926018895189151436e+01
2.561881200000000192e+00 1.909904421798561813e+01
2.568013600000000007e+00 1.893926488694921062e+01
2.574145999999999823e+00 1.877990414276580822e+01
2.580274399999999968e+00 1.862020680502125103e+01
2.586406799999999784e+00 1.845932629619516518e+01
2.592539200000000044e+00 1.829696180543390227e+01
2.598671700000000140e+00 1.813293875338264982e+01
2.604800000000000004e+00 1.796742157572375120e+01
2.610932399999999820e+00 1.780042935871624721e+01
2.617064800000000080e+00 1.763247788747660394e+01
2.623197300000000176e+00 1.746409216797185948e+01
2.629325600000000041e+00 1.729599556124454551e+01
2.635457999999999856e+00 1.712859760727756964e+01
2.641590499999999953e+00 1.696263296987716984e+01
2.647722900000000212e+00 1.679867785789376455e+01
2.653851200000000077e+00 1.663731799974925707e+01
2.659983599999999893e+00 1.647870155433545136e+01
2.666116099999999989e+00 1.632316305127850242e+01
2.672244399999999853e+00 1.617089120523673529e+01
2.678376800000000113e+00 1.602161778145215010e+01
2.684509300000000209e+00 1.587524664513908235e+01
2.690641700000000025e+00 1.573146968878139873e+01
2.696769999999999889e+00 1.558997532202876712e+01
2.702902400000000149e+00 1.545011225209739614e+01
2.709034899999999801e+00 1.531148709141425357e+01
2.715167300000000061e+00 1.517362964833467842e+01
2.721295599999999926e+00 1.503620174689204347e+01
2.727428100000000022e+00 1.489866852742879288e+01
2.733560499999999838e+00 1.476088349181084247e+01
2.739688800000000146e+00 1.462282029418605944e+01
2.745821199999999962e+00 1.448431651248971619e+01
2.751953700000000058e+00 1.434562732912941563e+01
2.758086099999999874e+00 1.420706044880863672e+01
2.764214400000000182e+00 1.406913309244874455e+01
2.770346899999999835e+00 1.393218835070923589e+01
2.776479300000000094e+00 1.379692759093897969e+01
2.782611699999999910e+00 1.366399345329551807e+01
2.788740000000000219e+00 1.353411988886371553e+01
2.794872499999999871e+00 1.340774368098992753e+01
2.801004900000000131e+00 1.328549672153131311e+01
2.807137299999999946e+00 1.316780853924474215e+01
2.813265700000000091e+00 1.305504429738471650e+01
2.819398099999999907e+00 1.294718780417712267e+01
2.825530500000000167e+00 1.284426746364706950e+01
2.831658899999999868e+00 1.274611427398687091e+01
2.837791300000000128e+00 1.265218655834907935e+01
2.843923699999999943e+00 1.256196604009980966e+01
2.850056100000000203e+00 1.247471991728590268e+01
2.856184499999999904e+00 1.238965077843976381e+01
2.862316900000000164e+00 1.230571214998039586e+01
2.868449299999999980e+00 1.222198195740296889e+01
2.874581699999999795e+00 1.213748411726107435e+01
2.880710099999999940e+00 1.205134700542881987e+01
2.886842500000000200e+00 1.196262166277139016e+01
2.892974900000000016e+00 1.187065903984712989e+01
2.899103300000000161e+00 1.177498598180398659e+01
2.905235699999999976e+00 1.167513660470082471e+01
2.911368099999999792e+00 1.157104607394109408e+01
2.917500500000000052e+00 1.146281339116712417e+01
2.923628900000000197e+00 1.135083628489751639e+01
2.929761300000000013e+00 1.123550537671263783e+01
2.935893699999999829e+00 1.111762246443977631e+01
2.942026100000000088e+00 1.099808052705912331e+01
2.948154499999999789e+00 1.087797643466339537e+01
2.954286900000000049e+00 1.075825324356768320e+01
2.960419299999999865e+00 1.064012401445375033e+01
2.966551700000000125e+00 1.052470833830376229e+01
2.972680099999999825e+00 1.041313288151479632e+01
2.978812500000000085e+00 1.030619599179633639e+01
2.984944899999999901e+00 1.020476383513929974e+01
2.991073300000000046e+00 1.010950084573747887e+01
2.997205699999999862e+00 1.002067235930200439e+01
3.003338100000000122e+00 9.938500663775631239e+00
3.009470600000000218e+00 9.862903542233047105e+00
3.015598900000000082e+00 9.793611028211426373e+00
3.021731299999999898e+00 9.729990591768203245e+00
3.027863700000000158e+00 9.671353119974000379e+00
3.033996199999999810e+00 9.616793401178627576e+00
3.040124500000000118e+00 9.565314715384044320e+00
3.046256899999999934e+00 9.515732288046470089e+00
3.052389400000000030e+00 9.466929240444471816e+00
3.058521799999999846e+00 9.417768662138518820e+00
3.064650100000000155e+00 9.367206486062293891e+00
3.070782499999999970e+00 9.314203048902847115e+00
3.076915000000000067e+00 9.257962834283814502e+00
3.083043299999999931e+00 9.197879007264820217e+00
3.089175700000000191e+00 9.133422325419751076e+00
3.095308199999999843e+00 9.064399787291899102e+00
3.101440600000000103e+00 8.990806383841460914e+00
3.107568899999999967e+00 8.912906704788086998e+00
3.113701299999999783e+00 8.831014432268680991e+00
3.119833799999999879e+00 8.745780868479213765e+00
3.125966200000000139e+00 8.657965104906958587e+00
3.132094500000000004e+00 8.568500814903037721e+00
3.138227000000000100e+00 8.478219452672007606e+00
3.144359399999999916e+00 8.388172207160708993e+00
3.150487699999999780e+00 8.299397659541302374e+00
3.156620100000000040e+00 8.212708310771503761e+00
3.162752600000000136e+00 8.129006338542646759e+00
3.168884999999999952e+00 8.049015945305086461e+00
3.175013299999999816e+00 7.973356430314759713e+00
3.181145799999999912e+00 7.902326594913175128e+00
3.187278200000000172e+00 7.836199606393789097e+00
3.193410599999999988e+00 7.775006241783021466e+00
3.199538899999999852e+00 7.718632110408110591e+00
3.205671399999999949e+00 7.666680179542852969e+00
3.211803800000000209e+00 7.618719242282674387e+00
3.217936200000000024e+00 7.574150175102088767e+00
3.224064600000000169e+00 7.532305191720330306e+00
3.230196999999999985e+00 7.492372694503685260e+00
3.236329399999999801e+00 7.453595118992896396e+00
3.242457700000000109e+00 7.415218909439587058e+00
3.248590200000000205e+00 7.376452723377179055e+00
3.254722600000000021e+00 7.336653341971993925e+00
3.260854999999999837e+00 7.295245330707313514e+00
3.266983399999999982e+00 7.251798843845934428e+00
3.273115799999999798e+00 7.205928609997171108e+00
3.279248200000000057e+00 7.157471686160284285e+00
3.285380599999999873e+00 7.106377030934768690e+00
3.291509000000000018e+00 7.052763893370258330e+00
3.297641399999999834e+00 6.996769178359126151e+00
3.303773800000000094e+00 6.938741570489179722e+00
3.309906199999999910e+00 6.879082928532143981e+00
3.316034600000000054e+00 6.818299202634755751e+00
3.322166999999999870e+00 6.756815939022192019e+00
3.328299400000000130e+00 6.695191352686169495e+00
3.334427799999999831e+00 6.633973028572819786e+00
3.340560200000000091e+00 6.573554832498663458e+00
3.346692599999999906e+00 6.514397241447974274e+00
3.352825000000000166e+00 6.456850773471462190e+00
3.358953399999999867e+00 6.401220021829601592e+00
3.365085800000000127e+00 6.347612653914434411e+00
3.371218199999999943e+00 6.296155296723108030e+00
3.377350600000000203e+00 6.246849456835738224e+00
3.383478999999999903e+00 6.199645539523237048e+00
3.389611400000000163e+00 6.154331674836222454e+00
3.395743799999999979e+00 6.110732105159147665e+00
3.401876300000000075e+00 6.068597817479345125e+00
3.408004599999999940e+00 6.027684768389533154e+00
3.414137000000000199e+00 5.987658300788815779e+00
3.420269400000000015e+00 5.948276295799717062e+00
3.426397800000000160e+00 5.909318568389654303e+00
3.432530199999999976e+00 5.870525599844979681e+00
3.438662599999999792e+00 5.831760361963964634e+00
3.444795099999999888e+00 5.792911972642301066e+00
3.450923400000000196e+00 5.753952370682926976e+00
3.457055800000000012e+00 5.714827038337195297e+00
3.463188199999999828e+00 5.675609426826090598e+00
3.469320699999999924e+00 5.636388038405077516e+00
3.475448999999999788e+00 5.597311109954299368e+00
3.481581400000000048e+00 5.558466504648032824e+00
3.487713900000000145e+00 5.520027881844504769e+00
3.493842200000000009e+00 5.482163925252649506e+00
3.499974599999999825e+00 5.444947400124634740e+00
3.506107000000000085e+00 5.408498721335898374e+00
3.512239500000000181e+00 5.372873888889681204e+00
3.518367800000000045e+00 5.338108816095687104e+00
3.524500199999999861e+00 5.304119854159021763e+00
3.530632699999999957e+00 5.270844748870363361e+00
3.536765100000000217e+00 5.238153482427657437e+00
3.542893400000000081e+00 5.205895979351759628e+00
3.549025799999999897e+00 5.173826959386196300e+00
3.555158299999999993e+00 5.141745106782920516e+00
3.561290699999999809e+00 5.109421336685101345e+00
3.567419000000000118e+00 5.076653074495926177e+00
3.573551500000000214e+00 5.043191579603350405e+00
3.579683900000000030e+00 5.008888131864638105e+00
3.585812199999999894e+00 4.973639318394859288e+00
3.591944600000000154e+00 4.937325742729345102e+00
3.598077099999999806e+00 4.899959445392274127e+00
3.604209500000000066e+00 4.861596827645969121e+00
3.610337799999999930e+00 4.822385408710652577e+00
3.616470300000000027e+00 4.782457194020945934e+00
3.622602699999999842e+00 4.742082006973197039e+00
3.628735100000000102e+00 4.701549637641904589e+00
3.634863399999999967e+00 4.661212994205739868e+00
3.640995900000000063e+00 4.621364463046682580e+00
3.647128299999999879e+00 4.582384771849028482e+00
3.653260700000000138e+00 4.544614005087163733e+00
3.659389099999999839e+00 4.508387704056350032e+00
3.665521500000000099e+00 4.473926843181649460e+00
3.671653899999999915e+00 4.441465898027729509e+00
3.677782199999999779e+00 4.411164944511510200e+00
3.683914699999999876e+00 4.383045164984266329e+00
3.690047100000000135e+00 4.357107257884220708e+00
3.696179499999999951e+00 4.333244814014200585e+00
3.702307900000000096e+00 4.311283628565725223e+00
3.708440299999999912e+00 4.290931719210043127e+00
3.714572700000000172e+00 4.271875221406168599e+00
3.720705099999999987e+00 4.253733324597044785e+00
3.726833500000000132e+00 4.236100566213902852e+00
3.732965899999999948e+00 4.218518975654835579e+00
3.739098300000000208e+00 4.200565562934633235e+00
3.745226699999999909e+00 4.181837919001589299e+00
3.751359100000000169e+00 4.161934841220775283e+00
3.757491499999999984e+00 4.140546151961305377e+00
3.763623899999999800e+00 4.117419159734391876e+00
3.769752299999999945e+00 4.092399096665685576e+00
3.775884700000000205e+00 4.065370516103715026e+00
3.782017100000000021e+00 4.036359272316941471e+00
3.788149499999999836e+00 4.005468511345525506e+00
3.794277899999999981e+00 3.972911950984157059e+00
3.800410299999999797e+00 3.938919621347884537e+00
3.806542700000000057e+00 3.903853961959224961e+00
3.812675099999999873e+00 3.868111029664725642e+00
3.818803500000000017e+00 3.832147575805623596e+00
3.824935899999999833e+00 3.796368231084553901e+00
3.831068300000000093e+00 3.761247321251866893e+00
3.837196699999999794e+00 3.727237183514774621e+00
3.843329100000000054e+00 3.694685112756856959e+00
3.849461499999999869e+00 3.663950340859164267e+00
3.855593900000000129e+00 3.635300130057751655e+00
3.861722299999999830e+00 3.608937852287715131e+00
3.867854700000000090e+00 3.584928303009586870e+00
3.873987099999999906e+00 3.563297552183454009e+00
3.880119600000000002e+00 3.543962735052780477e+00
3.886247899999999866e+00 3.526766526598593909e+00
3.892380300000000126e+00 3.511438851618294610e+00
3.898512699999999942e+00 3.497678373367480109e+00
3.904641100000000087e+00 3.485126914236503115e+00
3.910773499999999903e+00 3.473365934112914832e+00
3.916905900000000162e+00 3.461982815779754308e+00
3.923038399999999815e+00 3.450555468887528399e+00
3.929166700000000123e+00 3.438687555616765756e+00
3.935299099999999939e+00 3.425992035503485855e+00
3.941431500000000199e+00 3.412154060992450333e+00
3.947563999999999851e+00 3.396911859695947555e+00
3.953692300000000159e+00 3.380086875148910597e+00
3.959824699999999975e+00 3.361542437390809379e+00
3.965957200000000071e+00 3.341254587884170846e+00
3.972089599999999887e+00 3.319268606327963056e+00
3.978217900000000196e+00 3.295719803794496361e+00
3.984350300000000011e+00 3.270763376795769339e+00
3.990482800000000108e+00 3.244658322975646048e+00
3.996611099999999972e+00 3.217713057211740058e+00
4.002743500000000232e+00 3.190211491660929877e+00
4.008875999999999884e+00 3.162507955068425858e+00
4.015008400000000144e+00 3.134941763021982464e+00
4.021136699999999564e+00 3.107855565243109019e+00
4.027269200000000104e+00 3.081511024850510427e+00
4.033401600000000364e+00 3.056187261923867915e+00
4.039533999999999736e+00 3.032095535672185704e+00
4.045662300000000045e+00 3.009406811731503595e+00
4.051794799999999697e+00 2.988186812287763061e+00
4.057927199999999957e+00 2.968487008264226734e+00
4.064059600000000216e+00 2.950282085668391563e+00
4.070187999999999917e+00 2.933501489091732584e+00
