3.577503900000000153e-02 1.351900431286385640e+02 1.162712531663087212e+01 1.162712531663087212e+01
4.190623799999999843e-02 1.333861746982274212e+02 1.154929325535668561e+01 1.154929325535668561e+01
4.803784500000000263e-02 1.313336995387287232e+02 1.146009160254527437e+01 1.146009160254527437e+01
5.416904399999999953e-02 1.290482370105925725e+02 1.135994000911063750e+01 1.135994000911063750e+01
6.030024300000000337e-02 1.265467135265112404e+02 1.124929835707593107e+01 1.124929835707593107e+01
6.643184900000000115e-02 1.238475718531261123e+02 1.112868239519513480e+01 1.112868239519513480e+01
7.256304800000000499e-02 1.209712237924952660e+02 1.099869191279105074e+01 1.099869191279105074e+01
7.869424699999999495e-02 1.179388115411034619e+02 1.085996369888516000e+01 1.085996369888516000e+01
8.482544599999999879e-02 1.147727376769241516e+02 1.071320389411702401e+01 1.071320389411702401e+01
9.095705299999999605e-02 1.114960817918837535e+02 1.055917050680988645e+01 1.055917050680988645e+01
9.708825199999999989e-02 1.081332754404427732e+02 1.039871508603071426e+01 1.039871508603071426e+01
1.032198599999999966e-01 1.047083402908773735e+02 1.023270933286377371e+01 1.023270933286377371e+01
1.093510599999999999e-01 1.012464339345028890e+02 1.006212869796957499e+01 1.006212869796957499e+01
1.154822600000000032e-01 9.777200809616292076e+01 9.887972901265603909e+00 9.887972901265603909e+00
1.216134600000000066e-01 9.430944671526749801e+01 9.711305098454454665e+00 9.711305098454454665e+00
1.277450599999999936e-01 9.088233220259698442e+01 9.533222550774580029e+00 9.533222550774580029e+00
1.338762599999999969e-01 8.751404179498739211e+01 9.354894002338422609e+00 9.354894002338422609e+00
1.400074600000000002e-01 8.422610343015969647e+01 9.177478053918717293e+00 9.177478053918717293e+00
1.461390700000000098e-01 8.103858671324937291e+01 9.002143451048166156e+00 9.002143451048166156e+00
1.522702700000000131e-01 7.797043649321233261e+01 8.830087003717025596e+00 8.830087003717025596e+00
1.584014599999999939e-01 7.503792942699220703e+01 8.662443617536116136e+00 8.662443617536116136e+00
1.645330700000000035e-01 7.225509732936326657e+01 8.500299837615333587e+00 8.500299837615333587e+00
1.706642700000000068e-01 6.963407474729268642e+01 8.344703394806353813e+00 8.344703394806353813e+00
1.767954700000000101e-01 6.718381054564294175e+01 8.196573097681916664e+00 8.196573097681916664e+00
1.829270799999999919e-01 6.491058485569645597e+01 8.056710548089490942e+00 8.056710548089490942e+00
1.890582799999999952e-01 6.281837501553955860e+01 7.925804376562643583e+00 7.925804376562643583e+00
1.951894700000000038e-01 6.090796738745398642e+01 7.804355667667509877e+00 7.804355667667509877e+00
2.013210800000000134e-01 5.917753594131249173e+01 7.692693672655404491e+00 7.692693672655404491e+00
2.074522799999999889e-01 5.762308897076455594e+01 7.590987351508665881e+00 7.590987351508665881e+00
2.135834799999999922e-01 5.623794672633947300e+01 7.499196405371676200e+00 7.499196405371676200e+00
2.197146799999999955e-01 5.501344421056005274e+01 7.417104840202816796e+00 7.417104840202816796e+00
2.258462800000000104e-01 5.393900022148016404e+01 7.344317546340175085e+00 7.344317546340175085e+00
2.319774800000000137e-01 5.300266544913975508e+01 7.280292950777444538e+00 7.280292950777444538e+00
2.381086799999999892e-01 5.219099285370569419e+01 7.224333384728703678e+00 7.224333384728703678e+00
2.442402899999999988e-01 5.148957660211729603e+01 7.175623777910691281e+00 7.175623777910691281e+00
2.503714899999999743e-01 5.088344668798122683e+01 7.133263396789804922e+00 7.133263396789804922e+00
2.565026899999999777e-01 5.035706930200969111e+01 7.096271507066910900e+00 7.096271507066910900e+00
2.626342899999999925e-01 4.989477965417941618e+01 7.063623691433414287e+00 7.063623691433414287e+00
2.687654899999999958e-01 4.948110041282217963e+01 7.034280376330060314e+00 7.034280376330060314e+00
2.748966899999999991e-01 4.910079950013230388e+01 7.007196265278452962e+00 7.007196265278452962e+00
2.810283000000000087e-01 4.873921216422036196e+01 6.981347446175441895e+00 6.981347446175441895e+00
2.871595000000000120e-01 4.838251262283998955e+01 6.955753921958423014e+00 6.955753921958423014e+00
2.932907000000000153e-01 4.801776572819032651e+01 6.929485242656219235e+00 6.929485242656219235e+00
2.994222999999999746e-01 4.763318039412169469e+01 6.901679534296104812e+00 6.901679534296104812e+00
3.055534999999999779e-01 4.721835547092612018e+01 6.871561356120318820e+00 6.871561356120318820e+00
3.116846999999999812e-01 4.676428322093943279e+01 6.838441578381687869e+00 6.838441578381687869e+00
3.178163099999999908e-01 4.626354541637137885e+01 6.801731060279536223e+00 6.801731060279536223e+00
3.239475099999999941e-01 4.571053370945095651e+01 6.760956567635304282e+00 6.760956567635304282e+00
3.300787099999999974e-01 4.510132474049229501e+01 6.715751986225540371e+00 6.715751986225540371e+00
3.362103100000000122e-01 4.443380085743739016e+01 6.665868349842906326e+00 6.665868349842906326e+00
3.423415100000000155e-01 4.370778562245578769e+01 6.611186400522661266e+00 6.611186400522661266e+00
3.484727100000000188e-01 4.292471952830221937e+01 6.551695927643637063e+00 6.551695927643637063e+00
3.546039100000000222e-01 4.208771161038165332e+01 6.487504266694678279e+00 6.487504266694678279e+00
3.607355199999999762e-01 4.120126271479655600e+01 6.418820975443741972e+00 6.418820975443741972e+00
3.668667099999999848e-01 4.027128164718401848e+01 6.345965777341067593e+00 6.345965777341067593e+00
3.729979099999999881e-01 3.930445347262102729e+01 6.269326397039878707e+00 6.269326397039878707e+00
3.791295199999999976e-01 3.830811472258066885e+01 6.189354952059274773e+00 6.189354952059274773e+00
3.852607200000000010e-01 3.729014131288372624e+01 6.106565426889630110e+00 6.106565426889630110e+00
3.913919200000000043e-01 3.625823310428942392e+01 6.021480972675195886e+00 6.021480972675195886e+00
3.975235200000000191e-01 3.521981238457502172e+01 5.934628243165279926e+00 5.934628243165279926e+00
4.036547200000000224e-01 3.418196399178152234e+01 5.846534357359197465e+00 5.846534357359197465e+00
4.097842899999999955e-01 3.315108155312898219e+01 5.757697591323200470e+00 5.757697591323200470e+00
4.159167100000000228e-01 3.213167856267929778e+01 5.668481151303168986e+00 5.668481151303168986e+00
4.220491399999999893e-01 3.112847380970539746e+01 5.579289722689206421e+00 5.579289722689206421e+00
4.281815600000000166e-01 3.014463904519632820e+01 5.490413376531527057e+00 5.490413376531527057e+00
4.343099000000000265e-01 2.918291951379303129e+01 5.402121760363518099e+00 5.402121760363518099e+00
4.404423299999999930e-01 2.824316071331810818e+01 5.314429481451241166e+00 5.314429481451241166e+00
4.465747500000000203e-01 2.732626710114438495e+01 5.227453213673402210e+00 5.227453213673402210e+00
4.527071699999999921e-01 2.643176095005010851e+01 5.141182835695508047e+00 5.141182835695508047e+00
4.588355199999999967e-01 2.555917590991828803e+01 5.055608361999403222e+00 5.055608361999403222e+00
4.649679400000000240e-01 2.470593037801799596e+01 4.970506048484198303e+00 4.970506048484198303e+00
4.711003599999999958e-01 2.387098255075412467e+01 4.885793952957300235e+00 4.885793952957300235e+00
4.772287100000000004e-01 2.305320811504980583e+01 4.801375648191860357e+00 4.801375648191860357e+00
4.833611300000000277e-01 2.224997948407160209e+01 4.716988391343739373e+00 4.716988391343739373e+00
4.894935499999999995e-01 2.146055306474088553e+01 4.632553622435565899e+00 4.632553622435565899e+00
4.956259700000000268e-01 2.068398810088720907e+01 4.547965270413485861e+00 4.547965270413485861e+00
5.017543199999999759e-01 1.992026655438978722e+01 4.463212582253929028e+00 4.463212582253929028e+00
5.078867400000000032e-01 1.916830617159738637e+01 4.378162419508598191e+00 4.378162419508598191e+00
5.140191600000000305e-01 1.842900357549661905e+01 4.292901533403324699e+00 4.292901533403324699e+00
5.201515799999999468e-01 1.770316576912421880e+01 4.207513014730223766e+00 4.207513014730223766e+00
5.262799299999999514e-01 1.699242902903897345e+01 4.122187408286888122e+00 4.122187408286888122e+00
5.324123499999999787e-01 1.629729921750891819e+01 4.036991357125863544e+00 4.036991357125863544e+00
5.385447700000000060e-01 1.561988923295586318e+01 3.952200555760785772e+00 3.952200555760785772e+00
5.446771900000000333e-01 1.496191624527406816e+01 3.868063629941222548e+00 3.868063629941222548e+00
5.508055400000000379e-01 1.432548951057372122e+01 3.784902840308284944e+00 3.784902840308284944e+00
5.569379599999999542e-01 1.371133528706591420e+01 3.702882024459584809e+00 3.702882024459584809e+00
5.630703799999999815e-01 1.312124794190443211e+01 3.622326316320001460e+00 3.622326316320001460e+00
5.691987299999999861e-01 1.255668002238298975e+01 3.543540605437306201e+00 3.543540605437306201e+00
5.753311500000000134e-01 1.201763769724676756e+01 3.466646462685049723e+00 3.466646462685049723e+00
5.814635700000000407e-01 1.150489998288681015e+01 3.391887377683228788e+00 3.391887377683228788e+00
5.875959899999999569e-01 1.101849036839339924e+01 3.319411147838332798e+00 3.319411147838332798e+00
5.937243399999999616e-01 1.055836484665905850e+01 3.249363760285859382e+00 3.249363760285859382e+00
5.998567599999999889e-01 1.012323106738678646e+01 3.181702542254191801e+00 3.181702542254191801e+00
6.059891800000000162e-01 9.712418766824447047e+00 3.116475375616571064e+00 3.116475375616571064e+00
6.121216000000000435e-01 9.324688666940451398e+00 3.053635319899946854e+00 3.053635319899946854e+00
6.182499500000000481e-01 8.958838043603826407e+00 2.993131811932749908e+00 2.993131811932749908e+00
6.243823699999999643e-01 8.612802737905266071e+00 2.934757696625952317e+00 2.934757696625952317e+00
6.305147899999999916e-01 8.285173762279805842e+00 2.878397776937684949e+00 2.878397776937684949e+00
6.366472100000000189e-01 7.974271014798489432e+00 2.823875176915312757e+00 2.823875176915312757e+00
6.427755600000000236e-01 7.678639837216676867e+00 2.771035878009643572e+00 2.771035878009643572e+00
6.489079800000000509e-01 7.396324831216239737e+00 2.719618508397131595e+00 2.719618508397131595e+00
6.550403999999999671e-01 7.126087902566418109e+00 2.669473338051237654e+00 2.669473338051237654e+00
6.611687499999999718e-01 6.866816015095135839e+00 2.620461031020139941e+00 2.620461031020139941e+00
6.673011699999999990e-01 6.617064402090170105e+00 2.572365526531983804e+00 2.572365526531983804e+00
6.734335900000000263e-01 6.376102452745874949e+00 2.525094543328204821e+00 2.525094543328204821e+00
6.795660199999999929e-01 6.143222510806048753e+00 2.478552503136870921e+00 2.478552503136870921e+00
6.856943599999999472e-01 5.918059427719642329e+00 2.432706194286445633e+00 2.432706194286445633e+00
6.918267799999999745e-01 5.699980251448668156e+00 2.387463141380127940e+00 2.387463141380127940e+00
6.979592100000000521e-01 5.488963982220579574e+00 2.342853811534253428e+00 2.342853811534253428e+00
7.040916299999999683e-01 5.284972071522897608e+00 2.298906712227118287e+00 2.298906712227118287e+00
7.102199700000000337e-01 5.088197274493661659e+00 2.255703277138564999e+00 2.255703277138564999e+00
7.163523899999999500e-01 4.898513505873549612e+00 2.213258571851366430e+00 2.213258571851366430e+00
7.224848200000000276e-01 4.716228863260937487e+00 2.171688021623026987e+00 2.171688021623026987e+00
7.286131599999999819e-01 4.541640495796722909e+00 2.131112501909911749e+00 2.131112501909911749e+00
7.347455800000000092e-01 4.374677948040216258e+00 2.091573079775176147e+00 2.091573079775176147e+00
7.408780099999999758e-01 4.215577333098102564e+00 2.053187115948788222e+00 2.053187115948788222e+00
7.470104300000000030e-01 4.064392452493375885e+00 2.016033842100220408e+00 2.016033842100220408e+00
7.531387699999999574e-01 3.921190670357034502e+00 1.980199654165466949e+00 1.980199654165466949e+00
7.592712000000000350e-01 3.785669231849447591e+00 1.945679632377706580e+00 1.945679632377706580e+00
7.654036199999999512e-01 3.657724833052991897e+00 1.912517930125883003e+00 1.912517930125883003e+00
7.715360399999999785e-01 3.537067954521687874e+00 1.880709428519378612e+00 1.880709428519378612e+00
7.776643899999999832e-01 3.423401825791120068e+00 1.850243720646315371e+00 1.850243720646315371e+00
7.837968100000000105e-01 3.316135641676779766e+00 1.821025985997119179e+00 1.821025985997119179e+00
7.899292300000000377e-01 3.214850876061486229e+00 1.793000523162636028e+00 1.793000523162636028e+00
7.960616499999999540e-01 3.119011102521550338e+00 1.766072224605083951e+00 1.766072224605083951e+00
8.021899999999999586e-01 3.028116000658781726e+00 1.740148269734157482e+00 1.740148269734157482e+00
8.083224199999999859e-01 2.941481061061026470e+00 1.715074651745814416e+00 1.715074651745814416e+00
8.144548400000000132e-01 2.858616712256542236e+00 1.690744425469604240e+00 1.690744425469604240e+00
8.205831900000000179e-01 2.779052293158606801e+00 1.667048977432458834e+00 1.667048977432458834e+00
8.267156100000000452e-01 2.702203353671900565e+00 1.643837994959327142e+00 1.643837994959327142e+00
8.328480299999999614e-01 2.627700377627379957e+00 1.621018315019105538e+00 1.621018315019105538e+00
8.389804499999999887e-01 2.555184971159427665e+00 1.598494595286273690e+00 1.598494595286273690e+00
8.451087999999999933e-01 2.484416368857804258e+00 1.576203149615494237e+00 1.576203149615494237e+00
8.512412200000000206e-01 2.415087394357819051e+00 1.554055145211333588e+00 1.554055145211333588e+00
8.573736400000000479e-01 2.347105766088788847e+00 1.532026685827890145e+00 1.532026685827890145e+00
8.635060599999999642e-01 2.280401534441251599e+00 1.510099842540635340e+00 1.510099842540635340e+00
8.696344099999999688e-01 2.215011131839955016e+00 1.488291346423795902e+00 1.488291346423795902e+00
8.757668299999999961e-01 2.150895588925124446e+00 1.466593191353732006e+00 1.466593191353732006e+00
8.818992500000000234e-01 2.088190401374727223e+00 1.445057231176235080e+00 1.445057231176235080e+00
8.880316700000000507e-01 2.027018967457057563e+00 1.423734163197981850e+00 1.423734163197981850e+00
8.941600200000000553e-01 1.967562750235241076e+00 1.402698381775369763e+00 1.402698381775369763e+00
9.002924399999999716e-01 1.909891896724257299e+00 1.381988385162573385e+00 1.381988385162573385e+00
9.064248599999999989e-01 1.854190439896926446e+00 1.361686615891089192e+00 1.361686615891089192e+00
9.125532100000000035e-01 1.800621304174651938e+00 1.341872312917533838e+00 1.341872312917533838e+00
9.186856300000000308e-01 1.749216403719959345e+00 1.322579450815700275e+00 1.322579450815700275e+00
9.248180499999999471e-01 1.700083113744243590e+00 1.303872353316935628e+00 1.303872353316935628e+00
9.309504699999999744e-01 1.653255540821852332e+00 1.285789850956155389e+00 1.285789850956155389e+00
9.370788199999999790e-01 1.608756907937848979e+00 1.268367812559846097e+00 1.268367812559846097e+00
9.432112400000000063e-01 1.566482407084785589e+00 1.251591949113122659e+00 1.251591949113122659e+00
9.493436600000000336e-01 1.526378066681323364e+00 1.235466740418908804e+00 1.235466740418908804e+00
9.554760799999999499e-01 1.488324498710436705e+00 1.219969056456120304e+00 1.219969056456120304e+00
9.616044299999999545e-01 1.452195667881195140e+00 1.205070814467430029e+00 1.205070814467430029e+00
9.677368499999999818e-01 1.417770517084744553e+00 1.190701691056472944e+00 1.190701691056472944e+00
9.738692700000000091e-01 1.384883960010959258e+00 1.176810927894094361e+00 1.176810927894094361e+00
9.799976200000000137e-01 1.353358017906996613e+00 1.163339167185132084e+00 1.163339167185132084e+00
9.861300400000000410e-01 1.322951427725799656e+00 1.150196256177961951e+00 1.150196256177961951e+00
9.922624599999999573e-01 1.293492659477651907e+00 1.137318187438173256e+00 1.137318187438173256e+00
9.983948900000000348e-01 1.264802396071785351e+00 1.124634338828307989e+00 1.124634338828307989e+00
1.004523199999999949e+00 1.236739844394362464e+00 1.112088056043388340e+00 1.112088056043388340e+00
1.010655700000000046e+00 1.209132199561768983e+00 1.099605474505183089e+00 1.099605474505183089e+00
1.016788100000000084e+00 1.181892776671692014e+00 1.087148921110485222e+00 1.087148921110485222e+00
1.022920499999999899e+00 1.154945141845980627e+00 1.074683740384109853e+00 1.074683740384109853e+00
1.029048799999999986e+00 1.128262274881350891e+00 1.062196909655338306e+00 1.062196909655338306e+00
1.035181300000000082e+00 1.101793617483194598e+00 1.049663573476375511e+00 1.049663573476375511e+00
1.041313699999999898e+00 1.075571692783723332e+00 1.037097725763451495e+00 1.037097725763451495e+00
1.047446099999999936e+00 1.049634550388775622e+00 1.024516739926086162e+00 1.024516739926086162e+00
1.053574500000000080e+00 1.024057577983028988e+00 1.011957300474199295e+00 1.011957300474199295e+00
1.059706899999999896e+00 9.988813517745678272e-01 9.994405193780007135e-01 9.994405193780007135e-01
1.065839299999999934e+00 9.742062796973015582e-01 9.870188851776350303e-01 9.870188851776350303e-01
1.071967600000000020e+00 9.501356946165716577e-01 9.747490418649159549e-01 9.747490418649159549e-01
1.078100099999999895e+00 9.267226623865413293e-01 9.626643560382514009e-01 9.626643560382514009e-01
1.084232499999999932e+00 9.040630205311619427e-01 9.508222865137112567e-01 9.508222865137112567e-01
1.090364899999999970e+00 8.822236613128139338e-01 9.392676196445898240e-01 9.392676196445898240e-01
1.096493299999999893e+00 8.612700475605171713e-01 9.280463606741407023e-01 9.280463606741407023e-01
1.102625699999999931e+00 8.412089388386836397e-01 9.171744320676866735e-01 9.171744320676866735e-01
1.108758099999999969e+00 8.220687720465974513e-01 9.066800825244797357e-01 9.066800825244797357e-01
1.114890500000000007e+00 8.038437077897583327e-01 8.965733142302185765e-01 8.965733142302185765e-01
1.121018899999999929e+00 7.865190182489290027e-01 8.868590746273778969e-01 8.868590746273778969e-01
1.127151299999999967e+00 7.700278114727596712e-01 8.775122856534600668e-01 8.775122856534600668e-01
1.133283700000000005e+00 7.543210505653511477e-01 8.685165804780879961e-01 8.685165804780879961e-01
1.139416100000000043e+00 7.393246929310597348e-01 8.598399228525387405e-01 8.598399228525387405e-01
1.145544499999999966e+00 7.249639351153664979e-01 8.514481400034686898e-01 8.514481400034686898e-01
1.151676900000000003e+00 7.111299535652947368e-01 8.432852148385472368e-01 8.432852148385472368e-01
1.157809300000000041e+00 6.977400250398949622e-01 8.353083412967303722e-01 8.353083412967303722e-01
1.163937699999999964e+00 6.847120332667998577e-01 8.274732825093508159e-01 8.274732825093508159e-01
1.170070100000000002e+00 6.719439737028972681e-01 8.197218880223323678e-01 8.197218880223323678e-01
1.176202500000000040e+00 6.593682128839475354e-01 8.120149092744218811e-01 8.120149092744218811e-01
1.182334900000000077e+00 6.469201012296533770e-01 8.043134346942448776e-01 8.043134346942448776e-01
1.188463300000000000e+00 6.345567736957700156e-01 7.965907190620350464e-01 7.965907190620350464e-01
1.194595700000000038e+00 6.222263251401028983e-01 7.888132384412059883e-01 7.888132384412059883e-01
1.200728100000000076e+00 6.099168232787997024e-01 7.809717173360375408e-01 7.809717173360375408e-01
1.206860499999999892e+00 5.976238663109487703e-01 7.730613599908798816e-01 7.730613599908798816e-01
1.212988900000000037e+00 5.853657676664761889e-01 7.650919994788052403e-01 7.650919994788052403e-01
1.219121300000000074e+00 5.731499964805046865e-01 7.570667054365187720e-01 7.570667054365187720e-01
1.225253699999999890e+00 5.610190706254247761e-01 7.490120630706990079e-01 7.490120630706990079e-01
1.231382100000000035e+00 5.490237226272732807e-01 7.409613502924922157e-01 7.409613502924922157e-01
1.237514500000000073e+00 5.371967958242249708e-01 7.329371022292601179e-01 7.329371022292601179e-01
1.243646900000000111e+00 5.255972534827397791e-01 7.249808642183184215e-01 7.249808642183184215e-01
1.249779299999999926e+00 5.142757407428708571e-01 7.171302118464057962e-01 7.171302118464057962e-01
1.255907700000000071e+00 5.032866762794913074e-01 7.094270056034597260e-01 7.094270056034597260e-01
1.262040100000000109e+00 4.926572248483244709e-01 7.018954515085024104e-01 7.018954515085024104e-01
1.268172499999999925e+00 4.824282303881712308e-01 6.945705366542488379e-01 6.945705366542488379e-01
1.274305000000000021e+00 4.726234688074635315e-01 6.874761587193141121e-01 6.874761587193141121e-01
1.280433300000000107e+00 4.632625731543833503e-01 6.806339494576973959e-01 6.806339494576973959e-01
1.286565699999999923e+00 4.543347905518791419e-01 6.740436117580813624e-01 6.740436117580813624e-01
1.292698099999999961e+00 4.458372528112332089e-01 6.677104558199109530e-01 6.677104558199109530e-01
1.298830600000000057e+00 4.377499287431433905e-01 6.616267291631614533e-01 6.616267291631614533e-01
1.304958899999999922e+00 4.300486792722243434e-01 6.557809689768561157e-01 6.557809689768561157e-01
1.311091299999999960e+00 4.226856364589526849e-01 6.501427815941300814e-01 6.501427815941300814e-01
1.317223800000000056e+00 4.156223536006795061e-01 6.446877954488354767e-01 6.446877954488354767e-01
1.323352099999999920e+00 4.088158580876622428e-01 6.393870956530653960e-01 6.393870956530653960e-01
1.329484499999999958e+00 4.022074156054432081e-01 6.341982462964109724e-01 6.341982462964109724e-01
1.335616899999999996e+00 3.957525039195738947e-01 6.290886296219110330e-01 6.290886296219110330e-01
1.341749400000000092e+00 3.894043958868067534e-01 6.240227526996164897e-01 6.240227526996164897e-01
1.347877699999999956e+00 3.831253517981416112e-01 6.189712043367943117e-01 6.189712043367943117e-01
1.354010099999999994e+00 3.768709225168886956e-01 6.138981369224772999e-01 6.138981369224772999e-01
1.360142600000000090e+00 3.706167628811590231e-01 6.087830178981333829e-01 6.087830178981333829e-01
1.366274999999999906e+00 3.643430475427540949e-01 6.036083560908961365e-01 6.036083560908961365e-01
1.372403299999999993e+00 3.580427943394274837e-01 5.983667724225898432e-01 5.983667724225898432e-01
1.378535700000000030e+00 3.517054297149888598e-01 5.930475779522152990e-01 5.930475779522152990e-01
1.384668199999999905e+00 3.453414777415865222e-01 5.876576194873903702e-01 5.876576194873903702e-01
1.390800599999999942e+00 3.389653461214119368e-01 5.822073051082509165e-01 5.822073051082509165e-01
1.396928900000000029e+00 3.326020107543986581e-01 5.767165774922710098e-01 5.767165774922710098e-01
1.403061399999999903e+00 3.262688736596058847e-01 5.711995042536415212e-01 5.711995042536415212e-01
1.409193799999999941e+00 3.200000161932380349e-01 5.656854392621734062e-01 5.656854392621734062e-01
1.415322100000000027e+00 3.138308753821791308e-01 5.602061008077109383e-01 5.602061008077109383e-01
1.421454500000000065e+00 3.077847113809385471e-01 5.547834815321546209e-01 5.547834815321546209e-01
1.427586999999999939e+00 3.018955097463285608e-01 5.494501885943152697e-01 5.494501885943152697e-01
1.433719399999999977e+00 2.961902148499495069e-01 5.442336031980655742e-01 5.442336031980655742e-01
1.439847700000000064e+00 2.906945853304088723e-01 5.391610013070389229e-01 5.391610013070389229e-01
1.445980199999999938e+00 2.854178668739752456e-01 5.342451374359670213e-01 5.342451374359670213e-01
1.452112599999999976e+00 2.803743636794611138e-01 5.295038844800490363e-01 5.295038844800490363e-01
1.458245000000000013e+00 2.755676492968310298e-01 5.249453774411496632e-01 5.249453774411496632e-01
1.464373300000000100e+00 2.709975751318170478e-01 5.205742743661244676e-01 5.205742743661244676e-01
1.470505799999999974e+00 2.666483089157249964e-01 5.163800043724824373e-01 5.163800043724824373e-01
1.476638200000000012e+00 2.625075242035202483e-01 5.123548811161265926e-01 5.123548811161265926e-01
1.482766500000000098e+00 2.585570243761223796e-01 5.084850286646819262e-01 5.084850286646819262e-01
1.488898999999999972e+00 2.547667279358906134e-01 5.047442203095451330e-01 5.047442203095451330e-01
1.495031400000000010e+00 2.511119017847403545e-01 5.011106682008878987e-01 5.011106682008878987e-01
1.501163800000000048e+00 2.475634392263351691e-01 4.975574732896041463e-01 4.975574732896041463e-01
1.507292099999999913e+00 2.440944741895215986e-01 4.940591808574369415e-01 4.940591808574369415e-01
1.513424600000000009e+00 2.406723594400402289e-01 4.905836925948927618e-01 4.905836925948927618e-01
1.519557000000000047e+00 2.372740147635512276e-01 4.871078060999959325e-01 4.871078060999959325e-01
1.525689400000000084e+00 2.338773563399518252e-01 4.836086810014392223e-01 4.836086810014392223e-01
1.531817800000000007e+00 2.304669723163399186e-01 4.800697577606195532e-01 4.800697577606195532e-01
1.537950200000000045e+00 2.270257874425011813e-01 4.764722315544749343e-01 4.764722315544749343e-01
1.544082600000000083e+00 2.235487793170861381e-01 4.728094534980092356e-01 4.728094534980092356e-01
1.550214999999999899e+00 2.200341962078314062e-01 4.690780278459346087e-01 4.690780278459346087e-01
1.556343400000000043e+00 2.164879289029622567e-01 4.652826333562883332e-01 4.652826333562883332e-01
1.562475800000000081e+00 2.129138014371535215e-01 4.614258352510764438e-01 4.614258352510764438e-01
1.568608199999999897e+00 2.093268165408582182e-01 4.575224765417085226e-01 4.575224765417085226e-01
1.574736600000000042e+00 2.057454103196193484e-01 4.535916779655677633e-01 4.535916779655677633e-01
1.580869000000000080e+00 2.021834296408239195e-01 4.496481175773161532e-01 4.496481175773161532e-01
1.587001399999999895e+00 1.986631145762369210e-01 4.457164059985193605e-01 4.457164059985193605e-01
1.593133799999999933e+00 1.952046405664507045e-01 4.418196923705989820e-01 4.418196923705989820e-01
1.599262200000000078e+00 1.918295635988036818e-01 4.379835197799155644e-01 4.379835197799155644e-01
1.605394599999999894e+00 1.885510689079230029e-01 4.342246756092092430e-01 4.342246756092092430e-01
1.611526999999999932e+00 1.853863362949336180e-01 4.305651359491773911e-01 4.305651359491773911e-01
1.617659399999999970e+00 1.823469515938387908e-01 4.270210200843030934e-01 4.270210200843030934e-01
1.623787799999999892e+00 1.794424690123784805e-01 4.236065025614910162e-01 4.236065025614910162e-01
1.629920199999999930e+00 1.766726038116614717e-01 4.203244030646584584e-01 4.203244030646584584e-01
1.636052599999999968e+00 1.740385135349324930e-01 4.171792343045522267e-01 4.171792343045522267e-01
1.642180999999999891e+00 1.715368320650159650e-01 4.141700521102605892e-01 4.141700521102605892e-01
1.648313399999999929e+00 1.691554830252803843e-01 4.112851602298341902e-01 4.112851602298341902e-01
1.654445799999999966e+00 1.668839641663434348e-01 4.085143377732823877e-01 4.085143377732823877e-01
1.660578200000000004e+00 1.647073815572996092e-01 4.058415719924458598e-01 4.058415719924458598e-01
1.666706599999999927e+00 1.626102314848432706e-01 4.032495895656228457e-01 4.032495895656228457e-01
1.672838999999999965e+00 1.605718124755762810e-01 4.007141281207542982e-01 4.007141281207542982e-01
1.678971400000000003e+00 1.585752860940330133e-01 3.982151253958505777e-01 3.982151253958505777e-01
1.685103800000000041e+00 1.566030191481254663e-01 3.957309934136135632e-01 3.957309934136135632e-01
1.691232199999999963e+00 1.546400608024972589e-01 3.932430047724908562e-01 3.932430047724908562e-01
1.697364600000000001e+00 1.526697364375184940e-01 3.907297485955202876e-01 3.907297485955202876e-01
1.703497000000000039e+00 1.506819115846814439e-01 3.881776804308581519e-01 3.881776804308581519e-01
1.709629499999999913e+00 1.486682830522677023e-01 3.855752625004199019e-01 3.855752625004199019e-01
1.715757800000000000e+00 1.466254467466868439e-01 3.829170233179596261e-01 3.829170233179596261e-01
1.721890200000000037e+00 1.445493129967558299e-01 3.801964137084354878e-01 3.801964137084354878e-01
1.728022600000000075e+00 1.424433615223548721e-01 3.774166948113912845e-01 3.774166948113912845e-01
1.734150999999999998e+00 1.403143188836032673e-01 3.745855294637037702e-01 3.745855294637037702e-01
1.740283400000000036e+00 1.381675452682956107e-01 3.717089523650131677e-01 3.717089523650131677e-01
1.746415800000000074e+00 1.360148605657056087e-01 3.688019259246155257e-01 3.688019259246155257e-01
1.752548299999999948e+00 1.338683444885579166e-01 3.658802324375531323e-01 3.658802324375531323e-01
1.758676600000000034e+00 1.317425901208139072e-01 3.629636209330266983e-01 3.629636209330266983e-01
1.764809000000000072e+00 1.296481064048257137e-01 3.600668082520599445e-01 3.600668082520599445e-01
1.770941400000000110e+00 1.275993030392170990e-01 3.572104464306959382e-01 3.572104464306959382e-01
1.777073899999999984e+00 1.256080509207144758e-01 3.544122612448876164e-01 3.544122612448876164e-01
1.783202200000000071e+00 1.236859152618585977e-01 3.516900841107957754e-01 3.516900841107957754e-01
1.789334600000000108e+00 1.218383745301552107e-01 3.490535410651999237e-01 3.490535410651999237e-01
1.795467099999999983e+00 1.200722801626506048e-01 3.465144732369062064e-01 3.465144732369062064e-01
1.801599500000000020e+00 1.183905082447859469e-01 3.440792179786305582e-01 3.440792179786305582e-01
1.807727800000000107e+00 1.167940459058618707e-01 3.417514387765790418e-01 3.417514387765790418e-01
1.813860299999999981e+00 1.152779206924090666e-01 3.395260235864241971e-01 3.395260235864241971e-01
1.819992700000000019e+00 1.138378609080402115e-01 3.373986676145005470e-01 3.373986676145005470e-01
1.826121000000000105e+00 1.124670254032048566e-01 3.353610373958264002e-01 3.353610373958264002e-01
1.832253399999999921e+00 1.111539923837850385e-01 3.333976490375795132e-01 3.333976490375795132e-01
1.838385900000000017e+00 1.098887017219528084e-01 3.314946481045399906e-01 3.314946481045399906e-01
1.844518300000000055e+00 1.086593796940041878e-01 3.296352221683905293e-01 3.296352221683905293e-01
1.850646599999999919e+00 1.074547329066391499e-01 3.278028872762397405e-01 3.278028872762397405e-01
1.856779100000000016e+00 1.062613815199228706e-01 3.259775782472206784e-01 3.259775782472206784e-01
1.862911500000000053e+00 1.050692863103996344e-01 3.241439283873749355e-01 3.241439283873749355e-01
1.869043900000000091e+00 1.038688931774314622e-01 3.222869733287888616e-01 3.222869733287888616e-01
1.875172199999999956e+00 1.026532566076687053e-01 3.203954690810540962e-01 3.203954690810540962e-01
1.881304700000000052e+00 1.014150516882445507e-01 3.184572996309623649e-01 3.184572996309623649e-01
1.887437100000000090e+00 1.001517353353012507e-01 3.164675897075421851e-01 3.164675897075421851e-01
1.893569499999999906e+00 9.886227666451018192e-02 3.144237215359397264e-01 3.144237215359397264e-01
1.899697900000000050e+00 9.754887837136670681e-02 3.123281581467907131e-01 3.123281581467907131e-01
1.905830300000000088e+00 9.621336462704348225e-02 3.101827922806864590e-01 3.101827922806864590e-01
1.911962699999999904e+00 9.486207782798349031e-02 3.079968795750753774e-01 3.079968795750753774e-01
1.918090999999999990e+00 9.350303431197229398e-02 3.057826586187847862e-01 3.057826586187847862e-01
1.924223500000000087e+00 9.214269706519891134e-02 3.035501557654005089e-01 3.035501557654005089e-01
1.930355899999999902e+00 9.079106968844269376e-02 3.013155649621218624e-01 3.013155649621218624e-01
1.936488299999999940e+00 8.945744284979997851e-02 2.990943711436241381e-01 2.990943711436241381e-01
1.942616700000000085e+00 8.815174907368045210e-02 2.969036023251999112e-01 2.969036023251999112e-01
1.948749099999999901e+00 8.688069004747191182e-02 2.947553053762932973e-01 2.947553053762932973e-01
1.954881499999999939e+00 8.565244557233132883e-02 2.926643906804026196e-01 2.926643906804026196e-01
1.961013899999999976e+00 8.447289230061542920e-02 2.906422066744873689e-01 2.906422066744873689e-01
1.967142299999999899e+00 8.334691504892569047e-02 2.886986578578530360e-01 2.886986578578530360e-01
1.973274699999999937e+00 8.227532540825358010e-02 2.868367574218018135e-01 2.868367574218018135e-01
1.979407099999999975e+00 8.125919390954869370e-02 2.850599830027860659e-01 2.850599830027860659e-01
1.985535499999999898e+00 8.029750281509218102e-02 2.833681400847529730e-01 2.833681400847529730e-01
1.991667899999999936e+00 7.938553777138315781e-02 2.817543926390201903e-01 2.817543926390201903e-01
1.997800299999999973e+00 7.851885113958044504e-02 2.802121538041854043e-01 2.802121538041854043e-01
2.003932700000000011e+00 7.769099368008008932e-02 2.787310418307944460e-01 2.787310418307944460e-01
2.010061100000000156e+00 7.689500618504771512e-02 2.772994882524086324e-01 2.772994882524086324e-01
2.016193499999999972e+00 7.612174059679967242e-02 2.759016864696547389e-01 2.759016864696547389e-01
2.022325899999999788e+00 7.536336970813768688e-02 2.745238964245875768e-01 2.745238964245875768e-01
2.028458300000000047e+00 7.461169789249227913e-02 2.731514193492178832e-01 2.731514193492178832e-01
2.034586700000000192e+00 7.385956921050804147e-02 2.717711706758243473e-01 2.717711706758243473e-01
2.040719100000000008e+00 7.309925433617087132e-02 2.703687377197498409e-01 2.703687377197498409e-01
2.046851499999999824e+00 7.232568830814165017e-02 2.689343568756912273e-01 2.689343568756912273e-01
2.052983900000000084e+00 7.153474659944576708e-02 2.674598037078577129e-01 2.674598037078577129e-01
2.059112299999999784e+00 7.072442853515467642e-02 2.659406485198430037e-01 2.659406485198430037e-01
2.065244700000000044e+00 6.989280429111681403e-02 2.643724726425140115e-01 2.643724726425140115e-01
2.071377099999999860e+00 6.904117993611556814e-02 2.627568837083351649e-01 2.627568837083351649e-01
2.077505500000000005e+00 6.817247937193979257e-02 2.610986008617047216e-01 2.610986008617047216e-01
2.083637899999999821e+00 6.728932205657889298e-02 2.594018543815346245e-01 2.594018543815346245e-01
2.089770300000000081e+00 6.639719954133767310e-02 2.576765405335488812e-01 2.576765405335488812e-01
2.095902699999999896e+00 6.550193515177646364e-02 2.559334584453085149e-01 2.559334584453085149e-01
2.102031100000000041e+00 6.461050624977847379e-02 2.541859678459424399e-01 2.541859678459424399e-01
2.108163499999999857e+00 6.372837924685309519e-02 2.524448043570179934e-01 2.524448043570179934e-01
2.114295900000000117e+00 6.286266509850108042e-02 2.507242810309784908e-01 2.507242810309784908e-01
2.120428400000000213e+00 6.201944296216922031e-02 2.490370313069307784e-01 2.490370313069307784e-01
2.126556700000000077e+00 6.120463451601864530e-02 2.473957043200601946e-01 2.473957043200601946e-01
2.132689099999999893e+00 6.042150431038972175e-02 2.458078605545187256e-01 2.458078605545187256e-01
2.138821500000000153e+00 5.967379030449102006e-02 2.442821939980296952e-01 2.442821939980296952e-01
2.144949899999999854e+00 5.896380110207004310e-02 2.428246303447614551e-01 2.428246303447614551e-01
2.151082300000000114e+00 5.829107377395086748e-02 2.414354443199069056e-01 2.414354443199069056e-01
2.157214699999999930e+00 5.765515644347907198e-02 2.401148817617914100e-01 2.401148817617914100e-01
2.163347200000000026e+00 5.705378980971122921e-02 2.388593515224204655e-01 2.388593515224204655e-01
2.169475499999999890e+00 5.648392654393346451e-02 2.376634733061297744e-01 2.376634733061297744e-01
2.175607900000000150e+00 5.594035781365412630e-02 2.365171406339382498e-01 2.365171406339382498e-01
2.181740299999999966e+00 5.541826946591200953e-02 2.354108524811717451e-01 2.354108524811717451e-01
2.187872800000000062e+00 5.491194702178778253e-02 2.343329832136052115e-01 2.343329832136052115e-01
2.194001099999999926e+00 5.441581444895915443e-02 2.332719752755550158e-01 2.332719752755550158e-01
2.200133500000000186e+00 5.392335356224329385e-02 2.322140253349123107e-01 2.322140253349123107e-01
2.206265999999999838e+00 5.342939427832886501e-02 2.311479921572516250e-01 2.311479921572516250e-01
2.212398400000000098e+00 5.292906519942108118e-02 2.300631765394477168e-01 2.300631765394477168e-01
2.218526699999999963e+00 5.241864664830952342e-02 2.289511883531280545e-01 2.289511883531280545e-01
2.224659099999999778e+00 5.189440509886170116e-02 2.278034352218194780e-01 2.278034352218194780e-01
2.230791599999999875e+00 5.135474410680854196e-02 2.266158514023424164e-01 2.266158514023424164e-01
2.236919900000000183e+00 5.079932449389835958e-02 2.253870548498701221e-01 2.253870548498701221e-01
2.243052299999999999e+00 5.022785510981327139e-02 2.241157181230563900e-01 2.241157181230563900e-01
2.249184800000000095e+00 4.964229271806292615e-02 2.228055042364593952e-01 2.228055042364593952e-01
2.255317199999999911e+00 4.904528586253168593e-02 2.214617029252048397e-01 2.214617029252048397e-01
2.261445500000000219e+00 4.844073099749742622e-02 2.200925509813937975e-01 2.200925509813937975e-01
2.267577900000000035e+00 4.783198825855057568e-02 2.187052543002809823e-01 2.187052543002809823e-01
2.273710400000000131e+00 4.722406615918475076e-02 2.173109895039474215e-01 2.173109895039474215e-01
2.279842799999999947e+00 4.662180185945798139e-02 2.159208231261125488e-01 2.159208231261125488e-01
2.285971099999999812e+00 4.603034679446496580e-02 2.145468405604355755e-01 2.145468405604355755e-01
2.292103599999999908e+00 4.545338086129347560e-02 2.131979851248446411e-01 2.131979851248446411e-01
2.298236000000000168e+00 4.489529821085193328e-02 2.118851061562655735e-01 2.118851061562655735e-01
2.304368399999999983e+00 4.435936688649895487e-02 2.106166348760205587e-01 2.106166348760205587e-01
2.310496699999999848e+00 4.384834813183488555e-02 2.093999716614949325e-01 2.093999716614949325e-01
2.316629199999999944e+00 4.336302198549819853e-02 2.082378975726997539e-01 2.082378975726997539e-01
2.322761600000000204e+00 4.290421443426482156e-02 2.071333252624135979e-01 2.071333252624135979e-01
2.328889900000000068e+00 4.247163960626285789e-02 2.060864857438809705e-01 2.060864857438809705e-01
2.335022400000000165e+00 4.206318054519748995e-02 2.050931021394856446e-01 2.050931021394856446e-01
2.341154799999999980e+00 4.167673365878676872e-02 2.041488027365988833e-01 2.041488027365988833e-01
2.347287199999999796e+00 4.130912764978389440e-02 2.032464702025200964e-01 2.032464702025200964e-01
2.353415500000000105e+00 4.095684723025363322e-02 2.023779810904675347e-01 2.023779810904675347e-01
2.359548000000000201e+00 4.061528118522526876e-02 2.015323328531312130e-01 2.015323328531312130e-01
2.365680400000000017e+00 4.028036217501294175e-02 2.006996815518473642e-01 2.006996815518473642e-01
2.371812799999999832e+00 3.994779640547736765e-02 1.998694484043956332e-01 1.998694484043956332e-01
2.377941199999999977e+00 3.961375275932628448e-02 1.990320395296352463e-01 1.990320395296352463e-01
2.384073599999999793e+00 3.927417539864055951e-02 1.981771313715095517e-01 1.981771313715095517e-01
2.390206000000000053e+00 3.892625476693051256e-02 1.972973764826347343e-01 1.972973764826347343e-01
2.396338399999999869e+00 3.856769337623212890e-02 1.963865916406518086e-01 1.963865916406518086e-01
2.402466800000000013e+00 3.819726397239716492e-02 1.954412033640735846e-01 1.954412033640735846e-01
2.408599199999999829e+00 3.781388678361132655e-02 1.944579306266816243e-01 1.944579306266816243e-01
2.414731600000000089e+00 3.741808780311441096e-02 1.934375553069114240e-01 1.934375553069114240e-01
2.420859999999999790e+00 3.701127350829470919e-02 1.923831424743205343e-01 1.923831424743205343e-01
2.426992400000000050e+00 3.659482154930862596e-02 1.912977301206384706e-01 1.912977301206384706e-01
2.433124799999999865e+00 3.617156215399976865e-02 1.901882282214116537e-01 1.901882282214116537e-01
2.439257200000000125e+00 3.574457831458562745e-02 1.890623662038154740e-01 1.890623662038154740e-01
2.445385599999999826e+00 3.531757939647463262e-02 1.879297193007924138e-01 1.879297193007924138e-01
2.451518000000000086e+00 3.489360554279036242e-02 1.867983017663446543e-01 1.867983017663446543e-01
2.457650399999999902e+00 3.447651876769180362e-02 1.856785360985264977e-01 1.856785360985264977e-01
2.463782800000000162e+00 3.406970560313538066e-02 1.845798082216345282e-01 1.845798082216345282e-01
2.469911199999999862e+00 3.367644128924467128e-02 1.835114200513000005e-01 1.835114200513000005e-01
2.476043600000000122e+00 3.329872653042340730e-02 1.824793865904404122e-01 1.824793865904404122e-01
2.482175999999999938e+00 3.293871302438295540e-02 1.814902560039600432e-01 1.814902560039600432e-01
2.488304400000000083e+00 3.259779826691379390e-02 1.805486036138573835e-01 1.805486036138573835e-01
2.494436799999999899e+00 3.227596222016003435e-02 1.796551202169312800e-01 1.796551202169312800e-01
2.500569200000000158e+00 3.197309381670492695e-02 1.788102173163069741e-01 1.788102173163069741e-01
2.506701599999999974e+00 3.168811677928917714e-02 1.780115636111575250e-01 1.780115636111575250e-01
2.512830000000000119e+00 3.141945349780705943e-02 1.772553341871749011e-01 1.772553341871749011e-01
2.518962399999999935e+00 3.116443098401245823e-02 1.765345036643331533e-01 1.765345036643331533e-01
2.525094800000000195e+00 3.092045354896365977e-02 1.758421267755928274e-01 1.758421267755928274e-01
2.531227200000000011e+00 3.068443523478687346e-02 1.751697326446177705e-01 1.751697326446177705e-01
2.537355600000000155e+00 3.045328571858137157e-02 1.745086981172611074e-01 1.745086981172611074e-01
2.543487999999999971e+00 3.022347042499173506e-02 1.738489874143411273e-01 1.738489874143411273e-01
2.549620399999999787e+00 2.999206951671097923e-02 1.731821859104191452e-01 1.731821859104191452e-01
2.555752899999999883e+00 2.975631605685698233e-02 1.725001914690444116e-01 1.725001914690444116e-01
2.561881200000000192e+00 2.951405649170690468e-02 1.717965555292273738e-01 1.717965555292273738e-01
2.568013600000000007e+00 2.926317912972190710e-02 1.710648389638323996e-01 1.710648389638323996e-01
2.574145999999999823e+00 2.900267573126372872e-02 1.703017196955560197e-01 1.703017196955560197e-01
2.580274399999999968e+00 2.873221915171124061e-02 1.695058086075850179e-01 1.695058086075850179e-01
2.586406799999999784e+00 2.845162026981597897e-02 1.686760809060252608e-01 1.686760809060252608e-01
2.592539200000000044e+00 2.816186427782377266e-02 1.678149703626698741e-01 1.678149703626698741e-01
2.598671700000000140e+00 2.786435178710236840e-02 1.669261866427864116e-01 1.669261866427864116e-01
2.604800000000000004e+00 2.756121285657194345e-02 1.660157006327170892e-01 1.660157006327170892e-01
2.610932399999999820e+00 2.725435566182245195e-02 1.650889325842966604e-01 1.650889325842966604e-01
2.617064800000000080e+00 2.694658050269754454e-02 1.641541364166542727e-01 1.641541364166542727e-01
2.623197300000000176e+00 2.664062514837503212e-02 1.632195611695333171e-01 1.632195611695333171e-01
2.629325600000000041e+00 2.633944488646993917e-02 1.622943156320329761e-01 1.622943156320329761e-01
2.635457999999999856e+00 2.604524163905427847e-02 1.613853823586705039e-01 1.613853823586705039e-01
2.641590499999999953e+00 2.576056271784533253e-02 1.605009741959385616e-01 1.605009741959385616e-01
2.647722900000000212e+00 2.548739015454684620e-02 1.596477063867403345e-01 1.596477063867403345e-01
2.653851200000000077e+00 2.522739331422203801e-02 1.588313360587955136e-01 1.588313360587955136e-01
2.659983599999999893e+00 2.498119342907483345e-02 1.580544002205406251e-01 1.580544002205406251e-01
2.666116099999999989e+00 2.474936025273462986e-02 1.573192939621031738e-01 1.573192939621031738e-01
2.672244399999999853e+00 2.453185183702048452e-02 1.566264723379176549e-01 1.566264723379176549e-01
2.678376800000000113e+00 2.432761651665207511e-02 1.559731275465491007e-01 1.559731275465491007e-01
2.684509300000000209e+00 2.413552363659512284e-02 1.553561187613642924e-01 1.553561187613642924e-01
2.690641700000000025e+00 2.395385165048524376e-02 1.547703190230130810e-01 1.547703190230130810e-01
2.696769999999999889e+00 2.378062497174102813e-02 1.542096785929502889e-01 1.542096785929502889e-01
2.702902400000000149e+00 2.361327679691713546e-02 1.536661211748286959e-01 1.536661211748286959e-01
2.709034899999999801e+00 2.344945440415893700e-02 1.531321468672039998e-01 1.531321468672039998e-01
2.715167300000000061e+00 2.328668503031737849e-02 1.525997543586403715e-01 1.525997543586403715e-01
2.721295599999999926e+00 2.312270997971435996e-02 1.520615335307202443e-01 1.520615335307202443e-01
2.727428100000000022e+00 2.295516636756904372e-02 1.515096246697517357e-01 1.515096246697517357e-01
2.733560499999999838e+00 2.278235177334441558e-02 1.509382382742836259e-01 1.509382382742836259e-01
2.739688800000000146e+00 2.260297675788889085e-02 1.503428640072048406e-01 1.503428640072048406e-01
2.745821199999999962e+00 2.241586103451360945e-02 1.497192740915931908e-01 1.497192740915931908e-01
2.751953700000000058e+00 2.222068329691465408e-02 1.490660366982186069e-01 1.490660366982186069e-01
2.758086099999999874e+00 2.201753052596284316e-02 1.483830533651429029e-01 1.483830533651429029e-01
2.764214400000000182e+00 2.180712484907769769e-02 1.476723564147254253e-01 1.476723564147254253e-01
2.770346899999999835e+00 2.159022494043775706e-02 1.469361253757487662e-01 1.469361253757487662e-01
2.776479300000000094e+00 2.136842136541097434e-02 1.461794149851851632e-01 1.461794149851851632e-01
2.782611699999999910e+00 2.114347636991660215e-02 1.454079652904771425e-01 1.454079652904771425e-01
2.788740000000000219e+00 2.091753278424586179e-02 1.446289486383893486e-01 1.446289486383893486e-01
2.794872499999999871e+00 2.069239712509340565e-02 1.438485214560560055e-01 1.438485214560560055e-01
2.801004900000000131e+00 2.047035522256012915e-02 1.430746491261122300e-01 1.430746491261122300e-01
2.807137299999999946e+00 2.025343776962897080e-02 1.423145732861851864e-01 1.423145732861851864e-01
2.813265700000000091e+00 2.004362009151086296e-02 1.415754925525984642e-01 1.415754925525984642e-01
2.819398099999999907e+00 1.984218630054594354e-02 1.408622955249059783e-01 1.408622955249059783e-01
2.825530500000000167e+00 1.965047923411051417e-02 1.401801670498024344e-01 1.401801670498024344e-01
2.831658899999999868e+00 1.946940704074585221e-02 1.395328170744999097e-01 1.395328170744999097e-01
2.837791300000000128e+00 1.929908368411573441e-02 1.389211419623224142e-01 1.389211419623224142e-01
2.843923699999999943e+00 1.913952769276633728e-02 1.383456818724976833e-01 1.383456818724976833e-01
2.850056100000000203e+00 1.899019397018016087e-02 1.378049127214997505e-01 1.378049127214997505e-01
2.856184499999999904e+00 1.885021756994140207e-02 1.372960945181668502e-01 1.372960945181668502e-01
2.862316900000000164e+00 1.871810764749420181e-02 1.368141354082033634e-01 1.368141354082033634e-01
2.868449299999999980e+00 1.859236403732637127e-02 1.363538192986407382e-01 1.363538192986407382e-01
2.874581699999999795e+00 1.847118925909084497e-02 1.359087534307148459e-01 1.359087534307148459e-01
2.880710099999999940e+00 1.835275094561872669e-02 1.354723253864741350e-01 1.354723253864741350e-01
2.886842500000000200e+00 1.823496987491985549e-02 1.350369204140847434e-01 1.350369204140847434e-01
2.892974900000000016e+00 1.811607644572871267e-02 1.345959748496540764e-01 1.345959748496540764e-01
2.899103300000000161e+00 1.799447098295333877e-02 1.341434716374723113e-01 1.341434716374723113e-01
2.905235699999999976e+00 1.786856186938707083e-02 1.336733401594613901e-01 1.336733401594613901e-01
2.911368099999999792e+00 1.773730628901122597e-02 1.331814787761842755e-01 1.331814787761842755e-01
2.917500500000000052e+00 1.759994516341994997e-02 1.326647849409177127e-01 1.326647849409177127e-01
2.923628900000000197e+00 1.745620802991385348e-02 1.321219437864651347e-01 1.321219437864651347e-01
2.929761300000000013e+00 1.730594405062936894e-02 1.315520583291244772e-01 1.315520583291244772e-01
2.935893699999999829e+00 1.714967546266660259e-02 1.309567694419292161e-01 1.309567694419292161e-01
2.942026100000000088e+00 1.698819781752053046e-02 1.303387809422833776e-01 1.303387809422833776e-01
2.948154499999999789e+00 1.682273423700647585e-02 1.297024835421684563e-01 1.297024835421684563e-01
2.954286900000000049e+00 1.665443901936984952e-02 1.290520787099915245e-01 1.290520787099915245e-01
2.960419299999999865e+00 1.648497381664997680e-02 1.283938231249851791e-01 1.283938231249851791e-01
2.966551700000000125e+00 1.631599632148449802e-02 1.277340844155721022e-01 1.277340844155721022e-01
2.972680099999999825e+00 1.614929005261794837e-02 1.270798569900751240e-01 1.270798569900751240e-01
2.978812500000000085e+00 1.598624620496905471e-02 1.264367280696912510e-01 1.264367280696912510e-01
2.984944899999999901e+00 1.582843863123729183e-02 1.258111228438777152e-01 1.258111228438777152e-01
2.991073300000000046e+00 1.567721136721378014e-02 1.252086712940193303e-01 1.252086712940193303e-01
2.997205699999999862e+00 1.553333875196635273e-02 1.246328157106560419e-01 1.246328157106560419e-01
3.003338100000000122e+00 1.539757424474041785e-02 1.240869624285340367e-01 1.240869624285340367e-01
3.009470600000000218e+00 1.527022065708418669e-02 1.235727342785785665e-01 1.235727342785785665e-01
3.015598900000000082e+00 1.515130589929612574e-02 1.230906409898661902e-01 1.230906409898661902e-01
3.021731299999999898e+00 1.504026573245573380e-02 1.226387611338916467e-01 1.226387611338916467e-01
3.027863700000000158e+00 1.493645396955079786e-02 1.222147862148880854e-01 1.222147862148880854e-01
3.033996199999999810e+00 1.483885562479220904e-02 1.218148415620699671e-01 1.218148415620699671e-01
3.040124500000000118e+00 1.474629000646814243e-02 1.214343032526976757e-01 1.214343032526976757e-01
3.046256899999999934e+00 1.465722151622583097e-02 1.210670125022742516e-01 1.210670125022742516e-01
3.052389400000000030e+00 1.457020652858103532e-02 1.207071105137598604e-01 1.207071105137598604e-01
3.058521799999999846e+00 1.448372268840186251e-02 1.203483389515695029e-01 1.203483389515695029e-01
3.064650100000000155e+00 1.439635806066680637e-02 1.199848242931863679e-01 1.199848242931863679e-01
3.070782499999999970e+00 1.430665367223718683e-02 1.196104245968435120e-01 1.196104245968435120e-01
3.076915000000000067e+00 1.421351369962705127e-02 1.192204416181514154e-01 1.192204416181514154e-01
3.083043299999999931e+00 1.411609977075302044e-02 1.188111937939898832e-01 1.188111937939898832e-01
3.089175700000000191e+00 1.401365673150197638e-02 1.183792918187212967e-01 1.183792918187212967e-01
3.095308199999999843e+00 1.390593306115947385e-02 1.179234203250544843e-01 1.179234203250544843e-01
3.101440600000000103e+00 1.379293937251282673e-02 1.174433453734728544e-01 1.174433453734728544e-01
3.107568899999999967e+00 1.367507589353445831e-02 1.169404801321358434e-01 1.169404801321358434e-01
3.113701299999999783e+00 1.355279899329249992e-02 1.164164893530658801e-01 1.164164893530658801e-01
3.119833799999999879e+00 1.342705547620951824e-02 1.158751719576265327e-01 1.158751719576265327e-01
3.125966200000000139e+00 1.329893052459938697e-02 1.153209890895815493e-01 1.153209890895815493e-01
3.132094500000000004e+00 1.316974166636733501e-02 1.147594948854661623e-01 1.147594948854661623e-01
3.138227000000000100e+00 1.304063409863483528e-02 1.141955957935105043e-01 1.141955957935105043e-01
3.144359399999999916e+00 1.291303962611877604e-02 1.136355561702356298e-01 1.136355561702356298e-01
3.150487699999999780e+00 1.278833293494142237e-02 1.130855116048975623e-01 1.130855116048975623e-01
3.156620100000000040e+00 1.266753039258624973e-02 1.125501239119097996e-01 1.125501239119097996e-01
3.162752600000000136e+00 1.255173049265120161e-02 1.120345058125004761e-01 1.120345058125004761e-01
3.168884999999999952e+00 1.244173656529996494e-02 1.115425325393859107e-01 1.115425325393859107e-01
3.175013299999999816e+00 1.233816032423871827e-02 1.110772718617031862e-01 1.110772718617031862e-01
3.181145799999999912e+00 1.224113153361701400e-02 1.106396472048651047e-01 1.106396472048651047e-01
3.187278200000000172e+00 1.215070875982121427e-02 1.102302533781956556e-01 1.102302533781956556e-01
3.193410599999999988e+00 1.206659281838695641e-02 1.098480442173958571e-01 1.098480442173958571e-01
3.199538899999999852e+00 1.198827385603455815e-02 1.094909761397465930e-01 1.094909761397465930e-01
3.205671399999999949e+00 1.191485422708570170e-02 1.091551841512151955e-01 1.091551841512151955e-01
3.211803800000000209e+00 1.184540898051219919e-02 1.088366159916422521e-01 1.088366159916422521e-01
3.217936200000000024e+00 1.177881673124580794e-02 1.085302572154226847e-01 1.085302572154226847e-01
3.224064600000000169e+00 1.171391787621175150e-02 1.082308545480989564e-01 1.082308545480989564e-01
3.230196999999999985e+00 1.164940534457075717e-02 1.079324110013797355e-01 1.079324110013797355e-01
3.236329399999999801e+00 1.158413791774513986e-02 1.076296330837615556e-01 1.076296330837615556e-01
3.242457700000000109e+00 1.151707392091901906e-02 1.073176309881979235e-01 1.073176309881979235e-01
3.248590200000000205e+00 1.144718409245017166e-02 1.069915141142052106e-01 1.069915141142052106e-01
3.254722600000000021e+00 1.137376826348907022e-02 1.066478704123484667e-01 1.066478704123484667e-01
3.260854999999999837e+00 1.129630476734613462e-02 1.062840757938184055e-01 1.062840757938184055e-01
3.266983399999999982e+00 1.121457580844465937e-02 1.058988942739472611e-01 1.058988942739472611e-01
3.273115799999999798e+00 1.112845938486085352e-02 1.054915133309824726e-01 1.054915133309824726e-01
3.279248200000000057e+00 1.103824578811151910e-02 1.050630562477197216e-01 1.050630562477197216e-01
3.285380599999999873e+00 1.094441108442105112e-02 1.046155394022372370e-01 1.046155394022372370e-01
3.291509000000000018e+00 1.084770530241603755e-02 1.041523177966579700e-01 1.041523177966579700e-01
3.297641399999999834e+00 1.074886025452302489e-02 1.036767102801927493e-01 1.036767102801927493e-01
3.303773800000000094e+00 1.064892351435725408e-02 1.031936214809677788e-01 1.031936214809677788e-01
3.309906199999999910e+00 1.054895607632793351e-02 1.027081110542294728e-01 1.027081110542294728e-01
3.316034600000000054e+00 1.045010439483016335e-02 1.022257521118341422e-01 1.022257521118341422e-01
3.322166999999999870e+00 1.035328852089088120e-02 1.017511106617066952e-01 1.017511106617066952e-01
3.328299400000000130e+00 1.025953836162810627e-02 1.012893793130755921e-01 1.012893793130755921e-01
3.334427799999999831e+00 1.016974435627189359e-02 1.008451503854890102e-01 1.008451503854890102e-01
3.340560200000000091e+00 1.008445090020567217e-02 1.004213667513327163e-01 1.004213667513327163e-01
3.346692599999999906e+00 1.000417806601166734e-02 1.000208881484846019e-01 1.000208881484846019e-01
3.352825000000000166e+00 9.929163904655119444e-03 9.964519007285359276e-02 9.964519007285359276e-02
3.358953399999999867e+00 9.859459373715314875e-03 9.929481040676453596e-02 9.929481040676453596e-02
3.365085800000000127e+00 9.794752614745045119e-03 9.896844251954783900e-02 9.896844251954783900e-02
3.371218199999999943e+00 9.734655658580476656e-03 9.866435860319812401e-02 9.866435860319812401e-02
3.377350600000000203e+00 9.678543420137460801e-03 9.837958843244598572e-02 9.837958843244598572e-02
3.383478999999999903e+00 9.625667944739490708e-03 9.811048845429061471e-02 9.811048845429061471e-02
3.389611400000000163e+00 9.575063239276449326e-03 9.785225209097872523e-02 9.785225209097872523e-02
3.395743799999999979e+00 9.525797251687166678e-03 9.760019083837473408e-02 9.760019083837473408e-02
3.401876300000000075e+00 9.476880205438419774e-03 9.734926915718689067e-02 9.734926915718689067e-02
3.408004599999999940e+00 9.427385780695723277e-03 9.709472581296949012e-02 9.709472581296949012e-02
3.414137000000000199e+00 9.376360506112058762e-03 9.683160902366570733e-02 9.683160902366570733e-02
3.420269400000000015e+00 9.323067319545309470e-03 9.655603202050770661e-02 9.655603202050770661e-02
3.426397800000000160e+00 9.266927362798719342e-03 9.626488125375068372e-02 9.626488125375068372e-02
3.432530199999999976e+00 9.207432402278989403e-03 9.595536671952741015e-02 9.595536671952741015e-02
3.438662599999999792e+00 9.144382960521127424e-03 9.562626710544089303e-02 9.562626710544089303e-02
3.444795099999999888e+00 9.077751444159162797e-03 9.527723465843854211e-02 9.527723465843854211e-02
3.450923400000000196e+00 9.007768118774798355e-03 9.490926255521532628e-02 9.490926255521532628e-02
3.457055800000000012e+00 8.934712710130670449e-03 9.452360927371886157e-02 9.452360927371886157e-02
3.463188199999999828e+00 8.859178328392185511e-03 9.412320823469727538e-02 9.412320823469727538e-02
3.469320699999999924e+00 8.781853978686558065e-03 9.371154666681452694e-02 9.371154666681452694e-02
3.475448999999999788e+00 8.703591248592598001e-03 9.329303965780404162e-02 9.329303965780404162e-02
3.481581400000000048e+00 8.625145157498044848e-03 9.287165960344438698e-02 9.287165960344438698e-02
3.487713900000000145e+00 8.547449003699152462e-03 9.245241480728966232e-02 9.245241480728966232e-02
3.493842200000000009e+00 8.471414524950926506e-03 9.204028751014919907e-02 9.204028751014919907e-02
3.499974599999999825e+00 8.397731382474816000e-03 9.163913674012220956e-02 9.163913674012220956e-02
3.506107000000000085e+00 8.327139607054650366e-03 9.125316217564545529e-02 9.125316217564545529e-02
3.512239500000000181e+00 8.260189118672578087e-03 9.088558256771300803e-02 9.088558256771300803e-02
3.518367800000000045e+00 8.197310547755914598e-03 9.053900014775906335e-02 9.053900014775906335e-02
3.524500199999999861e+00 8.138625961172537421e-03 9.021433345745306920e-02 9.021433345745306920e-02
3.530632699999999957e+00 8.084197037091884683e-03 8.991216289853050381e-02 8.991216289853050381e-02
3.536765100000000217e+00 8.033857627179407518e-03 8.963178915529583513e-02 8.963178915529583513e-02
3.542893400000000081e+00 7.987292543081721957e-03 8.937165402453801921e-02 8.937165402453801921e-02
3.549025799999999897e+00 7.943938421766341684e-03 8.912877437599117658e-02 8.912877437599117658e-02
3.555158299999999993e+00 7.903195312526272234e-03 8.889991739324773490e-02 8.889991739324773490e-02
3.561290699999999809e+00 7.864335341654274392e-03 8.868108784658809696e-02 8.868108784658809696e-02
3.567419000000000118e+00 7.826593402950677777e-03 8.846803605229788814e-02 8.846803605229788814e-02
3.573551500000000214e+00 7.789108774992807224e-03 8.825592770456161529e-02 8.825592770456161529e-02
3.579683900000000030e+00 7.751117765710469065e-03 8.804043256203633594e-02 8.804043256203633594e-02
3.585812199999999894e+00 7.711914468907421841e-03 8.781750661973626582e-02 8.781750661973626582e-02
3.591944600000000154e+00 7.670808318305167260e-03 8.758315088134913107e-02 8.758315088134913107e-02
3.598077099999999806e+00 7.627309664129207009e-03 8.733447007985567501e-02 8.733447007985567501e-02
3.604209500000000066e+00 7.581052775934678072e-03 8.706924127345246067e-02 8.706924127345246067e-02
3.610337799999999930e+00 7.531867277858314731e-03 8.678633116947803705e-02 8.678633116947803705e-02
3.616470300000000027e+00 7.479654083523364951e-03 8.648499340072453301e-02 8.648499340072453301e-02
3.622602699999999842e+00 7.424584669020172292e-03 8.616602966958714083e-02 8.616602966958714083e-02
3.628735100000000102e+00 7.366957073140438517e-03 8.583097968181674364e-02 8.583097968181674364e-02
3.634863399999999967e+00 7.307254475406737421e-03 8.548248051739454345e-02 8.548248051739454345e-02
3.640995900000000063e+00 7.245957949581093363e-03 8.512319278305469084e-02 8.512319278305469084e-02
3.647128299999999879e+00 7.183760996848310466e-03 8.475707048292968615e-02 8.475707048292968615e-02
3.653260700000000138e+00 7.121371002931724779e-03 8.438821601936923045e-02 8.438821601936923045e-02
3.659389099999999839e+00 7.059556422192355546e-03 8.402116651292312888e-02 8.402116651292312888e-02
3.665521500000000099e+00 6.998948087982233973e-03 8.365971604053072663e-02 8.365971604053072663e-02
3.671653899999999915e+00 6.940246723035257276e-03 8.330814319762058773e-02 8.330814319762058773e-02
3.677782199999999779e+00 6.884065068346139488e-03 8.297026617015362815e-02 8.297026617015362815e-02
3.683914699999999876e+00 6.830791334195743247e-03 8.264860152595289444e-02 8.264860152595289444e-02
3.690047100000000135e+00 6.780796909092471833e-03 8.234559435144342410e-02 8.234559435144342410e-02
3.696179499999999951e+00 6.734263896450304494e-03 8.206256086943852779e-02 8.206256086943852779e-02
3.702307900000000096e+00 6.691246797959607764e-03 8.180004155230978513e-02 8.180004155230978513e-02
3.708440299999999912e+00 6.651562178380037056e-03 8.155710991924638997e-02 8.155710991924638997e-02
3.714572700000000172e+00 6.614965173805806981e-03 8.133243617281980808e-02 8.133243617281980808e-02
3.720705099999999987e+00 6.581050266991722748e-03 8.112367266705645952e-02 8.112367266705645952e-02
3.726833500000000132e+00 6.549322263013792819e-03 8.092788309979319361e-02 8.092788309979319361e-02
3.732965899999999948e+00 6.519141754080509839e-03 8.074120233239352740e-02 8.074120233239352740e-02
3.739098300000000208e+00 6.489879331953873724e-03 8.055978731323633346e-02 8.055978731323633346e-02
3.745226699999999909e+00 6.460883519842015518e-03 8.037962129695570834e-02 8.037962129695570834e-02
3.751359100000000169e+00 6.431459969928270126e-03 8.019638377089249870e-02 8.019638377089249870e-02
3.757491499999999984e+00 6.401016588391528900e-03 8.000635342515947934e-02 8.000635342515947934e-02
3.763623899999999800e+00 6.369017732772533011e-03 7.980612591006114309e-02 7.980612591006114309e-02
3.769752299999999945e+00 6.335051477372784061e-03 7.959303661359318216e-02 7.959303661359318216e-02
3.775884700000000205e+00 6.298759726011510587e-03 7.936472595562533983e-02 7.936472595562533983e-02
3.782017100000000021e+00 6.259984773852917198e-03 7.912006555768844041e-02 7.912006555768844041e-02
3.788149499999999836e+00 6.218689212628431690e-03 7.885866605914933214e-02 7.885866605914933214e-02
3.794277899999999981e+00 6.175006528637748404e-03 7.858120976822480230e-02 7.858120976822480230e-02
3.800410299999999797e+00 6.129118231910328854e-03 7.828868520999908431e-02 7.828868520999908431e-02
3.806542700000000057e+00 6.081411417284877767e-03 7.798340475565861130e-02 7.798340475565861130e-02
3.812675099999999873e+00 6.032346607275610069e-03 7.766818272159849157e-02 7.766818272159849157e-02
3.818803500000000017e+00 5.982493847063618218e-03 7.734658264631746882e-02 7.734658264631746882e-02
3.824935899999999833e+00 5.932374115681739168e-03 7.702190672582534536e-02 7.702190672582534536e-02
3.831068300000000093e+00 5.882625261702368810e-03 7.669827417681814030e-02 7.669827417681814030e-02
3.837196699999999794e+00 5.833872896850965384e-03 7.637979377329429109e-02 7.637979377329429109e-02
3.843329100000000054e+00 5.786606565223542144e-03 7.606974802918399503e-02 7.606974802918399503e-02
3.849461499999999869e+00 5.741344156749683333e-03 7.577165800449191246e-02 7.577165800449191246e-02
3.855593900000000129e+00 5.698480205687722622e-03 7.548827859798978857e-02 7.548827859798978857e-02
3.861722299999999830e+00 5.658324859800466233e-03 7.522183765237636099e-02 7.522183765237636099e-02
3.867854700000000090e+00 5.620987987876704083e-03 7.497324848155309529e-02 7.497324848155309529e-02
3.873987099999999906e+00 5.586529990422708057e-03 7.474309326233902206e-02 7.474309326233902206e-02
3.880119600000000002e+00 5.554854411927884726e-03 7.453089568714363344e-02 7.453089568714363344e-02
3.886247899999999866e+00 5.525762020965387447e-03 7.433546946757911555e-02 7.433546946757911555e-02
3.892380300000000126e+00 5.498883948383328883e-03 7.415446007074240342e-02 7.415446007074240342e-02
3.898512699999999942e+00 5.473817856491067918e-03 7.398525431794546192e-02 7.398525431794546192e-02
3.904641100000000087e+00 5.450085226710636721e-03 7.382469252703079132e-02 7.382469252703079132e-02
3.910773499999999903e+00 5.427115877830465153e-03 7.366896142766277134e-02 7.366896142766277134e-02
3.916905900000000162e+00 5.404367584280807095e-03 7.351440392386247857e-02 7.351440392386247857e-02
3.923038399999999815e+00 5.381291074419401049e-03 7.335728371756550237e-02 7.335728371756550237e-02
3.929166700000000123e+00 5.357390790226710525e-03 7.319419915694624912e-02 7.319419915694624912e-02
3.935299099999999939e+00 5.332183021382798198e-03 7.302179826177110367e-02 7.302179826177110367e-02
3.941431500000000199e+00 5.305314420079274527e-03 7.283758933462360086e-02 7.283758933462360086e-02
3.947563999999999851e+00 5.276515312258311073e-03 7.263962632240278383e-02 7.263962632240278383e-02
3.953692300000000159e+00 5.245650642655769885e-03 7.242686409513923729e-02 7.242686409513923729e-02
3.959824699999999975e+00 5.212639433037960339e-03 7.219861101875825471e-02 7.219861101875825471e-02
3.965957200000000071e+00 5.177580261037587582e-03 7.195540466870843643e-02 7.195540466870843643e-02
3.972089599999999887e+00 5.140666486146210426e-03 7.169844130904248769e-02 7.169844130904248769e-02
3.978217900000000196e+00 5.102217848615042857e-03 7.142981064384143486e-02 7.142981064384143486e-02
3.984350300000000011e+00 5.062562716399925111e-03 7.115168807835781095e-02 7.115168807835781095e-02
3.990482800000000108e+00 5.022171533286211818e-03 7.086728111961268506e-02 7.086728111961268506e-02
3.996611099999999972e+00 4.981561412597375338e-03 7.058017719301486192e-02 7.058017719301486192e-02
4.002743500000000232e+00 4.941183595745604791e-03 7.029355301694177605e-02 7.029355301694177605e-02
4.008875999999999884e+00 4.901563493029513323e-03 7.001116691663918090e-02 7.001116691663918090e-02
4.015008400000000144e+00 4.863168909137028859e-03 6.973642455085454772e-02 6.973642455085454772e-02
4.021136699999999564e+00 4.826434378076178110e-03 6.947254405933453447e-02 6.947254405933453447e-02
4.027269200000000104e+00 4.791646169564698320e-03 6.922171747049259138e-02 6.922171747049259138e-02
4.033401600000000364e+00 4.759075809815041178e-03 6.898605518374739676e-02 6.898605518374739676e-02
4.039533999999999736e+00 4.728865816340314422e-03 6.876674935126943222e-02 6.876674935126943222e-02
4.045662300000000045e+00 4.701069021688299154e-03 6.856434220269526369e-02 6.856434220269526369e-02
4.051794799999999697e+00 4.675574338839259651e-03 6.837817150845187930e-02 6.837817150845187930e-02
4.057927199999999957e+00 4.652224756279588376e-03 6.820721923872566372e-02 6.820721923872566372e-02
4.064059600000000216e+00 4.630748818790089184e-03 6.804960557409638067e-02 6.804960557409638067e-02
4.070187999999999917e+00 4.610808807956165607e-03 6.790293666665798977e-02 6.790293666665798977e-02
