3.577503900000000153e-02 6.104409440148918975e+02 2.470710310851703184e+01 2.470710310851703184e+01
4.190623799999999843e-02 5.516740100045736881e+02 2.348774169656533317e+01 2.348774169656533317e+01
4.803784500000000263e-02 5.168053398118179302e+02 2.273335302615559783e+01 2.273335302615559783e+01
5.416904399999999953e-02 5.067159649667752319e+02 2.251035239543742250e+01 2.251035239543742250e+01
6.030024300000000337e-02 5.310668039199797477e+02 2.304488671961699353e+01 2.304488671961699353e+01
6.643184900000000115e-02 5.378031785670224281e+02 2.319058383411298152e+01 2.319058383411298152e+01
7.256304800000000499e-02 5.212565609017316319e+02 2.283104379790226801e+01 2.283104379790226801e+01
7.869424699999999495e-02 5.221494023412847127e+02 2.285058866509317710e+01 2.285058866509317710e+01
8.482544599999999879e-02 5.335177352849597128e+02 2.309800284191167208e+01 2.309800284191167208e+01
9.095705299999999605e-02 5.237815348983928061e+02 2.288627394091036393e+01 2.288627394091036393e+01
9.708825199999999989e-02 4.974362598772391948e+02 2.230327912835328164e+01 2.230327912835328164e+01
1.032198599999999966e-01 4.817709022136958197e+02 2.194928022085680652e+01 2.194928022085680652e+01
1.093510599999999999e-01 4.772426401521926209e+02 2.184588382629992509e+01 2.184588382629992509e+01
1.154822600000000032e-01 4.696139956342890400e+02 2.167057903320280587e+01 2.167057903320280587e+01
1.216134600000000066e-01 4.544133437608297186e+02 2.131697313787372039e+01 2.131697313787372039e+01
1.277450599999999936e-01 4.328408558284490368e+02 2.080482770484891830e+01 2.080482770484891830e+01
1.338762599999999969e-01 4.071193851860863333e+02 2.017719963686949214e+01 2.017719963686949214e+01
1.400074600000000002e-01 3.803129415072550614e+02 1.950161381802170268e+01 1.950161381802170268e+01
1.461390700000000098e-01 3.556908102811278241e+02 1.885976697313961736e+01 1.885976697313961736e+01
1.522702700000000131e-01 3.360602575714036107e+02 1.833194636615009188e+01 1.833194636615009188e+01
1.584014599999999939e-01 3.216801133380318447e+02 1.793544293676718482e+01 1.793544293676718482e+01
1.645330700000000035e-01 3.112404867105128119e+02 1.764200914608403536e+01 1.764200914608403536e+01
1.706642700000000068e-01 3.030954638025955319e+02 1.740963709566042539e+01 1.740963709566042539e+01
1.767954700000000101e-01 2.957097653257367824e+02 1.719621369155828816e+01 1.719621369155828816e+01
1.829270799999999919e-01 2.879205110115702837e+02 1.696822062007593956e+01 1.696822062007593956e+01
1.890582799999999952e-01 2.790542247461785337e+02 1.670491618494922292e+01 1.670491618494922292e+01
1.951894700000000038e-01 2.687171642758828511e+02 1.639259479996632152e+01 1.639259479996632152e+01
2.013210800000000134e-01 2.567635473403441893e+02 1.602384308898287202e+01 1.602384308898287202e+01
2.074522799999999889e-01 2.436787736303759573e+02 1.561021375991936821e+01 1.561021375991936821e+01
2.135834799999999922e-01 2.301388344049745172e+02 1.517032743235868786e+01 1.517032743235868786e+01
2.197146799999999955e-01 2.167229722982216344e+02 1.472151392684263449e+01 1.472151392684263449e+01
2.258462800000000104e-01 2.038218570667905851e+02 1.427661924500301893e+01 1.427661924500301893e+01
2.319774800000000137e-01 1.915643250443355043e+02 1.384067646628355774e+01 1.384067646628355774e+01
2.381086799999999892e-01 1.799440657468816198e+02 1.341432315649513640e+01 1.341432315649513640e+01
2.442402899999999988e-01 1.688827940532774221e+02 1.299549129711060225e+01 1.299549129711060225e+01
2.503714899999999743e-01 1.583150868502866899e+02 1.258233232951215186e+01 1.258233232951215186e+01
2.565026899999999777e-01 1.482002777947890877e+02 1.217375364441013730e+01 1.217375364441013730e+01
2.626342899999999925e-01 1.384991695616095626e+02 1.176856701394054916e+01 1.176856701394054916e+01
2.687654899999999958e-01 1.291773313199522306e+02 1.136562058666187447e+01 1.136562058666187447e+01
2.748966899999999991e-01 1.202283544373669031e+02 1.096486910260979286e+01 1.096486910260979286e+01
2.810283000000000087e-01 1.116628540814270991e+02 1.056706459152337629e+01 1.056706459152337629e+01
2.871595000000000120e-01 1.035146929171225025e+02 1.017421706654239344e+01 1.017421706654239344e+01
2.932907000000000153e-01 9.581438979650731369e+01 9.788482507340313887e+00 9.788482507340313887e+00
2.994222999999999746e-01 8.858543685301567905e+01 9.411983683210234375e+00 9.411983683210234375e+00
3.055534999999999779e-01 8.184761631870939880e+01 9.046967244259780827e+00 9.046967244259780827e+00
3.116846999999999812e-01 7.561438644475916249e+01 8.695653307530099241e+00 8.695653307530099241e+00
3.178163099999999908e-01 6.987718053762613124e+01 8.359257176186538629e+00 8.359257176186538629e+00
3.239475099999999941e-01 6.461250678901204481e+01 8.038190517088533937e+00 8.038190517088533937e+00
3.300787099999999974e-01 5.979363235036981195e+01 7.732634243928120377e+00 7.732634243928120377e+00
3.362103100000000122e-01 5.539334248533934613e+01 7.442670386718690523e+00 7.442670386718690523e+00
3.423415100000000155e-01 5.138434418779610979e+01 7.168287395731012701e+00 7.168287395731012701e+00
3.484727100000000188e-01 4.773734075355172024e+01 6.909221428898607797e+00 6.909221428898607797e+00
3.546039100000000222e-01 4.442764648467247213e+01 6.665406700620185809e+00 6.665406700620185809e+00
3.607355199999999762e-01 4.143687912187464661e+01 6.437148368794574083e+00 6.437148368794574083e+00
3.668667099999999848e-01 3.874463830249634100e+01 6.224519122188985953e+00 6.224519122188985953e+00
3.729979099999999881e-01 3.632843198192872336e+01 6.027307191601297909e+00 6.027307191601297909e+00
3.791295199999999976e-01 3.416489463132705140e+01 5.845074390572548850e+00 5.845074390572548850e+00
3.852607200000000010e-01 3.223125839161041739e+01 5.677257999387593124e+00 5.677257999387593124e+00
3.913919200000000043e-01 3.050552103952955463e+01 5.523180337407928242e+00 5.523180337407928242e+00
3.975235200000000191e-01 2.896409524757899590e+01 5.381830102072992617e+00 5.381830102072992617e+00
4.036547200000000224e-01 2.758168025910075016e+01 5.251826373662856540e+00 5.251826373662856540e+00
4.097842899999999955e-01 2.633531040723471506e+01 5.131794072956816777e+00 5.131794072956816777e+00
4.159167100000000228e-01 2.520379786016885149e+01 5.020338420880493757e+00 5.020338420880493757e+00
4.220491399999999893e-01 2.416836072547551240e+01 4.916132700149123735e+00 4.916132700149123735e+00
4.281815600000000166e-01 2.321180265681994470e+01 4.817862872355329174e+00 4.817862872355329174e+00
4.343099000000000265e-01 2.231926685531255572e+01 4.724327132546237706e+00 4.724327132546237706e+00
4.404423299999999930e-01 2.147769700590213660e+01 4.634403630015639486e+00 4.634403630015639486e+00
4.465747500000000203e-01 2.067782283026195245e+01 4.547287414521095528e+00 4.547287414521095528e+00
4.527071699999999921e-01 1.991295566528315319e+01 4.462393490637412974e+00 4.462393490637412974e+00
4.588355199999999967e-01 1.917775817466312915e+01 4.379241735125286361e+00 4.379241735125286361e+00
4.649679400000000240e-01 1.846820132923805247e+01 4.297464523325126073e+00 4.297464523325126073e+00
4.711003599999999958e-01 1.778125676900491570e+01 4.216782750985034411e+00 4.216782750985034411e+00
4.772287100000000004e-01 1.711484415965080075e+01 4.137009083825028632e+00 4.137009083825028632e+00
4.833611300000000277e-01 1.646778132413819762e+01 4.058051419602541010e+00 4.058051419602541010e+00
4.894935499999999995e-01 1.583958605223794258e+01 3.979897743942417243e+00 3.979897743942417243e+00
4.956259700000000268e-01 1.523001734727662537e+01 3.902565482766000571e+00 3.902565482766000571e+00
5.017543199999999759e-01 1.463886826443005340e+01 3.826077399168769322e+00 3.826077399168769322e+00
5.078867400000000032e-01 1.406623832956954168e+01 3.750498410820826134e+00 3.750498410820826134e+00
5.140191600000000305e-01 1.351226846906094714e+01 3.675903762214259629e+00 3.675903762214259629e+00
5.201515799999999468e-01 1.297704796206090805e+01 3.602366994360917118e+00 3.602366994360917118e+00
5.262799299999999514e-01 1.246085953157354531e+01 3.529994267923610263e+00 3.529994267923610263e+00
5.324123499999999787e-01 1.196391033469400611e+01 3.458888598190755115e+00 3.458888598190755115e+00
5.385447700000000060e-01 1.148623484345116097e+01 3.389134822259386226e+00 3.389134822259386226e+00
5.446771900000000333e-01 1.102804453050436173e+01 3.320849971092395325e+00 3.320849971092395325e+00
5.508055400000000379e-01 1.058903247601638320e+01 3.254079359206899280e+00 3.254079359206899280e+00
5.569379599999999542e-01 1.016874645422912060e+01 3.188847198319342713e+00 3.188847198319342713e+00
5.630703799999999815e-01 9.766257024503719464e+00 3.125101122284480670e+00 3.125101122284480670e+00
5.691987299999999861e-01 9.380706239330582008e+00 3.062793861710347176e+00 3.062793861710347176e+00
5.753311500000000134e-01 9.011171001631449684e+00 3.001861256226118435e+00 3.001861256226118435e+00
5.814635700000000407e-01 8.656753897618273186e+00 2.942236206972219659e+00 2.942236206972219659e+00
5.875959899999999569e-01 8.316520338736612672e+00 2.883837779545967095e+00 2.883837779545967095e+00
5.937243399999999616e-01 7.989566861050652058e+00 2.826582187209607966e+00 2.826582187209607966e+00
5.998567599999999889e-01 7.674946884239925105e+00 2.770369449051863331e+00 2.770369449051863331e+00
6.059891800000000162e-01 7.371787037447855795e+00 2.715103504002721380e+00 2.715103504002721380e+00
6.121216000000000435e-01 7.079190155939326878e+00 2.660674755760148891e+00 2.660674755760148891e+00
6.182499500000000481e-01 6.796354687509571946e+00 2.606981911619175918e+00 2.606981911619175918e+00
6.243823699999999643e-01 6.522783836283661429e+00 2.553974126001213207e+00 2.553974126001213207e+00
6.305147899999999916e-01 6.258411991912656624e+00 2.501681832670305194e+00 2.501681832670305194e+00
6.366472100000000189e-01 6.003274695138570927e+00 2.450158095947804426e+00 2.450158095947804426e+00
6.427755600000000236e-01 5.757474763484693447e+00 2.399473851385901746e+00 2.399473851385901746e+00
6.489079800000000509e-01 5.521050086994572226e+00 2.349691487620145569e+00 2.349691487620145569e+00
6.550403999999999671e-01 5.294085289154642382e+00 2.300887934940474722e+00 2.300887934940474722e+00
6.611687499999999718e-01 5.076632232007450618e+00 2.253138307340996516e+00 2.253138307340996516e+00
6.673011699999999990e-01 4.868724543002850957e+00 2.206518647780446596e+00 2.206518647780446596e+00
6.734335900000000263e-01 4.670369499005940561e+00 2.161103768680703752e+00 2.161103768680703752e+00
6.795660199999999929e-01 4.481568360769877302e+00 2.116971506839399275e+00 2.116971506839399275e+00
6.856943599999999472e-01 4.302302675421105782e+00 2.074199285367996026e+00 2.074199285367996026e+00
6.918267799999999745e-01 4.132546884107115126e+00 2.032866666583697857e+00 2.032866666583697857e+00
6.979592100000000521e-01 3.972185903508233196e+00 1.993034345792423334e+00 1.993034345792423334e+00
7.040916299999999683e-01 3.820826883897429305e+00 1.954693552426423064e+00 1.954693552426423064e+00
7.102199700000000337e-01 3.678034619463227184e+00 1.917820278196898043e+00 1.917820278196898043e+00
7.163523899999999500e-01 3.543364540611850355e+00 1.882382676453395964e+00 1.882382676453395964e+00
7.224848200000000276e-01 3.416364504039658634e+00 1.848341014001382510e+00 1.848341014001382510e+00
7.286131599999999819e-01 3.296519095062389493e+00 1.815631872121215462e+00 1.815631872121215462e+00
7.347455800000000092e-01 3.183316038231855050e+00 1.784184978703681201e+00 1.784184978703681201e+00
7.408780099999999758e-01 3.076231293411747281e+00 1.753918838889572784e+00 1.753918838889572784e+00
7.470104300000000030e-01 2.974755901178248063e+00 1.724748068901150511e+00 1.724748068901150511e+00
7.531387699999999574e-01 2.878385992021843975e+00 1.696580676543807620e+00 1.696580676543807620e+00
7.592712000000000350e-01 2.786690235989885966e+00 1.669338262902365200e+00 1.669338262902365200e+00
7.654036199999999512e-01 2.699224098326361787e+00 1.642931556190446285e+00 1.642931556190446285e+00
7.715360399999999785e-01 2.615557894405823536e+00 1.617268652514424865e+00 1.617268652514424865e+00
7.776643899999999832e-01 2.535284846652917423e+00 1.592257782726439475e+00 1.592257782726439475e+00
7.837968100000000105e-01 2.458105015040468189e+00 1.567834498612805882e+00 1.567834498612805882e+00
7.899292300000000377e-01 2.383827553395671206e+00 1.543964880881579793e+00 1.543964880881579793e+00
7.960616499999999540e-01 2.312288699292798455e+00 1.520621155742875485e+00 1.520621155742875485e+00
8.021899999999999586e-01 2.243349726478130357e+00 1.497781601729080592e+00 1.497781601729080592e+00
8.083224199999999859e-01 2.176866947672456032e+00 1.475420939146674826e+00 1.475420939146674826e+00
8.144548400000000132e-01 2.112735903619416877e+00 1.453525336421562564e+00 1.453525336421562564e+00
8.205831900000000179e-01 2.050823039182681828e+00 1.432069495235018808e+00 1.432069495235018808e+00
8.267156100000000452e-01 1.991029159837994778e+00 1.411038326849414437e+00 1.411038326849414437e+00
8.328480299999999614e-01 1.933258476147346805e+00 1.390416655591893758e+00 1.390416655591893758e+00
8.389804499999999887e-01 1.877444126618748488e+00 1.370198571966395162e+00 1.370198571966395162e+00
8.451087999999999933e-01 1.823546194990167679e+00 1.350387424034364958e+00 1.350387424034364958e+00
8.512412200000000206e-01 1.771547086598509013e+00 1.330994773317502267e+00 1.330994773317502267e+00
8.573736400000000479e-01 1.721384993381592121e+00 1.312015622384730573e+00 1.312015622384730573e+00
8.635060599999999642e-01 1.672998863903973898e+00 1.293444573185868585e+00 1.293444573185868585e+00
8.696344099999999688e-01 1.626347658275565600e+00 1.275283363913904955e+00 1.275283363913904955e+00
8.757668299999999961e-01 1.581351133896718553e+00 1.257517846353171542e+00 1.257517846353171542e+00
8.818992500000000234e-01 1.537968882680475380e+00 1.240148734096227390e+00 1.240148734096227390e+00
8.880316700000000507e-01 1.496151304846361718e+00 1.223172639019677321e+00 1.223172639019677321e+00
8.941600200000000553e-01 1.455860275525723058e+00 1.206590351165515829e+00 1.206590351165515829e+00
9.002924399999999716e-01 1.417012713035970872e+00 1.190383431099396150e+00 1.190383431099396150e+00
9.064248599999999989e-01 1.379558362922782999e+00 1.174546024182442583e+00 1.174546024182442583e+00
9.125532100000000035e-01 1.343423460343894815e+00 1.159061456672550561e+00 1.159061456672550561e+00
9.186856300000000308e-01 1.308533070983027624e+00 1.143911303809446389e+00 1.143911303809446389e+00
9.248180499999999471e-01 1.274810000824167844e+00 1.129074842879854268e+00 1.129074842879854268e+00
9.309504699999999744e-01 1.242196786727886471e+00 1.114538822440872323e+00 1.114538822440872323e+00
9.370788199999999790e-01 1.210608318638138670e+00 1.100276473727462179e+00 1.100276473727462179e+00
9.432112400000000063e-01 1.179973108815149496e+00 1.086265671378392250e+00 1.086265671378392250e+00
9.493436600000000336e-01 1.150250878954033551e+00 1.072497496012943419e+00 1.072497496012943419e+00
9.554760799999999499e-01 1.121396524456119481e+00 1.058960114667270913e+00 1.058960114667270913e+00
9.616044299999999545e-01 1.093359967233971775e+00 1.045638545212432380e+00 1.045638545212432380e+00
9.677368499999999818e-01 1.066126130070049749e+00 1.032533839673087872e+00 1.032533839673087872e+00
9.738692700000000091e-01 1.039645348948483372e+00 1.019630005908262582e+00 1.019630005908262582e+00
9.799976200000000137e-01 1.013901874930503544e+00 1.006926946173605675e+00 1.006926946173605675e+00
9.861300400000000410e-01 9.888751334166862028e-01 9.944220097205643816e-01 9.944220097205643816e-01
9.922624599999999573e-01 9.645612319665222145e-01 9.821207827790440215e-01 9.821207827790440215e-01
9.983948900000000348e-01 9.409491618633690768e-01 9.700253408356758200e-01 9.700253408356758200e-01
1.004523199999999949e+00 9.180346168001175533e-01 9.581412300909075697e-01 9.581412300909075697e-01
1.010655700000000046e+00 8.958147360342857413e-01 9.464748998437759742e-01 9.464748998437759742e-01
1.016788100000000084e+00 8.742826022766914118e-01 9.350308028491315371e-01 9.350308028491315371e-01
1.022920499999999899e+00 8.534340350800205810e-01 9.238149355146952901e-01 9.238149355146952901e-01
1.029048799999999986e+00 8.332611352905677782e-01 9.128313838220987186e-01 9.128313838220987186e-01
1.035181300000000082e+00 8.137544684002063766e-01 9.020834043480715492e-01 9.020834043480715492e-01
1.041313699999999898e+00 7.949001375334123765e-01 8.915717231571514967e-01 8.915717231571514967e-01
1.047446099999999936e+00 7.766832864818958848e-01 8.812963669968779667e-01 8.812963669968779667e-01
1.053574500000000080e+00 7.590851515285754747e-01 8.712549291272764229e-01 8.712549291272764229e-01
1.059706899999999896e+00 7.420833866768509202e-01 8.614426194917749191e-01 8.614426194917749191e-01
1.065839299999999934e+00 7.256560038467365636e-01 8.518544499189615316e-01 8.518544499189615316e-01
1.071967600000000020e+00 7.097748782996898820e-01 8.424813815745069157e-01 8.424813815745069157e-01
1.078100099999999895e+00 6.944125047994742506e-01 8.333141693259956684e-01 8.333141693259956684e-01
1.084232499999999932e+00 6.795407158689702465e-01 8.243425961752615105e-01 8.243425961752615105e-01
1.090364899999999970e+00 6.651287809522415939e-01 8.155542783605770341e-01 8.155542783605770341e-01
1.096493299999999893e+00 6.511464381242587640e-01 8.069364523456966642e-01 8.069364523456966642e-01
1.102625699999999931e+00 6.375650939951623686e-01 7.984767335340224870e-01 7.984767335340224870e-01
1.108758099999999969e+00 6.243601958542153163e-01 7.901646637595326483e-01 7.901646637595326483e-01
1.114890500000000007e+00 6.115083282144202492e-01 7.819899796125396874e-01 7.819899796125396874e-01
1.121018899999999929e+00 5.989931713469517360e-01 7.739464912685836140e-01 7.739464912685836140e-01
1.127151299999999967e+00 5.868022969793946775e-01 7.660302193643503399e-01 7.660302193643503399e-01
1.133283700000000005e+00 5.749206840301437360e-01 7.582352431997234632e-01 7.582352431997234632e-01
1.139416100000000043e+00 5.633410831510367034e-01 7.505605126510698222e-01 7.505605126510698222e-01
1.145544499999999966e+00 5.520510553812897347e-01 7.430013831624338039e-01 7.430013831624338039e-01
1.151676900000000003e+00 5.410466746844623254e-01 7.355587499883761149e-01 7.355587499883761149e-01
1.157809300000000041e+00 5.303202779443962900e-01 7.282309235018767923e-01 7.282309235018767923e-01
1.163937699999999964e+00 5.198662452323744576e-01 7.210175068834143719e-01 7.210175068834143719e-01
1.170070100000000002e+00 5.096815707296921127e-01 7.139198629606071655e-01 7.139198629606071655e-01
1.176202500000000040e+00 4.997615868182628818e-01 7.069381775079507380e-01 7.069381775079507380e-01
1.182334900000000077e+00 4.901025639194551697e-01 7.000732561092840589e-01 7.000732561092840589e-01
1.188463300000000000e+00 4.806994565409352105e-01 6.933249285442830701e-01 6.933249285442830701e-01
1.194595700000000038e+00 4.715484611646336699e-01 6.866938627690171160e-01 6.866938627690171160e-01
1.200728100000000076e+00 4.626440286410881675e-01 6.801794091569430822e-01 6.801794091569430822e-01
1.206860499999999892e+00 4.539805394505936342e-01 6.737807799652596463e-01 6.737807799652596463e-01
1.212988900000000037e+00 4.455532091699142550e-01 6.674977222207685301e-01 6.674977222207685301e-01
1.219121300000000074e+00 4.373522858351172604e-01 6.613261569264573536e-01 6.613261569264573536e-01
1.225253699999999890e+00 4.293698058802584705e-01 6.552631577315013445e-01 6.552631577315013445e-01
1.231382100000000035e+00 4.215967550659409646e-01 6.493048244591602680e-01 6.493048244591602680e-01
1.237514500000000073e+00 4.140224128307195550e-01 6.434457341771095962e-01 6.434457341771095962e-01
1.243646900000000111e+00 4.066351434626694905e-01 6.376794990139399433e-01 6.376794990139399433e-01
1.249779299999999926e+00 3.994257514424362498e-01 6.320013856333198676e-01 6.320013856333198676e-01
1.255907700000000071e+00 3.923845669009926040e-01 6.264060718902656477e-01 6.264060718902656477e-01
1.262040100000000109e+00 3.855029508667322524e-01 6.208888393800715555e-01 6.208888393800715555e-01
1.268172499999999925e+00 3.787710755544769214e-01 6.154438037339208245e-01 6.154438037339208245e-01
1.274305000000000021e+00 3.721813461661515610e-01 6.100666735416314657e-01 6.100666735416314657e-01
1.280433300000000107e+00 3.657244917086993063e-01 6.047515950443613786e-01 6.047515950443613786e-01
1.286565699999999923e+00 3.593949488635383438e-01 5.994955786855632462e-01 5.994955786855632462e-01
1.292698099999999961e+00 3.531875879564072007e-01 5.942958757693066474e-01 5.942958757693066474e-01
1.298830600000000057e+00 3.470970680542350140e-01 5.891494445845086858e-01 5.891494445845086858e-01
1.304958899999999922e+00 3.411198156214274579e-01 5.840546341066282787e-01 5.840546341066282787e-01
1.311091299999999960e+00 3.352531344853580397e-01 5.790104787353662630e-01 5.790104787353662630e-01
1.317223800000000056e+00 3.294939520695076007e-01 5.740156374782028337e-01 5.740156374782028337e-01
1.323352099999999920e+00 3.238418846237519078e-01 5.690710716806398617e-01 5.690710716806398617e-01
1.329484499999999958e+00 3.182951148524733598e-01 5.641764926443438855e-01 5.641764926443438855e-01
1.335616899999999996e+00 3.128522422195439412e-01 5.593319606633827545e-01 5.593319606633827545e-01
1.341749400000000092e+00 3.075140724832786665e-01 5.545395139061586320e-01 5.545395139061586320e-01
1.347877699999999956e+00 3.022795732734965823e-01 5.497995755486689839e-01 5.497995755486689839e-01
1.354010099999999994e+00 2.971486012688664413e-01 5.451133838651059937e-01 5.451133838651059937e-01
1.360142600000000090e+00 2.921199024710829928e-01 5.404811767962719449e-01 5.404811767962719449e-01
1.366274999999999906e+00 2.871938701834056973e-01 5.359047211803659172e-01 5.359047211803659172e-01
1.372403299999999993e+00 2.823685331563509648e-01 5.313836026415860170e-01 5.313836026415860170e-01
1.378535700000000030e+00 2.776424773274066560e-01 5.269179037833187085e-01 5.269179037833187085e-01
1.384668199999999905e+00 2.730137958436623102e-01 5.225072208531307272e-01 5.225072208531307272e-01
1.390800599999999942e+00 2.684800908110250295e-01 5.181506449007132753e-01 5.181506449007132753e-01
1.396928900000000029e+00 2.640414088552686112e-01 5.138495975042391972e-01 5.138495975042391972e-01
1.403061399999999903e+00 2.596924895757168339e-01 5.096003233669664789e-01 5.096003233669664789e-01
1.409193799999999941e+00 2.554325532184443803e-01 5.054033569520925973e-01 5.054033569520925973e-01
1.415322100000000027e+00 2.512584947804643032e-01 5.012569149452845707e-01 5.012569149452845707e-01
1.421454500000000065e+00 2.471660545414604837e-01 4.971579774492816961e-01 4.971579774492816961e-01
1.427586999999999939e+00 2.431536453186076696e-01 4.931061197334785096e-01 4.931061197334785096e-01
1.433719399999999977e+00 2.392166541635635801e-01 4.890977961139914565e-01 4.890977961139914565e-01
1.439847700000000064e+00 2.353523731203925884e-01 4.851312947238021756e-01 4.851312947238021756e-01
1.445980199999999938e+00 2.315592217908604145e-01 4.812060076421120769e-01 4.812060076421120769e-01
1.452112599999999976e+00 2.278346658898556254e-01 4.773202969598669965e-01 4.773202969598669965e-01
1.458245000000000013e+00 2.241753850846016638e-01 4.734716307072702191e-01 4.734716307072702191e-01
1.464373300000000100e+00 2.205792428568546237e-01 4.696586450357904674e-01 4.696586450357904674e-01
1.470505799999999974e+00 2.170435274879169429e-01 4.658793057090183098e-01 4.658793057090183098e-01
1.476638200000000012e+00 2.135676494870234476e-01 4.621338004160953639e-01 4.621338004160953639e-01
1.482766500000000098e+00 2.101494145429509963e-01 4.584205651396444647e-01 4.584205651396444647e-01
1.488898999999999972e+00 2.067869808876287852e-01 4.547383653130982473e-01 4.547383653130982473e-01
1.495031400000000010e+00 2.034807148327009707e-01 4.510883669888872127e-01 4.510883669888872127e-01
1.501163800000000048e+00 2.002292867338938132e-01 4.474698724315345766e-01 4.474698724315345766e-01
1.507292099999999913e+00 1.970305697274848389e-01 4.438812563371929976e-01 4.438812563371929976e-01
1.513424600000000009e+00 1.938875817154805392e-01 4.403266761342997659e-01 4.403266761342997659e-01
1.519557000000000047e+00 1.907984524912628155e-01 4.368048219642988728e-01 4.368048219642988728e-01
1.525689400000000084e+00 1.877653187426471526e-01 4.333189572851009475e-01 4.333189572851009475e-01
1.531817800000000007e+00 1.847883352038202920e-01 4.298701376041609845e-01 4.298701376041609845e-01
1.537950200000000045e+00 1.818666115153928231e-01 4.264582177838678323e-01 4.264582177838678323e-01
1.544082600000000083e+00 1.790020743516755053e-01 4.230863674850272038e-01 4.230863674850272038e-01
1.550214999999999899e+00 1.761945738624397795e-01 4.197553738339031559e-01 4.197553738339031559e-01
1.556343400000000043e+00 1.734427709242606086e-01 4.164646094499034334e-01 4.164646094499034334e-01
1.562475800000000081e+00 1.707481091884137103e-01 4.132167823169984877e-01 4.132167823169984877e-01
1.568608199999999897e+00 1.681079042183005745e-01 4.100096391773010440e-01 4.100096391773010440e-01
1.574736600000000042e+00 1.655212098565954915e-01 4.068429793625490398e-01 4.068429793625490398e-01
1.580869000000000080e+00 1.629879398326426199e-01 4.037176486514338913e-01 4.037176486514338913e-01
1.587001399999999895e+00 1.605068228148409659e-01 4.006330276136017554e-01 4.006330276136017554e-01
1.593133799999999933e+00 1.580754672381225745e-01 3.975870561752766208e-01 3.975870561752766208e-01
1.599262200000000078e+00 1.556923321336044774e-01 3.945786767345702550e-01 3.945786767345702550e-01
1.605394599999999894e+00 1.533558401287036521e-01 3.916067416793327371e-01 3.916067416793327371e-01
1.611526999999999932e+00 1.510642992593310974e-01 3.886699104115612924e-01 3.886699104115612924e-01
1.617659399999999970e+00 1.488160403029888113e-01 3.857668211536456337e-01 3.857668211536456337e-01
1.623787799999999892e+00 1.466083607365963049e-01 3.828947123382566708e-01 3.828947123382566708e-01
1.629920199999999930e+00 1.444416314960193792e-01 3.800547743365677023e-01 3.800547743365677023e-01
1.636052599999999968e+00 1.423123151509366469e-01 3.772430451988964539e-01 3.772430451988964539e-01
1.642180999999999891e+00 1.402189064944991959e-01 3.744581505248606446e-01 3.744581505248606446e-01
1.648313399999999929e+00 1.381620648970083021e-01 3.717015804338317797e-01 3.717015804338317797e-01
1.654445799999999966e+00 1.361375937066088837e-01 3.689682827921783592e-01 3.689682827921783592e-01
1.660578200000000004e+00 1.341463748511548815e-01 3.662599825959080846e-01 3.662599825959080846e-01
1.666706599999999927e+00 1.321864756673205576e-01 3.635745806121772339e-01 3.635745806121772339e-01
1.672838999999999965e+00 1.302571273692710863e-01 3.609115229100770539e-01 3.609115229100770539e-01
1.678971400000000003e+00 1.283566334764558448e-01 3.582689401503511006e-01 3.582689401503511006e-01
1.685103800000000041e+00 1.264863902109391591e-01 3.556492516664968018e-01 3.556492516664968018e-01
1.691232199999999963e+00 1.246449218640269807e-01 3.530508771608236174e-01 3.530508771608236174e-01
1.697364600000000001e+00 1.228307892687698771e-01 3.504722375149990077e-01 3.504722375149990077e-01
1.703497000000000039e+00 1.210445660732756695e-01 3.479145959474475025e-01 3.479145959474475025e-01
1.709629499999999913e+00 1.192858164827950568e-01 3.453777880564919411e-01 3.453777880564919411e-01
1.715757800000000000e+00 1.175540919275766399e-01 3.428616221270275877e-01 3.428616221270275877e-01
1.721890200000000037e+00 1.158498559980333242e-01 3.403672369633031214e-01 3.403672369633031214e-01
1.728022600000000075e+00 1.141715412247379796e-01 3.378927954614273643e-01 3.378927954614273643e-01
1.734150999999999998e+00 1.125204165114660482e-01 3.354406303825850366e-01 3.354406303825850366e-01
1.740283400000000036e+00 1.108947457334554937e-01 3.330086271156582067e-01 3.330086271156582067e-01
1.746415800000000074e+00 1.092946024032415281e-01 3.305973417969986228e-01 3.305973417969986228e-01
1.752548299999999948e+00 1.077199746782950690e-01 3.282072130199076843e-01 3.282072130199076843e-01
1.758676600000000034e+00 1.061697514578605755e-01 3.258370013639650953e-01 3.258370013639650953e-01
1.764809000000000072e+00 1.046447367387026012e-01 3.234883873320688608e-01 3.234883873320688608e-01
1.770941400000000110e+00 1.031436350622383924e-01 3.211598279085327579e-01 3.211598279085327579e-01
1.777073899999999984e+00 1.016651017628533160e-01 3.188496538540591119e-01 3.188496538540591119e-01
1.783202200000000071e+00 1.002087293452688516e-01 3.165576240517180562e-01 3.165576240517180562e-01
1.789334600000000108e+00 9.877508624911870982e-02 3.142850398111858845e-01 3.142850398111858845e-01
1.795467099999999983e+00 9.736194520762340987e-02 3.120287570202839866e-01 3.120287570202839866e-01
1.801599500000000020e+00 9.597006519927703261e-02 3.097903568532710539e-01 3.097903568532710539e-01
1.807727800000000107e+00 9.459766591164306404e-02 3.075673355732742031e-01 3.075673355732742031e-01
1.813860299999999981e+00 9.324522183149802634e-02 3.053608059844911127e-01 3.053608059844911127e-01
1.819992700000000019e+00 9.191107953540259001e-02 3.031684012812064233e-01 3.031684012812064233e-01
1.826121000000000105e+00 9.059584657059610580e-02 3.009914393643050023e-01 3.009914393643050023e-01
1.832253399999999921e+00 8.929945622395329963e-02 2.988301461097144784e-01 2.988301461097144784e-01
1.838385900000000017e+00 8.802092774074446457e-02 2.966832110867489991e-01 2.966832110867489991e-01
1.844518300000000055e+00 8.676076973891028166e-02 2.945518116374609696e-01 2.945518116374609696e-01
1.850646599999999919e+00 8.551918075797750041e-02 2.924366269091091541e-01 2.924366269091091541e-01
1.856779100000000016e+00 8.429564847426405938e-02 2.903371289970748115e-01 2.903371289970748115e-01
1.862911500000000053e+00 8.309129849454735539e-02 2.882556131188903081e-01 2.882556131188903081e-01
1.869043900000000091e+00 8.190591077022120470e-02 2.861920871900919816e-01 2.861920871900919816e-01
1.875172199999999956e+00 8.073988320074515501e-02 2.841476433137272162e-01 2.841476433137272162e-01
1.881304700000000052e+00 7.959281409956299458e-02 2.821219844314919456e-01 2.821219844314919456e-01
1.887437100000000090e+00 7.846606548491572020e-02 2.801179492373091495e-01 2.801179492373091495e-01
1.893569499999999906e+00 7.735917781216729294e-02 2.781351790266152202e-01 2.781351790266152202e-01
1.899697900000000050e+00 7.627203613585210873e-02 2.761739237072394215e-01 2.761739237072394215e-01
1.905830300000000088e+00 7.520544651412783277e-02 2.742361145329473837e-01 2.742361145329473837e-01
1.911962699999999904e+00 7.415876229014484178e-02 2.723210647198355261e-01 2.723210647198355261e-01
1.918090999999999990e+00 7.313244074381207438e-02 2.704301032500118773e-01 2.704301032500118773e-01
1.924223500000000087e+00 7.212568732716333197e-02 2.685622596850930077e-01 2.685622596850930077e-01
1.930355899999999902e+00 7.113940997317305670e-02 2.667197217552032540e-01 2.667197217552032540e-01
1.936488299999999940e+00 7.017227279478213675e-02 2.649004960259269681e-01 2.649004960259269681e-01
1.942616700000000085e+00 6.922446137574342351e-02 2.631054187502481212e-01 2.631054187502481212e-01
1.948749099999999901e+00 6.829554090444456271e-02 2.613341556407132726e-01 2.613341556407132726e-01
1.954881499999999939e+00 6.738482631269653023e-02 2.595858746401593642e-01 2.595858746401593642e-01
1.961013899999999976e+00 6.649221153831283426e-02 2.578608375428747546e-01 2.578608375428747546e-01
1.967142299999999899e+00 6.561639180328938947e-02 2.561569671183850372e-01 2.561569671183850372e-01
1.973274699999999937e+00 6.475728248649333108e-02 2.544745222738286627e-01 2.544745222738286627e-01
1.979407099999999975e+00 6.391420688949567275e-02 2.528125924266741986e-01 2.528125924266741986e-01
1.985535499999999898e+00 6.308672874601228830e-02 2.511707163385339392e-01 2.511707163385339392e-01
1.991667899999999936e+00 6.227407972672689002e-02 2.495477503940415898e-01 2.495477503940415898e-01
1.997800299999999973e+00 6.147573578292066937e-02 2.479430091430703531e-01 2.479430091430703531e-01
2.003932700000000011e+00 6.069183597461804552e-02 2.463571309595442571e-01 2.463571309595442571e-01
2.010061100000000156e+00 5.992179433629972463e-02 2.447892855831311221e-01 2.447892855831311221e-01
2.016193499999999972e+00 5.916509410039802463e-02 2.432387594533363395e-01 2.432387594533363395e-01
2.022325899999999788e+00 5.842147219187888291e-02 2.417053416701395174e-01 2.417053416701395174e-01
2.028458300000000047e+00 5.769151111165476270e-02 2.401905724870457282e-01 2.401905724870457282e-01
2.034586700000000192e+00 5.697464474883410374e-02 2.386936210895341526e-01 2.386936210895341526e-01
2.040719100000000008e+00 5.627092258330777808e-02 2.372149290902825503e-01 2.372149290902825503e-01
2.046851499999999824e+00 5.558021121932447267e-02 2.357545571549455043e-01 2.357545571549455043e-01
2.052983900000000084e+00 5.490257227452399053e-02 2.343129793129778704e-01 2.343129793129778704e-01
2.059112299999999784e+00 5.423785073395941125e-02 2.328902117607337674e-01 2.328902117607337674e-01
2.065244700000000044e+00 5.358566517933374684e-02 2.314857774882373709e-01 2.314857774882373709e-01
2.071377099999999860e+00 5.294639482832003835e-02 2.301008362182111744e-01 2.301008362182111744e-01
2.077505500000000005e+00 5.231977607782461320e-02 2.287351658093363937e-01 2.287351658093363937e-01
2.083637899999999821e+00 5.170530046237961641e-02 2.273879954227567002e-01 2.273879954227567002e-01
2.089770300000000081e+00 5.110260945949511580e-02 2.260588628200520533e-01 2.260588628200520533e-01
2.095902699999999896e+00 5.051169117955793542e-02 2.247480615701900331e-01 2.247480615701900331e-01
2.102031100000000041e+00 4.993188917535189286e-02 2.234544454141646486e-01 2.234544454141646486e-01
2.108163499999999857e+00 4.936311047954088094e-02 2.221781053108989046e-01 2.221781053108989046e-01
2.114295900000000117e+00 4.880502019497133526e-02 2.209185827289577297e-01 2.209185827289577297e-01
2.120428400000000213e+00 4.825646509232673492e-02 2.196735420853561382e-01 2.196735420853561382e-01
2.126556700000000077e+00 4.771785366876104412e-02 2.184441660213452541e-01 2.184441660213452541e-01
2.132689099999999893e+00 4.718781370424581650e-02 2.172275620271189589e-01 2.172275620271189589e-01
2.138821500000000153e+00 4.666674621277936558e-02 2.160248740603251949e-01 2.160248740603251949e-01
2.144949899999999854e+00 4.615367257265838574e-02 2.148340582232211859e-01 2.148340582232211859e-01
2.151082300000000114e+00 4.564863534803566270e-02 2.136554126345402427e-01 2.136554126345402427e-01
2.157214699999999930e+00 4.515030516731263072e-02 2.124860116979765678e-01 2.124860116979765678e-01
2.163347200000000026e+00 4.465937379667705986e-02 2.113276456043483575e-01 2.113276456043483575e-01
2.169475499999999890e+00 4.417537680455330823e-02 2.101793919597097493e-01 2.101793919597097493e-01
2.175607900000000150e+00 4.369750584274006283e-02 2.090394839324381526e-01 2.090394839324381526e-01
2.181740299999999966e+00 4.322577453189892227e-02 2.079080915498454640e-01 2.079080915498454640e-01
2.187872800000000062e+00 4.276044270812325715e-02 2.067859828618063278e-01 2.067859828618063278e-01
2.194001099999999926e+00 4.230060744424269520e-02 2.056711147542179541e-01 2.056711147542179541e-01
2.200133500000000186e+00 4.184698781143923740e-02 2.045653631762699987e-01 2.045653631762699987e-01
2.206265999999999838e+00 4.139912870715323212e-02 2.034677583971309101e-01 2.034677583971309101e-01
2.212398400000000098e+00 4.095718174371017900e-02 2.023788075459240776e-01 2.023788075459240776e-01
2.218526699999999963e+00 4.052150126048838924e-02 2.012995311978852675e-01 2.012995311978852675e-01
2.224659099999999778e+00 4.009104486384257315e-02 2.002274827885587027e-01 2.002274827885587027e-01
2.230791599999999875e+00 3.966714161329500110e-02 1.991661156253618503e-01 1.991661156253618503e-01
2.236919900000000183e+00 3.924911454132392480e-02 1.981138928528838050e-01 1.981138928528838050e-01
2.243052299999999999e+00 3.883705411647527667e-02 1.970711904781499990e-01 1.970711904781499990e-01
2.249184800000000095e+00 3.843063066151822943e-02 1.960373195631847920e-01 1.960373195631847920e-01
2.255317199999999911e+00 3.802987988845502043e-02 1.950125121330808786e-01 1.950125121330808786e-01
2.261445500000000219e+00 3.763520165456543665e-02 1.939979423977621353e-01 1.939979423977621353e-01
2.267577900000000035e+00 3.724538692763759706e-02 1.929906394819126958e-01 1.929906394819126958e-01
2.273710400000000131e+00 3.686098191751649433e-02 1.919921402493250384e-01 1.919921402493250384e-01
2.279842799999999947e+00 3.648211206087641212e-02 1.910029111319416772e-01 1.910029111319416772e-01
2.285971099999999812e+00 3.610829035591292535e-02 1.900218154736790233e-01 1.900218154736790233e-01
2.292103599999999908e+00 3.573882170666997649e-02 1.890471414929884020e-01 1.890471414929884020e-01
2.298236000000000168e+00 3.537418925278935922e-02 1.880802734281013244e-01 1.880802734281013244e-01
2.304368399999999983e+00 3.501388013884841610e-02 1.871199618930284303e-01 1.871199618930284303e-01
2.310496699999999848e+00 3.465778350911036254e-02 1.861660106171649232e-01 1.861660106171649232e-01
2.316629199999999944e+00 3.430540447249968983e-02 1.852171819041086853e-01 1.852171819041086853e-01
2.322761600000000204e+00 3.395724978601664945e-02 1.842749298901417421e-01 1.842749298901417421e-01
2.328889900000000068e+00 3.361265131834783454e-02 1.833375338504034668e-01 1.833375338504034668e-01
2.335022400000000165e+00 3.327156492694825773e-02 1.824049476493120048e-01 1.824049476493120048e-01
2.341154799999999980e+00 3.293436172310253846e-02 1.814782679085915618e-01 1.814782679085915618e-01
2.347287199999999796e+00 3.260024669359068428e-02 1.805553840061012438e-01 1.805553840061012438e-01
2.353415500000000105e+00 3.226984003491938091e-02 1.796380806925952922e-01 1.796380806925952922e-01
2.359548000000000201e+00 3.194258956484313794e-02 1.787248991182905644e-01 1.787248991182905644e-01
2.365680400000000017e+00 3.161875827668754468e-02 1.778166422939302382e-01 1.778166422939302382e-01
2.371812799999999832e+00 3.129882083432197065e-02 1.769147275789157425e-01 1.769147275789157425e-01
2.377941199999999977e+00 3.098186811796517157e-02 1.760166700002166462e-01 1.760166700002166462e-01
2.384073599999999793e+00 3.066858885630252204e-02 1.751244953063463561e-01 1.751244953063463561e-01
2.390206000000000053e+00 3.035907159452494800e-02 1.742385479580363938e-01 1.742385479580363938e-01
2.396338399999999869e+00 3.005300616928883659e-02 1.733580288573010886e-01 1.733580288573010886e-01
2.402466800000000013e+00 2.975046906109744815e-02 1.724832428414350416e-01 1.724832428414350416e-01
2.408599199999999829e+00 2.945172091758272229e-02 1.716150369798133957e-01 1.716150369798133957e-01
2.414731600000000089e+00 2.915641600617630350e-02 1.707524992677305065e-01 1.707524992677305065e-01
2.420859999999999790e+00 2.886518162358623490e-02 1.698975621472722519e-01 1.698975621472722519e-01
2.426992400000000050e+00 2.857684454455376374e-02 1.690468708511156104e-01 1.690468708511156104e-01
2.433124799999999865e+00 2.829299360094368956e-02 1.682052127638846151e-01 1.682052127638846151e-01
2.439257200000000125e+00 2.801242023205076717e-02 1.673691137338390866e-01 1.673691137338390866e-01
2.445385599999999826e+00 2.773509372101644332e-02 1.665385652664764793e-01 1.665385652664764793e-01
2.451518000000000086e+00 2.746176672745211447e-02 1.657159217681032359e-01 1.657159217681032359e-01
2.457650399999999902e+00 2.719139309442650601e-02 1.648981294448985113e-01 1.648981294448985113e-01
2.463782800000000162e+00 2.692510438801508019e-02 1.640887088986170417e-01 1.640887088986170417e-01
2.469911199999999862e+00 2.666144228266728242e-02 1.632833190582163585e-01 1.632833190582163585e-01
2.476043600000000122e+00 2.640094023058040321e-02 1.624836614265582069e-01 1.624836614265582069e-01
2.482175999999999938e+00 2.614373107999580156e-02 1.616902318632631730e-01 1.616902318632631730e-01
2.488304400000000083e+00 2.588895804228628916e-02 1.609004600437372590e-01 1.609004600437372590e-01
2.494436799999999899e+00 2.563736837228233756e-02 1.601167335798552305e-01 1.601167335798552305e-01
2.500569200000000158e+00 2.538851828799047403e-02 1.593377490991713386e-01 1.593377490991713386e-01
2.506701599999999974e+00 2.514218002874996083e-02 1.585628582889131721e-01 1.585628582889131721e-01
2.512830000000000119e+00 2.489853293264129852e-02 1.577926897313094712e-01 1.577926897313094712e-01
2.518962399999999935e+00 2.465717632597656458e-02 1.570260370956885754e-01 1.570260370956885754e-01
2.525094800000000195e+00 2.441851609348137317e-02 1.562642508492629312e-01 1.562642508492629312e-01
2.531227200000000011e+00 2.418217555088728390e-02 1.555061913586957001e-01 1.555061913586957001e-01
2.537355600000000155e+00 2.394818780436368602e-02 1.547520203563226004e-01 1.547520203563226004e-01
2.543487999999999971e+00 2.371659225791841047e-02 1.540019229033144643e-01 1.540019229033144643e-01
2.549620399999999787e+00 2.348783631931429527e-02 1.532574184805234607e-01 1.532574184805234607e-01
2.555752899999999883e+00 2.326137262447760395e-02 1.525167945653120583e-01 1.525167945653120583e-01
2.561881200000000192e+00 2.303745525989457990e-02 1.517809449828751711e-01 1.517809449828751711e-01
2.568013600000000007e+00 2.281573659412703889e-02 1.510487887873551982e-01 1.510487887873551982e-01
2.574145999999999823e+00 2.259706088113675251e-02 1.503231881019583549e-01 1.503231881019583549e-01
2.580274399999999968e+00 2.238027680953506848e-02 1.496003904056906753e-01 1.496003904056906753e-01
2.586406799999999784e+00 2.216621558431258396e-02 1.488832280154906706e-01 1.488832280154906706e-01
2.592539200000000044e+00 2.195470630716428104e-02 1.481712060663754049e-01 1.481712060663754049e-01
2.598671700000000140e+00 2.174556583524738657e-02 1.474637780448045665e-01 1.474637780448045665e-01
2.604800000000000004e+00 2.153880298510877506e-02 1.467610404198224916e-01 1.467610404198224916e-01
2.610932399999999820e+00 2.133461737848469167e-02 1.460637442299925759e-01 1.460637442299925759e-01
2.617064800000000080e+00 2.113279748861892141e-02 1.453712402389789049e-01 1.453712402389789049e-01
2.623197300000000176e+00 2.093312778583346703e-02 1.446828524249970105e-01 1.446828524249970105e-01
2.629325600000000041e+00 2.073558051843272382e-02 1.439985434594139302e-01 1.439985434594139302e-01
2.635457999999999856e+00 2.054032469127409569e-02 1.433189613808099616e-01 1.433189613808099616e-01
2.641590499999999953e+00 2.034712420483358181e-02 1.426433461638978162e-01 1.426433461638978162e-01
2.647722900000000212e+00 2.015593988553979893e-02 1.419716164785757295e-01 1.419716164785757295e-01
2.653851200000000077e+00 1.996673055008590242e-02 1.413036820117788139e-01 1.413036820117788139e-01
2.659983599999999893e+00 1.977945878930905538e-02 1.406394638403782316e-01 1.406394638403782316e-01
2.666116099999999989e+00 1.959408666980375427e-02 1.399788793704384304e-01 1.399788793704384304e-01
2.672244399999999853e+00 1.941038147786322554e-02 1.393211451211309460e-01 1.393211451211309460e-01
2.678376800000000113e+00 1.922851809893136310e-02 1.386669322474949895e-01 1.386669322474949895e-01
2.684509300000000209e+00 1.904807532521932828e-02 1.380147648812232175e-01 1.380147648812232175e-01
2.690641700000000025e+00 1.886924208658435562e-02 1.373653598495062911e-01 1.373653598495062911e-01
2.696769999999999889e+00 1.869201226045042602e-02 1.367187341239320675e-01 1.367187341239320675e-01
2.702902400000000149e+00 1.851659251284905328e-02 1.360756867072477894e-01 1.360756867072477894e-01
2.709034899999999801e+00 1.834239654795376262e-02 1.354341040800055018e-01 1.354341040800055018e-01
2.715167300000000061e+00 1.816984169159378132e-02 1.347955551626008885e-01 1.347955551626008885e-01
2.721295599999999926e+00 1.799875688123825021e-02 1.341594457399040152e-01 1.341594457399040152e-01
2.727428100000000022e+00 1.782917189156623533e-02 1.335259221708138544e-01 1.335259221708138544e-01
2.733560499999999838e+00 1.766112048315944885e-02 1.328951484560645935e-01 1.328951484560645935e-01
2.739688800000000146e+00 1.749463788077703155e-02 1.322672970948489402e-01 1.322672970948489402e-01
2.745821199999999962e+00 1.732995771322631828e-02 1.316432972590185491e-01 1.316432972590185491e-01
2.751953700000000058e+00 1.716631602099832551e-02 1.310202885853878896e-01 1.310202885853878896e-01
2.758086099999999874e+00 1.700453863156573681e-02 1.304014518000690681e-01 1.304014518000690681e-01
2.764214400000000182e+00 1.684405230517924471e-02 1.297846381710071328e-01 1.297846381710071328e-01
2.770346899999999835e+00 1.668527407998718348e-02 1.291714909722233573e-01 1.291714909722233573e-01
2.776479300000000094e+00 1.652801799196660509e-02 1.285613394141746080e-01 1.285613394141746080e-01
2.782611699999999910e+00 1.637268585179089964e-02 1.279557964759349964e-01 1.279557964759349964e-01
2.788740000000000219e+00 1.621848006345988705e-02 1.273517964673442915e-01 1.273517964673442915e-01
2.794872499999999871e+00 1.606599185795617307e-02 1.267516937084320616e-01 1.267516937084320616e-01
2.801004900000000131e+00 1.591500541687217163e-02 1.261546884458606688e-01 1.261546884458606688e-01
2.807137299999999946e+00 1.576550299302241151e-02 1.255607541910385705e-01 1.255607541910385705e-01
2.813265700000000091e+00 1.561745766895063572e-02 1.249698270341710743e-01 1.249698270341710743e-01
2.819398099999999907e+00 1.547104434244833855e-02 1.243826529000259667e-01 1.243826529000259667e-01
2.825530500000000167e+00 1.532583221811735855e-02 1.237975452830845091e-01 1.237975452830845091e-01
2.831658899999999868e+00 1.518219079926786015e-02 1.232160330446807617e-01 1.232160330446807617e-01
2.837791300000000128e+00 1.503949313717455570e-02 1.226356112113221181e-01 1.226356112113221181e-01
2.843923699999999943e+00 1.489870682975674016e-02 1.220602590106900504e-01 1.220602590106900504e-01
2.850056100000000203e+00 1.475861468641788063e-02 1.214850389406773035e-01 1.214850389406773035e-01
2.856184499999999904e+00 1.461979470948274185e-02 1.209123430816008149e-01 1.209123430816008149e-01
2.862316900000000164e+00 1.448203599447256754e-02 1.203413311978580730e-01 1.203413311978580730e-01
2.868449299999999980e+00 1.434632880334293058e-02 1.197761612481504229e-01 1.197761612481504229e-01
2.874581699999999795e+00 1.421068080088349304e-02 1.192085600990276800e-01 1.192085600990276800e-01
2.880710099999999940e+00 1.407709305662159863e-02 1.186469260310674817e-01 1.186469260310674817e-01
2.886842500000000200e+00 1.394418448797986147e-02 1.180854965183271849e-01 1.180854965183271849e-01
2.892974900000000016e+00 1.381317049809803466e-02 1.175294452386210914e-01 1.175294452386210914e-01
2.899103300000000161e+00 1.368287893309744208e-02 1.169738386695821919e-01 1.169738386695821919e-01
2.905235699999999976e+00 1.355353571383946520e-02 1.164196534689889290e-01 1.164196534689889290e-01
2.911368099999999792e+00 1.342576712183373051e-02 1.158696125903324603e-01 1.158696125903324603e-01
2.917500500000000052e+00 1.329960132402779188e-02 1.153238974542041412e-01 1.153238974542041412e-01
2.923628900000000197e+00 1.317426878850482506e-02 1.147792175809925347e-01 1.147792175809925347e-01
2.929761300000000013e+00 1.305038927058202979e-02 1.142383003663045987e-01 1.142383003663045987e-01
2.935893699999999829e+00 1.292838263869668623e-02 1.137030458637616481e-01 1.137030458637616481e-01
2.942026100000000088e+00 1.280686898351232096e-02 1.131674378233965411e-01 1.131674378233965411e-01
2.948154499999999789e+00 1.268725450204657296e-02 1.126377134979513611e-01 1.126377134979513611e-01
2.954286900000000049e+00 1.256914318405439636e-02 1.121121901670572019e-01 1.121121901670572019e-01
2.960419299999999865e+00 1.245213591853434540e-02 1.115891388914456439e-01 1.115891388914456439e-01
2.966551700000000125e+00 1.233602739629477245e-02 1.110676703469320598e-01 1.110676703469320598e-01
2.972680099999999825e+00 1.222160048051841412e-02 1.105513477100953934e-01 1.105513477100953934e-01
2.978812500000000085e+00 1.210844262056714853e-02 1.100383688563545959e-01 1.100383688563545959e-01
2.984944899999999901e+00 1.199653107639430880e-02 1.095286769590243375e-01 1.095286769590243375e-01
2.991073300000000046e+00 1.188624300861344102e-02 1.090240478454796713e-01 1.090240478454796713e-01
2.997205699999999862e+00 1.177695457659497062e-02 1.085216779108900964e-01 1.085216779108900964e-01
3.003338100000000122e+00 1.166864215587586767e-02 1.080214893244666741e-01 1.080214893244666741e-01
3.009470600000000218e+00 1.156147999496118239e-02 1.075243228063361561e-01 1.075243228063361561e-01
3.015598900000000082e+00 1.145584357367372859e-02 1.070319745387971894e-01 1.070319745387971894e-01
3.021731299999999898e+00 1.135091943093985423e-02 1.065406937791370662e-01 1.065406937791370662e-01
3.027863700000000158e+00 1.124709075451413992e-02 1.060523019764971486e-01 1.060523019764971486e-01
3.033996199999999810e+00 1.114454696902587513e-02 1.055677364019228931e-01 1.055677364019228931e-01
3.040124500000000118e+00 1.104308702400060710e-02 1.050860933901370531e-01 1.050860933901370531e-01
3.046256899999999934e+00 1.094251315317768848e-02 1.046064680274488984e-01 1.046064680274488984e-01
3.052389400000000030e+00 1.084283302705260112e-02 1.041289250259148785e-01 1.041289250259148785e-01
3.058521799999999846e+00 1.074445752364532394e-02 1.036554751262340340e-01 1.036554751262340340e-01
3.064650100000000155e+00 1.064740581954109339e-02 1.031862675918704536e-01 1.031862675918704536e-01
3.070782499999999970e+00 1.055109854977747362e-02 1.027185404383136325e-01 1.027185404383136325e-01
3.076915000000000067e+00 1.045615636034066473e-02 1.022553488104200048e-01 1.022553488104200048e-01
3.083043299999999931e+00 1.036200382897850721e-02 1.017939282520254618e-01 1.017939282520254618e-01
3.089175700000000191e+00 1.026906196106299948e-02 1.013363802445252093e-01 1.013363802445252093e-01
3.095308199999999843e+00 1.017775049430957694e-02 1.008848377820452114e-01 1.008848377820452114e-01
3.101440600000000103e+00 1.008708916768029720e-02 1.004345018789872673e-01 1.004345018789872673e-01
3.107568899999999967e+00 9.997892456532261191e-03 9.998946172738536198e-02 9.998946172738536198e-02
3.113701299999999783e+00 9.909571950358039491e-03 9.954683294991377440e-02 9.954683294991377440e-02
3.119833799999999879e+00 9.823130474160500156e-03 9.911170704896823946e-02 9.911170704896823946e-02
3.125966200000000139e+00 9.737173931755840894e-03 9.867711959596227322e-02 9.867711959596227322e-02
3.132094500000000004e+00 9.652696802708462739e-03 9.824813892745482002e-02 9.824813892745482002e-02
3.138227000000000100e+00 9.569293435247150370e-03 9.782276542424646337e-02 9.782276542424646337e-02
3.144359399999999916e+00 9.486953107204735766e-03 9.740099130504133174e-02 9.740099130504133174e-02
3.150487699999999780e+00 9.405860906851738062e-03 9.698381775766376500e-02 9.698381775766376500e-02
3.156620100000000040e+00 9.325602034521549358e-03 9.656915674542027039e-02 9.656915674542027039e-02
3.162752600000000136e+00 9.246557011596651457e-03 9.615901939806088816e-02 9.615901939806088816e-02
3.168884999999999952e+00 9.168307808786892166e-03 9.575128097726365306e-02 9.575128097726365306e-02
3.175013299999999816e+00 9.091633547806312471e-03 9.535005793289437481e-02 9.535005793289437481e-02
3.181145799999999912e+00 9.015319874053068575e-03 9.494903829977989485e-02 9.494903829977989485e-02
3.187278200000000172e+00 8.940149214147504950e-03 9.455236228750450722e-02 9.455236228750450722e-02
3.193410599999999988e+00 8.866108839864456775e-03 9.416001720403653630e-02 9.416001720403653630e-02
3.199538899999999852e+00 8.792989889768714623e-03 9.377094373935197791e-02 9.377094373935197791e-02
3.205671399999999949e+00 8.720388538968833897e-03 9.338302061386123676e-02 9.338302061386123676e-02
3.211803800000000209e+00 8.649102155143247733e-03 9.300054921957852383e-02 9.300054921957852383e-02
3.217936200000000024e+00 8.578734714580009066e-03 9.262145925529358115e-02 9.262145925529358115e-02
3.224064600000000169e+00 8.509094070478210106e-03 9.224475091016404171e-02 9.224475091016404171e-02
3.230196999999999985e+00 8.440190770172939505e-03 9.187051088446683555e-02 9.187051088446683555e-02
3.236329399999999801e+00 8.372237683094556002e-03 9.149993269448102040e-02 9.149993269448102040e-02
3.242457700000000109e+00 8.305050456636289130e-03 9.113204955796994078e-02 9.113204955796994078e-02
3.248590200000000205e+00 8.238844627392875875e-03 9.076808154518237193e-02 9.076808154518237193e-02
3.254722600000000021e+00 8.173836036235726521e-03 9.040926963666794103e-02 9.040926963666794103e-02
3.260854999999999837e+00 8.109441416801877953e-03 9.005243703977076908e-02 9.005243703977076908e-02
3.266983399999999982e+00 8.046273261477334196e-03 8.970102151858323769e-02 8.970102151858323769e-02
3.273115799999999798e+00 7.983744617926261458e-03 8.935180254435980129e-02 8.935180254435980129e-02
3.279248200000000057e+00 7.922263740006842830e-03 8.900709937980701147e-02 8.900709937980701147e-02
3.285380599999999873e+00 7.862036278580520829e-03 8.866812436597788782e-02 8.866812436597788782e-02
3.291509000000000018e+00 7.802067493160483140e-03 8.832931276286759559e-02 8.832931276286759559e-02
3.297641399999999834e+00 7.743355356771782633e-03 8.799633717815635858e-02 8.799633717815635858e-02
3.303773800000000094e+00 7.685696959236200561e-03 8.766810685326904828e-02 8.766810685326904828e-02
3.309906199999999910e+00 7.628687349796244369e-03 8.734235713441815263e-02 8.734235713441815263e-02
3.316034600000000054e+00 7.572317992850755887e-03 8.701906683509515184e-02 8.701906683509515184e-02
3.322166999999999870e+00 7.517177971939405581e-03 8.670166072192277140e-02 8.670166072192277140e-02
3.328299400000000130e+00 7.463055707994781414e-03 8.638897908874014486e-02 8.638897908874014486e-02
3.334427799999999831e+00 7.409339398382123326e-03 8.607751970393967555e-02 8.607751970393967555e-02
3.340560200000000091e+00 7.356615859869678441e-03 8.577071679699126150e-02 8.577071679699126150e-02
3.346692599999999906e+00 7.304672763393121188e-03 8.546737835802102612e-02 8.546737835802102612e-02
3.352825000000000166e+00 7.253099481049241071e-03 8.516513066419402478e-02 8.516513066419402478e-02
3.358953399999999867e+00 7.202884516583500478e-03 8.486980921731532290e-02 8.486980921731532290e-02
3.365085800000000127e+00 7.153022391994696451e-03 8.457554251670335033e-02 8.457554251670335033e-02
3.371218199999999943e+00 7.103907306581114245e-03 8.428468014165513278e-02 8.428468014165513278e-02
3.377350600000000203e+00 7.055337050812047345e-03 8.399605378118693566e-02 8.399605378118693566e-02
3.383478999999999903e+00 7.007711619601614608e-03 8.371207570955109534e-02 8.371207570955109534e-02
3.389611400000000163e+00 6.960634681241546946e-03 8.343041820128643815e-02 8.343041820128643815e-02
3.395743799999999979e+00 6.914511289125234092e-03 8.315354044852951709e-02 8.315354044852951709e-02
3.401876300000000075e+00 6.868749715106081503e-03 8.287792055249745826e-02 8.287792055249745826e-02
3.408004599999999940e+00 6.823559029860626866e-03 8.260483660089538993e-02 8.260483660089538993e-02
3.414137000000000199e+00 6.779548264863998613e-03 8.233801227175695236e-02 8.233801227175695236e-02
3.420269400000000015e+00 6.735729533867924890e-03 8.207149038410307962e-02 8.207149038410307962e-02
3.426397800000000160e+00 6.692512729942866855e-03 8.180777915298072245e-02 8.180777915298072245e-02
3.432530199999999976e+00 6.650306925676621218e-03 8.154941401185308858e-02 8.154941401185308858e-02
3.438662599999999792e+00 6.608721519017768560e-03 8.129404356419828170e-02 8.129404356419828170e-02
3.444795099999999888e+00 6.567963467782287311e-03 8.104297296979107168e-02 8.104297296979107168e-02
3.450923400000000196e+00 6.527838708022380525e-03 8.079504135788520558e-02 8.079504135788520558e-02
3.457055800000000012e+00 6.487751623659760922e-03 8.054658045913408448e-02 8.054658045913408448e-02
3.463188199999999828e+00 6.449101759383032637e-03 8.030629962451907300e-02 8.030629962451907300e-02
3.469320699999999924e+00 6.410890420070186786e-03 8.006803619466501543e-02 8.006803619466501543e-02
3.475448999999999788e+00 6.373514391542489665e-03 7.983429333026309527e-02 7.983429333026309527e-02
3.481581400000000048e+00 6.336570685736475118e-03 7.960257964247437201e-02 7.960257964247437201e-02
3.487713900000000145e+00 6.300053444091894238e-03 7.937287599735752541e-02 7.937287599735752541e-02
3.493842200000000009e+00 6.264155602178736980e-03 7.914641875776021185e-02 7.914641875776021185e-02
3.499974599999999825e+00 6.229269180732225145e-03 7.892571938685276345e-02 7.892571938685276345e-02
3.506107000000000085e+00 6.194387166728402769e-03 7.870442914301839510e-02 7.870442914301839510e-02
3.512239500000000181e+00 6.160100380518607893e-03 7.848630696190646294e-02 7.848630696190646294e-02
3.518367800000000045e+00 6.126600321100465069e-03 7.827260262122670564e-02 7.827260262122670564e-02
3.524500199999999861e+00 6.093680179142835739e-03 7.806202776730077064e-02 7.806202776730077064e-02
3.530632699999999957e+00 6.061333368412591578e-03 7.785456549498295797e-02 7.785456549498295797e-02
3.536765100000000217e+00 6.029355011419112315e-03 7.764892150840932428e-02 7.764892150840932428e-02
3.542893400000000081e+00 5.997541685463030417e-03 7.744379694632121114e-02 7.744379694632121114e-02
3.549025799999999897e+00 5.966491094919231311e-03 7.724306502799607732e-02 7.724306502799607732e-02
3.555158299999999993e+00 5.936003283120986317e-03 7.704546244342352912e-02 7.704546244342352912e-02
3.561290699999999809e+00 5.906079902508461904e-03 7.685102408236640925e-02 7.685102408236640925e-02
3.567419000000000118e+00 5.876324723353504309e-03 7.665718963902540262e-02 7.665718963902540262e-02
3.573551500000000214e+00 5.847141775943929913e-03 7.646660562588043775e-02 7.646660562588043775e-02
3.579683900000000030e+00 5.818337200768886573e-03 7.627802567429814440e-02 7.627802567429814440e-02
3.585812199999999894e+00 5.790117166758989437e-03 7.609281941654540138e-02 7.609281941654540138e-02
3.591944600000000154e+00 5.762289009626078012e-03 7.590974252114203458e-02 7.590974252114203458e-02
3.598077099999999806e+00 5.734460092602188322e-03 7.572621800012323268e-02 7.572621800012323268e-02
3.604209500000000066e+00 5.707636403731576255e-03 7.554890074469367001e-02 7.554890074469367001e-02
3.610337799999999930e+00 5.681424525328199367e-03 7.537522487746355082e-02 7.537522487746355082e-02
3.616470300000000027e+00 5.655230799624318822e-03 7.520126860382289613e-02 7.520126860382289613e-02
3.622602699999999842e+00 5.629259465072125081e-03 7.502839106013220460e-02 7.502839106013220460e-02
3.628735100000000102e+00 5.604312882907541531e-03 7.486195885032358166e-02 7.486195885032358166e-02
3.634863399999999967e+00 5.579594157482978267e-03 7.469668103391861880e-02 7.469668103391861880e-02
3.640995900000000063e+00 5.555303771795398575e-03 7.453391021404551231e-02 7.453391021404551231e-02
3.647128299999999879e+00 5.531041515558104450e-03 7.437097226444000508e-02 7.437097226444000508e-02
3.653260700000000138e+00 5.507205059810514440e-03 7.421054547576452776e-02 7.421054547576452776e-02
3.659389099999999839e+00 5.483990913687755882e-03 7.405397297706420301e-02 7.405397297706420301e-02
3.665521500000000099e+00 5.460995779830076988e-03 7.389855059356764677e-02 7.389855059356764677e-02
3.671653899999999915e+00 5.438614089071124209e-03 7.374695986324537877e-02 7.374695986324537877e-02
3.677782199999999779e+00 5.416240643150580653e-03 7.359511290262812921e-02 7.359511290262812921e-02
3.683914699999999876e+00 5.394269324386876882e-03 7.344568962428549286e-02 7.344568962428549286e-02
3.690047100000000135e+00 5.372893690797547750e-03 7.330002517596803657e-02 7.330002517596803657e-02
3.696179499999999951e+00 5.351508357294486144e-03 7.315400438318114817e-02 7.315400438318114817e-02
3.702307900000000096e+00 5.330307275417567499e-03 7.300895339215299207e-02 7.300895339215299207e-02
3.708440299999999912e+00 5.309285926983525923e-03 7.286484699073707272e-02 7.286484699073707272e-02
3.714572700000000172e+00 5.288640130968169303e-03 7.272303714070370295e-02 7.272303714070370295e-02
3.720705099999999987e+00 5.268367115438155057e-03 7.258351820791104914e-02 7.258351820791104914e-02
3.726833500000000132e+00 5.248265455629203859e-03 7.244491324882101901e-02 7.244491324882101901e-02
3.732965899999999948e+00 5.228335179962183797e-03 7.230722771592189291e-02 7.230722771592189291e-02
3.739098300000000208e+00 5.208377307235701435e-03 7.216908830819260268e-02 7.216908830819260268e-02
3.745226699999999909e+00 5.188794113831027115e-03 7.203328476358014654e-02 7.203328476358014654e-02
3.751359100000000169e+00 5.169389293619424709e-03 7.189846516873238391e-02 7.189846516873238391e-02
3.757491499999999984e+00 5.150167441883112332e-03 7.176466708543356721e-02 7.176466708543356721e-02
3.763623899999999800e+00 5.130933706775139130e-03 7.163053613351738624e-02 7.163053613351738624e-02
3.769752299999999945e+00 5.111893761890262851e-03 7.149750878100762097e-02 7.149750878100762097e-02
3.775884700000000205e+00 5.093253337822035813e-03 7.136703256982200594e-02 7.136703256982200594e-02
3.782017100000000021e+00 5.074618266811550642e-03 7.123635495174883425e-02 7.123635495174883425e-02
3.788149499999999836e+00 5.056193980223230335e-03 7.110691935545535025e-02 7.110691935545535025e-02
3.794277899999999981e+00 5.037585323972517022e-03 7.097594891209639545e-02 7.097594891209639545e-02
3.800410299999999797e+00 5.019395902961295425e-03 7.084769511396468711e-02 7.084769511396468711e-02
3.806542700000000057e+00 5.001428952426265929e-03 7.072078161634150206e-02 7.072078161634150206e-02
3.812675099999999873e+00 4.983686158190814806e-03 7.059522758792420583e-02 7.059522758792420583e-02
3.818803500000000017e+00 4.965768653385561546e-03 7.046821023259751404e-02 7.046821023259751404e-02
3.824935899999999833e+00 4.948075576316603510e-03 7.034255878425665909e-02 7.034255878425665909e-02
3.831068300000000093e+00 4.930405566713333930e-03 7.021684674430583861e-02 7.021684674430583861e-02
3.837196699999999794e+00 4.913155422783786926e-03 7.009390431973230862e-02 7.009390431973230862e-02
3.843329100000000054e+00 4.895521961272400989e-03 6.996800669786441829e-02 6.996800669786441829e-02
3.849461499999999869e+00 4.878100353613103006e-03 6.984339878337181284e-02 6.984339878337181284e-02
3.855593900000000129e+00 4.860485403448269910e-03 6.971718155123793337e-02 6.971718155123793337e-02
3.861722299999999830e+00 4.843471202728226802e-03 6.959505156782504198e-02 6.959505156782504198e-02
3.867854700000000090e+00 4.826252561228689883e-03 6.947123549519390595e-02 6.947123549519390595e-02
3.873987099999999906e+00 4.808823673340911938e-03 6.934568244195821185e-02 6.934568244195821185e-02
3.880119600000000002e+00 4.791579458037160087e-03 6.922123560033553724e-02 6.922123560033553724e-02
3.886247899999999866e+00 4.774715180599535015e-03 6.909931389384076084e-02 6.909931389384076084e-02
3.892380300000000126e+00 4.757028172009520293e-03 6.897121263258694512e-02 6.897121263258694512e-02
3.898512699999999942e+00 4.739715553721198481e-03 6.884559211540851320e-02 6.884559211540851320e-02
3.904641100000000087e+00 4.722576268154169039e-03 6.872100310788667454e-02 6.872100310788667454e-02
3.910773499999999903e+00 4.705211035740910173e-03 6.859454085961148861e-02 6.859454085961148861e-02
3.916905900000000162e+00 4.688021255878993022e-03 6.846912629703254261e-02 6.846912629703254261e-02
3.923038399999999815e+00 4.671009808471074214e-03 6.834478625667853025e-02 6.834478625667853025e-02
3.929166700000000123e+00 4.653780670985130027e-03 6.821862407719118948e-02 6.821862407719118948e-02
3.935299099999999939e+00 4.636538723992494372e-03 6.809213408311193261e-02 6.809213408311193261e-02
3.941431500000000199e+00 4.619689124604674409e-03 6.796829499556888976e-02 6.796829499556888976e-02
3.947563999999999851e+00 4.602437762279135668e-03 6.784126887285596430e-02 6.784126887285596430e-02
3.953692300000000159e+00 4.585589978387319236e-03 6.771698441593008988e-02 6.771698441593008988e-02
3.959824699999999975e+00 4.568551456992856440e-03 6.759106048134513878e-02 6.759106048134513878e-02
3.965957200000000071e+00 4.551726830264054419e-03 6.746648671943762665e-02 6.746648671943762665e-02
3.972089599999999887e+00 4.535320085531343963e-03 6.734478513984096248e-02 6.734478513984096248e-02
3.978217900000000196e+00 4.518534591701022646e-03 6.722004605548126399e-02 6.722004605548126399e-02
3.984350300000000011e+00 4.502371937886668306e-03 6.709971637709558068e-02 6.709971637709558068e-02
3.990482800000000108e+00 4.485633579051935896e-03 6.697487274382786515e-02 6.697487274382786515e-02
3.996611099999999972e+00 4.469718533033841153e-03 6.685595360948672072e-02 6.685595360948672072e-02
4.002743500000000232e+00 4.453625685380346345e-03 6.673549044833899935e-02 6.673549044833899935e-02
4.008875999999999884e+00 4.437552251990915103e-03 6.661495516767174108e-02 6.661495516767174108e-02
4.015008400000000144e+00 4.421894457878616097e-03 6.649732669723359968e-02 6.649732669723359968e-02
4.021136699999999564e+00 4.406047837327582879e-03 6.637806744194638120e-02 6.637806744194638120e-02
4.027269200000000104e+00 4.390607340550594165e-03 6.626165814821263766e-02 6.626165814821263766e-02
4.033401600000000364e+00 4.375567390221592363e-03 6.614807170448426532e-02 6.614807170448426532e-02
4.039533999999999736e+00 4.359922499928450650e-03 6.602970922189836667e-02 6.602970922189836667e-02
4.045662300000000045e+00 4.344867041387758325e-03 6.591560544656900611e-02 6.591560544656900611e-02
4.051794799999999697e+00 4.329596364136386634e-03 6.579966841965380342e-02 6.579966841965380342e-02
4.057927199999999957e+00 4.314506199828287668e-03 6.568490085117192900e-02 6.568490085117192900e-02
4.064059600000000216e+00 4.299593426171477439e-03 6.557128507335720224e-02 6.557128507335720224e-02
4.070187999999999917e+00 4.284856073223789960e-03 6.545881203645380342e-02 6.545881203645380342e-02
