6.108177000000000051e-02 5.040191726838033048e+01 7.099430770729462381e+00 7.099430770729462381e+00
6.727816400000000141e-02 5.236838986932667694e+01 7.236600712304547045e+00 7.236600712304547045e+00
7.347496600000000266e-02 5.248265669458962179e+01 7.244491472463034043e+00 7.244491472463034043e+00
7.967135999999999663e-02 5.160124789213372765e+01 7.183400858377160247e+00 7.183400858377160247e+00
8.586816199999999788e-02 4.970965090677028542e+01 7.050507138268160112e+00 7.050507138268160112e+00
9.206455600000000572e-02 4.858668582692709492e+01 6.970415039789746636e+00 6.970415039789746636e+00
9.826135799999999310e-02 4.971180505594875143e+01 7.050659902161552139e+00 7.050659902161552139e+00
1.044577500000000020e-01 5.170782834994862043e+01 7.190815555272476622e+00 7.190815555272476622e+00
1.106545500000000043e-01 5.297546950394365695e+01 7.278424932905721789e+00 7.278424932905721789e+00
1.168509499999999951e-01 5.310224611953523777e+01 7.287128798061362822e+00 7.287128798061362822e+00
1.230477499999999974e-01 5.239249064556265267e+01 7.238265720845197926e+00 7.238265720845197926e+00
1.292441400000000074e-01 5.129176582849247268e+01 7.161826989567150470e+00 7.161826989567150470e+00
1.354409500000000044e-01 5.033244565594623054e+01 7.094536324238972291e+00 7.094536324238972291e+00
1.416373400000000005e-01 4.992620100069545686e+01 7.065847507602711630e+00 7.065847507602711630e+00
1.478341400000000028e-01 5.006716897067532557e+01 7.075815781284538808e+00 7.075815781284538808e+00
1.540305399999999936e-01 5.053999024140929208e+01 7.109148348530173855e+00 7.109148348530173855e+00
1.602273399999999959e-01 5.104557525001314389e+01 7.144618621732943708e+00 7.144618621732943708e+00
1.664237299999999919e-01 5.153599481797881765e+01 7.178857486952837874e+00 7.178857486952837874e+00
1.726205299999999943e-01 5.216560932176365384e+01 7.222576363165962299e+00 7.222576363165962299e+00
1.788169300000000128e-01 5.295218362400172651e+01 7.276825106047398073e+00 7.276825106047398073e+00
1.850137299999999874e-01 5.373702685707707616e+01 7.330554334910632797e+00 7.330554334910632797e+00
1.912101200000000112e-01 5.432894624658214155e+01 7.370817203443736254e+00 7.370817203443736254e+00
1.974069300000000082e-01 5.462866392403196159e+01 7.391120613549204243e+00 7.391120613549204243e+00
2.036037300000000105e-01 5.456851786236188673e+01 7.387050687680563499e+00 7.387050687680563499e+00
2.098001200000000066e-01 5.417238274713610480e+01 7.360189042893946265e+00 7.360189042893946265e+00
2.159969200000000089e-01 5.352689691494451552e+01 7.316207823383949815e+00 7.316207823383949815e+00
2.221933199999999997e-01 5.270986529344990146e+01 7.260156010269331439e+00 7.260156010269331439e+00
2.283901200000000020e-01 5.181374535754250132e+01 7.198176530034707810e+00 7.198176530034707810e+00
2.345865099999999981e-01 5.097021850688521738e+01 7.139343002467748889e+00 7.139343002467748889e+00
2.407833100000000004e-01 5.026918928426152888e+01 7.090076817937978504e+00 7.090076817937978504e+00
2.469797099999999912e-01 4.969777932713871138e+01 7.049665192556219040e+00 7.049665192556219040e+00
2.531765100000000213e-01 4.921959125758304765e+01 7.015667556090656731e+00 7.015667556090656731e+00
2.593729000000000173e-01 4.884582635972346054e+01 6.988978921110255094e+00 6.988978921110255094e+00
2.655697100000000144e-01 4.860957653065187145e+01 6.972056836447324102e+00 6.972056836447324102e+00
2.717661000000000104e-01 4.852850715055308939e+01 6.966240532062691670e+00 6.966240532062691670e+00
2.779629000000000127e-01 4.859693128128588313e+01 6.971149925319773288e+00 6.971149925319773288e+00
2.841593000000000035e-01 4.877670910079277178e+01 6.984032438412121735e+00 6.984032438412121735e+00
2.903561000000000059e-01 4.899472924567086096e+01 6.999623507423157420e+00 6.999623507423157420e+00
2.965524900000000019e-01 4.917473935210810509e+01 7.012470274597112585e+00 7.012470274597112585e+00
3.027492900000000042e-01 4.926040275431801518e+01 7.018575550232256433e+00 7.018575550232256433e+00
3.089456899999999950e-01 4.923960839293896186e+01 7.017094013403195163e+00 7.017094013403195163e+00
3.151424899999999973e-01 4.911559037354394519e+01 7.008251591769800726e+00 7.008251591769800726e+00
3.213392899999999996e-01 4.889210888920091236e+01 6.992289245247289564e+00 6.992289245247289564e+00
3.275356899999999905e-01 4.858260469248553193e+01 6.970122286766963882e+00 6.970122286766963882e+00
3.337324899999999928e-01 4.820515306187436977e+01 6.942993091014448837e+00 6.942993091014448837e+00
3.399288799999999888e-01 4.777724181152874650e+01 6.912108347785698825e+00 6.912108347785698825e+00
3.461256799999999911e-01 4.732406424226712716e+01 6.879248813807153695e+00 6.879248813807153695e+00
3.523220799999999819e-01 4.686290687773333019e+01 6.845648755065755431e+00 6.845648755065755431e+00
3.585188799999999842e-01 4.639592460742873214e+01 6.811455395686646597e+00 6.811455395686646597e+00
3.647152699999999803e-01 4.590980394596527248e+01 6.775677379123453470e+00 6.775677379123453470e+00
3.709120799999999774e-01 4.538495021881200131e+01 6.736835326680622238e+00 6.736835326680622238e+00
3.771084699999999734e-01 4.480833709687129129e+01 6.693902979344060533e+00 6.693902979344060533e+00
3.833052699999999757e-01 4.418370461338433586e+01 6.647082413614588070e+00 6.647082413614588070e+00
3.895016700000000220e-01 4.352907379030643398e+01 6.597656689333451396e+00 6.597656689333451396e+00
3.956984700000000243e-01 4.286281861008420435e+01 6.546970185519726648e+00 6.546970185519726648e+00
4.018948600000000204e-01 4.219945577923346036e+01 6.496110819500653832e+00 6.496110819500653832e+00
4.080932899999999974e-01 4.155420086228808429e+01 6.446254793466364319e+00 6.446254793466364319e+00
4.142868399999999895e-01 4.094188654451411935e+01 6.398584729806593430e+00 6.398584729806593430e+00
4.204844500000000096e-01 4.037108391647097960e+01 6.353824353605549646e+00 6.353824353605549646e+00
4.266820700000000244e-01 3.984771392975655857e+01 6.312504568691935880e+00 6.312504568691935880e+00
4.328796899999999837e-01 3.936915481787679738e+01 6.274484426459022046e+00 6.274484426459022046e+00
4.390732299999999810e-01 3.892677515136973199e+01 6.239132564016389715e+00 6.239132564016389715e+00
4.452708400000000011e-01 3.850504391504363610e+01 6.205243259941034317e+00 6.205243259941034317e+00
4.514684600000000159e-01 3.808702781729636655e+01 6.171468854113773439e+00 6.171468854113773439e+00
4.576660799999999751e-01 3.765725379662314509e+01 6.136550643205280764e+00 6.136550643205280764e+00
4.638596199999999725e-01 3.720258077728251322e+01 6.099391836673761169e+00 6.099391836673761169e+00
4.700572399999999873e-01 3.671185650404478196e+01 6.059030987216089237e+00 6.059030987216089237e+00
4.762548500000000073e-01 3.617857174350458394e+01 6.014862570624917026e+00 6.014862570624917026e+00
4.824524700000000221e-01 3.560416985134651213e+01 5.966922980175503710e+00 5.966922980175503710e+00
4.886460100000000195e-01 3.499615273722402264e+01 5.915754621113356038e+00 5.915754621113356038e+00
4.948436299999999788e-01 3.436189220090353302e+01 5.861901756333309343e+00 5.861901756333309343e+00
5.010412400000000543e-01 3.370887086430401069e+01 5.805934107816244527e+00 5.805934107816244527e+00
5.072388599999999581e-01 3.304381054247018312e+01 5.748374600047406524e+00 5.748374600047406524e+00
5.134324000000000110e-01 3.237333753209632903e+01 5.689757247202759771e+00 5.689757247202759771e+00
5.196300200000000258e-01 3.170213876099108674e+01 5.630465234862132462e+00 5.630465234862132462e+00
5.258276400000000406e-01 3.103529442737070809e+01 5.570932994335033861e+00 5.570932994335033861e+00
5.320252500000000051e-01 3.037746487577271637e+01 5.511575534796989473e+00 5.511575534796989473e+00
5.382187899999999470e-01 2.973289012030311440e+01 5.452787371638757818e+00 5.452787371638757818e+00
5.444164099999999618e-01 2.910448109040864750e+01 5.394856911022631429e+00 5.394856911022631429e+00
5.506140299999999765e-01 2.849537368387439784e+01 5.338105814226090651e+00 5.338105814226090651e+00
5.568116400000000521e-01 2.790740283166479685e+01 5.282745766328793557e+00 5.282745766328793557e+00
5.630051900000000442e-01 2.734190042283922395e+01 5.228948309444187537e+00 5.228948309444187537e+00
5.692028000000000088e-01 2.679926573953266455e+01 5.176800724340532511e+00 5.176800724340532511e+00
5.754004200000000235e-01 2.627998823007802898e+01 5.126401099219415336e+00 5.126401099219415336e+00
5.815980400000000383e-01 2.578437411431848147e+01 5.077831635089773421e+00 5.077831635089773421e+00
5.877915799999999802e-01 2.531173989604207364e+01 5.031077409068764439e+00 5.031077409068764439e+00
5.939891899999999447e-01 2.485928421960045043e+01 4.985908565106308643e+00 4.985908565106308643e+00
6.001868099999999595e-01 2.442458210923816964e+01 4.942123238977167432e+00 4.942123238977167432e+00
6.063844299999999743e-01 2.400497532134014023e+01 4.899487250860047105e+00 4.899487250860047105e+00
6.125779700000000272e-01 2.359787204532185001e+01 4.857764099389950019e+00 4.857764099389950019e+00
6.187755900000000420e-01 2.320090259460909721e+01 4.816731526108664063e+00 4.816731526108664063e+00
6.249732000000000065e-01 2.281133127951088468e+01 4.776120944816084624e+00 4.776120944816084624e+00
6.311708200000000213e-01 2.242746217931878050e+01 4.735764160018821833e+00 4.735764160018821833e+00
6.373643599999999632e-01 2.204675905427811955e+01 4.695397646022978044e+00 4.695397646022978044e+00
6.435619799999999779e-01 2.166725809713267736e+01 4.654810210645830004e+00 4.654810210645830004e+00
6.497595900000000535e-01 2.128749570703724814e+01 4.613837416623741916e+00 4.613837416623741916e+00
6.559572099999999573e-01 2.090610438916215585e+01 4.572319366488101444e+00 4.572319366488101444e+00
6.621507500000000102e-01 2.052259458299005246e+01 4.530187036203919604e+00 4.530187036203919604e+00
6.683483700000000249e-01 2.013645841230196609e+01 4.487366534204885404e+00 4.487366534204885404e+00
6.745459900000000397e-01 1.974859472994717891e+01 4.443939100611886239e+00 4.443939100611886239e+00
6.807436000000000043e-01 1.935941870808613530e+01 4.399933943604851017e+00 4.399933943604851017e+00
6.869371499999999964e-01 1.897026446963288038e+01 4.355486708696616027e+00 4.355486708696616027e+00
6.931347599999999609e-01 1.858175129034253104e+01 4.310655552273056301e+00 4.310655552273056301e+00
6.993323799999999757e-01 1.819465670110297850e+01 4.265519511279133980e+00 4.265519511279133980e+00
7.055299999999999905e-01 1.781008468602982830e+01 4.220199602628983193e+00 4.220199602628983193e+00
7.117235400000000434e-01 1.742904339782946721e+01 4.174810582269508075e+00 4.174810582269508075e+00
7.179211500000000079e-01 1.705217977369705551e+01 4.129428504490307184e+00 4.129428504490307184e+00
7.241187700000000227e-01 1.668057213348151890e+01 4.084185614474630910e+00 4.084185614474630910e+00
7.303163900000000375e-01 1.631484284911216065e+01 4.039163632376405744e+00 4.039163632376405744e+00
7.365099299999999793e-01 1.595597184349090192e+01 3.994492689127231433e+00 3.994492689127231433e+00
7.427075499999999941e-01 1.560446158143220252e+01 3.950248293643350728e+00 3.950248293643350728e+00
7.489051599999999587e-01 1.526106421765073407e+01 3.906541209004550375e+00 3.906541209004550375e+00
7.551027799999999734e-01 1.492610254264137026e+01 3.863431446608231123e+00 3.863431446608231123e+00
7.612963200000000263e-01 1.460007414277367133e+01 3.821004336921599354e+00 3.821004336921599354e+00
7.674939400000000411e-01 1.428269361167251894e+01 3.779245111351276165e+00 3.779245111351276165e+00
7.736915500000000057e-01 1.397399006576206304e+01 3.738180047263917505e+00 3.738180047263917505e+00
7.798891700000000204e-01 1.367389797009315444e+01 3.697823409803820738e+00 3.697823409803820738e+00
7.860827099999999623e-01 1.338235831978737167e+01 3.658190580025509231e+00 3.658190580025509231e+00
7.922803299999999771e-01 1.309911782448777551e+01 3.619270344211354296e+00 3.619270344211354296e+00
7.984779499999999919e-01 1.282413734868192989e+01 3.581080472243248991e+00 3.581080472243248991e+00
8.046755599999999564e-01 1.255729981792604555e+01 3.543628058632288802e+00 3.543628058632288802e+00
8.108691000000000093e-01 1.229851926626894709e+01 3.506924473989844415e+00 3.506924473989844415e+00
8.170667200000000241e-01 1.204742622062589774e+01 3.470940250224122892e+00 3.470940250224122892e+00
8.232643400000000389e-01 1.180374946336440267e+01 3.435658519609363637e+00 3.435658519609363637e+00
8.294619500000000034e-01 1.156708023616413961e+01 3.401041051819889471e+00 3.401041051819889471e+00
8.356554999999999955e-01 1.133707245162813670e+01 3.367056942142222731e+00 3.367056942142222731e+00
8.418531099999999601e-01 1.111318824536041561e+01 3.333644888910697546e+00 3.333644888910697546e+00
8.480507299999999749e-01 1.089505209118016360e+01 3.300765379602155658e+00 3.300765379602155658e+00
8.542483499999999896e-01 1.068221968308904657e+01 3.268366516027394031e+00 3.268366516027394031e+00
8.604459599999999542e-01 1.047428518708943912e+01 3.236400035083648152e+00 3.236400035083648152e+00
8.666395000000000071e-01 1.027091284167188689e+01 3.204826491664078514e+00 3.204826491664078514e+00
8.728371200000000218e-01 1.007169346414061550e+01 3.173593147229275324e+00 3.173593147229275324e+00
8.790347400000000366e-01 9.876353786041418559e+00 3.142666667981416584e+00 3.142666667981416584e+00
8.852323500000000012e-01 9.684609834563573827e+00 3.112010577514731757e+00 3.112010577514731757e+00
8.914258999999999933e-01 9.496289432961088295e+00 3.081605009238057580e+00 3.081605009238057580e+00
8.976235099999999578e-01 9.311159440242478880e+00 3.051419250159256524e+00 3.051419250159256524e+00
9.038211299999999726e-01 9.129100679678478159e+00 3.021440166489893997e+00 3.021440166489893997e+00
9.100187499999999874e-01 8.949985495014562531e+00 2.991652636088381723e+00 2.991652636088381723e+00
9.162122900000000403e-01 8.773737571762364240e+00 2.962049555926160593e+00 2.962049555926160593e+00
9.224099100000000551e-01 8.600242992919360674e+00 2.932617089379273345e+00 2.932617089379273345e+00
9.286075200000000196e-01 8.429484101496452553e+00 2.903357384390776730e+00 2.903357384390776730e+00
9.348051400000000344e-01 8.261398607189700982e+00 2.874264881180873310e+00 2.874264881180873310e+00
9.409986799999999763e-01 8.095968827899541864e+00 2.845341601266804243e+00 2.845341601266804243e+00
9.471962999999999910e-01 7.933149078480817629e+00 2.816584647845830069e+00 2.816584647845830069e+00
9.533939099999999556e-01 7.772985112522895257e+00 2.788007373111286213e+00 2.788007373111286213e+00
9.595915299999999704e-01 7.615527631838404865e+00 2.759624545447877608e+00 2.759624545447877608e+00
9.657850700000000232e-01 7.460804794351505009e+00 2.731447380849850060e+00 2.731447380849850060e+00
9.719826900000000380e-01 7.308791263975288111e+00 2.703477624093694853e+00 2.703477624093694853e+00
9.781803100000000528e-01 7.159515529724778560e+00 2.675727102999253759e+00 2.675727102999253759e+00
9.843779200000000174e-01 7.013013665769407545e+00 2.648209520745933521e+00 2.648209520745933521e+00
9.905714599999999592e-01 6.869307448700962659e+00 2.620936368686001217e+00 2.620936368686001217e+00
9.967690799999999740e-01 6.728352399088887381e+00 2.593906783037680075e+00 2.593906783037680075e+00
1.002966699999999989e+00 6.590203216230327676e+00 2.567139111195637646e+00 2.567139111195637646e+00
1.009164299999999903e+00 6.454834374507966821e+00 2.540636608117730511e+00 2.540636608117730511e+00
1.015357899999999924e+00 6.322293327028856602e+00 2.514417094880810666e+00 2.514417094880810666e+00
1.021555500000000061e+00 6.192527289003749047e+00 2.488478910701022784e+00 2.488478910701022784e+00
1.027753099999999975e+00 6.065559692957489979e+00 2.462835701576028935e+00 2.462835701576028935e+00
1.033950699999999889e+00 5.941350286414217585e+00 2.437488520263063396e+00 2.437488520263063396e+00
1.040144200000000074e+00 5.819884749238788402e+00 2.412443729755947786e+00 2.412443729755947786e+00
1.046341900000000047e+00 5.701135110248751303e+00 2.387704988110706861e+00 2.387704988110706861e+00
1.052539499999999961e+00 5.585088076862201767e+00 2.363279094153333926e+00 2.363279094153333926e+00
1.058737100000000098e+00 5.471724500573654559e+00 2.339171755253054208e+00 2.339171755253054208e+00
1.064930600000000060e+00 5.361005664755494671e+00 2.315384560878709586e+00 2.315384560878709586e+00
1.071128300000000033e+00 5.252844287389724975e+00 2.291908437828554579e+00 2.291908437828554579e+00
1.077325899999999947e+00 5.147172505713498047e+00 2.268738086627342998e+00 2.268738086627342998e+00
1.083523500000000084e+00 5.043942506872416409e+00 2.245872326485282677e+00 2.245872326485282677e+00
1.089717000000000047e+00 4.943097041529145308e+00 2.223307680355812721e+00 2.223307680355812721e+00
1.095914599999999961e+00 4.844570491286486202e+00 2.201038502908680528e+00 2.201038502908680528e+00
1.102112299999999934e+00 4.748330971019379732e+00 2.179066536620527295e+00 2.179066536620527295e+00
1.108309900000000070e+00 4.654337944400474214e+00 2.157391467583126055e+00 2.157391467583126055e+00
1.114503400000000033e+00 4.562529239008174642e+00 2.136007780652536603e+00 2.136007780652536603e+00
1.120700999999999947e+00 4.472871784527229444e+00 2.114916495875718727e+00 2.114916495875718727e+00
1.126898699999999920e+00 4.385286753870643928e+00 2.094107627098150015e+00 2.094107627098150015e+00
1.133096300000000056e+00 4.299710867893362654e+00 2.073574418219264803e+00 2.073574418219264803e+00
1.139289800000000019e+00 4.216089660332756672e+00 2.053311876051165275e+00 2.053311876051165275e+00
1.145487399999999933e+00 4.134339030823001693e+00 2.033307411785783447e+00 2.033307411785783447e+00
1.151685000000000070e+00 4.054399524498105478e+00 2.013553953709238176e+00 2.013553953709238176e+00
1.157882700000000042e+00 3.976175103891280038e+00 1.994034880309589752e+00 1.994034880309589752e+00
1.164076200000000005e+00 3.899620470118166260e+00 1.974745672262169016e+00 1.974745672262169016e+00
1.170273799999999920e+00 3.824631931569408394e+00 1.955666620763725216e+00 1.955666620763725216e+00
1.176471400000000056e+00 3.751147860075895846e+00 1.936788026624466585e+00 1.936788026624466585e+00
1.182669100000000029e+00 3.679112457990083129e+00 1.918101263747585161e+00 1.918101263747585161e+00
1.188862599999999992e+00 3.608446134036649156e+00 1.899591043892513431e+00 1.899591043892513431e+00
1.195060199999999906e+00 3.539086354533931722e+00 1.881245958011320774e+00 1.881245958011320774e+00
1.201257800000000042e+00 3.470998377483258235e+00 1.863061560304237085e+00 1.863061560304237085e+00
1.207455399999999957e+00 3.404143125352641963e+00 1.845032012012973732e+00 1.845032012012973732e+00
1.213648999999999978e+00 3.338476691931074658e+00 1.827149882174714968e+00 1.827149882174714968e+00
1.219846599999999892e+00 3.273984555052940060e+00 1.809415528576269416e+00 1.809415528576269416e+00
1.226044200000000028e+00 3.210624913837033745e+00 1.791821674675533549e+00 1.791821674675533549e+00
1.232241799999999943e+00 3.148372616597227225e+00 1.774365412365003003e+00 1.774365412365003003e+00
1.238435399999999964e+00 3.087196617937622456e+00 1.757042008017344559e+00 1.757042008017344559e+00
1.244633000000000100e+00 3.027066003759523838e+00 1.739846546037760122e+00 1.739846546037760122e+00
1.250830600000000015e+00 2.967960810422086482e+00 1.722777063471094161e+00 1.722777063471094161e+00
1.257028199999999929e+00 2.909827755276631844e+00 1.705821724353583146e+00 1.705821724353583146e+00
1.263221799999999950e+00 2.852667165727977849e+00 1.688984063195380747e+00 1.688984063195380747e+00
1.269419400000000087e+00 2.796430517788623948e+00 1.672253126111183041e+00 1.672253126111183041e+00
1.275617000000000001e+00 2.741088360075638608e+00 1.655623254268808076e+00 1.655623254268808076e+00
1.281814599999999915e+00 2.686628758521758087e+00 1.639093883376348204e+00 1.639093883376348204e+00
1.288008199999999936e+00 2.633012223177292110e+00 1.622655916446025914e+00 1.622655916446025914e+00
1.294205800000000073e+00 2.580222135468899225e+00 1.606306986683709637e+00 1.606306986683709637e+00
1.300403399999999987e+00 2.528279585225727821e+00 1.590056472338554405e+00 1.590056472338554405e+00
1.306600999999999901e+00 2.477202861582918025e+00 1.573913231910488042e+00 1.573913231910488042e+00
1.312794599999999923e+00 2.426992596148665804e+00 1.557880802933480524e+00 1.557880802933480524e+00
1.318992200000000059e+00 2.377683336300076000e+00 1.541973844233447410e+00 1.541973844233447410e+00
1.325189799999999973e+00 2.329285650707686006e+00 1.526199741419086431e+00 1.526199741419086431e+00
1.331387400000000110e+00 2.281818323171303842e+00 1.510568874024386776e+00 1.510568874024386776e+00
1.337580900000000073e+00 2.235321857420704550e+00 1.495099280121793273e+00 1.495099280121793273e+00
1.343778600000000045e+00 2.189792127577100622e+00 1.479794623445125357e+00 1.479794623445125357e+00
1.349976199999999960e+00 2.145270117216096395e+00 1.464674065181771567e+00 1.464674065181771567e+00
1.356173800000000096e+00 2.101735697831801364e+00 1.449736423572161481e+00 1.449736423572161481e+00
1.362367300000000059e+00 2.059230112655173972e+00 1.435001781411846977e+00 1.435001781411846977e+00
1.368565000000000031e+00 2.017741290242302643e+00 1.420472206782766422e+00 1.420472206782766422e+00
1.374762599999999946e+00 1.977281549903125768e+00 1.406158436984654259e+00 1.406158436984654259e+00
1.380960200000000082e+00 1.937822692148430725e+00 1.392057000323058125e+00 1.392057000323058125e+00
1.387153700000000045e+00 1.899347910911791226e+00 1.378168317337106430e+00 1.378168317337106430e+00
1.393351400000000018e+00 1.861837876627910893e+00 1.364491801597910170e+00 1.364491801597910170e+00
1.399548999999999932e+00 1.825286638485163593e+00 1.351031694108307590e+00 1.351031694108307590e+00
1.405746600000000068e+00 1.789677879304611974e+00 1.337788428453696943e+00 1.337788428453696943e+00
1.411940100000000031e+00 1.754996747659072653e+00 1.324762902431628531e+00 1.324762902431628531e+00
1.418137699999999946e+00 1.721225889909714812e+00 1.311954987760523217e+00 1.311954987760523217e+00
1.424335399999999918e+00 1.688321899895909972e+00 1.299354416583831773e+00 1.299354416583831773e+00
1.430533000000000055e+00 1.656270331162127407e+00 1.286961666547270289e+00 1.286961666547270289e+00
1.436726500000000017e+00 1.625037973532123869e+00 1.274769772755897979e+00 1.274769772755897979e+00
1.442924099999999932e+00 1.594609696177320179e+00 1.262778561814113187e+00 1.262778561814113187e+00
1.449121799999999904e+00 1.564943445456084659e+00 1.250976996373668104e+00 1.250976996373668104e+00
1.455319400000000041e+00 1.536016277658510898e+00 1.239361237758592749e+00 1.239361237758592749e+00
1.461512900000000004e+00 1.507825733763704434e+00 1.227935557659156851e+00 1.227935557659156851e+00
1.467710499999999918e+00 1.480328518090011203e+00 1.216687518671088819e+00 1.216687518671088819e+00
1.473908100000000054e+00 1.453522741891492220e+00 1.205621309487971970e+00 1.205621309487971970e+00
1.480105800000000027e+00 1.427366764379169872e+00 1.194724555861797821e+00 1.194724555861797821e+00
1.486299299999999990e+00 1.401858910978668105e+00 1.184001229297785951e+00 1.184001229297785951e+00
1.492496899999999904e+00 1.376966465432340581e+00 1.173442144049863467e+00 1.173442144049863467e+00
1.498694500000000041e+00 1.352668470572711001e+00 1.163042763862408790e+00 1.163042763862408790e+00
1.504892200000000013e+00 1.328953063510200483e+00 1.152802265572982154e+00 1.152802265572982154e+00
1.511089799999999927e+00 1.305779461599313240e+00 1.142707076025747392e+00 1.142707076025747392e+00
1.517283299999999890e+00 1.283146073890141681e+00 1.132760377966205878e+00 1.132760377966205878e+00
1.523480900000000027e+00 1.261030769233995263e+00 1.122956263277423927e+00 1.122956263277423927e+00
1.529678499999999941e+00 1.239412693046019198e+00 1.113289132726094310e+00 1.113289132726094310e+00
1.535876199999999914e+00 1.218280221716712575e+00 1.103757320119197471e+00 1.103757320119197471e+00
1.542069700000000099e+00 1.197622288488447984e+00 1.094359305022097439e+00 1.094359305022097439e+00
1.548267300000000013e+00 1.177407224745726566e+00 1.085083971287810867e+00 1.085083971287810867e+00
1.554464899999999927e+00 1.157643431798520472e+00 1.075938395912386936e+00 1.075938395912386936e+00
1.560662599999999900e+00 1.138309653901876439e+00 1.066915954469646266e+00 1.066915954469646266e+00
1.566856100000000085e+00 1.119384947758927273e+00 1.058009899650720342e+00 1.058009899650720342e+00
1.573053699999999999e+00 1.100867291960366146e+00 1.049222231922468440e+00 1.049222231922468440e+00
1.579251299999999913e+00 1.082735810733297610e+00 1.040545919569769717e+00 1.040545919569769717e+00
1.585448900000000050e+00 1.064979098372565325e+00 1.031978245106245140e+00 1.031978245106245140e+00
1.591642500000000071e+00 1.047576498008748747e+00 1.023511845563473965e+00 1.023511845563473965e+00
1.597840099999999985e+00 1.030525985682448242e+00 1.015148257981290270e+00 1.015148257981290270e+00
1.604037699999999900e+00 1.013807029060865839e+00 1.006879848373610997e+00 1.006879848373610997e+00
1.610235300000000036e+00 9.974084446215696342e-01 9.987033817012784809e-01 9.987033817012784809e-01
1.616428900000000057e+00 9.813194664775893861e-01 9.906157007021387795e-01 9.906157007021387795e-01
1.622626499999999972e+00 9.655189967087766112e-01 9.826082620804572620e-01 9.826082620804572620e-01
1.628824100000000108e+00 9.500022165708622568e-01 9.746805715570934225e-01 9.746805715570934225e-01
1.635021700000000022e+00 9.347534811959118395e-01 9.668265000484377314e-01 9.668265000484377314e-01
1.641215300000000044e+00 9.197670328585091370e-01 9.590448544559889710e-01 9.590448544559889710e-01
1.647412899999999958e+00 9.050358502310591469e-01 9.513337217985385896e-01 9.513337217985385896e-01
1.653610500000000094e+00 8.905543370688416838e-01 9.436918655307152681e-01 9.436918655307152681e-01
1.659808100000000008e+00 8.763168407299990470e-01 9.361179630420511932e-01 9.361179630420511932e-01
1.666001700000000030e+00 8.623217586078495422e-01 9.286128141522975721e-01 9.286128141522975721e-01
1.672199299999999944e+00 8.485653143134861409e-01 9.211760495765649592e-01 9.211760495765649592e-01
1.678396900000000080e+00 8.350470021568080492e-01 9.138090621988862461e-01 9.138090621988862461e-01
1.684594499999999995e+00 8.217653141128096195e-01 9.065127214291091029e-01 9.065127214291091029e-01
1.690788100000000016e+00 8.087188725435178194e-01 8.992879808734896008e-01 8.992879808734896008e-01
1.696985699999999930e+00 7.959080378543684775e-01 8.921367820319754394e-01 8.921367820319754394e-01
1.703183300000000067e+00 7.833334735713892716e-01 8.850612823818412300e-01 8.850612823818412300e-01
1.709380899999999981e+00 7.709928909026123600e-01 8.780620085749140102e-01 8.780620085749140102e-01
1.715574399999999944e+00 7.588889482829692668e-01 8.711423237812345732e-01 8.711423237812345732e-01
1.721772099999999917e+00 7.470211871060656872e-01 8.643038742861596235e-01 8.643038742861596235e-01
1.727969700000000053e+00 7.353884843436242491e-01 8.575479487140204027e-01 8.575479487140204027e-01
1.734167299999999967e+00 7.239924931238099770e-01 8.508774842031078256e-01 8.508774842031078256e-01
1.740360799999999930e+00 7.128291875430567970e-01 8.442921221609596127e-01 8.442921221609596127e-01
1.746558499999999903e+00 7.018982231785596548e-01 8.377936638448393314e-01 8.377936638448393314e-01
1.752756100000000039e+00 6.911965603262780755e-01 8.313823189882486586e-01 8.313823189882486586e-01
1.758953699999999953e+00 6.807229996909732739e-01 8.250593916143087458e-01 8.250593916143087458e-01
1.765147199999999916e+00 6.704764019417168708e-01 8.188262342778942493e-01 8.188262342778942493e-01
1.771344800000000053e+00 6.604545467736775421e-01 8.126835465134492065e-01 8.126835465134492065e-01
1.777542500000000025e+00 6.506553069633406183e-01 8.066320765772587720e-01 8.066320765772587720e-01
1.783740099999999940e+00 6.410765378138240100e-01 8.006725534285685786e-01 8.006725534285685786e-01
1.789933599999999903e+00 6.317170676971114451e-01 7.948063082897062204e-01 7.948063082897062204e-01
1.796131200000000039e+00 6.225698331799658369e-01 7.890309456415292022e-01 7.890309456415292022e-01
1.802328900000000012e+00 6.136288375952635432e-01 7.833446480287354907e-01 7.833446480287354907e-01
1.808526499999999926e+00 6.048899874122167786e-01 7.777467373202003875e-01 7.777467373202003875e-01
1.814720000000000111e+00 5.963453280339309215e-01 7.722339852880931721e-01 7.722339852880931721e-01
1.820917600000000025e+00 5.879897401604158302e-01 7.668048905428394013e-01 7.668048905428394013e-01
1.827115199999999939e+00 5.798172155989675947e-01 7.614572972918228766e-01 7.614572972918228766e-01
1.833312899999999912e+00 5.718207351147370776e-01 7.561882934261393574e-01 7.561882934261393574e-01
1.839506400000000097e+00 5.639933298122348226e-01 7.509948933329938514e-01 7.509948933329938514e-01
1.845704000000000011e+00 5.563250697041340898e-01 7.458720196549365467e-01 7.458720196549365467e-01
1.851901599999999926e+00 5.488080250567510809e-01 7.408157834824735666e-01 7.408157834824735666e-01
1.858099299999999898e+00 5.414352169621601263e-01 7.358228162826701002e-01 7.358228162826701002e-01
1.864292800000000083e+00 5.341967881766469528e-01 7.308876713809359105e-01 7.308876713809359105e-01
1.870490399999999998e+00 5.270867185529900523e-01 7.260073818860177663e-01 7.260073818860177663e-01
1.876687999999999912e+00 5.200961568732247464e-01 7.211769248064061610e-01 7.211769248064061610e-01
1.882885600000000048e+00 5.132200660159486061e-01 7.163937925582191113e-01 7.163937925582191113e-01
1.889079200000000069e+00 5.064496247405527729e-01 7.116527416799240946e-01 7.116527416799240946e-01
1.895276799999999984e+00 4.997769389566327769e-01 7.069490356147554166e-01 7.069490356147554166e-01
1.901474399999999898e+00 4.931960873134366707e-01 7.022792089428795403e-01 7.022792089428795403e-01
1.907672000000000034e+00 4.866992288839405711e-01 6.976383224020455964e-01 6.976383224020455964e-01
1.913865600000000056e+00 4.802785214973023797e-01 6.930212994542825911e-01 6.930212994542825911e-01
1.920063199999999970e+00 4.739290632032142070e-01 6.884250599761851941e-01 6.884250599761851941e-01
1.926260800000000106e+00 4.676420669837196842e-01 6.838435983349698821e-01 6.838435983349698821e-01
1.932458400000000021e+00 4.614136088591928586e-01 6.792743251876909305e-01 6.792743251876909305e-01
1.938652000000000042e+00 4.552378322087405893e-01 6.747131480923879154e-01 6.747131480923879154e-01
1.944849599999999956e+00 4.491137317271204910e-01 6.701594823078462770e-01 6.701594823078462770e-01
1.951047200000000093e+00 4.430412420775822757e-01 6.656134329155191098e-01 6.656134329155191098e-01
1.957244800000000007e+00 4.370222603527570415e-01 6.610765918959443654e-01 6.610765918959443654e-01
1.963438400000000028e+00 4.310586620448870754e-01 6.565505784361834740e-01 6.565505784361834740e-01
1.969635999999999942e+00 4.251514044938200509e-01 6.520363521260299500e-01 6.520363521260299500e-01
1.975833600000000079e+00 4.193023940614624134e-01 6.475356314995047713e-01 6.475356314995047713e-01
1.982031199999999993e+00 4.135135310993274249e-01 6.430501777461284929e-01 6.430501777461284929e-01
1.988224800000000014e+00 4.077857530337525849e-01 6.385810465663325219e-01 6.385810465663325219e-01
1.994422399999999929e+00 4.021200423939296775e-01 6.341293577764158806e-01 6.341293577764158806e-01
2.000620000000000065e+00 3.965192563419919769e-01 6.296977499896215802e-01 6.296977499896215802e-01
2.006817600000000201e+00 3.909843451628652877e-01 6.252874100466643270e-01 6.252874100466643270e-01
2.013011099999999942e+00 3.855152807721142216e-01 6.208987685380880084e-01 6.208987685380880084e-01
2.019208799999999915e+00 3.801168922613827328e-01 6.165362051505026697e-01 6.165362051505026697e-01
2.025406400000000051e+00 3.747872198383822018e-01 6.121986767695453135e-01 6.121986767695453135e-01
2.031604000000000187e+00 3.695300982357874742e-01 6.078898734440206786e-01 6.078898734440206786e-01
2.037797499999999928e+00 3.643454988450339216e-01 6.036103866278593744e-01 6.036103866278593744e-01
2.043995199999999901e+00 3.592362978553306774e-01 5.993632436639159122e-01 5.993632436639159122e-01
2.050192800000000037e+00 3.542034255360388961e-01 5.951499185382107537e-01 5.951499185382107537e-01
2.056390400000000174e+00 3.492487704545496618e-01 5.909727324120375158e-01 5.909727324120375158e-01
2.062583899999999915e+00 3.443723038441069417e-01 5.868324325087247439e-01 5.868324325087247439e-01
2.068781500000000051e+00 3.395749685273736773e-01 5.827306140296506509e-01 5.827306140296506509e-01
2.074979200000000024e+00 3.348576886213474046e-01 5.786688937737601846e-01 5.786688937737601846e-01
2.081176800000000160e+00 3.302213927163953899e-01 5.746489299706346587e-01 5.746489299706346587e-01
2.087370299999999901e+00 3.256640908811647694e-01 5.706698615497096672e-01 5.706698615497096672e-01
2.093567900000000037e+00 3.211877202633630080e-01 5.667342589462569524e-01 5.667342589462569524e-01
2.099765600000000010e+00 3.167912666018821155e-01 5.628421329306132481e-01 5.628421329306132481e-01
2.105963200000000146e+00 3.124727576787821315e-01 5.589926275710459525e-01 5.589926275710459525e-01
2.112156699999999887e+00 3.082321461533019114e-01 5.551865867915956043e-01 5.551865867915956043e-01
2.118354300000000023e+00 3.040684727736521209e-01 5.514240408013166839e-01 5.514240408013166839e-01
2.124551900000000160e+00 2.999817043679424700e-01 5.477058556998842809e-01 5.477058556998842809e-01
2.130749600000000132e+00 2.959689136091491757e-01 5.440302506379118830e-01 5.440302506379118830e-01
2.136943099999999873e+00 2.920310275378688036e-01 5.403989521990848477e-01 5.403989521990848477e-01
2.143140700000000010e+00 2.881661335909714849e-01 5.368110781187097613e-01 5.368110781187097613e-01
2.149338300000000146e+00 2.843742108320075346e-01 5.332674852567026447e-01 5.332674852567026447e-01
2.155536000000000119e+00 2.806542649876233031e-01 5.297681237934416254e-01 5.297681237934416254e-01
2.161729499999999859e+00 2.770043503896287840e-01 5.263120275935453396e-01 5.263120275935453396e-01
2.167927099999999996e+00 2.734244974209796286e-01 5.229000835924388912e-01 5.229000835924388912e-01
2.174124700000000132e+00 2.699137231063076792e-01 5.195322156578047190e-01 5.195322156578047190e-01
2.180322299999999824e+00 2.664710641044106820e-01 5.162083533849589623e-01 5.162083533849589623e-01
2.186519999999999797e+00 2.630955503361329106e-01 5.129284066379370399e-01 5.129284066379370399e-01
2.192713499999999982e+00 2.597862157635280056e-01 5.096922755580350906e-01 5.096922755580350906e-01
2.198911100000000118e+00 2.565411708274862312e-01 5.064989346755689459e-01 5.064989346755689459e-01
2.205108699999999811e+00 2.533584776723046272e-01 5.033472734328702236e-01 5.033472734328702236e-01
2.211306399999999783e+00 2.502371727826105396e-01 5.002371165583483492e-01 5.002371165583483492e-01
2.217499899999999968e+00 2.471762861890547391e-01 4.971682674799898782e-01 4.971682674799898782e-01
2.223697500000000105e+00 2.441729743870407754e-01 4.941386185950666921e-01 4.941386185950666921e-01
2.229895099999999797e+00 2.412272254296755070e-01 4.911488831603666450e-01 4.911488831603666450e-01
2.236092699999999933e+00 2.383371298950131834e-01 4.881978388881019759e-01 4.881978388881019759e-01
2.242286299999999954e+00 2.355017100154555287e-01 4.852851842117741343e-01 4.852851842117741343e-01
2.248483900000000091e+00 2.327181189076291679e-01 4.824086637982667458e-01 4.824086637982667458e-01
2.254681499999999783e+00 2.299863343689703410e-01 4.795689047144011119e-01 4.795689047144011119e-01
2.260879099999999919e+00 2.273044536949973826e-01 4.767645684140101592e-01 4.767645684140101592e-01
2.267072699999999941e+00 2.246714961296347179e-01 4.739952490580836009e-01 4.739952490580836009e-01
2.273270300000000077e+00 2.220845998299028901e-01 4.712585275938281359e-01 4.712585275938281359e-01
2.279467900000000213e+00 2.195427909810462597e-01 4.685539360426356215e-01 4.685539360426356215e-01
2.285665499999999906e+00 2.170460867317174081e-01 4.658820523820567105e-01 4.658820523820567105e-01
2.291859099999999927e+00 2.145905898553566449e-01 4.632392360922772956e-01 4.632392360922772956e-01
2.298056700000000063e+00 2.121763442050363380e-01 4.606260350924992197e-01 4.606260350924992197e-01
2.304254300000000200e+00 2.098014137245974298e-01 4.580408428563957357e-01 4.580408428563957357e-01
2.310451899999999892e+00 2.074638466670313264e-01 4.554819937901292137e-01 4.554819937901292137e-01
2.316645499999999913e+00 2.051626727878742562e-01 4.529488633255129848e-01 4.529488633255129848e-01
2.322843100000000049e+00 2.028979223625538286e-01 4.504419189668673051e-01 4.504419189668673051e-01
2.329040700000000186e+00 2.006657099970289571e-01 4.479572635832897998e-01 4.479572635832897998e-01
2.335238299999999878e+00 1.984669945181286588e-01 4.454963462455429068e-01 4.454963462455429068e-01
2.341431899999999899e+00 1.963008137299739053e-01 4.430584766483696146e-01 4.430584766483696146e-01
2.347629500000000036e+00 1.941642713143308108e-01 4.406407508553093488e-01 4.406407508553093488e-01
2.353827100000000172e+00 1.920573629605283050e-01 4.382434973396961975e-01 4.382434973396961975e-01
2.360024699999999864e+00 1.899791204252310739e-01 4.358659431811931495e-01 4.358659431811931495e-01
2.366218200000000049e+00 1.879275833332752776e-01 4.335061514364880186e-01 4.335061514364880186e-01
2.372415900000000022e+00 1.859027900318666604e-01 4.311644582196759168e-01 4.311644582196759168e-01
2.378613500000000158e+00 1.839037582979376750e-01 4.288400148049825722e-01 4.288400148049825722e-01
2.384811099999999850e+00 1.819285423162891879e-01 4.265308222347937162e-01 4.265308222347937162e-01
2.391004600000000035e+00 1.799761711494979599e-01 4.242359852128270159e-01 4.242359852128270159e-01
2.397202300000000008e+00 1.780456951348255989e-01 4.219546126478837533e-01 4.219546126478837533e-01
2.403399900000000144e+00 1.761380918117998184e-01 4.196880887180380881e-01 4.196880887180380881e-01
2.409597499999999837e+00 1.742494581014582822e-01 4.174319802093010012e-01 4.174319802093010012e-01
2.415791000000000022e+00 1.723807735310119160e-01 4.151876365343890041e-01 4.151876365343890041e-01
2.421988600000000158e+00 1.705291587429792477e-01 4.129517632157286844e-01 4.129517632157286844e-01
2.428186300000000131e+00 1.686955651791857691e-01 4.107256568309140543e-01 4.107256568309140543e-01
2.434383899999999823e+00 1.668790366687538662e-01 4.085083067316426786e-01 4.085083067316426786e-01
2.440577400000000008e+00 1.650766461530991935e-01 4.062962541706472419e-01 4.062962541706472419e-01
2.446775000000000144e+00 1.632903726053963611e-01 4.040920348205299106e-01 4.040920348205299106e-01
2.452972700000000117e+00 1.615182588077986314e-01 4.018933425771054613e-01 4.018933425771054613e-01
2.459170299999999809e+00 1.597603089100836649e-01 3.997002738428930280e-01 3.997002738428930280e-01
2.465363799999999994e+00 1.580174965510274809e-01 3.975141463533435893e-01 3.975141463533435893e-01
2.471561400000000130e+00 1.562898506192532677e-01 3.953351117966291683e-01 3.953351117966291683e-01
2.477758999999999823e+00 1.545773450716219632e-01 3.931632549865538562e-01 3.931632549865538562e-01
2.483956699999999795e+00 1.528800144881589107e-01 3.909987397526479280e-01 3.909987397526479280e-01
2.490150199999999980e+00 1.511987939417770155e-01 3.888428910778452541e-01 3.888428910778452541e-01
2.496347800000000117e+00 1.495327599597278678e-01 3.866946598541643465e-01 3.866946598541643465e-01
2.502545399999999809e+00 1.478848194180418241e-01 3.845579532632784070e-01 3.845579532632784070e-01
2.508743099999999782e+00 1.462520545216055567e-01 3.824291496756040409e-01 3.824291496756040409e-01
2.514936599999999967e+00 1.446364010447386550e-01 3.803109268016613975e-01 3.803109268016613975e-01
2.521134200000000103e+00 1.430388669679924230e-01 3.782047950092547461e-01 3.782047950092547461e-01
2.527331799999999795e+00 1.414574933280661195e-01 3.761083531750739062e-01 3.761083531750739062e-01
2.533529399999999931e+00 1.398951993722110931e-01 3.740256667291846360e-01 3.740256667291846360e-01
2.539722999999999953e+00 1.383510177944986541e-01 3.719556664368734444e-01 3.719556664368734444e-01
2.545920600000000089e+00 1.368249636289325943e-01 3.698985856000703842e-01 3.698985856000703842e-01
2.552118199999999781e+00 1.353189848763873271e-01 3.678572887362534516e-01 3.678572887362534516e-01
2.558315799999999918e+00 1.338311324703686522e-01 3.658293761719644266e-01 3.658293761719644266e-01
2.564509399999999939e+00 1.323633456325071789e-01 3.638177368305552939e-01 3.638177368305552939e-01
2.570707000000000075e+00 1.309156585026865216e-01 3.618226893143747236e-01 3.618226893143747236e-01
2.576904600000000212e+00 1.294880566793184529e-01 3.598444895775374519e-01 3.598444895775374519e-01
2.583102199999999904e+00 1.280805453461552335e-01 3.578834242405691812e-01 3.578834242405691812e-01
2.589295799999999925e+00 1.266941030563677739e-01 3.559411511140118112e-01 3.559411511140118112e-01
2.595493400000000062e+00 1.253297172469846066e-01 3.540193741124694760e-01 3.540193741124694760e-01
2.601691000000000198e+00 1.239854390579299970e-01 3.521156614777735117e-01 3.521156614777735117e-01
2.607888599999999890e+00 1.226642032168692581e-01 3.502344974682951584e-01 3.502344974682951584e-01
2.614082199999999911e+00 1.213640519758383690e-01 3.483734375290951646e-01 3.483734375290951646e-01
2.620279800000000048e+00 1.200850193538062494e-01 3.465328546527821629e-01 3.465328546527821629e-01
2.626477400000000184e+00 1.188280572073266428e-01 3.447144574968196151e-01 3.447144574968196151e-01
2.632674999999999876e+00 1.175931923713384591e-01 3.429186381218414792e-01 3.429186381218414792e-01
2.638868599999999898e+00 1.163794504549372777e-01 3.411443249636981201e-01 3.411443249636981201e-01
2.645066200000000034e+00 1.151878099300201602e-01 3.393932968254089744e-01 3.393932968254089744e-01
2.651263800000000170e+00 1.140173158877182541e-01 3.376645019656615565e-01 3.376645019656615565e-01
2.657461399999999863e+00 1.128670021155804976e-01 3.359568456149993332e-01 3.359568456149993332e-01
2.663654999999999884e+00 1.117387966663695997e-01 3.342735356954983361e-01 3.342735356954983361e-01
2.669852600000000020e+00 1.106298208944035688e-01 3.326106145245572021e-01 3.326106145245572021e-01
2.676050200000000157e+00 1.095410384901796125e-01 3.309698452883277353e-01 3.309698452883277353e-01
2.682247799999999849e+00 1.084714924668880032e-01 3.293501062196397822e-01 3.293501062196397822e-01
2.688441300000000034e+00 1.074211627972024713e-01 3.277516785574140501e-01 3.277516785574140501e-01
2.694639000000000006e+00 1.063891175659754107e-01 3.261734470584253809e-01 3.261734470584253809e-01
2.700836600000000143e+00 1.053763202623857753e-01 3.246171903371504741e-01 3.246171903371504741e-01
2.707034199999999835e+00 1.043798636069371427e-01 3.230787266394015145e-01 3.230787266394015145e-01
2.713227700000000020e+00 1.034016764063717397e-01 3.215613104936160260e-01 3.215613104936160260e-01
2.719425399999999993e+00 1.024408249565335466e-01 3.200637826379822415e-01 3.200637826379822415e-01
2.725623000000000129e+00 1.014963226017014664e-01 3.185848750359964177e-01 3.185848750359964177e-01
2.731820599999999821e+00 1.005681849360419572e-01 3.171248727804900081e-01 3.171248727804900081e-01
2.738014100000000006e+00 9.965541551111821439e-02 3.156824599358004080e-01 3.156824599358004080e-01
2.744211700000000143e+00 9.875902873521297254e-02 3.142594926731935301e-01 3.142594926731935301e-01
2.750409400000000115e+00 9.787706202542817424e-02 3.128530997535874936e-01 3.128530997535874936e-01
2.756606999999999807e+00 9.700951663519323531e-02 3.114635077102825278e-01 3.114635077102825278e-01
2.762800499999999992e+00 9.615737381972444542e-02 3.100925246111625455e-01 3.100925246111625455e-01
2.768998100000000129e+00 9.531772261202826890e-02 3.087356840600520291e-01 3.087356840600520291e-01
2.775195800000000101e+00 9.449153385823959306e-02 3.073947524897580053e-01 3.073947524897580053e-01
2.781393399999999794e+00 9.367881114227087636e-02 3.060699448529222710e-01 3.060699448529222710e-01
2.787586899999999979e+00 9.287857773981916809e-02 3.047598689785437909e-01 3.047598689785437909e-01
2.793784500000000115e+00 9.208987226147231919e-02 3.034631316345897112e-01 3.034631316345897112e-01
2.799982099999999807e+00 9.131269132572567004e-02 3.021798989438669869e-01 3.021798989438669869e-01
2.806179799999999780e+00 9.054703937830360649e-02 3.009103510654022040e-01 3.009103510654022040e-01
2.812373299999999965e+00 8.979193661063579468e-02 2.996530270339944346e-01 2.996530270339944346e-01
2.818570900000000101e+00 8.904739703981146004e-02 2.984081048494016120e-01 2.984081048494016120e-01
2.824768499999999793e+00 8.831244367571289278e-02 2.971740965759177566e-01 2.971740965759177566e-01
2.830966200000000210e+00 8.758707675235176404e-02 2.959511391300120864e-01 2.959511391300120864e-01
2.837159699999999951e+00 8.686973185999784242e-02 2.947367161722438955e-01 2.947367161722438955e-01
2.843357300000000087e+00 8.616120471581671658e-02 2.935322890515057459e-01 2.935322890515057459e-01
2.849554899999999780e+00 8.546110146759665349e-02 2.923373076902718304e-01 2.923373076902718304e-01
2.855752499999999916e+00 8.476864340656301011e-02 2.911505511012524305e-01 2.911505511012524305e-01
2.861950199999999889e+00 8.408324820942407463e-02 2.899711161640484147e-01 2.899711161640484147e-01
2.868143700000000074e+00 8.340510634683029334e-02 2.887994223450425779e-01 2.887994223450425779e-01
2.874341300000000210e+00 8.273345239689605668e-02 2.876342337012339212e-01 2.876342337012339212e-01
2.880538899999999902e+00 8.206867263384166888e-02 2.864763037911541854e-01 2.864763037911541854e-01
2.886736599999999875e+00 8.140999003776780429e-02 2.853243593487380658e-01 2.853243593487380658e-01
2.892930100000000060e+00 8.075759543781799166e-02 2.841788089175862342e-01 2.841788089175862342e-01
2.899127700000000196e+00 8.011111374244460348e-02 2.830390675197411721e-01 2.830390675197411721e-01
2.905325299999999888e+00 7.947054041755262366e-02 2.819051975710143432e-01 2.819051975710143432e-01
2.911522900000000025e+00 7.883509683786392441e-02 2.807758836471963004e-01 2.807758836471963004e-01
2.917716500000000046e+00 7.820536854404032401e-02 2.796522278545985896e-01 2.796522278545985896e-01
2.923914100000000182e+00 7.758058396555748970e-02 2.785329136126599714e-01 2.785329136126599714e-01
2.930111699999999875e+00 7.696034911060199712e-02 2.774172833667758464e-01 2.774172833667758464e-01
2.936309300000000011e+00 7.634545117249576240e-02 2.763068062362846744e-01 2.763068062362846744e-01
2.942502900000000032e+00 7.573510290008858559e-02 2.752001142806604905e-01 2.752001142806604905e-01
2.948700500000000169e+00 7.512990555489872102e-02 2.740983501499028030e-01 2.740983501499028030e-01
2.954898099999999861e+00 7.452887566342354664e-02 2.729997722772375401e-01 2.729997722772375401e-01
2.961095699999999997e+00 7.393279928072638008e-02 2.719058647413225005e-01 2.719058647413225005e-01
2.967289300000000019e+00 7.334128114510153618e-02 2.708159543769560473e-01 2.708159543769560473e-01
2.973486900000000155e+00 7.275413763975988046e-02 2.697297492672246499e-01 2.697297492672246499e-01
2.979684499999999847e+00 7.217214908594116185e-02 2.686487466673558866e-01 2.686487466673558866e-01
2.985882099999999983e+00 7.159355443041477696e-02 2.675697188218703615e-01 2.675697188218703615e-01
2.992075700000000005e+00 7.102011336569856448e-02 2.664959912751007076e-01 2.664959912751007076e-01
2.998273300000000141e+00 7.045066010927361622e-02 2.654254322955387213e-01 2.654254322955387213e-01
3.004470899999999833e+00 6.988578008163523481e-02 2.643591876247829986e-01 2.643591876247829986e-01
3.010668499999999970e+00 6.932488577356178683e-02 2.632961939974859944e-01 2.632961939974859944e-01
3.016862099999999991e+00 6.876817092207747339e-02 2.622368603420912603e-01 2.622368603420912603e-01
3.023059700000000127e+00 6.821544932726480992e-02 2.611808747348565163e-01 2.611808747348565163e-01
3.029257299999999820e+00 6.766710871723685683e-02 2.601290232120146428e-01 2.601290232120146428e-01
3.035454899999999956e+00 6.712275919016845449e-02 2.590806036548634617e-01 2.590806036548634617e-01
3.041648400000000141e+00 6.658239758891008886e-02 2.580356517787998905e-01 2.580356517787998905e-01
3.047846100000000114e+00 6.604662080243171862e-02 2.569953711692716802e-01 2.569953711692716802e-01
3.054043699999999806e+00 6.551464231530776394e-02 2.559582823729440459e-01 2.559582823729440459e-01
3.060241299999999942e+00 6.498626725549447314e-02 2.549240421292084946e-01 2.549240421292084946e-01
3.066434800000000127e+00 6.446247232227730883e-02 2.538946086908450139e-01 2.538946086908450139e-01
3.072632500000000100e+00 6.394248265242380436e-02 2.528685086214252364e-01 2.528685086214252364e-01
3.078830099999999792e+00 6.342668857940809979e-02 2.518465576088108615e-01 2.518465576088108615e-01
3.085027699999999928e+00 6.291469936199449442e-02 2.508280274650233066e-01 2.508280274650233066e-01
3.091221200000000113e+00 6.240729640677777218e-02 2.498145240108704535e-01 2.498145240108704535e-01
3.097418799999999806e+00 6.190370536105524457e-02 2.488045525328169139e-01 2.488045525328169139e-01
3.103616499999999778e+00 6.140412026971904524e-02 2.477985477554681959e-01 2.477985477554681959e-01
3.109814099999999915e+00 6.090913044303690460e-02 2.467977521028846544e-01 2.467977521028846544e-01
3.116007600000000100e+00 6.041794921755735959e-02 2.458006290015494755e-01 2.458006290015494755e-01
3.122205199999999792e+00 5.993078303319685635e-02 2.448076449647699493e-01 2.448076449647699493e-01
3.128402900000000209e+00 5.944762918387277995e-02 2.438188450138191743e-01 2.438188450138191743e-01
3.134600499999999901e+00 5.896868672526615202e-02 2.428346901191552332e-01 2.428346901191552332e-01
3.140794000000000086e+00 5.849356158817576451e-02 2.418544223043601060e-01 2.418544223043601060e-01
3.146991599999999778e+00 5.802265444826674307e-02 2.408789207221477546e-01 2.408789207221477546e-01
3.153189199999999914e+00 5.755557104882053771e-02 2.399074218293809624e-01 2.399074218293809624e-01
3.159386899999999887e+00 5.709251074859983399e-02 2.389403916222617996e-01 2.389403916222617996e-01
3.165580400000000072e+00 5.663347198031835894e-02 2.379778812837830826e-01 2.379778812837830826e-01
3.171778000000000208e+00 5.617846149067012157e-02 2.370199601102618570e-01 2.370199601102618570e-01
3.177975599999999901e+00 5.572728427516748101e-02 2.360662709392586656e-01 2.360662709392586656e-01
3.184173299999999873e+00 5.527974277715808765e-02 2.351164451440138914e-01 2.351164451440138914e-01
3.190366800000000058e+00 5.483682062746068203e-02 2.341726299708415671e-01 2.341726299708415671e-01
3.196564400000000195e+00 5.439734429164240492e-02 2.332323825965048336e-01 2.332323825965048336e-01
3.202761999999999887e+00 5.396151050195144988e-02 2.322961697961278271e-01 2.322961697961278271e-01
3.208959600000000023e+00 5.352971378600802910e-02 2.313648931579897761e-01 2.313648931579897761e-01
3.215153200000000044e+00 5.310175514806411007e-02 2.304381807515067937e-01 2.304381807515067937e-01
3.221350800000000181e+00 5.267724885619496505e-02 2.295152475462032549e-01 2.295152475462032549e-01
3.227548399999999873e+00 5.225698041916908287e-02 2.285978574247122808e-01 2.285978574247122808e-01
3.233746000000000009e+00 5.184055703925904285e-02 2.276852148016182409e-01 2.276852148016182409e-01
3.239939600000000031e+00 5.142758385888890338e-02 2.267765064085980331e-01 2.267765064085980331e-01
3.246137200000000167e+00 5.101865854968697794e-02 2.258731027583562867e-01 2.258731027583562867e-01
3.252334799999999859e+00 5.061318848681373855e-02 2.249737506617466298e-01 2.249737506617466298e-01
3.258532399999999996e+00 5.021156896945463965e-02 2.240793809556217153e-01 2.240793809556217153e-01
3.264726000000000017e+00 4.981379735387423541e-02 2.231900476138536094e-01 2.231900476138536094e-01
3.270923600000000153e+00 4.942007686742171807e-02 2.223062681694371878e-01 2.223062681694371878e-01
3.277121199999999845e+00 4.902981668719365305e-02 2.214267750006616853e-01 2.214267750006616853e-01
3.283318799999999982e+00 4.864341022232054196e-02 2.205525112582501224e-01 2.205525112582501224e-01
3.289512400000000003e+00 4.826046340295959969e-02 2.196826424708142600e-01 2.196826424708142600e-01
3.295710000000000139e+00 4.788157073899712568e-02 2.188185795105093978e-01 2.188185795105093978e-01
3.301907599999999832e+00 4.750633912934129621e-02 2.179594896519564118e-01 2.179594896519564118e-01
3.308105199999999968e+00 4.713457282807441417e-02 2.171049811222082737e-01 2.171049811222082737e-01
3.314298799999999989e+00 4.676646620580290209e-02 2.162555576298627880e-01 2.162555576298627880e-01
3.320496400000000126e+00 4.640163171921378449e-02 2.154103797852224833e-01 2.154103797852224833e-01
3.326693999999999818e+00 4.604026474678959979e-02 2.145699530381399989e-01 2.145699530381399989e-01
3.332891599999999954e+00 4.568236740921561428e-02 2.137343383951572917e-01 2.137343383951572917e-01
3.339085100000000139e+00 4.532793746870481671e-02 2.129035872612408953e-01 2.129035872612408953e-01
3.345282800000000112e+00 4.497639040938364308e-02 2.120763787162154579e-01 2.120763787162154579e-01
3.351480399999999804e+00 4.462851337048540784e-02 2.112546173944735428e-01 2.112546173944735428e-01
3.357677999999999940e+00 4.428312522268612605e-02 2.104355607369774450e-01 2.104355607369774450e-01
3.363871500000000125e+00 4.394120941372330058e-02 2.096215862303386357e-01 2.096215862303386357e-01
3.370069200000000098e+00 4.360237808535534498e-02 2.088118245822188634e-01 2.088118245822188634e-01
3.376266799999999790e+00 4.326623709137211726e-02 2.080053775539760230e-01 2.080053775539760230e-01
3.382464399999999927e+00 4.293318065641853892e-02 2.072032351494988989e-01 2.072032351494988989e-01
3.388657900000000112e+00 4.260281385878858518e-02 2.064044908881310647e-01 2.064044908881310647e-01
3.394855499999999804e+00 4.227534033925237772e-02 2.056096795855009707e-01 2.056096795855009707e-01
3.401053200000000221e+00 4.195056114223583155e-02 2.048183613405688552e-01 2.048183613405688552e-01
3.407250799999999913e+00 4.162867439584260615e-02 2.040310623308191351e-01 2.040310623308191351e-01
3.413444300000000098e+00 4.130928514198669438e-02 2.032468576435726704e-01 2.032468576435726704e-01
3.419641899999999790e+00 4.099220165652452813e-02 2.024653097607699570e-01 2.024653097607699570e-01
3.425839600000000207e+00 4.067821224995461088e-02 2.016884038559347003e-01 2.016884038559347003e-01
3.432037199999999899e+00 4.036652860523871900e-02 2.009142319628918760e-01 2.009142319628918760e-01
3.438230700000000084e+00 4.005714974110242965e-02 2.001428233564781778e-01 2.001428233564781778e-01
3.444428300000000220e+00 3.974988451244678561e-02 1.993737307481775189e-01 1.993737307481775189e-01
3.450625899999999913e+00 3.944551838656759624e-02 1.986089584751090653e-01 1.986089584751090653e-01
3.456823599999999885e+00 3.914287139801475579e-02 1.978455746232772317e-01 1.978455746232772317e-01
3.463017100000000070e+00 3.884292715289262843e-02 1.970860907139126983e-01 1.970860907139126983e-01
3.469214700000000207e+00 3.854470449402967736e-02 1.963280532527882927e-01 1.963280532527882927e-01
3.475412299999999899e+00 3.824879472968142902e-02 1.955729907980174875e-01 1.955729907980174875e-01
3.481609999999999872e+00 3.795460499725398368e-02 1.948194163764330467e-01 1.948194163764330467e-01
3.487803500000000057e+00 3.766253039096213034e-02 1.940683652503986389e-01 1.940683652503986389e-01
3.494001100000000193e+00 3.737237706494809381e-02 1.933193654679946916e-01 1.933193654679946916e-01
3.500198699999999885e+00 3.708414372574267426e-02 1.925724376065865717e-01 1.925724376065865717e-01
3.506396300000000021e+00 3.679822647932396579e-02 1.918286383190058730e-01 1.918286383190058730e-01
3.512593999999999994e+00 3.651422942338321959e-02 1.910869682196648933e-01 1.910869682196648933e-01
3.518787500000000179e+00 3.623195591445984437e-02 1.903469356581813932e-01 1.903469356581813932e-01
3.524985099999999871e+00 3.595180364435349163e-02 1.896096085232852613e-01 1.896096085232852613e-01
3.531182700000000008e+00 3.567337672666084231e-02 1.888739704847146039e-01 1.888739704847146039e-01
3.537380399999999980e+00 3.539707038692945645e-02 1.881410917022899032e-01 1.881410917022899032e-01
3.543573900000000165e+00 3.512288443016227391e-02 1.874110040263438637e-01 1.874110040263438637e-01
3.549771499999999858e+00 3.485082084303357114e-02 1.866837455244391986e-01 1.866837455244391986e-01
3.555969099999999994e+00 3.458068310165857140e-02 1.859588209837290118e-01 1.859588209837290118e-01
3.562166700000000130e+00 3.431227336214807966e-02 1.852357237741901752e-01 1.852357237741901752e-01
3.568360300000000151e+00 3.404618288166480489e-02 1.845160775695841859e-01 1.845160775695841859e-01
3.574557899999999844e+00 3.378202056567398276e-02 1.837988589890426350e-01 1.837988589890426350e-01
3.580755499999999980e+00 3.351998389361875164e-02 1.830846358753752678e-01 1.830846358753752678e-01
3.586953100000000116e+00 3.325987408904208797e-02 1.823728984499673189e-01 1.823728984499673189e-01
3.593146700000000138e+00 3.300188977430561221e-02 1.816642226039723307e-01 1.816642226039723307e-01
3.599344299999999830e+00 3.274603362881050445e-02 1.809586517103023429e-01 1.809586517103023429e-01
3.605541899999999966e+00 3.249210736849943160e-02 1.802556722228164099e-01 1.802556722228164099e-01
3.611739500000000103e+00 3.223991416199731980e-02 1.795547664697245416e-01 1.795547664697245416e-01
3.617933100000000124e+00 3.199004587108077863e-02 1.788576133998236450e-01 1.788576133998236450e-01
3.624130699999999816e+00 3.174230955546814698e-02 1.781637155973913311e-01 1.781637155973913311e-01
3.630328299999999953e+00 3.149690014043085573e-02 1.774736604131183504e-01 1.774736604131183504e-01
3.636525900000000089e+00 3.125283253325185362e-02 1.767847067289810836e-01 1.767847067289810836e-01
3.642719500000000110e+00 3.101148813241465935e-02 1.761007896984413401e-01 1.761007896984413401e-01
3.648917099999999802e+00 3.077188251205591196e-02 1.754191623285663582e-01 1.754191623285663582e-01
3.655114699999999939e+00 3.053460784509937423e-02 1.747415458472866279e-01 1.747415458472866279e-01
3.661312300000000075e+00 3.029927066179053524e-02 1.740668568734166921e-01 1.740668568734166921e-01
3.667505900000000096e+00 3.006586841814367153e-02 1.733951222443805285e-01 1.733951222443805285e-01
3.673703499999999789e+00 2.983499931974525204e-02 1.727281080766684407e-01 1.727281080766684407e-01
3.679901099999999925e+00 2.960587023445885452e-02 1.720635645174737605e-01 1.720635645174737605e-01
3.686098700000000061e+00 2.937907680925280762e-02 1.714032578723427014e-01 1.714032578723427014e-01
3.692292199999999802e+00 2.915422215339469325e-02 1.707460750746402633e-01 1.707460750746402633e-01
3.698489900000000219e+00 2.893150715488157151e-02 1.700926428593593498e-01 1.700926428593593498e-01
3.704687499999999911e+00 2.871073441743482793e-02 1.694424221304536016e-01 1.694424221304536016e-01
3.710885100000000048e+00 2.849210032660335484e-02 1.687960317264696752e-01 1.687960317264696752e-01
3.717078599999999788e+00 2.827560628639325807e-02 1.681535199940615566e-01 1.681535199940615566e-01
3.723276300000000205e+00 2.806105559925705512e-02 1.675143444581897734e-01 1.675143444581897734e-01
3.729473899999999897e+00 2.784844952475369964e-02 1.668785472274782744e-01 1.668785472274782744e-01
3.735671500000000034e+00 2.763798541632506850e-02 1.662467606190420333e-01 1.662467606190420333e-01
3.741865000000000219e+00 2.742926710034753954e-02 1.656178344875561259e-01 1.656178344875561259e-01
3.748062700000000191e+00 2.722289078442276938e-02 1.649936083138458243e-01 1.649936083138458243e-01
3.754260299999999884e+00 2.701786673437849701e-02 1.643711250018642933e-01 1.643711250018642933e-01
3.760457900000000020e+00 2.681498666970451306e-02 1.637528218679132064e-01 1.637528218679132064e-01
3.766651400000000205e+00 2.661365747073837773e-02 1.631369285929411550e-01 1.631369285929411550e-01
3.772848999999999897e+00 2.641427545693759288e-02 1.625246918376946070e-01 1.625246918376946070e-01
3.779046699999999870e+00 2.621684199116502967e-02 1.619161572887802547e-01 1.619161572887802547e-01
3.785244300000000006e+00 2.602096073270496537e-02 1.613101383444480452e-01 1.613101383444480452e-01
3.791437800000000191e+00 2.582682795268914991e-02 1.607072741125589177e-01 1.607072741125589177e-01
3.797635399999999883e+00 2.563444814880883049e-02 1.601076142749270625e-01 1.601076142749270625e-01
3.803833099999999856e+00 2.544401764166846422e-02 1.595118103516741659e-01 1.595118103516741659e-01
3.810030699999999992e+00 2.525494405243155008e-02 1.589180419349280615e-01 1.589180419349280615e-01
3.816224200000000177e+00 2.506742273126914486e-02 1.583269488472165976e-01 1.583269488472165976e-01
3.822421799999999870e+00 2.488145707047294958e-02 1.577385719171850165e-01 1.577385719171850165e-01
3.828619400000000006e+00 2.469744338591111157e-02 1.571542025715860769e-01 1.571542025715860769e-01
3.834817099999999979e+00 2.451478628160865675e-02 1.565719843446095327e-01 1.565719843446095327e-01
3.841010600000000164e+00 2.433328913868134172e-02 1.559913110999498753e-01 1.559913110999498753e-01
3.847208199999999856e+00 2.415394225636563474e-02 1.554153861635508560e-01 1.554153861635508560e-01
3.853405799999999992e+00 2.397555913332496264e-02 1.548404311971681435e-01 1.548404311971681435e-01
3.859603499999999965e+00 2.379912924028949536e-02 1.542696640311681522e-01 1.542696640311681522e-01
3.865797000000000150e+00 2.362386000729624347e-02 1.537005530481144466e-01 1.537005530481144466e-01
3.871994599999999842e+00 2.344995170061240850e-02 1.531337706079635708e-01 1.531337706079635708e-01
3.878192199999999978e+00 2.327740381857001245e-02 1.525693410176828801e-01 1.525693410176828801e-01
3.884389800000000115e+00 2.310661291198656125e-02 1.520085948622200700e-01 1.520085948622200700e-01
3.890583400000000136e+00 2.293678631117667885e-02 1.514489561244206084e-01 1.514489561244206084e-01
3.896780999999999828e+00 2.276832323295009328e-02 1.508917599902330486e-01 1.508917599902330486e-01
3.902978599999999965e+00 2.260122126040396348e-02 1.503370255805400735e-01 1.503370255805400735e-01
3.909176200000000101e+00 2.243548179917030996e-02 1.497847849388258545e-01 1.497847849388258545e-01
3.915369800000000122e+00 2.227070920045934668e-02 1.492337401543610276e-01 1.492337401543610276e-01
3.921567399999999814e+00 2.210730070333062972e-02 1.486852403681368506e-01 1.486852403681368506e-01
3.927764999999999951e+00 2.194545304987575995e-02 1.481399778921131116e-01 1.481399778921131116e-01
3.933962600000000087e+00 2.178437602736926770e-02 1.475953116713714097e-01 1.475953116713714097e-01
3.940156200000000108e+00 2.162486083449162433e-02 1.470539385208421423e-01 1.470539385208421423e-01
3.946353799999999801e+00 2.146671125745984107e-02 1.465152253435111074e-01 1.465152253435111074e-01
3.952551399999999937e+00 2.130972870439214878e-02 1.459785213803460602e-01 1.459785213803460602e-01
3.958749000000000073e+00 2.115351711122094233e-02 1.454424872972851224e-01 1.454424872972851224e-01
3.964942600000000095e+00 2.099906705609675892e-02 1.449105484638601449e-01 1.449105484638601449e-01
3.971140199999999787e+00 2.084598399303733834e-02 1.443813838174345110e-01 1.443813838174345110e-01
3.977337799999999923e+00 2.069387105813715044e-02 1.438536445771783356e-01 1.438536445771783356e-01
3.983535400000000060e+00 2.054332325064214468e-02 1.433294221387993450e-01 1.433294221387993450e-01
3.989729000000000081e+00 2.039394471317786464e-02 1.428073692537533690e-01 1.428073692537533690e-01
3.995926600000000217e+00 2.024593343204028617e-02 1.422882055268119839e-01 1.422882055268119839e-01
4.002124199999999909e+00 2.009909172887645867e-02 1.417712655261159083e-01 1.417712655261159083e-01
4.008321800000000046e+00 1.995361915857810087e-02 1.412572800197501310e-01 1.412572800197501310e-01
4.014515300000000231e+00 1.980931505942068113e-02 1.407455685249829891e-01 1.407455685249829891e-01
4.020712999999999759e+00 1.966638139294363957e-02 1.402368760096417699e-01 1.402368760096417699e-01
4.026910599999999896e+00 1.952481673494406780e-02 1.397312303493534191e-01 1.397312303493534191e-01
4.033108200000000032e+00 1.938442307111735291e-02 1.392279536268394291e-01 1.392279536268394291e-01
4.039301700000000217e+00 1.924559568570815421e-02 1.387284963001767513e-01 1.387284963001767513e-01
4.045499399999999746e+00 1.910794153225658237e-02 1.382314780802715026e-01 1.382314780802715026e-01
4.051696999999999882e+00 1.897145918066159287e-02 1.377369201799633347e-01 1.377369201799633347e-01
4.057894600000000018e+00 1.883674400805440338e-02 1.372470182118883109e-01 1.372470182118883109e-01
4.064088100000000203e+00 1.870280385024450029e-02 1.367581948193397900e-01 1.367581948193397900e-01
4.070285700000000340e+00 1.857063211055776444e-02 1.362741065300292764e-01 1.362741065300292764e-01
4.076491500000000379e+00 1.843943614693728875e-02 1.357918854237516182e-01 1.357918854237516182e-01
4.082685099999999956e+00 1.830980933596700402e-02 1.353137440763760857e-01 1.353137440763760857e-01
4.088878600000000141e+00 1.818135502204985474e-02 1.348382550393242563e-01 1.348382550393242563e-01
4.095072100000000326e+00 1.805447133270376286e-02 1.343669279722646825e-01 1.343669279722646825e-01
4.101265699999999903e+00 1.792876272764078877e-02 1.338983298164722890e-01 1.338983298164722890e-01
4.107459200000000088e+00 1.780462435655854811e-02 1.334339700247225147e-01 1.334339700247225147e-01
4.113652799999999665e+00 1.768166065640315934e-02 1.329724056201254112e-01 1.329724056201254112e-01
4.119846299999999850e+00 1.756007132929069889e-02 1.325144193259386316e-01 1.325144193259386316e-01
4.126039800000000035e+00 1.743985569890503864e-02 1.320600458083558137e-01 1.320600458083558137e-01
4.132233399999999612e+00 1.732081460283041094e-02 1.316085658414010984e-01 1.316085658414010984e-01
4.138467699999999638e+00 1.720315424340204680e-02 1.311607953749978073e-01 1.311607953749978073e-01
4.144661199999999823e+00 1.708686193859718788e-02 1.307167240202920244e-01 1.307167240202920244e-01
4.150854800000000289e+00 1.697214403931423393e-02 1.302771815757242935e-01 1.302771815757242935e-01
4.157048299999999585e+00 1.685880133103111536e-02 1.298414468920887910e-01 1.298414468920887910e-01
4.163241799999999770e+00 1.674683412506778463e-02 1.294095596355531452e-01 1.294095596355531452e-01
4.169435400000000236e+00 1.663644127292179462e-02 1.289823293049160158e-01 1.289823293049160158e-01
4.175628900000000421e+00 1.652702741423880267e-02 1.285574868074154664e-01 1.285574868074154664e-01
4.181822499999999998e+00 1.641918849344353726e-02 1.281373813274000739e-01 1.281373813274000739e-01
4.188016000000000183e+00 1.631252765958438392e-02 1.277205060261835390e-01 1.277205060261835390e-01
4.194209599999999760e+00 1.620764093405355905e-02 1.273092334988062124e-01 1.273092334988062124e-01
4.200403099999999945e+00 1.610413144983382713e-02 1.269020545532412725e-01 1.269020545532412725e-01
4.206596600000000130e+00 1.600160229890882843e-02 1.264974398907299236e-01 1.264974398907299236e-01
4.212790199999999707e+00 1.590104774196079984e-02 1.260993566278623135e-01 1.260993566278623135e-01
4.219024499999999733e+00 1.580167642034677536e-02 1.257047191649811324e-01 1.257047191649811324e-01
4.225217999999999918e+00 1.570387724457828968e-02 1.253151117965358996e-01 1.253151117965358996e-01
4.231411600000000384e+00 1.560745669515846597e-02 1.249298070724455534e-01 1.249298070724455534e-01
4.237605099999999680e+00 1.551241599832996546e-02 1.245488498474793815e-01 1.245488498474793815e-01
4.243798599999999865e+00 1.541875343131018754e-02 1.241722731986097950e-01 1.241722731986097950e-01
4.249992200000000331e+00 1.532647123988480076e-02 1.238001261707143835e-01 1.238001261707143835e-01
4.256185699999999628e+00 1.523576633039987194e-02 1.234332464549153519e-01 1.234332464549153519e-01
4.262379300000000093e+00 1.514624362006930514e-02 1.230700760545361261e-01 1.230700760545361261e-01
4.268572800000000278e+00 1.505829968175053518e-02 1.227122637789334197e-01 1.227122637789334197e-01
4.274766299999999575e+00 1.497153639970250083e-02 1.223582297996440443e-01 1.223582297996440443e-01
4.280959900000000040e+00 1.488635338907593267e-02 1.220096446559694459e-01 1.220096446559694459e-01
4.287153400000000225e+00 1.480195503216984523e-02 1.216632854733499525e-01 1.216632854733499525e-01
4.293346999999999802e+00 1.471953284589662923e-02 1.213240818877135696e-01 1.213240818877135696e-01
4.299581299999999828e+00 1.463790089782902870e-02 1.209871931149286151e-01 1.209871931149286151e-01
4.305774800000000013e+00 1.455784489393424121e-02 1.206558945677095457e-01 1.206558945677095457e-01
4.311968300000000198e+00 1.447936931331266809e-02 1.203302510315368140e-01 1.203302510315368140e-01
4.318161899999999775e+00 1.440167938169584390e-02 1.200069972197281704e-01 1.200069972197281704e-01
4.324355399999999960e+00 1.432557028831366909e-02 1.196894744257558790e-01 1.196894744257558790e-01
4.330549000000000426e+00 1.425044597400319281e-02 1.193752318280605212e-01 1.193752318280605212e-01
4.336742499999999723e+00 1.417690293762596115e-02 1.190668003165700345e-01 1.190668003165700345e-01
4.342936100000000188e+00 1.410394748463615101e-02 1.187600416160088379e-01 1.187600416160088379e-01
4.349129600000000373e+00 1.403277251426649289e-02 1.184600038589670723e-01 1.184600038589670723e-01
4.355323099999999670e+00 1.396278187993011191e-02 1.181642157335718590e-01 1.181642157335718590e-01
4.361516700000000135e+00 1.389377696781004742e-02 1.178718667359181516e-01 1.178718667359181516e-01
4.367710200000000320e+00 1.382615557774893172e-02 1.175846740768070192e-01 1.175846740768070192e-01
4.373903799999999897e+00 1.375932144711374504e-02 1.173001340455915448e-01 1.173001340455915448e-01
4.380097300000000082e+00 1.369407106141793881e-02 1.170216691959995031e-01 1.170216691959995031e-01
4.386331600000000108e+00 1.362961096273223455e-02 1.167459248228058522e-01 1.167459248228058522e-01
4.392525100000000293e+00 1.356673033388657891e-02 1.164763080368131365e-01 1.164763080368131365e-01
4.398718699999999870e+00 1.350463767199298545e-02 1.162094560351823735e-01 1.162094560351823735e-01
4.404912200000000055e+00 1.344373184518752457e-02 1.159471079638794838e-01 1.159471079638794838e-01
4.411105799999999633e+00 1.338381219224848637e-02 1.156884272183198448e-01 1.156884272183198448e-01
4.417299299999999818e+00 1.332507874685701262e-02 1.154343048961486706e-01 1.154343048961486706e-01
4.423492800000000003e+00 1.326713490666180974e-02 1.151830495631271656e-01 1.151830495631271656e-01
4.429686399999999580e+00 1.321057554984340389e-02 1.149372678892421062e-01 1.149372678892421062e-01
4.435879899999999765e+00 1.315460720526776157e-02 1.146935360221654349e-01 1.146935360221654349e-01
4.442073500000000230e+00 1.309982478076207081e-02 1.144544659712414675e-01 1.144544659712414675e-01
4.448267000000000415e+00 1.304603150433049190e-02 1.142192256335617662e-01 1.142192256335617662e-01
4.454460599999999992e+00 1.299282768883553221e-02 1.139860855053612815e-01 1.139860855053612815e-01
4.460654100000000177e+00 1.294041436352122085e-02 1.137559421020336026e-01 1.137559421020336026e-01
4.466888400000000203e+00 1.288919087860813245e-02 1.135305724402380229e-01 1.135305724402380229e-01
4.473081900000000388e+00 1.283835694792799520e-02 1.133064735481957991e-01 1.133064735481957991e-01
4.479275499999999965e+00 1.278871085995586868e-02 1.130871825626399985e-01 1.130871825626399985e-01
4.485469000000000150e+00 1.273925689917592384e-02 1.128683166312669101e-01 1.128683166312669101e-01
4.491662599999999728e+00 1.269119102823822003e-02 1.126551864240533801e-01 1.126551864240533801e-01
4.497856099999999913e+00 1.264331848382256249e-02 1.124425119064073608e-01 1.124425119064073608e-01
4.504049600000000098e+00 1.259603632980342384e-02 1.122320646241680014e-01 1.122320646241680014e-01
4.510243199999999675e+00 1.254954566765636298e-02 1.120247547091997170e-01 1.120247547091997170e-01
4.516436699999999860e+00 1.250344757908223269e-02 1.118188158544090177e-01 1.118188158544090177e-01
4.522630300000000325e+00 1.245794017742910681e-02 1.116151431367137931e-01 1.116151431367137931e-01
4.528823799999999622e+00 1.241302553114731651e-02 1.114137582668644905e-01 1.114137582668644905e-01
4.535017299999999807e+00 1.236870274477724213e-02 1.112146696473861884e-01 1.112146696473861884e-01
4.541210900000000272e+00 1.232497191646345601e-02 1.110178900739131197e-01 1.110178900739131197e-01
4.547445200000000298e+00 1.228163704631841761e-02 1.108225475538187482e-01 1.108225475538187482e-01
4.553638699999999595e+00 1.223849218178164715e-02 1.106277188672967621e-01 1.106277188672967621e-01
4.559832300000000060e+00 1.219594049323464643e-02 1.104352321192591385e-01 1.104352321192591385e-01
4.566025800000000245e+00 1.215358291385607026e-02 1.102432896545457314e-01 1.102432896545457314e-01
4.572219300000000430e+00 1.211141949437397058e-02 1.100518945514977059e-01 1.100518945514977059e-01
4.578412900000000008e+00 1.206964937185264243e-02 1.098619559804605017e-01 1.098619559804605017e-01
4.584606400000000193e+00 1.202827259703726642e-02 1.096734817402879175e-01 1.096734817402879175e-01
4.590799999999999770e+00 1.198689005125685471e-02 1.094846566933324050e-01 1.094846566933324050e-01
4.596993499999999955e+00 1.194630016600401259e-02 1.092991315885172704e-01 1.092991315885172704e-01
4.603187100000000420e+00 1.190550649140766602e-02 1.091123571893104355e-01 1.091123571893104355e-01
4.609380599999999717e+00 1.186510638192853420e-02 1.089270690963845545e-01 1.089270690963845545e-01
4.615574099999999902e+00 1.182430339317383679e-02 1.087396128058852190e-01 1.087396128058852190e-01
4.621767700000000367e+00 1.178429233062295266e-02 1.085554804264757117e-01 1.085554804264757117e-01
4.627961199999999664e+00 1.174427671641257824e-02 1.083710141892774703e-01 1.083710141892774703e-01
4.634195499999999690e+00 1.170425925691235061e-02 1.081862248944492483e-01 1.081862248944492483e-01
4.640389100000000155e+00 1.166443377064553880e-02 1.080020081787627650e-01 1.080020081787627650e-01
4.646582600000000340e+00 1.162460382241638050e-02 1.078174560190342246e-01 1.078174560190342246e-01
4.652776099999999637e+00 1.158496861552185848e-02 1.076334920715752846e-01 1.076334920715752846e-01
4.658969700000000103e+00 1.154532902567685822e-02 1.074491927641937072e-01 1.074491927641937072e-01
4.665163200000000288e+00 1.150568506671294927e-02 1.072645564327422557e-01 1.072645564327422557e-01
4.671356799999999865e+00 1.146603677808152519e-02 1.070795815180537874e-01 1.070795815180537874e-01
4.677550300000000050e+00 1.142658337181964336e-02 1.068951980765256021e-01 1.068951980765256021e-01
4.683743800000000235e+00 1.138692649229298449e-02 1.067095426486918547e-01 1.067095426486918547e-01
4.689937399999999812e+00 1.134726536338502567e-02 1.065235437045962408e-01 1.065235437045962408e-01
4.696130899999999997e+00 1.130759999933613792e-02 1.063371995086204030e-01 1.063371995086204030e-01
4.702324499999999574e+00 1.126793043857629226e-02 1.061505084235412066e-01 1.061505084235412066e-01
4.708517999999999759e+00 1.122825669484818489e-02 1.059634686807117698e-01 1.059634686807117698e-01
4.714752299999999785e+00 1.118838198475956107e-02 1.057751482379465230e-01 1.057751482379465230e-01
4.720945799999999970e+00 1.114869993790336411e-02 1.055874042578155425e-01 1.055874042578155425e-01
4.727139400000000435e+00 1.110881454408155049e-02 1.053983612020678029e-01 1.053983612020678029e-01
4.733332899999999732e+00 1.106872579578064078e-02 1.052080120322622658e-01 1.052080120322622658e-01
4.739526500000000198e+00 1.102863297195478230e-02 1.050172984415176369e-01 1.050172984415176369e-01
4.745720000000000383e+00 1.098873535358280834e-02 1.048271689667464451e-01 1.048271689667464451e-01
4.751913599999999960e+00 1.094883371688072995e-02 1.046366748175835831e-01 1.046366748175835831e-01
4.758107100000000145e+00 1.090852950615518388e-02 1.044439060268964881e-01 1.044439060268964881e-01
4.764300600000000330e+00 1.086802199877415914e-02 1.042498057493353725e-01 1.042498057493353725e-01
4.770494199999999907e+00 1.082790908791794217e-02 1.040572394786539734e-01 1.040572394786539734e-01
4.776687700000000092e+00 1.078739460966436810e-02 1.038623830347848720e-01 1.038623830347848720e-01
4.782881299999999669e+00 1.074647656373491252e-02 1.036652138556368036e-01 1.036652138556368036e-01
4.789074799999999854e+00 1.070595317442401065e-02 1.034695760812037457e-01 1.034695760812037457e-01
4.795309099999999880e+00 1.066522873198766375e-02 1.032725942929084290e-01 1.032725942929084290e-01
4.801502600000000065e+00 1.062429883952217477e-02 1.030742394564334169e-01 1.030742394564334169e-01
4.807696199999999642e+00 1.058316570980572316e-02 1.028745143843008553e-01 1.028745143843008553e-01
4.813889699999999827e+00 1.054202867169529503e-02 1.026743817692383071e-01 1.026743817692383071e-01
4.820083300000000293e+00 1.050048906433462270e-02 1.024718940214077584e-01 1.024718940214077584e-01
4.826276799999999589e+00 1.045914491372871256e-02 1.022699609549583832e-01 1.022699609549583832e-01
4.832470299999999774e+00 1.041759854492938994e-02 1.020666377663602131e-01 1.020666377663602131e-01
4.838663900000000240e+00 1.037564860763508928e-02 1.018609277772153932e-01 1.018609277772153932e-01
4.844857400000000425e+00 1.033389418070462459e-02 1.016557631455522748e-01 1.016557631455522748e-01
4.851051000000000002e+00 1.029213593740985026e-02 1.014501647973518605e-01 1.014501647973518605e-01
4.857244500000000187e+00 1.024977574437827520e-02 1.012411761309511549e-01 1.012411761309511549e-01
4.863438099999999764e+00 1.020781051605426648e-02 1.010337098005129469e-01 1.010337098005129469e-01
4.869631599999999949e+00 1.016544272678237583e-02 1.008238202350137946e-01 1.008238202350137946e-01
4.875865899999999975e+00 1.012307413300266891e-02 1.006134888223376850e-01 1.006134888223376850e-01
4.882059400000000160e+00 1.008049940259111120e-02 1.004016902377201509e-01 1.004016902377201509e-01
4.888252999999999737e+00 1.003792093927604462e-02 1.001894252866840501e-01 1.001894252866840501e-01
4.894446499999999922e+00 9.995338756367756067e-03 9.997669106530659988e-02 9.997669106530659988e-02
4.900640100000000388e+00 9.952354240493946000e-03 9.976148675964059687e-02 9.976148675964059687e-02
4.906833599999999684e+00 9.909565456257660512e-03 9.954680033159107877e-02 9.954680033159107877e-02
4.913027099999999869e+00 9.866573580409260594e-03 9.933062760503057198e-02 9.933062760503057198e-02
4.919220700000000335e+00 9.823578062988443799e-03 9.911396502505812056e-02 9.911396502505812056e-02
4.925414199999999632e+00 9.780379471948241407e-03 9.889580108350526366e-02 9.889580108350526366e-02
4.931607800000000097e+00 9.736977821668865718e-03 9.867612589511642884e-02 9.867612589511642884e-02
4.937801300000000282e+00 9.693572565186133264e-03 9.845594225432070801e-02 9.845594225432070801e-02
4.943994899999999859e+00 9.650163733142088501e-03 9.823524689815814337e-02 9.823524689815814337e-02
4.950188400000000044e+00 9.606551869751385128e-03 9.801301887887846342e-02 9.801301887887846342e-02
4.956381900000000229e+00 9.563335404782481036e-03 9.779230749288249369e-02 9.779230749288249369e-02
4.962616200000000255e+00 9.519319364809679038e-03 9.756699936356390268e-02 9.756699936356390268e-02
4.968809799999999832e+00 9.475896388297334536e-03 9.734421599816464599e-02 9.734421599816464599e-02
4.975003300000000017e+00 9.432070947544984180e-03 9.711884959957559071e-02 9.711884959957559071e-02
4.981196800000000202e+00 9.388641116052580393e-03 9.689500046985180526e-02 9.689500046985180526e-02
4.987390399999999779e+00 9.344409740538692569e-03 9.666648716353921922e-02 9.666648716353921922e-02
4.993583899999999964e+00 9.301172426954109132e-03 9.644258616894359204e-02 9.644258616894359204e-02
4.999777500000000430e+00 9.257333283047463474e-03 9.621503667851227792e-02 9.621503667851227792e-02
5.005970999999999727e+00 9.213490622412790973e-03 9.598692943527671606e-02 9.598692943527671606e-02
5.012164600000000192e+00 9.169445145937919761e-03 9.575721981103001157e-02 9.575721981103001157e-02
5.018358100000000377e+00 9.125994860372141707e-03 9.553007306797238474e-02 9.553007306797238474e-02
5.024551599999999674e+00 9.082142064569538598e-03 9.530027316104365542e-02 9.530027316104365542e-02
5.030745200000000139e+00 9.038286024447683004e-03 9.506990072808366166e-02 9.506990072808366166e-02
5.036938700000000324e+00 8.994626193085806382e-03 9.484000312677033639e-02 9.484000312677033639e-02
5.043173000000000350e+00 8.950964617062212580e-03 9.460953766435080403e-02 9.460953766435080403e-02
5.049366599999999927e+00 8.907298181403391565e-03 9.437848367823775675e-02 9.437848367823775675e-02
5.055560100000000112e+00 8.863828030015015458e-03 9.414790507502020234e-02 9.414790507502020234e-02
5.061753600000000297e+00 8.820155067826301529e-03 9.391568062803092032e-02 9.391568062803092032e-02
5.067947199999999874e+00 8.776678441747612011e-03 9.368392840689171441e-02 9.368392840689171441e-02
5.074140700000000059e+00 8.733198601349330750e-03 9.345158426345340219e-02 9.345158426345340219e-02
5.080334299999999637e+00 8.689915153044670132e-03 9.321971440121810948e-02 9.321971440121810948e-02
5.086527799999999822e+00 8.646628536833804793e-03 9.298724932394658582e-02 9.298724932394658582e-02
5.092721400000000287e+00 8.603338778487016475e-03 9.275418469528486087e-02 9.275418469528486087e-02
5.098914899999999584e+00 8.560445082985555787e-03 9.252267334543222421e-02 9.252267334543222421e-02
5.105108399999999769e+00 8.517348798405226587e-03 9.228948368262349100e-02 9.228948368262349100e-02
5.111302000000000234e+00 8.474448946318054177e-03 9.205677023618662191e-02 9.205677023618662191e-02
5.117495500000000419e+00 8.431745754172170065e-03 9.182453786527960959e-02 9.182453786527960959e-02
5.123729799999999557e+00 8.389040830514423244e-03 9.159170721476056487e-02 9.159170721476056487e-02
5.129923400000000022e+00 8.346531234016711306e-03 9.135935219788235417e-02 9.135935219788235417e-02
5.136116900000000207e+00 8.304018565507586755e-03 9.112638786601599816e-02 9.112638786601599816e-02
5.142310400000000392e+00 8.261902311102735375e-03 9.089500707466134644e-02 9.089500707466134644e-02
5.148503999999999969e+00 8.219783149831931188e-03 9.066301974803139818e-02 9.066301974803139818e-02
5.154697500000000154e+00 8.177660994219926663e-03 9.043042073450685558e-02 9.043042073450685558e-02
5.160891099999999732e+00 8.135735715506941731e-03 9.019831326309235564e-02 9.019831326309235564e-02
5.167084599999999917e+00 8.094206891550496247e-03 8.996781030763445486e-02 8.996781030763445486e-02
5.173278100000000101e+00 8.052675259726495977e-03 8.973669962577460191e-02 8.973669962577460191e-02
5.179471699999999679e+00 8.011340501084001156e-03 8.950609197749614943e-02 8.950609197749614943e-02
5.185665199999999864e+00 7.970002974036652019e-03 8.927487313929184654e-02 8.927487313929184654e-02
5.191858800000000329e+00 7.929062041772974578e-03 8.904528085066032439e-02 8.904528085066032439e-02
5.198052299999999626e+00 7.888118390557977838e-03 8.881507974751798318e-02 8.881507974751798318e-02
5.204245900000000091e+00 7.847771081434926424e-03 8.858764632517858451e-02 8.858764632517858451e-02
5.210480099999999837e+00 7.807422427240527305e-03 8.835961989076530909e-02 8.835961989076530909e-02
5.216673700000000302e+00 7.767069799635183298e-03 8.813098092972290742e-02 8.813098092972290742e-02
5.222867199999999599e+00 7.727113922792503732e-03 8.790400402025214111e-02 8.790400402025214111e-02
5.229060800000000064e+00 7.687754641394491974e-03 8.767984170488957174e-02 8.767984170488957174e-02
5.235254300000000249e+00 7.647993283488292368e-03 8.745280603553148846e-02 8.745280603553148846e-02
5.241447899999999827e+00 7.608828579943004849e-03 8.722859955280151678e-02 8.722859955280151678e-02
5.247641400000000012e+00 7.569860951076264922e-03 8.700494785399429110e-02 8.700494785399429110e-02
5.253834900000000196e+00 7.530890905653604347e-03 8.678070583749364353e-02 8.678070583749364353e-02
5.260028499999999774e+00 7.492517424062384787e-03 8.655932892567030912e-02 8.655932892567030912e-02
5.266221999999999959e+00 7.454141570826290815e-03 8.633737065041006964e-02 8.633737065041006964e-02
5.272415600000000424e+00 7.416162724953290555e-03 8.611714535998793441e-02 8.611714535998793441e-02
5.278609099999999721e+00 7.378580918723947647e-03 8.589866657128006344e-02 8.589866657128006344e-02
5.284802599999999906e+00 7.340996711542392521e-03 8.567961666313868296e-02 8.567961666313868296e-02
5.291036899999999932e+00 7.303610843786716156e-03 8.546116570575618132e-02 8.546116570575618132e-02
5.297230500000000397e+00 7.266820864414893187e-03 8.524565012019612309e-02 8.524565012019612309e-02
5.303423999999999694e+00 7.230028552313629182e-03 8.502957457445985134e-02 8.502957457445985134e-02
5.309617600000000159e+00 7.193234025272362935e-03 8.481293548317003772e-02 8.481293548317003772e-02
5.315811100000000344e+00 7.157236143803150791e-03 8.460045002128033231e-02 8.460045002128033231e-02
5.322004599999999641e+00 7.121236007536171746e-03 8.438741616814779412e-02 8.438741616814779412e-02
5.328198200000000107e+00 7.085633177049307542e-03 8.417620315177744283e-02 8.417620315177744283e-02
5.334391700000000291e+00 7.049828359810141921e-03 8.396325601005562300e-02 8.396325601005562300e-02
5.340585299999999869e+00 7.014421004774345700e-03 8.375214029966246421e-02 8.375214029966246421e-02
5.346778800000000054e+00 6.979410949134775242e-03 8.354286893047649376e-02 8.354286893047649376e-02
5.352972399999999631e+00 6.944798339775845770e-03 8.333545667827017833e-02 8.333545667827017833e-02
5.359165899999999816e+00 6.910183726682982315e-03 8.312751485929903428e-02 8.312751485929903428e-02
5.365359400000000001e+00 6.875766726696464458e-03 8.292024316592701283e-02 8.292024316592701283e-02
5.371593700000000027e+00 6.841748334001277951e-03 8.271486162716636115e-02 8.271486162716636115e-02
5.377787299999999604e+00 6.808326364662387054e-03 8.251258306865921766e-02 8.251258306865921766e-02
5.383980799999999789e+00 6.774702497021530337e-03 8.230858094403967207e-02 8.230858094403967207e-02
5.390174400000000254e+00 6.741676197912140935e-03 8.210771095282184961e-02 8.210771095282184961e-02
5.396367900000000439e+00 6.708847777414739776e-03 8.190755629009291439e-02 8.190755629009291439e-02
5.402561399999999736e+00 6.676616911340577457e-03 8.171056792937238245e-02 8.171056792937238245e-02
5.408755000000000202e+00 6.644184243127044566e-03 8.151186565848585197e-02 8.151186565848585197e-02
5.414948500000000386e+00 6.612549126626185783e-03 8.131758190346159709e-02 8.131758190346159709e-02
5.421142099999999964e+00 6.581112020576786875e-03 8.112405328000313331e-02 8.112405328000313331e-02
5.427335600000000149e+00 6.550272623707453952e-03 8.093375453855736201e-02 8.093375453855736201e-02
5.433529100000000334e+00 6.519631297034886828e-03 8.074423383149342826e-02 8.074423383149342826e-02
5.439722699999999911e+00 6.489387912061138526e-03 8.055673722328343667e-02 8.055673722328343667e-02
5.445916200000000096e+00 6.459542596858269814e-03 8.037127967662496819e-02 8.037127967662496819e-02
5.452109799999999673e+00 6.430494900002456382e-03 8.019036662843272156e-02 8.019036662843272156e-02
5.458344099999999699e+00 6.401446385497141893e-03 8.000903939866509107e-02 8.000903939866509107e-02
5.464537599999999884e+00 6.373194801230633484e-03 7.983229171977110350e-02 7.983229171977110350e-02
5.470731100000000069e+00 6.344941688246604448e-03 7.965514225865524822e-02 7.965514225865524822e-02
5.476924699999999646e+00 6.317886087812857668e-03 7.948513123731291985e-02 7.948513123731291985e-02
5.483118199999999831e+00 6.290829011967547131e-03 7.931474649753063322e-02 7.931474649753063322e-02
5.489311800000000297e+00 6.264369909418809890e-03 7.914777261186071999e-02 7.914777261186071999e-02
5.495505299999999593e+00 6.238509014552564604e-03 7.898423269585243267e-02 7.898423269585243267e-02
5.501698900000000059e+00 6.213246269726639855e-03 7.882414775769314152e-02 7.882414775769314152e-02
5.507892400000000244e+00 6.187981932046748325e-03 7.866372691429479591e-02 7.866372691429479591e-02
5.514085900000000429e+00 6.163715687789152187e-03 7.850933503596341234e-02 7.850933503596341234e-02
5.520279500000000006e+00 6.140247600638313111e-03 7.835973200974026553e-02 7.835973200974026553e-02
5.526473000000000191e+00 6.116778100630461228e-03 7.820983378470038050e-02 7.820983378470038050e-02
5.532666599999999768e+00 6.093906919620916372e-03 7.806348006347728352e-02 7.806348006347728352e-02
5.538900899999999794e+00 6.072034687279073521e-03 7.792326152875708734e-02 7.792326152875708734e-02
5.545094399999999979e+00 6.050560175172233456e-03 7.778534678956078308e-02 7.778534678956078308e-02
5.551287900000000164e+00 6.029484188698469062e-03 7.764975330738964343e-02 7.764975330738964343e-02
5.557481499999999741e+00 6.009006682854861094e-03 7.751778301044774666e-02 7.751778301044774666e-02
5.563674999999999926e+00 5.989527650072204099e-03 7.739203867370469947e-02 7.739203867370469947e-02
5.569868600000000392e+00 5.970047304789779380e-03 7.726608120507846844e-02 7.726608120507846844e-02
5.576062099999999688e+00 5.951565425793100238e-03 7.714638958365517551e-02 7.714638958365517551e-02
5.582255599999999873e+00 5.933682304205167152e-03 7.703039857228552445e-02 7.703039857228552445e-02
5.588449200000000339e+00 5.916197843732017188e-03 7.691682419166834261e-02 7.691682419166834261e-02
5.594642699999999635e+00 5.899712111516694849e-03 7.680958346141902870e-02 7.680958346141902870e-02
5.600836300000000101e+00 5.883625129299322951e-03 7.670479208823476058e-02 7.670479208823476058e-02
5.607029800000000286e+00 5.868736940057889435e-03 7.660768199115471078e-02 7.660768199115471078e-02
5.613223399999999863e+00 5.853847783460906957e-03 7.651044231646361715e-02 7.651044231646361715e-02
5.619457599999999609e+00 5.840557953113535705e-03 7.642354318607280650e-02 7.642354318607280650e-02
5.625651200000000074e+00 5.827666559610688961e-03 7.633915482641059902e-02 7.633915482641059902e-02
5.631844700000000259e+00 5.815574173103907514e-03 7.625991196627431024e-02 7.625991196627431024e-02
5.638038299999999836e+00 5.804480822168348909e-03 7.618714341782574506e-02 7.618714341782574506e-02
5.644231800000000021e+00 5.793986616816216260e-03 7.611824102550068805e-02 7.611824102550068805e-02
5.650425399999999598e+00 5.784491558841281522e-03 7.605584500116530089e-02 7.605584500116530089e-02
5.656618899999999783e+00 5.775795724084474905e-03 7.599865606762053194e-02 7.599865606762053194e-02
5.662812399999999968e+00 5.768099249592922341e-03 7.594800359188463856e-02 7.594800359188463856e-02
5.669006000000000434e+00 5.761401995959892879e-03 7.590389974144867713e-02 7.590389974144867713e-02
5.675199499999999730e+00 5.755704117401889801e-03 7.586635695353961817e-02 7.586635695353961817e-02
5.681393100000000196e+00 5.751205769813918893e-03 7.583670463445731091e-02 7.583670463445731091e-02
5.687586600000000381e+00 5.747506815149711068e-03 7.581231308402158753e-02 7.581231308402158753e-02
5.693780099999999678e+00 5.744807501272665082e-03 7.579450838466243734e-02 7.579450838466243734e-02
5.700014399999999704e+00 5.743308447424619843e-03 7.578461880503602199e-02 7.578461880503602199e-02
