4.173085900000000209e-02 3.358823846279073710e-01
4.372891599999999962e-02 3.857280798283430623e-01
4.582263899999999834e-02 4.456497768528112635e-01
4.801661100000000071e-02 5.161762091017442211e-01
5.031562600000000218e-02 5.961782232254262404e-01
5.272471799999999681e-02 6.817116235352778109e-01
5.524915700000000013e-02 7.652851877251007906e-01
5.789446300000000017e-02 8.367294166588800097e-01
6.066642800000000141e-02 8.863174286327356599e-01
6.357111299999999854e-02 9.086981261523848774e-01
6.661487300000000500e-02 9.047622782841904243e-01
6.980436700000000605e-02 8.805787641763196394e-01
7.314657400000000587e-02 8.457012523639478863e-01
7.664880200000000199e-02 8.123662848663195657e-01
8.031871599999999833e-02 7.935968863043830757e-01
8.416434700000000046e-02 7.992273556950442170e-01
8.819410199999999644e-02 8.330311842448616666e-01
9.241680200000000622e-02 8.921922319727565442e-01
9.684167999999999943e-02 9.666227909996060186e-01
1.014784199999999997e-01 1.038404150289475192e+00
1.063371699999999948e-01 1.086655192315911123e+00
1.114285500000000012e-01 1.099449967711747300e+00
1.167637100000000067e-01 1.080983875530329374e+00
1.223543099999999939e-01 1.044984495506757760e+00
1.282125799999999927e-01 1.009000417435712560e+00
1.343513500000000083e-01 9.946832082914419670e-01
1.407840399999999992e-01 1.011987237035134601e+00
1.475247299999999928e-01 1.047050987939388778e+00
1.545881500000000075e-01 1.073862299309469970e+00
1.619897700000000051e-01 1.075833216214876042e+00
1.697457800000000128e-01 1.057008132981330784e+00
1.778731400000000129e-01 1.033122115465660018e+00
1.863896399999999953e-01 1.026301437711185427e+00
1.953139000000000125e-01 1.042176028973581747e+00
2.046654499999999988e-01 1.057515471944153074e+00
2.144647500000000095e-01 1.054990211997665739e+00
2.247332400000000008e-01 1.041826745842998836e+00
2.354933800000000022e-01 1.037195985664072895e+00
2.467687100000000022e-01 1.046267755468566207e+00
2.585838999999999777e-01 1.048461868327328572e+00
2.709647900000000109e-01 1.038909213935457432e+00
2.839384799999999931e-01 1.032863836512837974e+00
2.975333499999999742e-01 1.037507460010725469e+00
3.117791200000000207e-01 1.036062856622018469e+00
3.267069899999999749e-01 1.029549136971467327e+00
3.423495899999999814e-01 1.029635473720482031e+00
3.587411500000000086e-01 1.028005430487941574e+00
3.759175399999999945e-01 1.022670393093892072e+00
3.939163199999999865e-01 1.022285304871664247e+00
4.127768700000000179e-01 1.019171443403398047e+00
4.325404700000000102e-01 1.016245455986918733e+00
4.532503299999999791e-01 1.016179431507469699e+00
4.749517999999999796e-01 1.013182529585019420e+00
4.976922899999999816e-01 1.013596503574429208e+00
5.215216200000000191e-01 1.011979321555767308e+00
5.464918600000000515e-01 1.012228473810637075e+00
5.726576599999999573e-01 1.010830524010072340e+00
6.000763099999999461e-01 1.009621091142933080e+00
6.288076999999999694e-01 1.008472335994502922e+00
6.589147899999999725e-01 1.006945213324453636e+00
6.904633500000000312e-01 1.006536002608024782e+00
7.235224799999999679e-01 1.005888762599196573e+00
7.581644699999999792e-01 1.003092031072845947e+00
7.944650599999999452e-01 1.004701175784616041e+00
8.325037600000000371e-01 1.004411979207255223e+00
8.723636799999999747e-01 1.003263344115225220e+00
9.141321100000000532e-01 1.001815509301384743e+00
9.579004100000000355e-01 1.001790838164898556e+00
1.003764300000000054e+00 1.002163857560351312e+00
1.051824099999999929e+00 1.002274006566453268e+00
1.102185100000000029e+00 1.002167169296357851e+00
1.154957299999999965e+00 1.001796827942666779e+00
1.210256199999999893e+00 1.001361591535165241e+00
1.268202800000000074e+00 1.001163902339351486e+00
1.328923800000000099e+00 1.001272639369574780e+00
1.392552100000000070e+00 1.000949335175709720e+00
1.459227000000000052e+00 1.000626815205312825e+00
1.529094200000000070e+00 1.000944079980664592e+00
1.602306699999999973e+00 1.000571428931283480e+00
1.679024400000000083e+00 1.000537906625772244e+00
1.759415500000000021e+00 1.000409669086302022e+00
1.843655599999999950e+00 1.000322924365494082e+00
1.931929100000000066e+00 1.000150566018064069e+00
2.024429099999999870e+00 1.000086513878801764e+00
2.121357999999999855e+00 1.000181291781826687e+00
2.222927799999999898e+00 1.000123960732410167e+00
2.329360700000000062e+00 1.000062955265285103e+00
2.440889499999999934e+00 1.000051102642602219e+00
2.557758399999999988e+00 9.999812130887917316e-01
2.680222899999999964e+00 1.000170174354825692e+00
2.808550900000000183e+00 1.000017202414065665e+00
2.943023199999999839e+00 1.000029511725442743e+00
3.083934000000000175e+00 1.000083173192844788e+00
3.231591499999999950e+00 1.000095945511609186e+00
3.386318900000000021e+00 1.000053068546510548e+00
3.548454500000000067e+00 1.000063430959312161e+00
3.718353099999999856e+00 1.000000097924166997e+00
3.896386399999999917e+00 1.000017219610134456e+00
4.082943799999999790e+00 9.999763187397228137e-01
4.278433599999999615e+00 9.999429327666639056e-01
