3.577503900000000153e-02 4.284722448906016652e+05
4.190623799999999843e-02 4.221404412451895187e+05
4.803784500000000263e-02 4.149816276576312375e+05
5.416904399999999953e-02 4.070668549801017507e+05
6.030024300000000337e-02 3.984715544810950523e+05
6.643184900000000115e-02 3.892755022275461233e+05
7.256304800000000499e-02 3.795635380505089997e+05
7.869424699999999495e-02 3.694205573595676688e+05
8.482544599999999879e-02 3.589325864969902905e+05
9.095705299999999605e-02 3.481841683392057312e+05
9.708825199999999989e-02 3.372599979273280478e+05
1.032198599999999966e-01 3.262387247187120956e+05
1.093510599999999999e-01 3.151976904448549612e+05
1.154822600000000032e-01 3.042068722943912144e+05
1.216134600000000066e-01 2.933310189439608366e+05
1.277450599999999936e-01 2.826275781953241094e+05
1.338762599999999969e-01 2.721489858614850091e+05
1.400074600000000002e-01 2.619381390452991764e+05
1.461390700000000098e-01 2.520303816527034214e+05
1.522702700000000131e-01 2.424554155124055396e+05
1.584014599999999939e-01 2.332334732895708585e+05
1.645330700000000035e-01 2.243776276473542093e+05
1.706642700000000068e-01 2.158959543118186702e+05
1.767954700000000101e-01 2.077884301344502601e+05
1.829270799999999919e-01 2.000494424686696439e+05
1.890582799999999952e-01 1.926699088340830640e+05
1.951894700000000038e-01 1.856349175633378327e+05
2.013210800000000134e-01 1.789261054586118844e+05
2.074522799999999889e-01 1.725237500164653757e+05
2.135834799999999922e-01 1.664048091402417631e+05
2.197146799999999955e-01 1.605454998836292652e+05
2.258462800000000104e-01 1.549211919596299704e+05
2.319774800000000137e-01 1.495085182439300988e+05
2.381086799999999892e-01 1.442837679598704854e+05
2.442402899999999988e-01 1.392245509192316676e+05
2.503714899999999743e-01 1.343111984639353759e+05
2.565026899999999777e-01 1.295250816284727916e+05
2.626342899999999925e-01 1.248499286129281390e+05
2.687654899999999958e-01 1.202728617186803313e+05
2.748966899999999991e-01 1.157826509463563998e+05
2.810283000000000087e-01 1.113706491406242858e+05
2.871595000000000120e-01 1.070315863327490952e+05
2.932907000000000153e-01 1.027616629522884032e+05
2.994222999999999746e-01 9.855926977555942722e+04
3.055534999999999779e-01 9.442554461360503046e+04
3.116846999999999812e-01 9.036245515941642225e+04
3.178163099999999908e-01 8.637334044421539875e+04
3.239475099999999941e-01 8.246338887553018867e+04
3.300787099999999974e-01 7.863772762394271558e+04
3.362103100000000122e-01 7.490195204004841798e+04
3.423415100000000155e-01 7.126253922689556202e+04
3.484727100000000188e-01 6.772512235259740555e+04
3.546039100000000222e-01 6.429523824714392686e+04
3.607355199999999762e-01 6.097766299137419264e+04
3.668667099999999848e-01 5.777713407107385137e+04
3.729979099999999881e-01 5.469687403590436588e+04
3.791295199999999976e-01 5.173923811209278938e+04
3.852607200000000010e-01 4.890620285535912262e+04
3.913919200000000043e-01 4.619817300354818872e+04
3.975235200000000191e-01 4.361463735912013362e+04
4.036547200000000224e-01 4.115468251281580160e+04
4.097842899999999955e-01 3.881666143005021149e+04
4.159167100000000228e-01 3.659608418237098522e+04
4.220491399999999893e-01 3.449061421798408992e+04
4.281815600000000166e-01 3.249629665577134438e+04
4.343099000000000265e-01 3.060999467545318112e+04
4.404423299999999930e-01 2.882456898892905156e+04
4.465747500000000203e-01 2.713653137103460176e+04
4.527071699999999921e-01 2.554104334388665666e+04
4.588355199999999967e-01 2.403428715166910843e+04
4.649679400000000240e-01 2.260960094181042950e+04
4.711003599999999958e-01 2.126354529268718397e+04
4.772287100000000004e-01 1.999271739469491149e+04
4.833611300000000277e-01 1.879148930777409259e+04
4.894935499999999995e-01 1.765708771195964800e+04
4.956259700000000268e-01 1.658617701447346917e+04
5.017543199999999759e-01 1.557637109696463085e+04
5.078867400000000032e-01 1.462357230718200481e+04
5.140191600000000305e-01 1.372596486407099474e+04
5.201515799999999468e-01 1.288126009822156993e+04
5.262799299999999514e-01 1.208785870718096339e+04
5.324123499999999787e-01 1.134273633167092339e+04
5.385447700000000060e-01 1.064456266379591580e+04
5.446771900000000333e-01 9.991523288141250305e+03
5.508055400000000379e-01 9.382219327288119530e+03
5.569379599999999542e-01 8.814048359521784732e+03
5.630703799999999815e-01 8.285607267254899853e+03
5.691987299999999861e-01 7.795343143829820292e+03
5.753311500000000134e-01 7.340685608950982896e+03
5.814635700000000407e-01 6.919995945902572203e+03
5.875959899999999569e-01 6.531245086342934883e+03
5.937243399999999616e-01 6.172590273012338002e+03
5.998567599999999889e-01 5.841457356992405948e+03
6.059891800000000162e-01 5.535986841652354997e+03
6.121216000000000435e-01 5.254084718347613489e+03
6.182499500000000481e-01 4.993859889130711053e+03
6.243823699999999643e-01 4.752971159781627648e+03
6.305147899999999916e-01 4.529685237121201681e+03
6.366472100000000189e-01 4.322193999271221401e+03
6.427755600000000236e-01 4.128936798237336006e+03
6.489079800000000509e-01 3.948111652620348650e+03
6.550403999999999671e-01 3.778454920479697194e+03
6.611687499999999718e-01 3.618829595636443628e+03
6.673011699999999990e-01 3.467943142230727062e+03
6.734335900000000263e-01 3.324980519541840749e+03
6.795660199999999929e-01 3.189168168586325919e+03
6.856943599999999472e-01 3.059958285153828456e+03
6.918267799999999745e-01 2.936674861133826653e+03
6.979592100000000521e-01 2.819014679626128782e+03
7.040916299999999683e-01 2.706682756200071708e+03
7.102199700000000337e-01 2.599530881932676948e+03
7.163523899999999500e-01 2.497258084075412626e+03
7.224848200000000276e-01 2.399820248809298391e+03
7.286131599999999819e-01 2.307185468409529676e+03
7.347455800000000092e-01 2.219147461308729817e+03
7.408780099999999758e-01 2.135683049446579389e+03
7.470104300000000030e-01 2.056692220643201381e+03
7.531387699999999574e-01 1.982100931035490248e+03
7.592712000000000350e-01 1.911660709554869754e+03
7.654036199999999512e-01 1.845244360019803935e+03
7.715360399999999785e-01 1.782643957749452284e+03
7.776643899999999832e-01 1.723662843038298206e+03
7.837968100000000105e-01 1.667965568035297338e+03
7.899292300000000377e-01 1.615318533115877017e+03
7.960616499999999540e-01 1.565438077860560270e+03
8.021899999999999586e-01 1.518069104527006857e+03
8.083224199999999859e-01 1.472868682951470873e+03
8.144548400000000132e-01 1.429602033323390970e+03
8.205831900000000179e-01 1.388049217258088902e+03
8.267156100000000452e-01 1.347934023015101502e+03
8.328480299999999614e-01 1.309093970709616087e+03
8.389804499999999887e-01 1.271372216634762708e+03
8.451087999999999933e-01 1.234671444457638700e+03
8.512412200000000206e-01 1.198857170161091062e+03
8.573736400000000479e-01 1.163902548621079632e+03
8.635060599999999642e-01 1.129787572125159613e+03
8.696344099999999688e-01 1.096541640682130037e+03
8.757668299999999961e-01 1.064150921732021516e+03
8.818992500000000234e-01 1.032685297962044615e+03
8.880316700000000507e-01 1.002203508299975510e+03
8.941600200000000553e-01 9.727886103110863587e+02
9.002924399999999716e-01 9.444646310807487453e+02
9.064248599999999989e-01 9.173083835268394068e+02
9.125532100000000035e-01 8.913825950394360689e+02
9.186856300000000308e-01 8.666837989242218327e+02
9.248180499999999471e-01 8.432427340478717497e+02
9.309504699999999744e-01 8.210527773185805245e+02
9.370788199999999790e-01 8.001003422237962468e+02
9.432112400000000063e-01 7.803103926185067394e+02
9.493436600000000336e-01 7.616312544144841468e+02
9.554760799999999499e-01 7.439804453843246392e+02
9.616044299999999545e-01 7.272728302623702348e+02
9.677368499999999818e-01 7.113804725993037437e+02
9.738692700000000091e-01 6.962030803165032466e+02
9.799976200000000137e-01 6.816367258688815127e+02
9.861300400000000410e-01 6.675510636239622499e+02
9.922624599999999573e-01 6.538511407173916723e+02
9.983948900000000348e-01 6.404418448303334799e+02
1.004523199999999949e+00 6.272495723604972682e+02
1.010655700000000046e+00 6.141889394450237205e+02
1.016788100000000084e+00 6.012181274283494758e+02
1.022920499999999899e+00 5.883029802142059452e+02
1.029048799999999986e+00 5.754352735493486080e+02
1.035181300000000082e+00 5.625970817575871479e+02
1.041313699999999898e+00 5.498117951291629879e+02
1.047446099999999936e+00 5.371063554672813325e+02
1.053574500000000080e+00 5.245263632735602641e+02
1.059706899999999896e+00 5.121002542055533695e+02
1.065839299999999934e+00 4.998855924179663930e+02
1.071967600000000020e+00 4.879409627892969752e+02
1.078100099999999895e+00 4.762993066282981545e+02
1.084232499999999932e+00 4.650139795432720007e+02
1.090364899999999970e+00 4.541230926108519839e+02
1.096493299999999893e+00 4.436631552210077416e+02
1.102625699999999931e+00 4.336404767434369205e+02
1.108758099999999969e+00 4.240713275458654721e+02
1.114890500000000007e+00 4.149540776543690868e+02
1.121018899999999929e+00 4.062819806560970051e+02
1.127151299999999967e+00 3.980216300808771734e+02
1.133283700000000005e+00 3.901481499485479958e+02
1.139416100000000043e+00 3.826238964070433894e+02
1.145544499999999966e+00 3.754107649366766282e+02
1.151676900000000003e+00 3.684536186532251918e+02
1.157809300000000041e+00 3.617106054429045230e+02
1.163937699999999964e+00 3.551404727044315450e+02
1.170070100000000002e+00 3.486922569558121836e+02
1.176202500000000040e+00 3.423326681930854534e+02
1.182334900000000077e+00 3.360302547322810369e+02
1.188463300000000000e+00 3.297648612770872774e+02
1.194595700000000038e+00 3.235119353031935816e+02
1.200728100000000076e+00 3.172672843955714370e+02
1.206860499999999892e+00 3.110305481235060938e+02
1.212988900000000037e+00 3.048128043896222152e+02
1.219121300000000074e+00 2.986194637992987282e+02
1.225253699999999890e+00 2.924734758740702318e+02
1.231382100000000035e+00 2.864016438036824752e+02
1.237514500000000073e+00 2.804213726110521065e+02
1.243646900000000111e+00 2.745629087862487836e+02
1.249779299999999926e+00 2.688518796124093910e+02
1.255907700000000071e+00 2.633153856935592216e+02
1.262040100000000109e+00 2.579663698029629586e+02
1.268172499999999925e+00 2.528242498709012978e+02
1.274305000000000021e+00 2.478994503215331804e+02
1.280433300000000107e+00 2.431999462942540902e+02
1.286565699999999923e+00 2.387181479963979598e+02
1.292698099999999961e+00 2.344501856744083739e+02
1.298830600000000057e+00 2.303834225488004108e+02
1.304958899999999922e+00 2.265031214762983893e+02
1.311091299999999960e+00 2.227826572281192057e+02
1.317223800000000056e+00 2.192003186539515696e+02
1.323352099999999920e+00 2.157324196327544144e+02
1.329484499999999958e+00 2.123476068168093036e+02
1.335616899999999996e+00 2.090221870274720573e+02
1.341749400000000092e+00 2.057318139457463531e+02
1.347877699999999956e+00 2.024572644533704988e+02
1.354010099999999994e+00 1.991762181879276454e+02
1.360142600000000090e+00 1.958772009137231009e+02
1.366274999999999906e+00 1.925514223974034564e+02
1.372403299999999993e+00 1.891970968649966380e+02
1.378535700000000030e+00 1.858106147658421605e+02
1.384668199999999905e+00 1.823996265941115382e+02
1.390800599999999942e+00 1.789738302129775320e+02
1.396928900000000029e+00 1.755484995768804879e+02
1.403061399999999903e+00 1.721346799802756209e+02
1.409193799999999941e+00 1.687522219055530570e+02
1.415322100000000027e+00 1.654215265863879551e+02
1.421454500000000065e+00 1.621562241798914954e+02
1.427586999999999939e+00 1.589755407839999748e+02
1.433719399999999977e+00 1.558947127169905400e+02
1.439847700000000064e+00 1.529281562624854303e+02
1.445980199999999938e+00 1.500812082311215647e+02
1.452112599999999976e+00 1.473617871001059427e+02
1.458245000000000013e+00 1.447718887670169465e+02
1.464373300000000100e+00 1.423113878375901606e+02
1.470505799999999974e+00 1.399716241868299562e+02
1.476638200000000012e+00 1.377457613357471473e+02
1.482766500000000098e+00 1.356237614879218825e+02
1.488898999999999972e+00 1.335891889786950344e+02
1.495031400000000010e+00 1.316284924698466057e+02
1.501163800000000048e+00 1.297258038819481669e+02
1.507292099999999913e+00 1.278665051421080534e+02
1.513424600000000009e+00 1.260329407117934579e+02
1.519557000000000047e+00 1.242126485058682164e+02
1.525689400000000084e+00 1.223937641339880003e+02
1.531817800000000007e+00 1.205680539884022693e+02
1.537950200000000045e+00 1.187264417314038099e+02
1.544082600000000083e+00 1.168663365593714900e+02
1.550214999999999899e+00 1.149869152673169737e+02
1.556343400000000043e+00 1.130914444511406032e+02
1.562475800000000081e+00 1.111820762254129846e+02
1.568608199999999897e+00 1.092669145860008655e+02
1.574736600000000042e+00 1.073558613881360913e+02
1.580869000000000080e+00 1.054563292001654844e+02
1.587001399999999895e+00 1.035801618795364050e+02
1.593133799999999933e+00 1.017380488345873317e+02
1.599262200000000078e+00 9.994135830154081646e+01
1.605394599999999894e+00 9.819694555267695080e+01
1.611526999999999932e+00 9.651373620411310128e+01
1.617659399999999970e+00 9.489762479758374525e+01
1.623787799999999892e+00 9.335337666231887965e+01
1.629920199999999930e+00 9.188048623586406904e+01
1.636052599999999968e+00 9.047918697575728686e+01
1.642180999999999891e+00 8.914729631445912617e+01
1.648313399999999929e+00 8.787800190956859581e+01
1.654445799999999966e+00 8.666535523443303646e+01
1.660578200000000004e+00 8.550111524255747497e+01
1.666706599999999927e+00 8.437678525184881551e+01
1.672838999999999965e+00 8.328116404128581962e+01
1.678971400000000003e+00 8.220521261394141277e+01
1.685103800000000041e+00 8.113956393732067340e+01
1.691232199999999963e+00 8.007639451112612505e+01
1.697364600000000001e+00 7.900702819298651036e+01
1.703497000000000039e+00 7.792640085180362064e+01
1.709629499999999913e+00 7.683049689652646919e+01
1.715757800000000000e+00 7.571799828987964531e+01
1.721890200000000037e+00 7.458722516536373348e+01
1.728022600000000075e+00 7.344061476934427901e+01
1.734150999999999998e+00 7.228235048869264290e+01
1.740283400000000036e+00 7.111583898347249999e+01
1.746415800000000074e+00 6.994795605817616035e+01
1.752548299999999948e+00 6.878566280693338797e+01
1.758676600000000034e+00 6.763721739918024412e+01
1.764809000000000072e+00 6.650860377022125647e+01
1.770941400000000110e+00 6.540783955520062420e+01
1.777073899999999984e+00 6.434149079932348059e+01
1.783202200000000071e+00 6.331586672872440857e+01
1.789334600000000108e+00 6.233393412662953637e+01
1.795467099999999983e+00 6.139929832070677662e+01
1.801599500000000020e+00 6.051334957617579846e+01
1.807727800000000107e+00 5.967637431378403789e+01
1.813860299999999981e+00 5.888543536093806097e+01
1.819992700000000019e+00 5.813787777816898483e+01
1.826121000000000105e+00 5.742962259051649454e+01
1.832253399999999921e+00 5.675416438138810804e+01
1.838385900000000017e+00 5.610566671935387717e+01
1.844518300000000055e+00 5.547739757191452270e+01
1.850646599999999919e+00 5.486288480449816518e+01
1.856779100000000016e+00 5.425463544040698594e+01
1.862911500000000053e+00 5.364692756744646118e+01
1.869043900000000091e+00 5.303437348244825955e+01
1.875172199999999956e+00 5.241301940374127355e+01
1.881304700000000052e+00 5.177882680078239730e+01
1.887437100000000090e+00 5.113031425196428614e+01
1.893569499999999906e+00 5.046688587397188996e+01
1.899697900000000050e+00 4.978970920885644347e+01
1.905830300000000088e+00 4.909984244950076260e+01
1.911962699999999904e+00 4.840074665042271107e+01
1.918090999999999990e+00 4.769680739644866208e+01
1.924223500000000087e+00 4.699164422676085451e+01
1.930355899999999902e+00 4.629073267570758077e+01
1.936488299999999940e+00 4.559918434997217673e+01
1.942616700000000085e+00 4.492243203363206305e+01
1.948749099999999901e+00 4.426420744358304660e+01
1.954881499999999939e+00 4.362896885942272718e+01
1.961013899999999976e+00 4.301993003612651023e+01
1.967142299999999899e+00 4.243972966611371334e+01
1.973274699999999937e+00 4.188883958817030617e+01
1.979407099999999975e+00 4.136779630504756256e+01
1.985535499999999898e+00 4.087599098160061573e+01
1.991667899999999936e+00 4.041085860625702253e+01
1.997800299999999973e+00 3.996991568319359800e+01
2.003932700000000011e+00 3.954961334405528817e+01
2.010061100000000156e+00 3.914611415361896007e+01
2.016193499999999972e+00 3.875446022626803000e+01
2.022325899999999788e+00 3.837037085770880651e+01
2.028458300000000047e+00 3.798940390081159535e+01
2.034586700000000192e+00 3.760768620087235092e+01
2.040719100000000008e+00 3.722110761825623371e+01
2.046851499999999824e+00 3.682697379700680784e+01
2.052983900000000084e+00 3.642313783444268438e+01
2.059112299999999784e+00 3.600860536605693341e+01
2.065244700000000044e+00 3.558248193747970589e+01
2.071377099999999860e+00 3.514558715965858227e+01
2.077505500000000005e+00 3.469962054045202393e+01
2.083637899999999821e+00 3.424616307279844563e+01
2.089770300000000081e+00 3.378829624744813742e+01
2.095902699999999896e+00 3.332928470497480333e+01
2.102031100000000041e+00 3.287298316596184122e+01
2.108163499999999857e+00 3.242245821456111798e+01
2.114295900000000117e+00 3.198158979114893086e+01
2.120428400000000213e+00 3.155368779875185226e+01
2.126556700000000077e+00 3.114192454173797131e+01
2.132689099999999893e+00 3.074806227582827134e+01
2.138821500000000153e+00 3.037402840811822813e+01
2.144949899999999854e+00 3.002094478734182559e+01
2.151082300000000114e+00 2.968846658039769792e+01
2.157214699999999930e+00 2.937617016206706566e+01
2.163347200000000026e+00 2.908265588366385401e+01
2.169475499999999890e+00 2.880606259292983751e+01
2.175607900000000150e+00 2.854341948767038417e+01
2.181740299999999966e+00 2.829190677842189316e+01
2.187872800000000062e+00 2.804824838511032326e+01
2.194001099999999926e+00 2.780923810361387893e+01
2.200133500000000186e+00 2.757124204011194379e+01
2.206265999999999838e+00 2.733132280246971746e+01
2.212398400000000098e+00 2.708675344702568211e+01
2.218526699999999963e+00 2.683544768103537592e+01
2.224659099999999778e+00 2.657539385370137097e+01
2.230791599999999875e+00 2.630571913526181049e+01
2.236919900000000183e+00 2.602626394864163473e+01
2.243052299999999999e+00 2.573696544289447630e+01
2.249184800000000095e+00 2.543895833953311936e+01
2.255317199999999911e+00 2.513378481489150928e+01
2.261445500000000219e+00 2.482366665879235867e+01
2.267577900000000035e+00 2.451057822412636256e+01
2.273710400000000131e+00 2.419735558120866514e+01
2.279842799999999947e+00 2.388675144244511372e+01
2.285971099999999812e+00 2.358167273814573406e+01
2.292103599999999908e+00 2.328424858814817000e+01
2.298236000000000168e+00 2.299694826768791245e+01
2.304368399999999983e+00 2.272162360717319629e+01
2.310496699999999848e+00 2.245982074692027552e+01
2.316629199999999944e+00 2.221202087114630430e+01
2.322761600000000204e+00 2.197867691479053676e+01
2.328889900000000068e+00 2.175961868449512338e+01
2.335022400000000165e+00 2.155369543012120914e+01
2.341154799999999980e+00 2.135971586179704218e+01
2.347287199999999796e+00 2.117590854142932599e+01
2.353415500000000105e+00 2.100029679522423720e+01
2.359548000000000201e+00 2.083033698923618715e+01
2.365680400000000017e+00 2.066374906924038513e+01
2.371812799999999832e+00 2.049814569242592555e+01
2.377941199999999977e+00 2.033138876422687247e+01
2.384073599999999793e+00 2.016125705260381906e+01
2.390206000000000053e+00 1.998618949425933167e+01
2.396338399999999869e+00 1.980492603425878073e+01
2.402466800000000013e+00 1.961679295223264319e+01
2.408599199999999829e+00 1.942123500868951780e+01
2.414731600000000089e+00 1.921855519840763549e+01
2.420859999999999790e+00 1.900954576734609702e+01
2.426992400000000050e+00 1.879501445224959610e+01
2.433124799999999865e+00 1.857653982011471783e+01
2.439257200000000125e+00 1.835584822792115389e+01
2.445385599999999826e+00 1.813499877373005731e+01
2.451518000000000086e+00 1.791570553541993860e+01
2.457650399999999902e+00 1.770010137520844395e+01
2.463782800000000162e+00 1.749005973355509980e+01
2.469911199999999862e+00 1.728737588949115178e+01
2.476043600000000122e+00 1.709316199873912012e+01
2.482175999999999938e+00 1.690857756787908883e+01
2.488304400000000083e+00 1.673435877156147811e+01
2.494436799999999899e+00 1.657048000314182090e+01
2.500569200000000158e+00 1.641683257290292985e+01
2.506701599999999974e+00 1.627278032320851864e+01
2.512830000000000119e+00 1.613740006910112257e+01
2.518962399999999935e+00 1.600918929217778697e+01
2.525094800000000195e+00 1.588666497299566771e+01
2.531227200000000011e+00 1.576808639133001577e+01
2.537355600000000155e+00 1.565170957805290008e+01
2.543487999999999971e+00 1.553557511424699555e+01
2.549620399999999787e+00 1.541804999665342812e+01
2.555752899999999883e+00 1.529760328678469250e+01
2.561881200000000192e+00 1.517304656143276453e+01
2.568013600000000007e+00 1.504324344236981226e+01
2.574145999999999823e+00 1.490765759644743937e+01
2.580274399999999968e+00 1.476613875398292208e+01
2.586406799999999784e+00 1.461863538672434615e+01
2.592539200000000044e+00 1.446573486083423354e+01
2.598671700000000140e+00 1.430826353670648388e+01
2.604800000000000004e+00 1.414744842263376512e+01
2.610932399999999820e+00 1.398440818579245537e+01
2.617064800000000080e+00 1.382073974893760848e+01
2.623197300000000176e+00 1.365800735795113141e+01
2.629325600000000041e+00 1.349788660950009067e+01
2.635457999999999856e+00 1.334164405364828099e+01
2.641590499999999953e+00 1.319071759504912222e+01
2.647722900000000212e+00 1.304622890817480929e+01
2.653851200000000077e+00 1.290911441401333271e+01
2.659983599999999893e+00 1.277973583015621806e+01
2.666116099999999989e+00 1.265840495485714534e+01
2.672244399999999853e+00 1.254508701283901217e+01
2.678376800000000113e+00 1.243919638476939227e+01
2.684509300000000209e+00 1.234008418534221718e+01
2.690641700000000025e+00 1.224677483108803422e+01
2.696769999999999889e+00 1.215814516889400387e+01
2.702902400000000149e+00 1.207275836624322096e+01
2.709034899999999801e+00 1.198928226436076727e+01
2.715167300000000061e+00 1.190632477115974730e+01
2.721295599999999926e+00 1.182261112816104642e+01
2.727428100000000022e+00 1.173682709629699161e+01
2.733560499999999838e+00 1.164801415595095335e+01
2.739688800000000146e+00 1.155544797499778831e+01
2.745821199999999962e+00 1.145848294134871992e+01
2.751953700000000058e+00 1.135694018532574212e+01
2.758086099999999874e+00 1.125087527604621762e+01
2.764214400000000182e+00 1.114069505152330031e+01
2.770346899999999835e+00 1.102684190222142568e+01
2.776479300000000094e+00 1.091020760441866955e+01
2.782611699999999910e+00 1.079178439744312001e+01
2.788740000000000219e+00 1.067277095147769650e+01
2.794872499999999871e+00 1.055419094754296694e+01
2.801004900000000131e+00 1.043731895227493567e+01
2.807137299999999946e+00 1.032328983930653443e+01
2.813265700000000091e+00 1.021320025006868093e+01
2.819398099999999907e+00 1.010777199990698705e+01
2.825530500000000167e+00 1.000774316549304999e+01
2.831658899999999868e+00 9.913606679566610680e+00
2.837791300000000128e+00 9.825423478690963108e+00
2.843923699999999943e+00 9.743185848486417555e+00
2.850056100000000203e+00 9.666574861078707670e+00
2.856184499999999904e+00 9.595088356570011356e+00
2.862316900000000164e+00 9.527888237396112459e+00
2.868449299999999980e+00 9.464119453131347726e+00
2.874581699999999795e+00 9.402767507465702224e+00
2.880710099999999940e+00 9.342797363343761319e+00
2.886842500000000200e+00 9.283051681939838318e+00
2.892974900000000016e+00 9.222537832773241462e+00
2.899103300000000161e+00 9.160362617075186620e+00
2.905235699999999976e+00 9.095652692256516403e+00
2.911368099999999792e+00 9.027833915101600937e+00
2.917500500000000052e+00 8.956498017383783150e+00
2.923628900000000197e+00 8.881509292885144902e+00
2.929761300000000013e+00 8.802811627343823275e+00
2.935893699999999829e+00 8.720716191807623474e+00
2.942026100000000088e+00 8.635691255109245290e+00
2.948154499999999789e+00 8.548440688479857386e+00
2.954286900000000049e+00 8.459639411373034434e+00
2.960419299999999865e+00 8.370234229146346294e+00
2.966551700000000125e+00 8.281170989894558687e+00
2.972680099999999825e+00 8.193459486417594917e+00
2.978812500000000085e+00 8.107897624037473605e+00
2.984944899999999901e+00 8.025370957063236332e+00
2.991073300000000046e+00 7.946632208206862558e+00
2.997205699999999862e+00 7.872122765697199043e+00
3.003338100000000122e+00 7.802256753535290024e+00
3.009470600000000218e+00 7.737196105644838617e+00
3.015598900000000082e+00 7.676940799330444598e+00
3.021731299999999898e+00 7.621169309098597466e+00
3.027863700000000158e+00 7.569499068635493266e+00
3.033996199999999810e+00 7.521343656955261636e+00
3.040124500000000118e+00 7.476018294864745783e+00
3.046256899999999934e+00 7.432652739504531425e+00
3.052389400000000030e+00 7.390415803272611051e+00
3.058521799999999846e+00 7.348437543157867680e+00
3.064650100000000155e+00 7.305907776432603917e+00
3.070782499999999970e+00 7.262004994439270611e+00
3.076915000000000067e+00 7.216100890976889559e+00
3.083043299999999931e+00 7.167713984172344510e+00
3.089175700000000191e+00 7.116424820170138332e+00
3.095308199999999843e+00 7.062086240679718685e+00
3.101440600000000103e+00 7.004704214154559239e+00
3.107568899999999967e+00 6.944501521865568350e+00
3.113701299999999783e+00 6.881745737316877332e+00
3.119833799999999879e+00 6.816968950176460318e+00
3.125966200000000139e+00 6.750785411082121712e+00
3.132094500000000004e+00 6.683936705215366203e+00
3.138227000000000100e+00 6.617079085624194335e+00
3.144359399999999916e+00 6.551017738170121341e+00
3.150487699999999780e+00 6.486525621075131198e+00
3.156620100000000040e+00 6.424184659193411306e+00
3.162752600000000136e+00 6.364610835746647766e+00
3.168884999999999952e+00 6.308256682929923365e+00
3.175013299999999816e+00 6.255462606218468835e+00
3.181145799999999912e+00 6.206307948160474375e+00
3.187278200000000172e+00 6.160819950833813508e+00
3.193410599999999988e+00 6.118827959730402277e+00
3.199538899999999852e+00 6.080038881550429153e+00
3.205671399999999949e+00 6.043952078448409537e+00
3.211803800000000209e+00 6.010040982174825075e+00
3.217936200000000024e+00 5.977672910668124118e+00
3.224064600000000169e+00 5.946191204638044958e+00
3.230196999999999985e+00 5.914867160747628638e+00
3.236329399999999801e+00 5.883056752587494387e+00
3.242457700000000109e+00 5.850173340176674230e+00
3.248590200000000205e+00 5.815648330802374311e+00
3.254722600000000021e+00 5.779089473197414506e+00
3.260854999999999837e+00 5.740209433332373656e+00
3.266983399999999982e+00 5.698889483711740311e+00
3.273115799999999798e+00 5.655074383808843308e+00
3.279248200000000057e+00 5.608931896936810269e+00
3.285380599999999873e+00 5.560737228859185421e+00
3.291509000000000018e+00 5.510916292523160287e+00
3.297641399999999834e+00 5.459893005893062146e+00
3.303773800000000094e+00 5.408258968658777199e+00
3.309906199999999910e+00 5.356615100752436298e+00
3.316034600000000054e+00 5.305605965222681242e+00
3.322166999999999870e+00 5.255756182377300689e+00
3.328299400000000130e+00 5.207641464385597274e+00
3.334427799999999831e+00 5.161757276937785299e+00
3.340560200000000091e+00 5.118411729055020842e+00
3.346692599999999906e+00 5.077888498914319371e+00
3.352825000000000166e+00 5.040314098892115346e+00
3.358953399999999867e+00 5.005705485088027373e+00
3.365085800000000127e+00 4.973883505753310175e+00
3.371218199999999943e+00 4.944616498691067896e+00
3.377350600000000203e+00 4.917542146925478974e+00
3.383478999999999903e+00 4.892226278625721569e+00
3.389611400000000163e+00 4.868121265014904608e+00
3.395743799999999979e+00 4.844690799455555030e+00
3.401876300000000075e+00 4.821370345833360993e+00
3.408004599999999940e+00 4.797629684420231300e+00
3.414137000000000199e+00 4.772933462172894714e+00
3.420269400000000015e+00 4.746861571517997369e+00
3.426397800000000160e+00 4.719085098103473541e+00
3.432530199999999976e+00 4.689324094077240268e+00
3.438662599999999792e+00 4.657466518915485132e+00
3.444795099999999888e+00 4.623501121216024856e+00
3.450923400000000196e+00 4.587560570993808540e+00
3.457055800000000012e+00 4.549813429588715152e+00
3.463188199999999828e+00 4.510598356586680957e+00
3.469320699999999924e+00 4.470310811858427158e+00
3.475448999999999788e+00 4.429435657992805808e+00
3.481581400000000048e+00 4.388409797980880711e+00
3.487713900000000145e+00 4.347763714325164841e+00
3.493842200000000009e+00 4.308015105010436940e+00
3.499974599999999825e+00 4.269562105348990499e+00
3.506107000000000085e+00 4.232824036262095468e+00
3.512239500000000181e+00 4.198114200820207920e+00
3.518367800000000045e+00 4.165675465646499376e+00
3.524500199999999861e+00 4.135581900689087043e+00
3.530632699999999957e+00 4.107866522424410860e+00
3.536765100000000217e+00 4.082434937257280794e+00
3.542893400000000081e+00 4.059106239580174247e+00
3.549025799999999897e+00 4.037564930344637482e+00
3.555158299999999993e+00 4.017468777174693528e+00
3.561290699999999809e+00 3.998405195744097362e+00
3.567419000000000118e+00 3.979939036415986564e+00
3.573551500000000214e+00 3.961587216449282245e+00
3.579683900000000030e+00 3.942916054764492806e+00
3.585812199999999894e+00 3.923525268236650820e+00
3.591944600000000154e+00 3.903029254701613660e+00
3.598077099999999806e+00 3.881150928316586590e+00
3.604209500000000066e+00 3.857685377654053838e+00
3.610337799999999930e+00 3.832536777914826054e+00
3.616470300000000027e+00 3.805655093039822745e+00
3.622602699999999842e+00 3.777137810908683946e+00
3.628735100000000102e+00 3.747155792947117092e+00
3.634863399999999967e+00 3.715982590139630837e+00
3.640995900000000063e+00 3.683895450611692102e+00
3.647128299999999879e+00 3.651285989339357663e+00
3.653260700000000138e+00 3.618555025556660976e+00
3.659389099999999839e+00 3.586135650645828399e+00
3.665521500000000099e+00 3.554387487632058473e+00
3.671653899999999915e+00 3.523704084913130252e+00
3.677782199999999779e+00 3.494428611654478711e+00
3.683914699999999876e+00 3.466781717603575785e+00
3.690047100000000135e+00 3.440968870218711118e+00
3.696179499999999951e+00 3.417089845842985252e+00
3.702307900000000096e+00 3.395170330074310794e+00
3.708440299999999912e+00 3.375105972641429641e+00
3.714572700000000172e+00 3.356752938251294172e+00
3.720705099999999987e+00 3.339878276403203561e+00
3.726833500000000132e+00 3.324197197609754628e+00
3.732965899999999948e+00 3.309348283666260215e+00
3.739098300000000208e+00 3.294971992281190420e+00
3.745226699999999909e+00 3.280697212576255684e+00
3.751359100000000169e+00 3.266133611166458728e+00
3.757491499999999984e+00 3.250945436959335577e+00
3.763623899999999800e+00 3.234831197977067863e+00
3.769752299999999945e+00 3.217559012448310440e+00
3.775884700000000205e+00 3.198932037191297706e+00
3.782017100000000021e+00 3.178863664277749468e+00
3.788149499999999836e+00 3.157337177045065779e+00
3.794277899999999981e+00 3.134431772801003824e+00
3.800410299999999797e+00 3.110257594796668190e+00
3.806542700000000057e+00 3.085037638592337927e+00
3.812675099999999873e+00 3.059037563231671975e+00
3.818803500000000017e+00 3.032583633455790739e+00
3.824935899999999833e+00 3.005977423546926985e+00
3.831068300000000093e+00 2.979582718712458611e+00
3.837196699999999794e+00 2.953755784606453272e+00
3.843329100000000054e+00 2.928778657960062759e+00
3.849461499999999869e+00 2.904945224522146319e+00
3.855593900000000129e+00 2.882479925931248577e+00
3.861722299999999830e+00 2.861557474270926438e+00
3.867854700000000090e+00 2.842242000669290558e+00
3.873987099999999906e+00 2.824565397682574197e+00
3.880119600000000002e+00 2.808471359748958562e+00
3.886247899999999866e+00 2.793843579343759931e+00
3.892380300000000126e+00 2.780473141124767178e+00
3.898512699999999942e+00 2.768128239505468269e+00
3.904641100000000087e+00 2.756533906507947052e+00
3.910773499999999903e+00 2.745366967215166376e+00
3.916905900000000162e+00 2.734316677184264854e+00
3.923038399999999815e+00 2.723069859631687351e+00
3.929166700000000123e+00 2.711342864951837850e+00
3.935299099999999939e+00 2.698862921909817469e+00
3.941431500000000199e+00 2.685427899206467739e+00
3.947563999999999851e+00 2.670884767837041540e+00
3.953692300000000159e+00 2.655155929626816125e+00
3.959824699999999975e+00 2.638198405369297728e+00
3.965957200000000071e+00 2.620067721400409333e+00
3.972089599999999887e+00 2.600874439764754076e+00
3.978217900000000196e+00 2.580799834529538650e+00
3.984350300000000011e+00 2.560033553130113937e+00
3.990482800000000108e+00 2.538842343468242557e+00
3.996611099999999972e+00 2.517519269277030514e+00
4.002743500000000232e+00 2.496323401497323236e+00
4.008875999999999884e+00 2.475552249196158794e+00
4.015008400000000144e+00 2.455471476508941819e+00
4.021136699999999564e+00 2.436326565565961833e+00
4.027269200000000104e+00 2.418282013744378567e+00
4.033401600000000364e+00 2.401490195018705975e+00
4.039533999999999736e+00 2.386031257517871040e+00
4.045662300000000045e+00 2.371933105125834551e+00
4.051794799999999697e+00 2.359133857317464056e+00
4.057927199999999957e+00 2.347542036945194699e+00
4.064059600000000216e+00 2.337002416891838408e+00
4.070187999999999917e+00 2.327321147219632902e+00
