4.173085900000000209e-02 5.806438893668831591e-01
4.372891599999999962e-02 5.877676182704644203e-01
4.582263899999999834e-02 5.956077571250292246e-01
4.801661100000000071e-02 6.042326948304715950e-01
5.031562600000000218e-02 6.137152097806923834e-01
5.272471799999999681e-02 6.241318922411264181e-01
5.524915700000000013e-02 6.355619703008814625e-01
5.789446300000000017e-02 6.480855753215547521e-01
6.066642800000000141e-02 6.617812209083229202e-01
6.357111299999999854e-02 6.767220979422133853e-01
6.661487300000000500e-02 6.929711786939910523e-01
6.980436700000000605e-02 7.105746690376855135e-01
7.314657400000000587e-02 7.295537045784851182e-01
7.664880200000000199e-02 7.498941529806966155e-01
8.031871599999999833e-02 7.715348695117191236e-01
8.416434700000000046e-02 7.943548231133383819e-01
8.819410199999999644e-02 8.181604692886188523e-01
9.241680200000000622e-02 8.426755894512901746e-01
9.684167999999999943e-02 8.675360501987422479e-01
1.014784199999999997e-01 8.922933327256629132e-01
1.063371699999999948e-01 9.164296163517707816e-01
1.114285500000000012e-01 9.393864014071503510e-01
1.167637100000000067e-01 9.606061069665023933e-01
1.223543099999999939e-01 9.795817566579010371e-01
1.282125799999999927e-01 9.959079830144724754e-01
1.343513500000000083e-01 1.009323927845627411e+00
1.407840399999999992e-01 1.019740470101115459e+00
1.475247299999999928e-01 1.027247612660321385e+00
1.545881500000000075e-01 1.032100780536788331e+00
1.619897700000000051e-01 1.034687676238946530e+00
1.697457800000000128e-01 1.035478159289433542e+00
1.778731400000000129e-01 1.034962448495823528e+00
1.863896399999999953e-01 1.033587774179955954e+00
1.953139000000000125e-01 1.031709639900769471e+00
2.046654499999999988e-01 1.029574123088730531e+00
2.144647500000000095e-01 1.027335620549738371e+00
2.247332400000000008e-01 1.025093364598481660e+00
2.354933800000000022e-01 1.022919337321125166e+00
2.467687100000000022e-01 1.020865759208545276e+00
2.585838999999999777e-01 1.018965717910562674e+00
2.709647900000000109e-01 1.017239653021840162e+00
2.839384799999999931e-01 1.015695659733414802e+00
2.975333499999999742e-01 1.014316215848975355e+00
3.117791200000000207e-01 1.013063264397846774e+00
3.267069899999999749e-01 1.011914294289511851e+00
3.423495899999999814e-01 1.010870389026763183e+00
3.587411500000000086e-01 1.009924506807838185e+00
3.759175399999999945e-01 1.009065233270626250e+00
3.939163199999999865e-01 1.008287799475031665e+00
4.127768700000000179e-01 1.007569766543847001e+00
4.325404700000000102e-01 1.006905238679573156e+00
4.532503299999999791e-01 1.006307001078525110e+00
4.749517999999999796e-01 1.005756183818179883e+00
4.976922899999999816e-01 1.005251357803932599e+00
5.215216200000000191e-01 1.004786802663830914e+00
5.464918600000000515e-01 1.004363451618438985e+00
5.726576599999999573e-01 1.003976719593819844e+00
6.000763099999999461e-01 1.003620483467545954e+00
6.288076999999999694e-01 1.003295976626519703e+00
6.589147899999999725e-01 1.002999763963950297e+00
6.904633500000000312e-01 1.002727341554531026e+00
7.235224799999999679e-01 1.002480435837655781e+00
7.581644699999999792e-01 1.002253338548654282e+00
7.944650599999999452e-01 1.002046243095063183e+00
8.325037600000000371e-01 1.001858313182289129e+00
8.723636799999999747e-01 1.001685627876430340e+00
9.141321100000000532e-01 1.001528232894481230e+00
9.579004100000000355e-01 1.001384092639845180e+00
1.003764300000000054e+00 1.001253127234732254e+00
1.051824099999999929e+00 1.001133615996208759e+00
1.102185100000000029e+00 1.001024989257365716e+00
1.154957299999999965e+00 1.000926070710272731e+00
1.210256199999999893e+00 1.000835833630183469e+00
1.268202800000000074e+00 1.000753656723385010e+00
1.328923800000000099e+00 1.000678654053818617e+00
1.392552100000000070e+00 1.000610244748335820e+00
1.459227000000000052e+00 1.000547927919985369e+00
1.529094200000000070e+00 1.000491115174745316e+00
1.602306699999999973e+00 1.000439353377735818e+00
1.679024400000000083e+00 1.000392155058309696e+00
1.759415500000000021e+00 1.000349161927778452e+00
1.843655599999999950e+00 1.000309981271801929e+00
1.931929100000000066e+00 1.000274277577968496e+00
2.024429099999999870e+00 1.000241756211971200e+00
2.121357999999999855e+00 1.000212126084730535e+00
2.222927799999999898e+00 1.000185133689915906e+00
2.329360700000000062e+00 1.000160546385833626e+00
2.440889499999999934e+00 1.000138148366909618e+00
2.557758399999999988e+00 1.000117743876128840e+00
2.680222899999999964e+00 1.000099158804836241e+00
2.808550900000000183e+00 1.000082228481300683e+00
2.943023199999999839e+00 1.000066808173825761e+00
3.083934000000000175e+00 1.000052761474098828e+00
3.231591499999999950e+00 1.000039962264088755e+00
3.386318900000000021e+00 1.000028304745898655e+00
3.548454500000000067e+00 1.000017684958485642e+00
3.718353099999999856e+00 1.000007995099682079e+00
3.896386399999999917e+00 9.999992419115432130e-01
4.082943799999999790e+00 9.999912155736924158e-01
4.278433599999999615e+00 9.999838624565964285e-01
