6.126431699999999869e-02 1.689658015043421183e+05
6.746437800000000540e-02 1.659705472459251760e+05
7.366443899999999823e-02 1.627836928180936084e+05
7.986490799999999834e-02 1.594275838448815921e+05
8.606497000000000452e-02 1.559255881058453233e+05
9.226543900000000464e-02 1.523002222060359491e+05
9.846549999999999747e-02 1.485746899199808249e+05
1.046659699999999971e-01 1.447707042794749723e+05
1.108660300000000043e-01 1.409101881257749628e+05
1.170665000000000039e-01 1.370130406992764911e+05
1.232665599999999972e-01 1.330989716335022240e+05
1.294666200000000045e-01 1.291855342233789124e+05
1.356670899999999902e-01 1.252887629353617522e+05
1.418671499999999974e-01 1.214238456045561761e+05
1.480676200000000109e-01 1.176032594128310157e+05
1.542676799999999904e-01 1.138387803917558049e+05
1.604681500000000038e-01 1.101394678676792391e+05
1.666682100000000111e-01 1.065136861644058517e+05
1.728686799999999968e-01 1.029672117204113019e+05
1.790687400000000040e-01 9.950523614234320121e+04
1.852688100000000060e-01 9.613081494233787816e+04
1.914692699999999970e-01 9.284575009320127720e+04
1.976693399999999989e-01 8.965129681681665534e+04
2.038697999999999899e-01 8.654688625121256337e+04
2.100698699999999919e-01 8.353188760029072000e+04
2.162703400000000054e-01 8.060419695606773894e+04
2.224704000000000126e-01 7.776193163708790962e+04
2.286704599999999921e-01 7.500223269273492042e+04
2.348709300000000055e-01 7.232200369755353313e+04
2.410709900000000128e-01 6.971854468937806087e+04
2.472714599999999985e-01 6.718843726278658141e+04
2.534715200000000057e-01 6.472902062945291254e+04
2.596719900000000192e-01 6.233713376884655736e+04
2.658720500000000264e-01 6.001048201409707690e+04
2.720725199999999844e-01 5.774641869416904956e+04
2.782725799999999916e-01 5.554320802087723860e+04
2.844726399999999988e-01 5.339898241626118397e+04
2.906731100000000123e-01 5.131221065766215906e+04
2.968731700000000195e-01 4.928208293236394093e+04
3.030736399999999775e-01 4.730753199535630119e+04
3.092736999999999847e-01 4.538827608224188589e+04
3.154741699999999982e-01 4.352373590930585488e+04
3.216742300000000054e-01 4.171400689632929425e+04
3.278747000000000189e-01 3.995882669308420736e+04
3.340747600000000261e-01 3.825848553879900282e+04
3.402752299999999841e-01 3.661285158558135299e+04
3.464752899999999913e-01 3.502222659570274118e+04
3.526753499999999986e-01 3.348653513718979229e+04
3.588758200000000120e-01 3.200563219917443348e+04
3.650758800000000193e-01 3.057955113951097519e+04
3.712763499999999772e-01 2.920780401145117503e+04
3.774764199999999792e-01 2.789011730594101391e+04
3.836768799999999979e-01 2.662570643831651250e+04
3.898769499999999999e-01 2.541394651870020243e+04
3.960770100000000071e-01 2.425380900849880709e+04
4.022774800000000206e-01 2.314411330199012446e+04
4.084763100000000091e-01 2.208395924751983330e+04
4.146780099999999858e-01 2.107120780151719373e+04
4.208797000000000232e-01 2.010486897811466770e+04
4.270773099999999878e-01 1.918394965555623639e+04
4.332790100000000200e-01 1.830558598716956476e+04
4.394807000000000019e-01 1.746870562828541733e+04
4.456783100000000220e-01 1.667209954866207408e+04
4.518800000000000039e-01 1.591299790225171819e+04
4.580776200000000187e-01 1.519069501667078293e+04
4.642793100000000006e-01 1.450257010300296679e+04
4.704809999999999826e-01 1.384748291687026540e+04
4.766786199999999973e-01 1.322426429355752407e+04
4.828803099999999793e-01 1.263059421367935283e+04
4.890820000000000167e-01 1.206546138521416106e+04
4.952796199999999760e-01 1.152785385812338973e+04
5.014813099999999579e-01 1.101578450406567390e+04
5.076829999999999954e-01 1.052840620918391323e+04
5.138806200000000102e-01 1.006487615065332466e+04
5.200823100000000476e-01 9.623510566155497145e+03
5.262839999999999741e-01 9.203604149981314549e+03
5.324816199999999888e-01 8.804446928998115254e+03
5.386833100000000263e-01 8.424594603442023072e+03
5.448849999999999527e-01 8.063433904298640300e+03
5.510826199999999675e-01 7.720334972258367998e+03
5.572843100000000049e-01 7.394025347799849442e+03
5.634819300000000197e-01 7.084135032032669187e+03
5.696836199999999462e-01 6.789477525050507211e+03
5.758853099999999836e-01 6.509498935984146556e+03
5.820829299999999984e-01 6.243622962293738965e+03
5.882846200000000358e-01 5.990770326786408987e+03
5.944863099999999623e-01 5.750406476681311688e+03
6.006839200000000378e-01 5.521982827725989409e+03
6.068856200000000145e-01 5.304524018333489039e+03
6.130873100000000520e-01 5.097533465910955783e+03
6.192849200000000165e-01 4.900511915851732738e+03
6.254866199999999932e-01 4.712603249014302492e+03
6.316883100000000306e-01 4.533375548631854144e+03
6.378859199999999952e-01 4.362406698241027698e+03
6.440876100000000326e-01 4.198975426620233520e+03
6.502852300000000474e-01 4.042837240545026816e+03
6.564869199999999738e-01 3.893364332593053405e+03
6.626886100000000113e-01 3.750275323815234515e+03
6.688862300000000261e-01 3.613307827119386275e+03
6.750879199999999525e-01 3.481965861711056732e+03
6.812896099999999899e-01 3.356056987603632933e+03
6.874872300000000047e-01 3.235403641961466747e+03
6.936889200000000422e-01 3.119618341262810191e+03
6.998906099999999686e-01 3.008575408830669403e+03
7.060882299999999834e-01 2.902155660604682907e+03
7.122899200000000208e-01 2.800047156540998913e+03
7.184916099999999473e-01 2.702160854245202245e+03
7.246892299999999620e-01 2.608405218129986224e+03
7.308909199999999995e-01 2.518511065189066358e+03
7.370885400000000143e-01 2.432453644860138866e+03
7.432902300000000517e-01 2.349978226841669766e+03
7.494919199999999782e-01 2.271000441554229837e+03
7.556895399999999929e-01 2.195425450542986709e+03
7.618912300000000304e-01 2.123008944673201313e+03
7.680929199999999568e-01 2.053654836032520961e+03
7.742905300000000324e-01 1.987257920016800199e+03
7.804922300000000090e-01 1.923582442386769344e+03
7.866939200000000465e-01 1.862525769462473363e+03
7.928915300000000110e-01 1.803980236698032741e+03
7.990932299999999877e-01 1.747727060375279052e+03
8.052949200000000252e-01 1.693669177481080624e+03
8.114925299999999897e-01 1.641709981292834982e+03
8.176942200000000271e-01 1.591658836622416175e+03
8.238959200000000038e-01 1.543437077432026172e+03
8.300935299999999684e-01 1.496971065659738997e+03
8.362952200000000058e-01 1.452105873803256600e+03
8.424928400000000206e-01 1.408817156831057446e+03
8.486945299999999470e-01 1.366974823588888512e+03
8.548962199999999845e-01 1.326544230903809876e+03
8.610938399999999993e-01 1.287495998651811306e+03
8.672955300000000367e-01 1.249732292166497700e+03
8.734972199999999631e-01 1.213239481072540002e+03
8.796948399999999779e-01 1.178006166226867208e+03
8.858965300000000154e-01 1.143956164447350830e+03
8.920982200000000528e-01 1.111085935268923549e+03
8.982958399999999566e-01 1.079390360285039151e+03
9.044975299999999940e-01 1.048802564563558462e+03
9.106992200000000315e-01 1.019317709336572534e+03
9.168968400000000463e-01 9.909264118373233714e+02
9.230985299999999727e-01 9.635614025044723121e+02
9.292961499999999875e-01 9.372259027824158011e+02
9.354978400000000249e-01 9.118496622044513060e+02
9.416995299999999514e-01 8.874117270873343841e+02
9.478971499999999661e-01 8.638860467532538223e+02
9.540988400000000036e-01 8.411983435432787246e+02
9.603005300000000410e-01 8.193193744642951515e+02
9.664981400000000056e-01 7.982169556570784152e+02
9.726998399999999823e-01 7.778174109033233208e+02
9.789015300000000197e-01 7.580898442589111710e+02
9.850991399999999842e-01 7.390030987433938208e+02
9.913008399999999609e-01 7.204909240298303530e+02
9.975025299999999984e-01 7.025280920149856456e+02
1.003700100000000095e+00 6.850915637894833026e+02
1.009901799999999961e+00 6.681277438416266250e+02
1.016099499999999933e+00 6.516328086897973435e+02
1.022301099999999963e+00 6.355639973016509430e+02
1.028502800000000050e+00 6.199141445401201054e+02
1.034700500000000023e+00 6.046798415118198591e+02
1.040902100000000052e+00 5.898319732324654296e+02
1.047103799999999918e+00 5.753735147112540744e+02
1.053301400000000054e+00 5.613099689938967458e+02
1.059503099999999920e+00 5.476207481083210951e+02
1.065704800000000008e+00 5.343145474675283140e+02
1.071902399999999922e+00 5.213996071883558443e+02
1.078104100000000010e+00 5.088585634546573147e+02
1.084305800000000097e+00 4.966991130292232128e+02
1.090503400000000012e+00 4.849267329171386791e+02
1.096705100000000099e+00 4.735220382236641399e+02
1.102906799999999965e+00 4.624872100717674357e+02
1.109104400000000101e+00 4.518213612620252206e+02
1.115306099999999967e+00 4.415004207061757597e+02
1.121503799999999940e+00 4.315258655587164753e+02
1.127705399999999969e+00 4.218710766939100267e+02
1.133907100000000057e+00 4.125267929942561977e+02
1.140104800000000029e+00 4.034821957619307682e+02
1.146306400000000059e+00 3.947082306517518191e+02
1.152508099999999924e+00 3.861926689159154762e+02
1.158705799999999897e+00 3.779231613161487076e+02
1.164907399999999926e+00 3.698719913342044947e+02
1.171109100000000014e+00 3.620281323905492741e+02
1.177306799999999987e+00 3.543817821980026110e+02
1.183508400000000016e+00 3.469100597128443724e+02
1.189710100000000104e+00 3.396064771388065537e+02
1.195907800000000076e+00 3.324665025869182386e+02
1.202109400000000106e+00 3.254738969506283297e+02
1.208307100000000078e+00 3.186323534754258162e+02
1.214508799999999944e+00 3.119299490881867882e+02
1.220710399999999973e+00 3.053697418744589527e+02
1.226908099999999946e+00 2.989555398560993922e+02
1.233109800000000034e+00 2.926802188030014804e+02
1.239311400000000063e+00 2.865498919835803804e+02
1.245509100000000036e+00 2.805704288676946021e+02
1.251710799999999901e+00 2.747365402894345152e+02
1.257912399999999931e+00 2.690542966265297764e+02
1.264110099999999903e+00 2.635285500381890529e+02
1.270311799999999991e+00 2.581529745865708492e+02
1.276513400000000020e+00 2.529309851044868651e+02
1.282711099999999993e+00 2.478642214668548434e+02
1.288912700000000022e+00 2.429437016162154350e+02
1.295110399999999995e+00 2.381718206627860468e+02
1.301312100000000083e+00 2.335375755336648353e+02
1.307513699999999890e+00 2.290382308039198733e+02
1.313711400000000085e+00 2.246696508212199035e+02
1.319913099999999950e+00 2.204188743985720293e+02
1.326114699999999980e+00 2.162810317598135441e+02
1.332312399999999952e+00 2.122506142890814260e+02
1.338514100000000040e+00 2.083146463632348286e+02
1.344715700000000069e+00 2.044683148190923987e+02
1.350913400000000042e+00 2.007069403344435159e+02
1.357115099999999908e+00 1.970195097151431014e+02
1.363316699999999937e+00 1.934031872554267579e+02
1.369514399999999910e+00 1.898557543156892393e+02
1.375716099999999997e+00 1.863693486281997593e+02
1.381913699999999912e+00 1.829462115867229102e+02
1.388115399999999999e+00 1.795804875246379027e+02
1.394317100000000087e+00 1.762740348380656030e+02
1.400514700000000001e+00 1.730293334759710433e+02
1.406716400000000089e+00 1.698430715091076308e+02
1.412918099999999955e+00 1.667188538761017753e+02
1.419115700000000091e+00 1.636603954472756470e+02
1.425317399999999957e+00 1.606654512424408381e+02
1.431519100000000044e+00 1.577377803404226313e+02
1.437716699999999959e+00 1.548807135946373137e+02
1.443918400000000046e+00 1.520915432269142684e+02
1.450120099999999912e+00 1.493727524190824454e+02
1.456317700000000048e+00 1.467260565643548773e+02
1.462519399999999914e+00 1.441473144107152677e+02
1.468721100000000002e+00 1.416370231201595402e+02
1.474918699999999916e+00 1.391948866716373345e+02
1.481120400000000004e+00 1.368152276485448340e+02
1.487317999999999918e+00 1.344982740270872341e+02
1.493519700000000006e+00 1.322376684098006194e+02
1.499721400000000093e+00 1.300314181196709740e+02
1.505919000000000008e+00 1.278772632593739615e+02
1.512120700000000095e+00 1.257686928102056072e+02
1.518322399999999961e+00 1.237036163743576935e+02
1.524520000000000097e+00 1.216800732780347829e+02
1.530721699999999963e+00 1.196924437758313502e+02
1.536923400000000051e+00 1.177395552828764380e+02
1.543120999999999965e+00 1.158206161999947028e+02
1.549322700000000053e+00 1.139315395389120766e+02
1.555524399999999918e+00 1.120725608708723371e+02
1.561722000000000055e+00 1.102443180216110221e+02
1.567923699999999920e+00 1.084442681401136781e+02
1.574121300000000057e+00 1.066750411664509102e+02
1.580322999999999922e+00 1.049348415286802094e+02
1.586524700000000010e+00 1.032256010802166486e+02
1.592722299999999924e+00 1.015492809166518384e+02
1.598924000000000012e+00 9.990454165188324964e+01
1.605125700000000100e+00 9.829330765899203470e+01
1.611323300000000014e+00 9.671725941993356912e+01
1.617525000000000102e+00 9.517473694682993823e+01
1.623726699999999967e+00 9.366694375632364711e+01
1.629924300000000104e+00 9.219468184709342040e+01
1.636125999999999969e+00 9.075551792207512847e+01
1.642327700000000057e+00 8.934963099938852338e+01
1.648525299999999971e+00 8.797681424392951044e+01
1.654727000000000059e+00 8.663388793893604145e+01
1.660924599999999973e+00 8.532105884295771148e+01
1.667126300000000061e+00 8.403487545127370595e+01
1.673327999999999927e+00 8.277442522153367577e+01
1.679525600000000063e+00 8.153872435472452196e+01
1.685727299999999929e+00 8.032441234406348940e+01
1.691929000000000016e+00 7.913072040140689012e+01
1.698126599999999931e+00 7.795701427088881985e+01
1.704328300000000018e+00 7.680057169639927395e+01
1.710530000000000106e+00 7.566127189571051304e+01
1.716727600000000020e+00 7.453923193785296064e+01
1.722929300000000108e+00 7.343263271307117179e+01
1.729130999999999974e+00 7.234215877294295183e+01
1.735328600000000110e+00 7.126869580264761339e+01
1.741530299999999976e+00 7.021120863906224940e+01
1.747732000000000063e+00 6.917095300605575403e+01
1.753929599999999978e+00 6.814923732974629900e+01
1.760131300000000065e+00 6.714538618537505954e+01
1.766328899999999980e+00 6.616138030012056959e+01
1.772530600000000067e+00 6.519649153857190527e+01
1.778732299999999933e+00 6.425181916090646439e+01
1.784929900000000069e+00 6.332823344836003088e+01
1.791131599999999935e+00 6.242456986106775219e+01
1.797333300000000023e+00 6.154127440088281276e+01
1.803530899999999937e+00 6.067850265852995051e+01
1.809732600000000025e+00 5.983447358963804419e+01
1.815934299999999890e+00 5.900891188108533925e+01
1.822131900000000027e+00 5.820131084828661727e+01
1.828333599999999892e+00 5.740942418681866144e+01
1.834535299999999980e+00 5.663251774300735519e+01
1.840732899999999894e+00 5.586977447620546400e+01
1.846934599999999982e+00 5.511887964031367204e+01
1.853132199999999896e+00 5.437958640545210187e+01
1.859333899999999984e+00 5.364979079679077500e+01
1.865535600000000072e+00 5.292901807730959263e+01
1.871733199999999986e+00 5.221696425178755874e+01
1.877934900000000074e+00 5.151213554977330489e+01
1.884136599999999939e+00 5.081468858187309223e+01
1.890334200000000076e+00 5.012499745979610566e+01
1.896535899999999941e+00 4.944229769238097560e+01
1.902737600000000029e+00 4.876740312682379397e+01
1.908935199999999943e+00 4.810128290134780826e+01
1.915136900000000031e+00 4.744372345578100436e+01
1.921338599999999897e+00 4.679592748406830083e+01
1.927536200000000033e+00 4.615911316264793385e+01
1.933737899999999899e+00 4.553322826182661487e+01
1.939935500000000035e+00 4.491983029270308947e+01
1.946137199999999901e+00 4.431873224137976308e+01
1.952338899999999988e+00 4.373082241761674283e+01
1.958536499999999902e+00 4.315677553222567298e+01
1.964738199999999990e+00 4.259592946413400938e+01
1.970939900000000078e+00 4.204855133754361418e+01
1.977137499999999992e+00 4.151465677753481032e+01
1.983339200000000080e+00 4.099299955171160548e+01
1.989540899999999946e+00 4.048320991002444913e+01
1.995738500000000082e+00 3.998472876344631288e+01
2.001940199999999948e+00 3.949589019213774321e+01
2.008141900000000035e+00 3.901594152501809987e+01
2.014339500000000172e+00 3.854407370699379243e+01
2.020541199999999815e+00 3.807855864289175685e+01
2.026742899999999903e+00 3.761866749078922112e+01
2.032940500000000039e+00 3.716376046205731853e+01
2.039142200000000127e+00 3.671243854666278139e+01
2.045339799999999819e+00 3.626467422269835339e+01
2.051541499999999907e+00 3.581944457465818488e+01
2.057743199999999995e+00 3.537682307538459980e+01
2.063940800000000131e+00 3.493708549415378428e+01
2.070142500000000219e+00 3.449983758379836729e+01
2.076344199999999862e+00 3.406574365538835281e+01
2.082541799999999999e+00 3.363561872781165363e+01
2.088743500000000086e+00 3.320955156039875078e+01
2.094945200000000174e+00 3.278857419631257386e+01
2.101142799999999866e+00 3.237375115054362595e+01
2.107344499999999954e+00 3.196532777892606347e+01
2.113546200000000042e+00 3.156433462967704173e+01
2.119743800000000178e+00 3.117170179310967626e+01
2.125945499999999821e+00 3.078746587770983467e+01
2.132143099999999958e+00 3.041254432332738133e+01
2.138344800000000046e+00 3.004668231811189116e+01
2.144546500000000133e+00 2.969018994086346908e+01
2.150744099999999825e+00 2.934316555721910191e+01
2.156945799999999913e+00 2.900483904186190642e+01
2.163147500000000001e+00 2.867496181293893542e+01
2.169345100000000137e+00 2.835311391880729559e+01
2.175546799999999781e+00 2.803811789687618017e+01
2.181748499999999868e+00 2.772934850321356492e+01
2.187946100000000005e+00 2.742611213162012973e+01
2.194147800000000093e+00 2.712710201329670667e+01
2.200349500000000180e+00 2.683163952525026019e+01
2.206547099999999872e+00 2.653909852599393560e+01
2.212748799999999960e+00 2.624836861335677440e+01
2.218946400000000096e+00 2.595923474111761209e+01
2.225148100000000184e+00 2.567085970231678260e+01
2.231349799999999828e+00 2.538314048772983966e+01
2.237547399999999964e+00 2.509613945268175783e+01
2.243749100000000052e+00 2.480951599807291430e+01
2.249950800000000140e+00 2.452365728553200697e+01
2.256148399999999832e+00 2.423909061809617072e+01
2.262350099999999919e+00 2.395589920211804369e+01
2.268551800000000007e+00 2.367482518053438056e+01
2.274749400000000144e+00 2.339666790208423208e+01
2.280951099999999787e+00 2.312170545368682539e+01
2.287152799999999875e+00 2.285076602910088184e+01
2.293350400000000011e+00 2.258463162699699112e+01
2.299552100000000099e+00 2.232349199863365641e+01
2.305749699999999791e+00 2.206814256588029011e+01
2.311951399999999879e+00 2.181858370380701118e+01
2.318153099999999966e+00 2.157519713805440986e+01
2.324350700000000103e+00 2.133821218054175262e+01
2.330552400000000191e+00 2.110725154674089055e+01
2.336754099999999834e+00 2.088227641310305671e+01
2.342951699999999970e+00 2.066310901349498863e+01
2.349153400000000058e+00 2.044903149709131895e+01
2.355355100000000146e+00 2.023967615152379551e+01
2.361552699999999838e+00 2.003460060877969795e+01
2.367754399999999926e+00 1.983292123070840418e+01
2.373956100000000013e+00 1.963415381421091865e+01
2.380153700000000150e+00 1.943782479624331927e+01
2.386355399999999793e+00 1.924311549269670252e+01
2.392557099999999881e+00 1.904966321810033847e+01
2.398754700000000017e+00 1.885718641199082413e+01
2.404956400000000105e+00 1.866512046165408378e+01
2.411153999999999797e+00 1.847351698436604650e+01
2.417355699999999885e+00 1.828203096143134587e+01
2.423557399999999973e+00 1.809080697308299079e+01
2.429755000000000109e+00 1.790009121263528158e+01
2.435956700000000197e+00 1.770984240614668792e+01
2.442158399999999840e+00 1.752047369750868100e+01
2.448355999999999977e+00 1.733245315221869021e+01
2.454557700000000064e+00 1.714591292152515933e+01
2.460759400000000152e+00 1.696137460356351667e+01
2.466956999999999844e+00 1.677934892940009703e+01
2.473158699999999932e+00 1.659996037511536215e+01
2.479360400000000020e+00 1.642365200795455138e+01
2.485558000000000156e+00 1.625079996657500203e+01
2.491759699999999800e+00 1.608136787727676520e+01
2.497957299999999936e+00 1.591569381666823801e+01
2.504159000000000024e+00 1.575359102718345916e+01
2.510360700000000111e+00 1.559512169228258571e+01
2.516558299999999804e+00 1.544026204111601430e+01
2.522759999999999891e+00 1.528861401689142241e+01
2.528961699999999979e+00 1.514003109545548575e+01
2.535159300000000115e+00 1.499431556135184707e+01
2.541361000000000203e+00 1.485095368904033464e+01
2.547562699999999847e+00 1.470970987085954640e+01
2.553760299999999983e+00 1.457034709319158416e+01
2.559962000000000071e+00 1.443237173945131779e+01
2.566163700000000158e+00 1.429559992069713381e+01
2.572361299999999851e+00 1.415988848805185185e+01
2.578562999999999938e+00 1.402487778814749220e+01
2.584760600000000075e+00 1.389062418498639673e+01
2.590962300000000162e+00 1.375688781086821777e+01
2.597163999999999806e+00 1.362375443771504813e+01
2.603361599999999942e+00 1.349136311956463707e+01
2.609563300000000030e+00 1.335963849874652887e+01
2.615765000000000118e+00 1.322880736390241729e+01
2.621962599999999810e+00 1.309912249568864340e+01
2.628164299999999898e+00 1.297059618843680795e+01
2.634365999999999985e+00 1.284350300920998045e+01
2.640563600000000122e+00 1.271810626450217008e+01
2.646765300000000209e+00 1.259440239458876754e+01
2.652966999999999853e+00 1.247260933520620441e+01
2.659164599999999989e+00 1.235290439803258167e+01
2.665366300000000077e+00 1.223518703666877805e+01
2.671568000000000165e+00 1.211955122434549637e+01
2.677765599999999857e+00 1.200604147929938570e+01
2.683967299999999945e+00 1.189443600335949114e+01
2.690164900000000081e+00 1.178477368998379049e+01
2.696366600000000169e+00 1.167677007822596558e+01
2.702568299999999812e+00 1.157033639253943846e+01
2.708765899999999949e+00 1.146536645230760243e+01
2.714967600000000036e+00 1.136154275076006215e+01
2.721169300000000124e+00 1.125876266687357941e+01
2.727366899999999816e+00 1.115693618938072795e+01
2.733568599999999904e+00 1.105579505115151662e+01
2.739770299999999992e+00 1.095530338864118747e+01
2.745967900000000128e+00 1.085545846623247712e+01
2.752169600000000216e+00 1.075609718195775422e+01
2.758371299999999859e+00 1.065729286004666498e+01
2.764568899999999996e+00 1.055915373266130253e+01
2.770770600000000083e+00 1.046162611853191216e+01
2.776968200000000220e+00 1.036494214980576523e+01
2.783169899999999863e+00 1.026909722108460521e+01
2.789371599999999951e+00 1.017429085672900513e+01
2.795569200000000087e+00 1.008072296786054878e+01
2.801770900000000175e+00 9.988402346836876333e+00
2.807972599999999819e+00 9.897509656521762622e+00
2.814170199999999955e+00 9.808199800203764696e+00
2.820371900000000043e+00 9.720422453726014211e+00
2.826573600000000130e+00 9.634271778489599924e+00
2.832771199999999823e+00 9.549801378034153743e+00
2.838972899999999910e+00 9.466860494248209079e+00
2.845174599999999998e+00 9.385430351646716574e+00
2.851372200000000134e+00 9.305455144686455071e+00
2.857573899999999778e+00 9.226692709601364228e+00
2.863775599999999866e+00 9.149038325681772221e+00
2.869973200000000002e+00 9.072370410939363694e+00
2.876174900000000090e+00 8.996410149694280989e+00
2.882372600000000062e+00 8.921082947033905697e+00
2.888574199999999870e+00 8.846130925776176213e+00
2.894775899999999957e+00 8.771458786299847432e+00
2.900973500000000094e+00 8.697002683687546920e+00
2.907175200000000181e+00 8.622582980690079779e+00
2.913376899999999825e+00 8.548204942063961198e+00
2.919574499999999961e+00 8.473912924955815384e+00
2.925776200000000049e+00 8.399643185478993246e+00
2.931977900000000137e+00 8.325516860843547917e+00
2.938175499999999829e+00 8.251688202463242305e+00
2.944377199999999917e+00 8.178192901280294080e+00
2.950578900000000004e+00 8.105234207476485153e+00
2.956776500000000141e+00 8.033026654388002896e+00
2.962978199999999784e+00 7.961645537739005185e+00
2.969175900000000201e+00 7.891349644612398073e+00
2.975377500000000008e+00 7.822201049990345822e+00
2.981579200000000096e+00 7.754372916923989223e+00
2.987776900000000069e+00 7.688009225424527138e+00
2.993978499999999876e+00 7.623091043572486569e+00
3.000180199999999964e+00 7.559686666063266891e+00
3.006377899999999936e+00 7.497823087158204558e+00
3.012579500000000188e+00 7.437367401251091970e+00
3.018781199999999831e+00 7.378265574704214735e+00
3.024978899999999804e+00 7.320428594396449995e+00
3.031180500000000055e+00 7.263627067596402753e+00
3.037382200000000143e+00 7.207719498583004203e+00
3.043579900000000116e+00 7.152551392555138499e+00
3.049781499999999923e+00 7.097857070730168694e+00
3.055979199999999896e+00 7.043514601812126408e+00
3.062180899999999983e+00 6.989277139414301843e+00
3.068382499999999791e+00 6.935024536415321350e+00
3.074580200000000207e+00 6.880662673413866948e+00
3.080781899999999851e+00 6.826029163179975434e+00
3.086983500000000102e+00 6.771105229207956100e+00
3.093181200000000075e+00 6.715910788810937504e+00
3.099382900000000163e+00 6.660402323183622464e+00
3.105584499999999970e+00 6.604682273025626493e+00
3.111782199999999943e+00 6.548886447329645755e+00
3.117983800000000194e+00 6.493076414563509147e+00
3.124185499999999838e+00 6.437441799590724045e+00
3.130383199999999810e+00 6.382190242806908387e+00
3.136584800000000062e+00 6.327429734486171853e+00
3.142782500000000034e+00 6.273405945359507463e+00
3.148984200000000122e+00 6.220216863352749925e+00
3.155185799999999929e+00 6.168047145985629420e+00
3.161383499999999902e+00 6.117050972441862911e+00
3.167585199999999990e+00 6.067255410119000381e+00
3.173786799999999797e+00 6.018751027727504699e+00
3.179984500000000214e+00 5.971584579532035697e+00
3.186186199999999857e+00 5.925675324919831510e+00
3.192387800000000109e+00 5.880996312378013791e+00
3.198585500000000081e+00 5.837480328442422817e+00
3.204787200000000169e+00 5.794948012085141542e+00
3.210988799999999976e+00 5.753279918424137662e+00
3.217186499999999949e+00 5.712334827266942305e+00
3.223388200000000037e+00 5.671884730678078412e+00
3.229589799999999844e+00 5.631779282980099666e+00
3.235787499999999817e+00 5.591871706713588352e+00
3.241989199999999904e+00 5.551954082553629100e+00
3.248186800000000041e+00 5.511942593288917891e+00
3.254388500000000128e+00 5.471675027078851450e+00
3.260590200000000216e+00 5.431099749839283675e+00
3.266787799999999908e+00 5.390200107319806477e+00
3.272989499999999996e+00 5.348913630402033270e+00
3.279191200000000084e+00 5.307293937890179336e+00
3.285388800000000220e+00 5.265428452312330698e+00
3.291590499999999864e+00 5.223350750960714883e+00
3.297792199999999951e+00 5.181201907839287912e+00
3.303989800000000088e+00 5.139141617396053796e+00
3.310191500000000175e+00 5.097257778577692022e+00
3.316393199999999819e+00 5.055726413528507379e+00
3.322590799999999955e+00 5.014719903701105430e+00
3.328792500000000043e+00 4.974319683835812356e+00
3.334990100000000179e+00 4.934698712308679625e+00
3.341191799999999823e+00 4.895902698311749290e+00
3.347393499999999911e+00 4.858030440601958766e+00
3.353591100000000047e+00 4.821149464008358088e+00
3.359792800000000135e+00 4.785223983882998411e+00
3.365994499999999778e+00 4.750261233242628833e+00
3.372192099999999915e+00 4.716236810922770140e+00
3.378393800000000002e+00 4.683032740295696605e+00
3.384595500000000090e+00 4.650576396713815619e+00
3.390793099999999782e+00 4.618775700874333090e+00
3.396994799999999870e+00 4.587463868702478464e+00
3.403196499999999958e+00 4.556531603655953333e+00
3.409394100000000094e+00 4.525869071625046480e+00
3.415595800000000182e+00 4.495312219190241265e+00
3.421793399999999874e+00 4.464790150173236327e+00
3.427995099999999962e+00 4.434168026066526380e+00
3.434196800000000049e+00 4.403392391713787823e+00
3.440394400000000186e+00 4.372433840716070108e+00
3.446596099999999829e+00 4.341226720387992621e+00
3.452797799999999917e+00 4.309792306596023970e+00
3.458995400000000053e+00 4.278177082364982731e+00
3.465197100000000141e+00 4.246387227051020119e+00
3.471398799999999785e+00 4.214511000182635136e+00
3.477596399999999921e+00 4.182652228413722639e+00
3.483798100000000009e+00 4.150862179505272032e+00
3.489999800000000096e+00 4.119261060040729561e+00
3.496197399999999789e+00 4.087969040075242866e+00
3.502399099999999876e+00 4.057039651430827121e+00
3.508600799999999964e+00 4.026579397404375982e+00
3.514798400000000100e+00 3.996680170662282983e+00
3.521000100000000188e+00 3.967357986884970877e+00
3.527197699999999880e+00 3.938688085079536716e+00
3.533399399999999968e+00 3.910648596278702538e+00
3.539601100000000056e+00 3.883254023890383877e+00
3.545798700000000192e+00 3.856497192176623123e+00
3.552000399999999836e+00 3.830299779463983700e+00
3.558202099999999923e+00 3.804621087161121462e+00
3.564399700000000060e+00 3.779406726066416145e+00
3.570601400000000147e+00 3.754543959423876309e+00
3.576803099999999791e+00 3.729965881685560092e+00
3.583000699999999927e+00 3.705604804126497953e+00
3.589202400000000015e+00 3.681348908844969348e+00
3.595404100000000103e+00 3.657142695626644624e+00
3.601601699999999795e+00 3.632941791411609334e+00
3.607803399999999883e+00 3.608667722260310295e+00
3.614001000000000019e+00 3.584321924544283000e+00
3.620202700000000107e+00 3.559858262643922799e+00
3.626404400000000194e+00 3.535295754601623486e+00
3.632601999999999887e+00 3.510669764804336790e+00
3.638803699999999974e+00 3.485981267004624407e+00
3.645005400000000062e+00 3.461292331481744089e+00
3.651203000000000198e+00 3.436674378902129234e+00
3.657404699999999842e+00 3.412156052301124287e+00
3.663606399999999930e+00 3.387817484635633036e+00
3.669804000000000066e+00 3.363737357842901510e+00
3.676005700000000154e+00 3.339942240938298834e+00
3.682207399999999797e+00 3.316499140168761350e+00
3.688404999999999934e+00 3.293464055164486481e+00
3.694606700000000021e+00 3.270835285127658754e+00
3.700804300000000158e+00 3.248658089569833152e+00
3.707005999999999801e+00 3.226904474261872657e+00
3.713207699999999889e+00 3.205576770635276684e+00
3.719405300000000025e+00 3.184663276777274898e+00
3.725607000000000113e+00 3.164099587991200835e+00
3.731808700000000201e+00 3.143853724360150537e+00
3.738006299999999893e+00 3.123886282272100967e+00
3.744207999999999981e+00 3.104114642293744897e+00
3.750409700000000068e+00 3.084495206408286005e+00
3.756607300000000205e+00 3.064986325471033446e+00
3.762808999999999848e+00 3.045512861386808545e+00
3.769010699999999936e+00 3.026046069203913724e+00
3.775208300000000072e+00 3.006566885916468923e+00
3.781410000000000160e+00 2.987028774415674715e+00
3.787611699999999804e+00 2.967435868008337696e+00
3.793809299999999940e+00 2.947804646935861417e+00
3.800011000000000028e+00 2.928124344594772666e+00
3.806208600000000164e+00 2.908446790946077609e+00
3.812410299999999808e+00 2.888780741223079485e+00
3.818611999999999895e+00 2.869180860976911607e+00
3.824809600000000032e+00 2.849706007365961469e+00
3.831011300000000119e+00 2.830378110236765110e+00
3.837213000000000207e+00 2.811256792947893324e+00
3.843410599999999899e+00 2.792397473431252219e+00
3.849612299999999987e+00 2.773812139586250058e+00
3.855814000000000075e+00 2.755542192019918790e+00
3.862011600000000211e+00 2.737618496456927897e+00
3.868213299999999855e+00 2.720025695841032487e+00
3.874414999999999942e+00 2.702772909785584599e+00
3.880612600000000079e+00 2.685857319183881486e+00
3.886814300000000166e+00 2.669232353650287770e+00
3.893011899999999859e+00 2.652886852261136852e+00
3.899213599999999946e+00 2.636758819276529220e+00
3.905415300000000034e+00 2.620813724808053635e+00
3.911612900000000170e+00 2.605013946377728651e+00
3.917814599999999814e+00 2.589290506111820989e+00
3.924016299999999902e+00 2.573608281613310567e+00
3.930213900000000038e+00 2.557936922274642200e+00
3.936415600000000126e+00 2.542222002962893690e+00
3.942617300000000213e+00 2.526448941938461701e+00
3.948814899999999906e+00 2.510613336732899992e+00
3.955016599999999993e+00 2.494690106105851513e+00
3.961218300000000081e+00 2.478696501313808920e+00
3.967415900000000217e+00 2.462660456848587476e+00
3.973617599999999861e+00 2.446587585231705386e+00
3.979815199999999997e+00 2.430533980975036812e+00
3.986016900000000085e+00 2.414519415492633048e+00
3.992218600000000173e+00 2.398599463809852672e+00
3.998416199999999865e+00 2.382830929392164343e+00
4.004617900000000397e+00 2.367238323873057659e+00
4.010819599999999596e+00 2.351874047888739216e+00
4.017017199999999733e+00 2.336784152486617305e+00
4.023218899999999820e+00 2.321977097760590247e+00
4.029420599999999908e+00 2.307482112041574052e+00
4.035618200000000044e+00 2.293317244123367793e+00
4.041819900000000132e+00 2.279461630281483853e+00
4.048021600000000220e+00 2.265911742720503774e+00
4.054219200000000356e+00 2.252652967368796944e+00
4.060420900000000444e+00 2.239635315050578779e+00
4.066618499999999692e+00 2.226836024309907458e+00
4.072820199999999780e+00 2.214192579329060440e+00
4.079017799999999916e+00 2.201672865565845960e+00
4.085211400000000381e+00 2.189226854697222002e+00
4.091404899999999678e+00 2.176798727132670308e+00
4.097639199999999704e+00 2.164262201959119558e+00
4.103832699999999889e+00 2.151743564709875933e+00
4.110026300000000354e+00 2.139131255100206630e+00
4.116219799999999651e+00 2.126405833895608222e+00
4.122413400000000117e+00 2.113557620761491229e+00
4.128606900000000302e+00 2.100588783986714336e+00
4.134841200000000327e+00 2.087425322969924668e+00
4.141034699999999624e+00 2.074262603536281446e+00
4.147228300000000090e+00 2.061046640069380320e+00
4.153421800000000275e+00 2.047817323898939890e+00
4.159615399999999852e+00 2.034619108823638278e+00
4.165808900000000037e+00 2.021500436269354051e+00
4.172043200000000063e+00 2.008424760398860087e+00
4.178236700000000248e+00 1.995610417027906536e+00
4.184430299999999825e+00 1.983013915394292059e+00
4.190623800000000010e+00 1.970672089224612789e+00
4.196817399999999587e+00 1.958612784581266197e+00
4.203010899999999772e+00 1.946855011124939638e+00
4.209245199999999798e+00 1.935332215989624238e+00
4.215438699999999983e+00 1.924192185213335904e+00
4.221632299999999560e+00 1.913344358236777287e+00
4.227825799999999745e+00 1.902764884996797079e+00
4.234019400000000211e+00 1.892420140922252081e+00
4.240212900000000396e+00 1.882269705109765434e+00
4.246447200000000421e+00 1.872201645458025254e+00
4.252640699999999718e+00 1.862297954638187480e+00
4.258834300000000184e+00 1.852441782310811025e+00
4.265027800000000369e+00 1.842584664776130365e+00
4.271221399999999946e+00 1.832681435061288333e+00
4.277414900000000131e+00 1.822693647012600060e+00
4.283649200000000157e+00 1.812523307722750054e+00
4.289842700000000342e+00 1.802281983711325086e+00
4.296036299999999919e+00 1.791892319115081289e+00
4.302229800000000104e+00 1.781354449248946592e+00
4.308423399999999681e+00 1.770678614608929058e+00
4.314616899999999866e+00 1.759885939756797413e+00
4.320810400000000051e+00 1.749006157306318476e+00
4.327044700000000077e+00 1.738004713894480080e+00
4.333238299999999654e+00 1.727068934160538305e+00
4.339431799999999839e+00 1.716174154941263019e+00
4.345625400000000305e+00 1.705368164318923796e+00
4.351818899999999601e+00 1.694698371766268030e+00
4.358012399999999786e+00 1.684208297253054543e+00
4.364246699999999812e+00 1.673869290147857347e+00
4.370440300000000278e+00 1.663847577231247321e+00
4.376633799999999574e+00 1.654097150845499353e+00
4.382827400000000040e+00 1.644629979506087025e+00
4.389020900000000225e+00 1.635448298756715824e+00
4.395214400000000410e+00 1.626543484949559026e+00
4.401448700000000436e+00 1.617840969283774744e+00
4.407642300000000013e+00 1.609426922221375289e+00
4.413835800000000198e+00 1.601208709441859224e+00
4.420029399999999775e+00 1.593145001945084793e+00
4.426222899999999960e+00 1.585191043578043635e+00
4.432416400000000145e+00 1.577299885395457846e+00
4.438650700000000171e+00 1.569373204885368578e+00
4.444844299999999748e+00 1.561470585635254871e+00
4.451037799999999933e+00 1.553501245071220227e+00
4.457231400000000399e+00 1.545432179354622404e+00
4.463424899999999695e+00 1.537238772187252245e+00
4.469618399999999880e+00 1.528904949513767653e+00
4.475852699999999906e+00 1.520367970911503219e+00
4.482046300000000372e+00 1.511742811472398085e+00
4.488239799999999669e+00 1.502987160516403797e+00
4.494433299999999853e+00 1.494122327138327488e+00
4.500626900000000319e+00 1.485177109449053567e+00
4.506820399999999616e+00 1.476186738134881216e+00
4.513054699999999642e+00 1.467131053347947134e+00
4.519248300000000107e+00 1.458170146967910474e+00
4.525441800000000292e+00 1.449286771637878779e+00
4.531635299999999589e+00 1.440520802840401515e+00
4.537828900000000054e+00 1.431908507579803480e+00
4.544022400000000239e+00 1.423481272566917699e+00
4.550256700000000265e+00 1.415209969723546068e+00
4.556450299999999842e+00 1.407219460358765106e+00
4.562643800000000027e+00 1.399463348288340070e+00
4.568837300000000212e+00 1.391941024163483975e+00
4.575030899999999789e+00 1.384643396769633217e+00
4.581224399999999974e+00 1.377553804283631500e+00
4.587458700000000000e+00 1.370603307336157428e+00
4.593652299999999578e+00 1.363852997817477597e+00
4.599845799999999763e+00 1.357223199908300204e+00
4.606039299999999947e+00 1.350677452743823448e+00
4.612232900000000413e+00 1.344178546778733940e+00
4.618426399999999710e+00 1.337690597656785441e+00
4.624660699999999736e+00 1.331137065109514239e+00
4.630854300000000201e+00 1.324574273684792081e+00
4.637047800000000386e+00 1.317935966456368124e+00
4.643241299999999683e+00 1.311204811058307440e+00
4.649434900000000148e+00 1.304370574694170060e+00
4.655628400000000333e+00 1.297430745882021119e+00
4.661862700000000359e+00 1.290343095195491285e+00
4.668056299999999936e+00 1.283211810633523520e+00
4.674249800000000121e+00 1.276008665773705530e+00
4.680443300000000306e+00 1.268756222037453307e+00
4.686636899999999883e+00 1.261480850733013304e+00
4.692830400000000068e+00 1.254211676233310202e+00
4.699064700000000094e+00 1.246930912457841156e+00
4.705258299999999672e+00 1.239763103363088481e+00
4.711451799999999857e+00 1.232687853044246218e+00
4.717645300000000042e+00 1.225728904349855375e+00
4.723838899999999619e+00 1.218905607619576337e+00
4.730032399999999804e+00 1.212232404971993915e+00
4.736266699999999830e+00 1.205675233073706609e+00
4.742460300000000295e+00 1.199322201220888173e+00
4.748653799999999592e+00 1.193126448610404511e+00
4.754847299999999777e+00 1.187078631040904941e+00
4.761040900000000242e+00 1.181164431938112269e+00
4.767234400000000427e+00 1.175365704422867585e+00
4.773428000000000004e+00 1.169660856227099810e+00
4.779662300000000030e+00 1.163989839930778647e+00
4.785855800000000215e+00 1.158402702411684082e+00
4.792049300000000400e+00 1.152838746872322240e+00
4.798242899999999977e+00 1.147276249748696797e+00
4.804436400000000162e+00 1.141696538298466290e+00
4.810629999999999740e+00 1.136084223997148257e+00
4.816864299999999766e+00 1.130391154304639212e+00
4.823057799999999951e+00 1.124685515729879626e+00
4.829251300000000136e+00 1.118928854952193852e+00
4.835444899999999713e+00 1.113124456448874477e+00
4.841638399999999898e+00 1.107280252130110609e+00
4.847832000000000363e+00 1.101407582517520023e+00
4.854066300000000389e+00 1.095482398462995777e+00
4.860259799999999686e+00 1.089598917607770057e+00
4.866453299999999871e+00 1.083736179097174013e+00
4.872646900000000336e+00 1.077911968851362312e+00
4.878840399999999633e+00 1.072143445585048038e+00
4.885034000000000098e+00 1.066445561340551684e+00
4.891268300000000124e+00 1.060794319248339113e+00
4.897461800000000309e+00 1.055272876566746953e+00
4.903655299999999606e+00 1.049849478968245986e+00
4.909848900000000071e+00 1.044525634790388180e+00
4.916042400000000256e+00 1.039299190493782943e+00
4.922235999999999834e+00 1.034163955476754548e+00
4.928470199999999579e+00 1.029077842495513595e+00
4.934663800000000045e+00 1.024095061708195864e+00
4.940857300000000230e+00 1.019168408374987012e+00
4.947050899999999807e+00 1.014282730977195568e+00
4.953244399999999992e+00 1.009422991031215133e+00
4.959437999999999569e+00 1.004574513570891670e+00
4.965672200000000203e+00 9.996925452162268577e-01
4.971865799999999780e+00 9.948298609347351329e-01
4.978059299999999965e+00 9.899468670522045821e-01
4.984252900000000430e+00 9.850387846313786167e-01
4.990446399999999727e+00 9.801046650758333811e-01
4.996640000000000192e+00 9.751467907873624386e-01
5.002874199999999938e+00 9.701384054558919168e-01
5.009067800000000403e+00 9.651536400308924346e-01
5.015261299999999700e+00 9.601713467275230229e-01
5.021454900000000166e+00 9.552045071636739992e-01
5.027648400000000350e+00 9.502674486454740777e-01
5.033841999999999928e+00 9.453743644888876752e-01
5.040076199999999673e+00 9.405075428995546272e-01
5.046269800000000139e+00 9.357426351992410574e-01
5.052463300000000324e+00 9.310577786114866417e-01
5.058656899999999901e+00 9.264599377400420943e-01
5.064850400000000086e+00 9.219530700049098915e-01
5.071043999999999663e+00 9.175372514111328481e-01
5.077278200000000297e+00 9.131810103160976633e-01
5.083471799999999874e+00 9.089340371648793049e-01
5.089665300000000059e+00 9.047574948664957040e-01
5.095858899999999636e+00 9.006382665284240474e-01
5.102052399999999821e+00 8.965614305962834596e-01
5.108246000000000286e+00 8.925105059579153677e-01
5.114480200000000032e+00 8.884422731442390697e-01
5.120673799999999609e+00 8.843933087431480322e-01
5.126867299999999794e+00 8.803221999323466163e-01
5.133060900000000260e+00 8.762160124417306406e-01
5.139254399999999556e+00 8.720649654482871549e-01
5.145448000000000022e+00 8.678624770440690472e-01
5.151682199999999767e+00 8.635779553752217508e-01
5.157875800000000233e+00 8.592687209718694596e-01
5.164069300000000418e+00 8.549127069214297325e-01
5.170262899999999995e+00 8.505192098795406608e-01
5.176456400000000180e+00 8.461012379863891431e-01
5.182649999999999757e+00 8.416743411547116249e-01
5.188884200000000391e+00 8.372274629587722616e-01
5.195077799999999968e+00 8.328375876639468878e-01
5.201271300000000153e+00 8.284949827857781557e-01
5.207464899999999730e+00 8.242179892586383172e-01
5.213658399999999915e+00 8.200235531750315054e-01
5.219851900000000100e+00 8.159258658335120096e-01
5.226045499999999677e+00 8.119358209671685422e-01
5.232279799999999703e+00 8.080354612131473990e-01
5.238473299999999888e+00 8.042785083551762249e-01
5.244666900000000354e+00 8.006371806751345632e-01
5.250860399999999650e+00 7.971052799712380343e-01
5.257053899999999835e+00 7.936721720233415045e-01
5.263247500000000301e+00 7.903234240603101979e-01
5.269481800000000327e+00 7.870201640013607669e-01
5.275675299999999623e+00 7.837855632392802807e-01
5.281868900000000089e+00 7.805764225832236836e-01
5.288062400000000274e+00 7.773710952047097056e-01
5.294255899999999571e+00 7.741483894257665810e-01
5.300449500000000036e+00 7.708887304464058232e-01
5.306683800000000062e+00 7.675532162926265167e-01
5.312877300000000247e+00 7.641717930972334871e-01
5.319070899999999824e+00 7.607132303233457016e-01
5.325264400000000009e+00 7.571726010384658423e-01
5.331457900000000194e+00 7.535495659539717117e-01
5.337651499999999771e+00 7.498485619564576599e-01
5.343885799999999797e+00 7.460537514085490152e-01
5.350079299999999982e+00 7.422280674836584380e-01
5.356272899999999559e+00 7.383636263183497306e-01
5.362466399999999744e+00 7.344801005040610953e-01
5.368659899999999929e+00 7.305988041279898315e-01
5.374853500000000395e+00 7.267418741747000421e-01
5.381087800000000421e+00 7.229065121673685645e-01
5.387281299999999717e+00 7.191636871492986804e-01
5.393474900000000183e+00 7.155065443732701036e-01
5.399668400000000368e+00 7.119505883150177850e-01
5.405861899999999665e+00 7.085073362853331336e-01
5.412055500000000130e+00 7.051839710992452437e-01
5.418289800000000156e+00 7.019624865140021708e-01
5.424483300000000341e+00 6.988827616093366002e-01
5.430676899999999918e+00 6.959163774692738169e-01
5.436870400000000103e+00 6.930522345270605511e-01
5.443063900000000288e+00 6.902753198228813725e-01
5.449257499999999865e+00 6.875675715214659700e-01
5.455491799999999891e+00 6.848914576781424124e-01
5.461685300000000076e+00 6.822603705839718202e-01
5.467878899999999653e+00 6.796348971966321706e-01
5.474072399999999838e+00 6.769941644880486109e-01
5.480265900000000023e+00 6.743188937367312619e-01
5.486459499999999601e+00 6.715923950866365955e-01
5.492693799999999626e+00 6.687828190292477437e-01
5.498887299999999811e+00 6.659174495315711706e-01
5.505080900000000277e+00 6.629729882304589150e-01
5.511274399999999574e+00 6.599489137038155873e-01
5.517467899999999759e+00 6.568490003994154058e-01
5.523661500000000224e+00 6.536812137979349790e-01
5.529895800000000250e+00 6.504360421035231266e-01
5.536089300000000435e+00 6.471709305388817501e-01
5.542282900000000012e+00 6.438821056890052796e-01
5.548476400000000197e+00 6.405885722583751773e-01
5.554669900000000382e+00 6.373098152938381222e-01
5.560863499999999959e+00 6.340650338516590212e-01
5.567097799999999985e+00 6.308515765494220329e-01
5.573291300000000170e+00 6.277275830804025514e-01
5.579484899999999747e+00 6.246850833169692585e-01
5.585678399999999932e+00 6.217341612992602906e-01
5.591871900000000117e+00 6.188810295255497973e-01
5.598065499999999695e+00 6.161279573180858948e-01
5.604299799999999721e+00 6.134561913882756734e-01
5.610493299999999905e+00 6.108951146365819707e-01
5.616686900000000371e+00 6.084178657237638843e-01
5.622880399999999668e+00 6.060125100978919210e-01
5.629073899999999853e+00 6.036646221858883443e-01
5.635267500000000318e+00 6.013581368374476543e-01
5.641501800000000344e+00 5.990612589189926451e-01
5.647695299999999641e+00 5.967870036015716639e-01
5.653888799999999826e+00 5.945041247137269336e-01
5.660082400000000291e+00 5.921979404418262760e-01
5.666275899999999588e+00 5.898560431012856986e-01
5.672469500000000053e+00 5.874685720905545860e-01
5.678703800000000079e+00 5.850126556851861226e-01
5.684897300000000264e+00 5.825170226105864657e-01
5.691090799999999561e+00 5.799658203876304485e-01
5.697284400000000026e+00 5.773623408235268872e-01
5.703477900000000211e+00 5.747130374006800269e-01
