6.108177000000000051e-02 8.391766928888206678e+01 9.160658780288787995e+00 9.160658780288787995e+00
6.727816400000000141e-02 8.716537193959894125e+01 9.336239710911398149e+00 9.336239710911398149e+00
7.347496600000000266e-02 8.732575617942974588e+01 9.344825101596590855e+00 9.344825101596590855e+00
7.967135999999999663e-02 8.582638455472013561e+01 9.264253048936009094e+00 9.264253048936009094e+00
8.586816199999999788e-02 8.264497879873991337e+01 9.090928379364777712e+00 9.090928379364777712e+00
9.206455600000000572e-02 8.073985893474532816e+01 8.985536096123889038e+00 8.985536096123889038e+00
9.826135799999999310e-02 8.256644344905035382e+01 9.086607917647286925e+00 9.086607917647286925e+00
1.044577500000000020e-01 8.583227055507165915e+01 9.264570716178470278e+00 9.264570716178470278e+00
1.106545500000000043e-01 8.788093752019560156e+01 9.374483320172670275e+00 9.374483320172670275e+00
1.168509499999999951e-01 8.803026195042180291e+01 9.382444348378614407e+00 9.382444348378614407e+00
1.230477499999999974e-01 8.678791773153218969e+01 9.316003313198862656e+00 9.316003313198862656e+00
1.292441400000000074e-01 8.489441345306046571e+01 9.213816443421285030e+00 9.213816443421285030e+00
1.354409500000000044e-01 8.323173332158438598e+01 9.123142732720143755e+00 9.123142732720143755e+00
1.416373400000000005e-01 8.247935285318446574e+01 9.081814403145687109e+00 9.081814403145687109e+00
1.478341400000000028e-01 8.262472139424991724e+01 9.089814156199780726e+00 9.089814156199780726e+00
1.540305399999999936e-01 8.330959334075660649e+01 9.127408906187813642e+00 9.127408906187813642e+00
1.602273399999999959e-01 8.403914895258972706e+01 9.167286891583012576e+00 9.167286891583012576e+00
1.664237299999999919e-01 8.473387981438378347e+01 9.205100749822555883e+00 9.205100749822555883e+00
1.726205299999999943e-01 8.564681760924516141e+01 9.254556586311695199e+00 9.254556586311695199e+00
1.788169300000000128e-01 8.680560710004289149e+01 9.316952672416174863e+00 9.316952672416174863e+00
1.850137299999999874e-01 8.794878877497949077e+01 9.378101554951273400e+00 9.378101554951273400e+00
1.912101200000000112e-01 8.876354528503530616e+01 9.421440722364881282e+00 9.421440722364881282e+00
1.974069300000000082e-01 8.908929377298288443e+01 9.438712506109235179e+00 9.438712506109235179e+00
2.036037300000000105e-01 8.881848576659089645e+01 9.424355986834903831e+00 9.424355986834903831e+00
2.098001200000000066e-01 8.799355061697056613e+01 9.380487760077860671e+00 9.380487760077860671e+00
2.159969200000000089e-01 8.675872727107565652e+01 9.314436497774606138e+00 9.314436497774606138e+00
2.221933199999999997e-01 8.524316344010354385e+01 9.232722428412085236e+00 9.232722428412085236e+00
2.283901200000000020e-01 8.359872196314147175e+01 9.143233671034634469e+00 9.143233671034634469e+00
2.345865099999999981e-01 8.203920510771260410e+01 9.057549619390037776e+00 9.057549619390037776e+00
2.407833100000000004e-01 8.070926871713334094e+01 8.983833742736635486e+00 8.983833742736635486e+00
2.469797099999999912e-01 7.958752163395389800e+01 8.921183869529530241e+00 8.921183869529530241e+00
2.531765100000000213e-01 7.861508347029763399e+01 8.866514730732568239e+00 8.866514730732568239e+00
2.593729000000000173e-01 7.780948443373169710e+01 8.820968452144679617e+00 8.820968452144679617e+00
2.655697100000000144e-01 7.722269873192905720e+01 8.787644663499376563e+00 8.787644663499376563e+00
2.717661000000000104e-01 7.688163966831201890e+01 8.768217587874516994e+00 8.768217587874516994e+00
2.779629000000000127e-01 7.677584263475542059e+01 8.762182526902495994e+00 8.762182526902495994e+00
2.841593000000000035e-01 7.684374824207439758e+01 8.766056595874475832e+00 8.766056595874475832e+00
2.903561000000000059e-01 7.696935112096547016e+01 8.773217831614889661e+00 8.773217831614889661e+00
2.965524900000000019e-01 7.703295348325660541e+01 8.776841885510791030e+00 8.776841885510791030e+00
3.027492900000000042e-01 7.694713797781163578e+01 8.771951776988496263e+00 8.771951776988496263e+00
3.089456899999999950e-01 7.669430536693481315e+01 8.757528496495732284e+00 8.757528496495732284e+00
3.151424899999999973e-01 7.628072509646948163e+01 8.733883734998393322e+00 8.733883734998393322e+00
3.213392899999999996e-01 7.571335860047119581e+01 8.701342344746079149e+00 8.701342344746079149e+00
3.275356899999999905e-01 7.501396371442028510e+01 8.661060195750881263e+00 8.661060195750881263e+00
3.337324899999999928e-01 7.421109252821142377e+01 8.614586033478998317e+00 8.614586033478998317e+00
3.399288799999999888e-01 7.333209856287938067e+01 8.563416290411169030e+00 8.563416290411169030e+00
3.461256799999999911e-01 7.241574976868341196e+01 8.509744400902027550e+00 8.509744400902027550e+00
3.523220799999999819e-01 7.148836695573953648e+01 8.455079358334819162e+00 8.455079358334819162e+00
3.585188799999999842e-01 7.055291911950794770e+01 8.399578508443619640e+00 8.399578508443619640e+00
3.647152699999999803e-01 6.958900505309246398e+01 8.342002460626133598e+00 8.342002460626133598e+00
3.709120799999999774e-01 6.856701412488116887e+01 8.280520160284689624e+00 8.280520160284689624e+00
3.771084699999999734e-01 6.746777811111377332e+01 8.213877166789979256e+00 8.213877166789979256e+00
3.833052699999999757e-01 6.629760742307423982e+01 8.142334273602026329e+00 8.142334273602026329e+00
3.895016700000000220e-01 6.508426993086226275e+01 8.067482254759676508e+00 8.067482254759676508e+00
3.956984700000000243e-01 6.385572765176286225e+01 7.990977890831813646e+00 7.990977890831813646e+00
4.018948600000000204e-01 6.263397323337346734e+01 7.914162825806243973e+00 7.914162825806243973e+00
4.080932899999999974e-01 6.144166194433093153e+01 7.838473189616133929e+00 7.838473189616133929e+00
4.142868399999999895e-01 6.030095461345567998e+01 7.765368929642407991e+00 7.765368929642407991e+00
4.204844500000000096e-01 5.922391417820765014e+01 7.695707516415086324e+00 7.695707516415086324e+00
4.266820700000000244e-01 5.821904763709785868e+01 7.630140735078080105e+00 7.630140735078080105e+00
4.328796899999999837e-01 5.728214501692723104e+01 7.568496879627237384e+00 7.568496879627237384e+00
4.390732299999999810e-01 5.640051075528444358e+01 7.510027347172874457e+00 7.510027347172874457e+00
4.452708400000000011e-01 5.555123205491035776e+01 7.453269890116039242e+00 7.453269890116039242e+00
4.514684600000000159e-01 5.471023614979351635e+01 7.396636813430379043e+00 7.396636813430379043e+00
4.576660799999999751e-01 5.385580323008508685e+01 7.338651322285661749e+00 7.338651322285661749e+00
4.638596199999999725e-01 5.297007406261880647e+01 7.278054277251496451e+00 7.278054277251496451e+00
4.700572399999999873e-01 5.203786400902419729e+01 7.213727469833068007e+00 7.213727469833068007e+00
4.762548500000000073e-01 5.105127705452969877e+01 7.145017638503749602e+00 7.145017638503749602e+00
4.824524700000000221e-01 5.001357190404878139e+01 7.072027425289637570e+00 7.072027425289637570e+00
4.886460100000000195e-01 4.893655670461871665e+01 6.995466868238224833e+00 6.995466868238224833e+00
4.948436299999999788e-01 4.783118258957573943e+01 6.916009151929726428e+00 6.916009151929726428e+00
5.010412400000000543e-01 4.670876680541159942e+01 6.834381230617121439e+00 6.834381230617121439e+00
5.072388599999999581e-01 4.557918746652668318e+01 6.751235995469769158e+00 6.751235995469769158e+00
5.134324000000000110e-01 4.445210515544631846e+01 6.667241195235576789e+00 6.667241195235576789e+00
5.196300200000000258e-01 4.333391116328100878e+01 6.582849775232684664e+00 6.582849775232684664e+00
5.258276400000000406e-01 4.223177314640195590e+01 6.498597783091515367e+00 6.498597783091515367e+00
5.320252500000000051e-01 4.115198358956460822e+01 6.414981183882351168e+00 6.414981183882351168e+00
5.382187899999999470e-01 4.010022951556545934e+01 6.332474201729167973e+00 6.332474201729167973e+00
5.444164099999999618e-01 3.907992116102925451e+01 6.251393537526593214e+00 6.251393537526593214e+00
5.506140299999999765e-01 3.809502724294463150e+01 6.172116917472045827e+00 6.172116917472045827e+00
5.568116400000000521e-01 3.714756441712943769e+01 6.094880180703262873e+00 6.094880180703262873e+00
5.630051900000000442e-01 3.623892007768328227e+01 6.019877081609165792e+00 6.019877081609165792e+00
5.692028000000000088e-01 3.536889664627078389e+01 5.947175518367587621e+00 5.947175518367587621e+00
5.754004200000000235e-01 3.453770555552947030e+01 5.876878895768524735e+00 5.876878895768524735e+00
5.815980400000000383e-01 3.374519558112712048e+01 5.809061506054753465e+00 5.809061506054753465e+00
5.877915799999999802e-01 3.299000457410549814e+01 5.743692590494855033e+00 5.743692590494855033e+00
5.939891899999999447e-01 3.226776541219332728e+01 5.680472287776195728e+00 5.680472287776195728e+00
6.001868099999999595e-01 3.157493298270134829e+01 5.619157675550789044e+00 5.619157675550789044e+00
6.063844299999999743e-01 3.090762586749783480e+01 5.559462731910146616e+00 5.559462731910146616e+00
6.125779700000000272e-01 3.026218895518092822e+01 5.501107975233800573e+00 5.501107975233800573e+00
6.187755900000000420e-01 2.963507201659899692e+01 5.443810431728771881e+00 5.443810431728771881e+00
6.249732000000000065e-01 2.902256029191634923e+01 5.387259070428704888e+00 5.387259070428704888e+00
6.311708200000000213e-01 2.842224089602690285e+01 5.331251344293091776e+00 5.331251344293091776e+00
6.373643599999999632e-01 2.783075872628086955e+01 5.275486586683816981e+00 5.275486586683816981e+00
6.435619799999999779e-01 2.724532570227573558e+01 5.219705518731466931e+00 5.219705518731466931e+00
6.497595900000000535e-01 2.666405136572708301e+01 5.163724563309616045e+00 5.163724563309616045e+00
6.559572099999999573e-01 2.608513443210835092e+01 5.107360808882445369e+00 5.107360808882445369e+00
6.621507500000000102e-01 2.550797124707167640e+01 5.050541678579801186e+00 5.050541678579801186e+00
6.683483700000000249e-01 2.493176320991581818e+01 4.993171658366635235e+00 4.993171658366635235e+00
6.745459900000000397e-01 2.435766788630607138e+01 4.935348811006783798e+00 4.935348811006783798e+00
6.807436000000000043e-01 2.378617825827603482e+01 4.877107570914961165e+00 4.877107570914961165e+00
6.869371499999999964e-01 2.321897404541089927e+01 4.818607064848813515e+00 4.818607064848813515e+00
6.931347599999999609e-01 2.265667284695007311e+01 4.759902608977422567e+00 4.759902608977422567e+00
6.993323799999999757e-01 2.210025951019776613e+01 4.701091310557344194e+00 4.701091310557344194e+00
7.055299999999999905e-01 2.155104728152182503e+01 4.642310554187626614e+00 4.642310554187626614e+00
7.117235400000000434e-01 2.101027124183442751e+01 4.583696242317375713e+00 4.583696242317375713e+00
7.179211500000000079e-01 2.047855974649967692e+01 4.525324269762298179e+00 4.525324269762298179e+00
7.241187700000000227e-01 1.995720731053880570e+01 4.467349024929528234e+00 4.467349024929528234e+00
7.303163900000000375e-01 1.944689273864691614e+01 4.409863120171295670e+00 4.409863120171295670e+00
7.365099299999999793e-01 1.894875360155612753e+01 4.353016609382065027e+00 4.353016609382065027e+00
7.427075499999999941e-01 1.846320351386644987e+01 4.296882999787921875e+00 4.296882999787921875e+00
7.489051599999999587e-01 1.799108034696365266e+01 4.241589365669860889e+00 4.241589365669860889e+00
7.551027799999999734e-01 1.753265312548756683e+01 4.187201108794222471e+00 4.187201108794222471e+00
7.612963200000000263e-01 1.708842625650157032e+01 4.133814976084630111e+00 4.133814976084630111e+00
7.674939400000000411e-01 1.665785640799169443e+01 4.081403730089893322e+00 4.081403730089893322e+00
7.736915500000000057e-01 1.624088908321310498e+01 4.029998645559710546e+00 4.029998645559710546e+00
7.798891700000000204e-01 1.583731310084622734e+01 3.979612179703724273e+00 3.979612179703724273e+00
7.860827099999999623e-01 1.544695591203150009e+01 3.930261557712348974e+00 3.930261557712348974e+00
7.922803299999999771e-01 1.506931336645775588e+01 3.881921349854702719e+00 3.881921349854702719e+00
7.984779499999999919e-01 1.470423268664766958e+01 3.834609848035086532e+00 3.834609848035086532e+00
8.046755599999999564e-01 1.435143340476134100e+01 3.788328576662977287e+00 3.788328576662977287e+00
8.108691000000000093e-01 1.401069846756345427e+01 3.743086756617251432e+00 3.743086756617251432e+00
8.170667200000000241e-01 1.368139896642354358e+01 3.698837515547762411e+00 3.698837515547762411e+00
8.232643400000000389e-01 1.336311133203597734e+01 3.655558963009073903e+00 3.655558963009073903e+00
8.294619500000000034e-01 1.305522928664806770e+01 3.613202082176980579e+00 3.613202082176980579e+00
8.356554999999999955e-01 1.275724740027880522e+01 3.571728909124936013e+00 3.571728909124936013e+00
8.418531099999999601e-01 1.246837472109795719e+01 3.531058583640033000e+00 3.531058583640033000e+00
8.480507299999999749e-01 1.218808694854861763e+01 3.491144074447317447e+00 3.491144074447317447e+00
8.542483499999999896e-01 1.191576404832537328e+01 3.451921790586422567e+00 3.451921790586422567e+00
8.604459599999999542e-01 1.165083696045671147e+01 3.413332237045891837e+00 3.413332237045891837e+00
8.666395000000000071e-01 1.139284311458544785e+01 3.375328593572105351e+00 3.375328593572105351e+00
8.728371200000000218e-01 1.114118359701264005e+01 3.337841158145881781e+00 3.337841158145881781e+00
8.790347400000000366e-01 1.089548212419659201e+01 3.300830520368561949e+00 3.300830520368561949e+00
8.852323500000000012e-01 1.065533678544861473e+01 3.264251336133388914e+00 3.264251336133388914e+00
8.914258999999999933e-01 1.042049424050907014e+01 3.228079032568606621e+00 3.228079032568606621e+00
8.976235099999999578e-01 1.019058673980519458e+01 3.192269841320622970e+00 3.192269841320622970e+00
9.038211299999999726e-01 9.965433699350546348e+00 3.156807516994114327e+00 3.156807516994114327e+00
9.100187499999999874e-01 9.744833074633092451e+00 3.121671519335929901e+00 3.121671519335929901e+00
9.162122900000000403e-01 9.528660726412557125e+00 3.086852883830481176e+00 3.086852883830481176e+00
9.224099100000000551e-01 9.316709145242290546e+00 3.052328479250273841e+00 3.052328479250273841e+00
9.286075200000000196e-01 9.108929259341323359e+00 3.018100273241650200e+00 3.018100273241650200e+00
9.348051400000000344e-01 8.905211687301729739e+00 2.984160130975167746e+00 2.984160130975167746e+00
9.409986799999999763e-01 8.705513542665736182e+00 2.950510725733044293e+00 2.950510725733044293e+00
9.471962999999999910e-01 8.509722934434778452e+00 2.917142940350160085e+00 2.917142940350160085e+00
9.533939099999999556e-01 8.317872091379006960e+00 2.884072136992937185e+00 2.884072136992937185e+00
9.595915299999999704e-01 8.129985895759308079e+00 2.851313012588990947e+00 2.851313012588990947e+00
9.657850700000000232e-01 7.946078977999261994e+00 2.818879028620997929e+00 2.818879028620997929e+00
9.719826900000000380e-01 7.766073078744428315e+00 2.786767496355666118e+00 2.786767496355666118e+00
9.781803100000000528e-01 7.589985857052434781e+00 2.754992896007616654e+00 2.754992896007616654e+00
9.843779200000000174e-01 7.417830628892341238e+00 2.723569464671745877e+00 2.723569464671745877e+00
9.905714599999999592e-01 7.249615962034067884e+00 2.692511088562880683e+00 2.692511088562880683e+00
9.967690799999999740e-01 7.085248205180936232e+00 2.661812954582071455e+00 2.661812954582071455e+00
1.002966699999999989e+00 6.924770424327426177e+00 2.631495852994533369e+00 2.631495852994533369e+00
1.009164299999999903e+00 6.768129419616784048e+00 2.601562880196591543e+00 2.601562880196591543e+00
1.015357899999999924e+00 6.615356414979279620e+00 2.572033517468090835e+00 2.572033517468090835e+00
1.021555500000000061e+00 6.466349773527395151e+00 2.542901841111330441e+00 2.542901841111330441e+00
1.027753099999999975e+00 6.321113851973217734e+00 2.514182541497975265e+00 2.514182541497975265e+00
1.033950699999999889e+00 6.179576264015332221e+00 2.485875351664948774e+00 2.485875351664948774e+00
1.040144200000000074e+00 6.041698321623298895e+00 2.457986639838243281e+00 2.457986639838243281e+00
1.046341900000000047e+00 5.907403128200843234e+00 2.430514992383475015e+00 2.430514992383475015e+00
1.052539499999999961e+00 5.776652127706372930e+00 2.403466689535424639e+00 2.403466689535424639e+00
1.058737100000000098e+00 5.649391584015785561e+00 2.376844880091207202e+00 2.376844880091207202e+00
1.064930600000000060e+00 5.525553504912922520e+00 2.350649592115533260e+00 2.350649592115533260e+00
1.071128300000000033e+00 5.405000668046811896e+00 2.324865731186816831e+00 2.324865731186816831e+00
1.077325899999999947e+00 5.287635837697537866e+00 2.299485994238176900e+00 2.299485994238176900e+00
1.083523500000000084e+00 5.173375751230315345e+00 2.274505605891160354e+00 2.274505605891160354e+00
1.089717000000000047e+00 5.062133167798766209e+00 2.249918480256288156e+00 2.249918480256288156e+00
1.095914599999999961e+00 4.953797451020109044e+00 2.225712796166681606e+00 2.225712796166681606e+00
1.102112299999999934e+00 4.848309001694540044e+00 2.201887599695892650e+00 2.201887599695892650e+00
1.108309900000000070e+00 4.745595279343889139e+00 2.178438725175415591e+00 2.178438725175415591e+00
1.114503400000000033e+00 4.645566659605631976e+00 2.155357663963369141e+00 2.155357663963369141e+00
1.120700999999999947e+00 4.548151828535624830e+00 2.132639638695582374e+00 2.132639638695582374e+00
1.126898699999999920e+00 4.453247209367807713e+00 2.110271833050853196e+00 2.110271833050853196e+00
1.133096300000000056e+00 4.360762546238759363e+00 2.088243890506748190e+00 2.088243890506748190e+00
1.139289800000000019e+00 4.270621358927090050e+00 2.066548174838198637e+00 2.066548174838198637e+00
1.145487399999999933e+00 4.182708327619886646e+00 2.045167065943485962e+00 2.045167065943485962e+00
1.151685000000000070e+00 4.096945622929135666e+00 2.024091307952567753e+00 2.024091307952567753e+00
1.157882700000000042e+00 4.013216467192036063e+00 2.003301392000723435e+00 2.003301392000723435e+00
1.164076200000000005e+00 3.931460243042593117e+00 1.982791023542973763e+00 1.982791023542973763e+00
1.170273799999999920e+00 3.851549925870703106e+00 1.962536604975994692e+00 1.962536604975994692e+00
1.176471400000000056e+00 3.773411700369202038e+00 1.942527142762541237e+00 1.942527142762541237e+00
1.182669100000000029e+00 3.696975973020856898e+00 1.922752187105987165e+00 1.922752187105987165e+00
1.188862599999999992e+00 3.622153329565428237e+00 1.903195557362781454e+00 1.903195557362781454e+00
1.195060199999999906e+00 3.548865040054744568e+00 1.883843156967889509e+00 1.883843156967889509e+00
1.201257800000000042e+00 3.477069157231972962e+00 1.864690096834316524e+00 1.864690096834316524e+00
1.207455399999999957e+00 3.406717745831494781e+00 1.845729597159750490e+00 1.845729597159750490e+00
1.213648999999999978e+00 3.337760964098674066e+00 1.826954012584518727e+00 1.826954012584518727e+00
1.219846599999999892e+00 3.270172775992084890e+00 1.808361904042463664e+00 1.808361904042463664e+00
1.226044200000000028e+00 3.203906830637750947e+00 1.789946041264303345e+00 1.789946041264303345e+00
1.232241799999999943e+00 3.138931735087249653e+00 1.771703060641723226e+00 1.771703060641723226e+00
1.238435399999999964e+00 3.075212315067541446e+00 1.753628328656771318e+00 1.753628328656771318e+00
1.244633000000000100e+00 3.012708509460491069e+00 1.735715561219778547e+00 1.735715561219778547e+00
1.250830600000000015e+00 2.951396711648232696e+00 1.717962954096575512e+00 1.717962954096575512e+00
1.257028199999999929e+00 2.891218470166944776e+00 1.700358335812467647e+00 1.700358335812467647e+00
1.263221799999999950e+00 2.832170115944101951e+00 1.682905260537295389e+00 1.682905260537295389e+00
1.269419400000000087e+00 2.774195049306990679e+00 1.665591501331280977e+00 1.665591501331280977e+00
1.275617000000000001e+00 2.717260039988327325e+00 1.648411368557110901e+00 1.648411368557110901e+00
1.281814599999999915e+00 2.661347634298022680e+00 1.631363734517236042e+00 1.631363734517236042e+00
1.288008199999999936e+00 2.606414123819811302e+00 1.614439259873164501e+00 1.614439259873164501e+00
1.294205800000000073e+00 2.552434835769521015e+00 1.597634137019336764e+00 1.597634137019336764e+00
1.300403399999999987e+00 2.499425857199722767e+00 1.580957259763755562e+00 1.580957259763755562e+00
1.306600999999999901e+00 2.447399095198444563e+00 1.564416535069367287e+00 1.564416535069367287e+00
1.312794599999999923e+00 2.396349784959478146e+00 1.548014788352966020e+00 1.548014788352966020e+00
1.318992200000000059e+00 2.346303763152796318e+00 1.531764917718380303e+00 1.531764917718380303e+00
1.325189799999999973e+00 2.297265961018889691e+00 1.515673434819944987e+00 1.515673434819944987e+00
1.331387400000000110e+00 2.249248429221702761e+00 1.499749455483049276e+00 1.499749455483049276e+00
1.337580900000000073e+00 2.202285370319129854e+00 1.484009895627091069e+00 1.484009895627091069e+00
1.343778600000000045e+00 2.156364803105111250e+00 1.468456605795728454e+00 1.468456605795728454e+00
1.349976199999999960e+00 2.111521642914702568e+00 1.453107581328616726e+00 1.453107581328616726e+00
1.356173800000000096e+00 2.067729962685292744e+00 1.437960348092148344e+00 1.437960348092148344e+00
1.362367300000000059e+00 2.025025041952637217e+00 1.423033745893834023e+00 1.423033745893834023e+00
1.368565000000000031e+00 1.983388165551072335e+00 1.408328145550983512e+00 1.408328145550983512e+00
1.374762599999999946e+00 1.942826723430826075e+00 1.393853192926294504e+00 1.393853192926294504e+00
1.380960200000000082e+00 1.903307940809098708e+00 1.379604269640065661e+00 1.379604269640065661e+00
1.387153700000000045e+00 1.864811065721343919e+00 1.365580852868603978e+00 1.365580852868603978e+00
1.393351400000000018e+00 1.827311805947882339e+00 1.351780975582909328e+00 1.351780975582909328e+00
1.399548999999999932e+00 1.790800816076116853e+00 1.338208061579408081e+00 1.338208061579408081e+00
1.405746600000000068e+00 1.755258402219427305e+00 1.324861653992380983e+00 1.324861653992380983e+00
1.411940100000000031e+00 1.720667040826037164e+00 1.311741987140015775e+00 1.311741987140015775e+00
1.418137699999999946e+00 1.687005940589050734e+00 1.298847928199853063e+00 1.298847928199853063e+00
1.424335399999999918e+00 1.654230261480938102e+00 1.286168830862005397e+00 1.286168830862005397e+00
1.430533000000000055e+00 1.622323493115952475e+00 1.273704633388743179e+00 1.273704633388743179e+00
1.436726500000000017e+00 1.591251314940015149e+00 1.261448102356975687e+00 1.261448102356975687e+00
1.442924099999999932e+00 1.560996432802351785e+00 1.249398428365568137e+00 1.249398428365568137e+00
1.449121799999999904e+00 1.531516394210114207e+00 1.237544501910987416e+00 1.237544501910987416e+00
1.455319400000000041e+00 1.502787367403599639e+00 1.225882281217735681e+00 1.225882281217735681e+00
1.461512900000000004e+00 1.474805978957094865e+00 1.214415900322906250e+00 1.214415900322906250e+00
1.467710499999999918e+00 1.447528268375646521e+00 1.203132689430241653e+00 1.203132689430241653e+00
1.473908100000000054e+00 1.420951713893782831e+00 1.192036792172868731e+00 1.192036792172868731e+00
1.480105800000000027e+00 1.395034746203809961e+00 1.181115890251168254e+00 1.181115890251168254e+00
1.486299299999999990e+00 1.369775177561653123e+00 1.170373947745613874e+00 1.170373947745613874e+00
1.492496899999999904e+00 1.345139863648530110e+00 1.159801648407403407e+00 1.159801648407403407e+00
1.498694500000000041e+00 1.321107864992734804e+00 1.149394564539407693e+00 1.149394564539407693e+00
1.504892200000000013e+00 1.297666912171114628e+00 1.139151838944709949e+00 1.139151838944709949e+00
1.511089799999999927e+00 1.274776514156063190e+00 1.129060013531638207e+00 1.129060013531638207e+00
1.517283299999999890e+00 1.252434587463645110e+00 1.119122239732391888e+00 1.119122239732391888e+00
1.523480900000000027e+00 1.230618489931648352e+00 1.109332452392720825e+00 1.109332452392720825e+00
1.529678499999999941e+00 1.209307300424288911e+00 1.099685091480415045e+00 1.099685091480415045e+00
1.535876199999999914e+00 1.188488902144878567e+00 1.090178380883091380e+00 1.090178380883091380e+00
1.542069700000000099e+00 1.168151813071412359e+00 1.080810720279648418e+00 1.080810720279648418e+00
1.548267300000000013e+00 1.148264049415282262e+00 1.071570832663563344e+00 1.071570832663563344e+00
1.554464899999999927e+00 1.128833055127406837e+00 1.062465554795734013e+00 1.062465554795734013e+00
1.560662599999999900e+00 1.109837188738991509e+00 1.053488105646661621e+00 1.053488105646661621e+00
1.566856100000000085e+00 1.091255184805709044e+00 1.044631602434900941e+00 1.044631602434900941e+00
1.573053699999999999e+00 1.073083944950409041e+00 1.035897651773769024e+00 1.035897651773769024e+00
1.579251299999999913e+00 1.055302248406559285e+00 1.027279050894429169e+00 1.027279050894429169e+00
1.585448900000000050e+00 1.037898014618421572e+00 1.018772798330629614e+00 1.018772798330629614e+00
1.591642500000000071e+00 1.020850208938177461e+00 1.010371322305902320e+00 1.010371322305902320e+00
1.597840099999999985e+00 1.004155803120429402e+00 1.002075747197001876e+00 1.002075747197001876e+00
1.604037699999999900e+00 9.877939303952772976e-01 9.938782271462018869e-01 9.938782271462018869e-01
1.610235300000000036e+00 9.717528063504661251e-01 9.857752311508268805e-01 9.857752311508268805e-01
1.616428900000000057e+00 9.560211271417587975e-01 9.777633287978020338e-01 9.777633287978020338e-01
1.622626499999999972e+00 9.405774612288057002e-01 9.698337286508474930e-01 9.698337286508474930e-01
1.628824100000000108e+00 9.254164004120547515e-01 9.619856549928667011e-01 9.619856549928667011e-01
1.635021700000000022e+00 9.105220068462497318e-01 9.542127681215808455e-01 9.542127681215808455e-01
1.641215300000000044e+00 8.958880557151244206e-01 9.465136320809777182e-01 9.465136320809777182e-01
1.647412899999999958e+00 8.815070840506183947e-01 9.388860868340835886e-01 9.388860868340835886e-01
1.653610500000000094e+00 8.673731513317294306e-01 9.313287020873615152e-01 9.313287020873615152e-01
1.659808100000000008e+00 8.534803005925842845e-01 9.238399756411195263e-01 9.238399756411195263e-01
1.666001700000000030e+00 8.398265961393271972e-01 9.164205345469552677e-01 9.164205345469552677e-01
1.672199299999999944e+00 8.264080008348854145e-01 9.090698547608349056e-01 9.090698547608349056e-01
1.678396900000000080e+00 8.132237666593908898e-01 9.017892030066620990e-01 9.017892030066620990e-01
1.684594499999999995e+00 8.002722071929397885e-01 8.945793465047915394e-01 8.945793465047915394e-01
1.690788100000000016e+00 7.875518217461078274e-01 8.874411652307480081e-01 8.874411652307480081e-01
1.696985699999999930e+00 7.750628175648028861e-01 8.803765203393392191e-01 8.803765203393392191e-01
1.703183300000000067e+00 7.628057661248777155e-01 8.733875234538661658e-01 8.733875234538661658e-01
1.709380899999999981e+00 7.507783867290278579e-01 8.664746890296495252e-01 8.664746890296495252e-01
1.715574399999999944e+00 7.389832487727603372e-01 8.596413489198622138e-01 8.596413489198622138e-01
1.721772099999999917e+00 7.274198911156689595e-01 8.528891435090899531e-01 8.528891435090899531e-01
1.727969700000000053e+00 7.160872394493371651e-01 8.462193802137464305e-01 8.462193802137464305e-01
1.734167299999999967e+00 7.049869265150762176e-01 8.396349960042615024e-01 8.396349960042615024e-01
1.740360799999999930e+00 6.941150609322518372e-01 8.331356797858628926e-01 8.331356797858628926e-01
1.746558499999999903e+00 6.834713341776335049e-01 8.267232512622549878e-01 8.267232512622549878e-01
1.752756100000000039e+00 6.730528135306109716e-01 8.203979604622447797e-01 8.203979604622447797e-01
1.758953699999999953e+00 6.628583496005687747e-01 8.141611324550986906e-01 8.141611324550986906e-01
1.765147199999999916e+00 6.528868366053549588e-01 8.080141314391444674e-01 8.080141314391444674e-01
1.771344800000000053e+00 6.431361168782250282e-01 8.019576777350690966e-01 8.019576777350690966e-01
1.777542500000000025e+00 6.336040979273016571e-01 7.959925237885727700e-01 7.959925237885727700e-01
1.783740099999999940e+00 6.242886581356802411e-01 7.901193948611059392e-01 7.901193948611059392e-01
1.789933599999999903e+00 6.151885982771824191e-01 7.843395937202088941e-01 7.843395937202088941e-01
1.796131200000000039e+00 6.062969951973734561e-01 7.786507530320467829e-01 7.786507530320467829e-01
1.802328900000000012e+00 5.976079216256066085e-01 7.730510472314273684e-01 7.730510472314273684e-01
1.808526499999999926e+00 5.891172974242913085e-01 7.675397692786292136e-01 7.675397692786292136e-01
1.814720000000000111e+00 5.808172549207432089e-01 7.621136758520629106e-01 7.621136758520629106e-01
1.820917600000000025e+00 5.727027202788198545e-01 7.567712469952989629e-01 7.567712469952989629e-01
1.827115199999999939e+00 5.647677013227797582e-01 7.515102802508957236e-01 7.515102802508957236e-01
1.833312899999999912e+00 5.570052279365090842e-01 7.463278287297808733e-01 7.463278287297808733e-01
1.839506400000000097e+00 5.494083533344873427e-01 7.412208532782165182e-01 7.412208532782165182e-01
1.845704000000000011e+00 5.419672999501307098e-01 7.361842839602938948e-01 7.361842839602938948e-01
1.851901599999999926e+00 5.346741816849258644e-01 7.312141831809103598e-01 7.312141831809103598e-01
1.858099299999999898e+00 5.275220581848648616e-01 7.263071376386610600e-01 7.263071376386610600e-01
1.864292800000000083e+00 5.205011648425276194e-01 7.214576667016073808e-01 7.214576667016073808e-01
1.870490399999999998e+00 5.136055450533971722e-01 7.166627833600661690e-01 7.166627833600661690e-01
1.876687999999999912e+00 5.068264268334387035e-01 7.119174297862349565e-01 7.119174297862349565e-01
1.882885600000000048e+00 5.001587836130781950e-01 7.072190492436400966e-01 7.072190492436400966e-01
1.889079200000000069e+00 4.935938889033898991e-01 7.025623736746723358e-01 7.025623736746723358e-01
1.895276799999999984e+00 4.871239946266834875e-01 6.979426872076843757e-01 6.979426872076843757e-01
1.901474399999999898e+00 4.807432215208980453e-01 6.933564894921645516e-01 6.933564894921645516e-01
1.907672000000000034e+00 4.744438522679126358e-01 6.887988474641291159e-01 6.887988474641291159e-01
1.913865600000000056e+00 4.682181579461602849e-01 6.842646841290001003e-01 6.842646841290001003e-01
1.920063199999999970e+00 4.620613523122676369e-01 6.797509487395126948e-01 6.797509487395126948e-01
1.926260800000000106e+00 4.559648074771555093e-01 6.752516623283170150e-01 6.752516623283170150e-01
1.932458400000000021e+00 4.499246689688444212e-01 6.707642424644030266e-01 6.707642424644030266e-01
1.938652000000000042e+00 4.439351868767703047e-01 6.662846140177411947e-01 6.662846140177411947e-01
1.944849599999999956e+00 4.379954145563536572e-01 6.618122200113516485e-01 6.618122200113516485e-01
1.951047200000000093e+00 4.321052675077849958e-01 6.573471438348119644e-01 6.573471438348119644e-01
1.957244800000000007e+00 4.262666044844322100e-01 6.528909591075926500e-01 6.528909591075926500e-01
1.963438400000000028e+00 4.204812498897943507e-01 6.484452558927348287e-01 6.484452558927348287e-01
1.969635999999999942e+00 4.147501994576897610e-01 6.440110243293120096e-01 6.440110243293120096e-01
1.975833600000000079e+00 4.090753173783218122e-01 6.395899603482858575e-01 6.395899603482858575e-01
1.982031199999999993e+00 4.034584855063587661e-01 6.351838202491927321e-01 6.351838202491927321e-01
1.988224800000000014e+00 3.979006279361430587e-01 6.307936492515940907e-01 6.307936492515940907e-01
1.994422399999999929e+00 3.924027727241733432e-01 6.264206036874692130e-01 6.264206036874692130e-01
2.000620000000000065e+00 3.869677167509041338e-01 6.220672927834287602e-01 6.220672927834287602e-01
2.006817600000000201e+00 3.815964146172841631e-01 6.177349064261175027e-01 6.177349064261175027e-01
2.013011099999999942e+00 3.762888433532394217e-01 6.134238692398914505e-01 6.134238692398914505e-01
2.019208799999999915e+00 3.710497786656641872e-01 6.091385545716706540e-01 6.091385545716706540e-01
2.025406400000000051e+00 3.658773045952811165e-01 6.048779253661693556e-01 6.048779253661693556e-01
2.031604000000000187e+00 3.607751792463423923e-01 6.006456353344643562e-01 6.006456353344643562e-01
2.037797499999999928e+00 3.557433651169196742e-01 5.964422563139869515e-01 5.964422563139869515e-01
2.043995199999999901e+00 3.507847172741214714e-01 5.922708141332995169e-01 5.922708141332995169e-01
2.050192800000000037e+00 3.459001259739249434e-01 5.881327451978208831e-01 5.881327451978208831e-01
2.056390400000000174e+00 3.410914353379794206e-01 5.840303376863049678e-01 5.840303376863049678e-01
2.062583899999999915e+00 3.363585937213762200e-01 5.799643038337585210e-01 5.799643038337585210e-01
2.068781500000000051e+00 3.317025550173757220e-01 5.759362421461039494e-01 5.759362421461039494e-01
2.074979200000000024e+00 3.271241937520176779e-01 5.719477194219919625e-01 5.719477194219919625e-01
2.081176800000000160e+00 3.226244057114882047e-01 5.680003571402822971e-01 5.680003571402822971e-01
2.087370299999999901e+00 3.182012161247766979e-01 5.640932689943894962e-01 5.640932689943894962e-01
2.093567900000000037e+00 3.138565443288354739e-01 5.602290106098000155e-01 5.602290106098000155e-01
2.099765600000000010e+00 3.095893679017170386e-01 5.564075555756922142e-01 5.564075555756922142e-01
2.105963200000000146e+00 3.053977464902559169e-01 5.526280362868463136e-01 5.526280362868463136e-01
2.112156699999999887e+00 3.012816041073556050e-01 5.488912498003184481e-01 5.488912498003184481e-01
2.118354300000000023e+00 2.972400312403001843e-01 5.451972406756110390e-01 5.451972406756110390e-01
2.124551900000000160e+00 2.932729684050808805e-01 5.415468293740448580e-01 5.415468293740448580e-01
2.130749600000000132e+00 2.893775482657459097e-01 5.379382383375863608e-01 5.379382383375863608e-01
2.136943099999999873e+00 2.855546545166882666e-01 5.343731416498103126e-01 5.343731416498103126e-01
2.143140700000000010e+00 2.818024529943113365e-01 5.308506880416671292e-01 5.308506880416671292e-01
2.149338300000000146e+00 2.781209067307583993e-01 5.273716969375190633e-01 5.273716969375190633e-01
2.155536000000000119e+00 2.745090485314512496e-01 5.239361111160895090e-01 5.239361111160895090e-01
2.161729499999999859e+00 2.709649648336012184e-01 5.205429519584346965e-01 5.205429519584346965e-01
2.167927099999999996e+00 2.674887304713085001e-01 5.171931268600816756e-01 5.171931268600816756e-01
2.174124700000000132e+00 2.640793793617349783e-01 5.138865432775361342e-01 5.138865432775361342e-01
2.180322299999999824e+00 2.607359843421011014e-01 5.106231333793065374e-01 5.106231333793065374e-01
2.186519999999999797e+00 2.574576141484666847e-01 5.074028125153295932e-01 5.074028125153295932e-01
2.192713499999999982e+00 2.542433261461850003e-01 5.042254715364794526e-01 5.042254715364794526e-01
2.198911100000000118e+00 2.510913246286025635e-01 5.010901362315991481e-01 5.010901362315991481e-01
2.205108699999999811e+00 2.479997187450609930e-01 4.979957015327150516e-01 4.979957015327150516e-01
2.211306399999999783e+00 2.449675885549859600e-01 4.949420052440345885e-01 4.949420052440345885e-01
2.217499899999999968e+00 2.419939921206423761e-01 4.919288486363067037e-01 4.919288486363067037e-01
2.223697500000000105e+00 2.390761999531229032e-01 4.889541900353476800e-01 4.889541900353476800e-01
2.229895099999999797e+00 2.362142084059066782e-01 4.860187325668699487e-01 4.860187325668699487e-01
2.236092699999999933e+00 2.334061709062790202e-01 4.831212797075689069e-01 4.831212797075689069e-01
2.242286299999999954e+00 2.306511383307241203e-01 4.802615311793399511e-01 4.802615311793399511e-01
2.248483900000000091e+00 2.279463721493291128e-01 4.774372965629404275e-01 4.774372965629404275e-01
2.254681499999999783e+00 2.252918566706566816e-01 4.746491932687305071e-01 4.746491932687305071e-01
2.260879099999999919e+00 2.226857472270113159e-01 4.718959071945965644e-01 4.718959071945965644e-01
2.267072699999999941e+00 2.201270873059162081e-01 4.691770319462752470e-01 4.691770319462752470e-01
2.273270300000000077e+00 2.176131161882257914e-01 4.664902101740461826e-01 4.664902101740461826e-01
2.279467900000000213e+00 2.151428805499842611e-01 4.638349712451447782e-01 4.638349712451447782e-01
2.285665499999999906e+00 2.127164103301089904e-01 4.612118930926532023e-01 4.612118930926532023e-01
2.291859099999999927e+00 2.103298847694368423e-01 4.586173620453513067e-01 4.586173620453513067e-01
2.298056700000000063e+00 2.079833826586713341e-01 4.560519517101876419e-01 4.560519517101876419e-01
2.304254300000000200e+00 2.056750018263498736e-01 4.535140591275532707e-01 4.535140591275532707e-01
2.310451899999999892e+00 2.034028361407669849e-01 4.510020356281853604e-01 4.510020356281853604e-01
2.316645499999999913e+00 2.011659279227088759e-01 4.485152482610918478e-01 4.485152482610918478e-01
2.322843100000000049e+00 1.989643369960683306e-01 4.460541861658383067e-01 4.460541861658383067e-01
2.329040700000000186e+00 1.967942450618880013e-01 4.436149738927756547e-01 4.436149738927756547e-01
2.335238299999999878e+00 1.946565957749626097e-01 4.411990432616129665e-01 4.411990432616129665e-01
2.341431899999999899e+00 1.925504367280432838e-01 4.388056935911876510e-01 4.388056935911876510e-01
2.347629500000000036e+00 1.904729535962126352e-01 4.364320721443517570e-01 4.364320721443517570e-01
2.353827100000000172e+00 1.884241323782497035e-01 4.340784864264177201e-01 4.340784864264177201e-01
2.360024699999999864e+00 1.864030255407292669e-01 4.317441667709354114e-01 4.317441667709354114e-01
2.366218200000000049e+00 1.844077003377211088e-01 4.294271769901401026e-01 4.294271769901401026e-01
2.372415900000000022e+00 1.824382205450944816e-01 4.271278737627579591e-01 4.271278737627579591e-01
2.378613500000000158e+00 1.804936127824917080e-01 4.248453986834407337e-01 4.248453986834407337e-01
2.384811099999999850e+00 1.785719707110033916e-01 4.225777688319670711e-01 4.225777688319670711e-01
2.391004600000000035e+00 1.766723335556485142e-01 4.203240815794980212e-01 4.203240815794980212e-01
2.397202300000000008e+00 1.747937952981812870e-01 4.180834788629912979e-01 4.180834788629912979e-01
2.403399900000000144e+00 1.729373081818774138e-01 4.158573170955122134e-01 4.158573170955122134e-01
2.409597499999999837e+00 1.710990451069424600e-01 4.136412033477110950e-01 4.136412033477110950e-01
2.415791000000000022e+00 1.692799622401466586e-01 4.114364619721332383e-01 4.114364619721332383e-01
2.421988600000000158e+00 1.674772584001758824e-01 4.092398543643762654e-01 4.092398543643762654e-01
2.428186300000000131e+00 1.656918630981764062e-01 4.070526539628213647e-01 4.070526539628213647e-01
2.434383899999999823e+00 1.639228427271328115e-01 4.048738602665437614e-01 4.048738602665437614e-01
2.440577400000000008e+00 1.621673184906791410e-01 4.027000353745689987e-01 4.027000353745689987e-01
2.446775000000000144e+00 1.604272604062955132e-01 4.005337194373221887e-01 4.005337194373221887e-01
2.452972700000000117e+00 1.587007422958519598e-01 3.983726174021652855e-01 3.983726174021652855e-01
2.459170299999999809e+00 1.569877741202288235e-01 3.962168271543105580e-01 3.962168271543105580e-01
2.465363799999999994e+00 1.552893101095937367e-01 3.940676466161536218e-01 3.940676466161536218e-01
2.471561400000000130e+00 1.536054042294992539e-01 3.919252533704599695e-01 3.919252533704599695e-01
2.477758999999999823e+00 1.519360282218192304e-01 3.897897230838945903e-01 3.897897230838945903e-01
2.483956699999999795e+00 1.502812230108819258e-01 3.876612219591765163e-01 3.876612219591765163e-01
2.490150199999999980e+00 1.486419052091866866e-01 3.855410551539053543e-01 3.855410551539053543e-01
2.496347800000000117e+00 1.470171915132483520e-01 3.834282090734175141e-01 3.834282090734175141e-01
2.502545399999999809e+00 1.454099374510199050e-01 3.813265496277696842e-01 3.813265496277696842e-01
2.508743099999999782e+00 1.438172807769325101e-01 3.792324890841138330e-01 3.792324890841138330e-01
2.514936599999999967e+00 1.422411222287839061e-01 3.771486739056414961e-01 3.771486739056414961e-01
2.521134200000000103e+00 1.406824761882912445e-01 3.750766270887740395e-01 3.750766270887740395e-01
2.527331799999999795e+00 1.391394133982424841e-01 3.730139587176899418e-01 3.730139587176899418e-01
2.533529399999999931e+00 1.376148108324071195e-01 3.709647029467993962e-01 3.709647029467993962e-01
2.539722999999999953e+00 1.361077150457126184e-01 3.689277910997118548e-01 3.689277910997118548e-01
2.545920600000000089e+00 1.346181617281475562e-01 3.669034773999117482e-01 3.669034773999117482e-01
2.552118199999999781e+00 1.331480651087802447e-01 3.648945945184448036e-01 3.648945945184448036e-01
2.558315799999999918e+00 1.316955128696377375e-01 3.628987639406308641e-01 3.628987639406308641e-01
2.564509399999999939e+00 1.302624112434001280e-01 3.609188430151578086e-01 3.609188430151578086e-01
2.570707000000000075e+00 1.288488139475373606e-01 3.589551698297955284e-01 3.589551698297955284e-01
2.576904600000000212e+00 1.274547049093431583e-01 3.570079899796966272e-01 3.570079899796966272e-01
2.583102199999999904e+00 1.260800946979588888e-01 3.550775896870413395e-01 3.550775896870413395e-01
2.589295799999999925e+00 1.247259453025818393e-01 3.531656060583785450e-01 3.531656060583785450e-01
2.595493400000000062e+00 1.233932485125276979e-01 3.512737515279610312e-01 3.512737515279610312e-01
2.601691000000000198e+00 1.220800845693382347e-01 3.493996058517213621e-01 3.493996058517213621e-01
2.607888599999999890e+00 1.207893490509601292e-01 3.475476212707549473e-01 3.475476212707549473e-01
2.614082199999999911e+00 1.195191140252674367e-01 3.457153656192727409e-01 3.457153656192727409e-01
2.620279800000000048e+00 1.182694321764829332e-01 3.439032308317020448e-01 3.439032308317020448e-01
2.626477400000000184e+00 1.170412407214791589e-01 3.421129063941890647e-01 3.421129063941890647e-01
2.632674999999999876e+00 1.158345726594588176e-01 3.403447849746765730e-01 3.403447849746765730e-01
2.638868599999999898e+00 1.146484686275754811e-01 3.385977977299549635e-01 3.385977977299549635e-01
2.645066200000000034e+00 1.134839114158284895e-01 3.368737321546880215e-01 3.368737321546880215e-01
2.651263800000000170e+00 1.123399607243662085e-01 3.351715392517183867e-01 3.351715392517183867e-01
2.657461399999999863e+00 1.112156710369062440e-01 3.334901363412510755e-01 3.334901363412510755e-01
2.663654999999999884e+00 1.101129429043578439e-01 3.318327031869490740e-01 3.318327031869490740e-01
2.669852600000000020e+00 1.090289577657741760e-01 3.301953327437778807e-01 3.301953327437778807e-01
2.676050200000000157e+00 1.079646656389761789e-01 3.285797705869553109e-01 3.285797705869553109e-01
2.682247799999999849e+00 1.069191294660978703e-01 3.269849070922049017e-01 3.269849070922049017e-01
2.688441300000000034e+00 1.058923298177601585e-01 3.254110167430724343e-01 3.254110167430724343e-01
2.694639000000000006e+00 1.048833652384795478e-01 3.238570135700005737e-01 3.238570135700005737e-01
2.700836600000000143e+00 1.038931851927979710e-01 3.223246580589173016e-01 3.223246580589173016e-01
2.707034199999999835e+00 1.029189288328645341e-01 3.208098016471200853e-01 3.208098016471200853e-01
2.713227700000000020e+00 1.019624975791469934e-01 3.193156707384512405e-01 3.193156707384512405e-01
2.719425399999999993e+00 1.010229866090172623e-01 3.178411342306361465e-01 3.178411342306361465e-01
2.725623000000000129e+00 1.000994219335581137e-01 3.163849268431701001e-01 3.163849268431701001e-01
2.731820599999999821e+00 9.919182344034681298e-02 3.149473343915563661e-01 3.149473343915563661e-01
2.738014100000000006e+00 9.829920742665364253e-02 3.135270441710788503e-01 3.135270441710788503e-01
2.744211700000000143e+00 9.742258865570001258e-02 3.121259179493109936e-01 3.121259179493109936e-01
2.750409400000000115e+00 9.656002995891958818e-02 3.107410979560308872e-01 3.107410979560308872e-01
2.756606999999999807e+00 9.571153579567277803e-02 3.093728103690962516e-01 3.093728103690962516e-01
2.762800499999999992e+00 9.487807306428629184e-02 3.080228450363484138e-01 3.080228450363484138e-01
2.768998100000000129e+00 9.405678252834751008e-02 3.066867824480662419e-01 3.066867824480662419e-01
2.775195800000000101e+00 9.324862034887337892e-02 3.053663706908037456e-01 3.053663706908037456e-01
2.781393399999999794e+00 9.245359287192780884e-02 3.040618240949162776e-01 3.040618240949162776e-01
2.787586899999999979e+00 9.167073466504296886e-02 3.027717534134301558e-01 3.027717534134301558e-01
2.793784500000000115e+00 9.089910879322805892e-02 3.014947906568670177e-01 3.014947906568670177e-01
2.799982099999999807e+00 9.013870995612174863e-02 3.002310942526135729e-01 3.002310942526135729e-01
2.806179799999999780e+00 8.938954536591511846e-02 2.989808444799016418e-01 2.989808444799016418e-01
2.812373299999999965e+00 8.865064591498027224e-02 2.977425833080989959e-01 2.977425833080989959e-01
2.818570900000000101e+00 8.792203691731323434e-02 2.965165036171060198e-01 2.965165036171060198e-01
2.824768499999999793e+00 8.720275202950862614e-02 2.953011209418424099e-01 2.953011209418424099e-01
2.830966200000000210e+00 8.649279422834724174e-02 2.940965729626022762e-01 2.940965729626022762e-01
2.837159699999999951e+00 8.579061698740735042e-02 2.929003533412128935e-01 2.929003533412128935e-01
2.843357300000000087e+00 8.509701707086737843e-02 2.917139301968066367e-01 2.917139301968066367e-01
2.849554899999999780e+00 8.441160410904673117e-02 2.905367517355536555e-01 2.905367517355536555e-01
2.855752499999999916e+00 8.373361171555303295e-02 2.893676065414942378e-01 2.893676065414942378e-01
2.861950199999999889e+00 8.306246747236487038e-02 2.882055993077942690e-01 2.882055993077942690e-01
2.868143700000000074e+00 8.239835823089808331e-02 2.870511421870640678e-01 2.870511421870640678e-01
2.874341300000000210e+00 8.174053836704446574e-02 2.859030226616089410e-01 2.859030226616089410e-01
2.880538899999999902e+00 8.108938836397651395e-02 2.847619854615017210e-01 2.847619854615017210e-01
2.886736599999999875e+00 8.044414332341176532e-02 2.836267676426393880e-01 2.836267676426393880e-01
2.892930100000000060e+00 7.980499067933602420e-02 2.824977711050761786e-01 2.824977711050761786e-01
2.899127700000000196e+00 7.917156984984043133e-02 2.813744299858116915e-01 2.813744299858116915e-01
2.905325299999999888e+00 7.854387528237119498e-02 2.802568023837623268e-01 2.802568023837623268e-01
2.911522900000000025e+00 7.792113994788284204e-02 2.791435830318921285e-01 2.791435830318921285e-01
2.917716500000000046e+00 7.730394162475467956e-02 2.780358639182267111e-01 2.780358639182267111e-01
2.923914100000000182e+00 7.669152676810839231e-02 2.769323505264568719e-01 2.769323505264568719e-01
2.930111699999999875e+00 7.608350462600131647e-02 2.758323850203259209e-01 2.758323850203259209e-01
2.936309300000000011e+00 7.548065546306551021e-02 2.747374300365086897e-01 2.747374300365086897e-01
2.942502900000000032e+00 7.488219972286232207e-02 2.736461213371428891e-01 2.736461213371428891e-01
2.948700500000000169e+00 7.428874016103469147e-02 2.725596084548014830e-01 2.725596084548014830e-01
2.954898099999999861e+00 7.369930277394101670e-02 2.714761550743288177e-01 2.714761550743288177e-01
2.961095699999999997e+00 7.311466637903572818e-02 2.703972381128101343e-01 2.703972381128101343e-01
2.967289300000000019e+00 7.253443850318887220e-02 2.693221834591218444e-01 2.693221834591218444e-01
2.973486900000000155e+00 7.195844500041440051e-02 2.682507129541585877e-01 2.682507129541585877e-01
2.979684499999999847e+00 7.138745578295942196e-02 2.671843105104778071e-01 2.671843105104778071e-01
2.985882099999999983e+00 7.081973005712653702e-02 2.661197663780849876e-01 2.661197663780849876e-01
2.992075700000000005e+00 7.025700649910411599e-02 2.650603827415634606e-01 2.650603827415634606e-01
2.998273300000000141e+00 6.969813870944249756e-02 2.640040505549914873e-01 2.640040505549914873e-01
3.004470899999999833e+00 6.914370373536378456e-02 2.629519038443414169e-01 2.629519038443414169e-01
3.010668499999999970e+00 6.859312113079163442e-02 2.619028849226209821e-01 2.619028849226209821e-01
3.016862099999999991e+00 6.804658055672080375e-02 2.608573950585277301e-01 2.608573950585277301e-01
3.023059700000000127e+00 6.750390408249236363e-02 2.598151344369537541e-01 2.598151344369537541e-01
3.029257299999999820e+00 6.696547333619456976e-02 2.587768794467437683e-01 2.587768794467437683e-01
3.035454899999999956e+00 6.643090325308001476e-02 2.577419314994748856e-01 2.577419314994748856e-01
3.041648400000000141e+00 6.590018879733511303e-02 2.567103207846055946e-01 2.567103207846055946e-01
3.047846100000000114e+00 6.537392709125521006e-02 2.556832553986576606e-01 2.556832553986576606e-01
3.054043699999999806e+00 6.485133771778774092e-02 2.546592580641586223e-01 2.546592580641586223e-01
3.060241299999999942e+00 6.433222874893201881e-02 2.536379875904475334e-01 2.536379875904475334e-01
3.066434800000000127e+00 6.381756552027154084e-02 2.526213876936621028e-01 2.526213876936621028e-01
3.072632500000000100e+00 6.330658727475062253e-02 2.516080032009129774e-01 2.516080032009129774e-01
3.078830099999999792e+00 6.279967892821282371e-02 2.505986411140587733e-01 2.505986411140587733e-01
3.085027699999999928e+00 6.229645493728778322e-02 2.495925778890225322e-01 2.495925778890225322e-01
3.091221200000000113e+00 6.179768796968842376e-02 2.485914076746990609e-01 2.485914076746990609e-01
3.097418799999999806e+00 6.130261755436464122e-02 2.475936541076217412e-01 2.475936541076217412e-01
3.103616499999999778e+00 6.081143491749797098e-02 2.465997463857129979e-01 2.465997463857129979e-01
3.109814099999999915e+00 6.032472513027531402e-02 2.456109222536231596e-01 2.456109222536231596e-01
3.116007600000000100e+00 5.984170848906818913e-02 2.446256496957508186e-01 2.446256496957508186e-01
3.122205199999999792e+00 5.936259564228443114e-02 2.436444040857175808e-01 2.436444040857175808e-01
3.128402900000000209e+00 5.888738328936076599e-02 2.426672274728517431e-01 2.426672274728517431e-01
3.134600499999999901e+00 5.841627015881139390e-02 2.416945803256899672e-01 2.416945803256899672e-01
3.140794000000000086e+00 5.794886542500335413e-02 2.407257057835813230e-01 2.407257057835813230e-01
3.146991599999999778e+00 5.748557199754390779e-02 2.397614898134058370e-01 2.397614898134058370e-01
3.153189199999999914e+00 5.702599869685145983e-02 2.388011697979125492e-01 2.388011697979125492e-01
3.159386899999999887e+00 5.657034464240673355e-02 2.378452115187664195e-01 2.378452115187664195e-01
3.165580400000000072e+00 5.611860764741721797e-02 2.368936631643346058e-01 2.368936631643346058e-01
3.171778000000000208e+00 5.567080003346065037e-02 2.359466041998923291e-01 2.359466041998923291e-01
3.177975599999999901e+00 5.522672786668696848e-02 2.350036762833444814e-01 2.350036762833444814e-01
3.184173299999999873e+00 5.478619669392552349e-02 2.340645139569975941e-01 2.340645139569975941e-01
3.190366800000000058e+00 5.435018055407075943e-02 2.331312517747690660e-01 2.331312517747690660e-01
3.196564400000000195e+00 5.391752149959009449e-02 2.322014674794069811e-01 2.322014674794069811e-01
3.202761999999999887e+00 5.348841355921409024e-02 2.312756224923286086e-01 2.312756224923286086e-01
3.208959600000000023e+00 5.306324877141487678e-02 2.303546152596358809e-01 2.303546152596358809e-01
3.215153200000000044e+00 5.264182898958821161e-02 2.294380722321127941e-01 2.294380722321127941e-01
3.221350800000000181e+00 5.222377627909852854e-02 2.285252202254677290e-01 2.285252202254677290e-01
3.227548399999999873e+00 5.180986830206143340e-02 2.276178119173924153e-01 2.276178119173924153e-01
3.233746000000000009e+00 5.139971637374242397e-02 2.267150554633335924e-01 2.267150554633335924e-01
3.239939600000000031e+00 5.099292791255025104e-02 2.258161374050806081e-01 2.258161374050806081e-01
3.246137200000000167e+00 5.059009959463797723e-02 2.249224301723551367e-01 2.249224301723551367e-01
3.252334799999999859e+00 5.019064261910875097e-02 2.240326820334674895e-01 2.240326820334674895e-01
3.258532399999999996e+00 4.979494951320000140e-02 2.231478198710442340e-01 2.231478198710442340e-01
3.264726000000000017e+00 4.940301657809970798e-02 2.222678937185929016e-01 2.222678937185929016e-01
3.270923600000000153e+00 4.901504922387792118e-02 2.213934263339314146e-01 2.213934263339314146e-01
3.277121199999999845e+00 4.863046037936526178e-02 2.205231515722674840e-01 2.205231515722674840e-01
3.283318799999999982e+00 4.824964079352259128e-02 2.196580087170112439e-01 2.196580087170112439e-01
3.289512400000000003e+00 4.787219862829571876e-02 2.187971632089769913e-01 2.187971632089769913e-01
3.295710000000000139e+00 4.749872734264672797e-02 2.179420274812701730e-01 2.179420274812701730e-01
3.301907599999999832e+00 4.712883610118672600e-02 2.170917688471553364e-01 2.170917688471553364e-01
3.308105199999999968e+00 4.676233140162400215e-02 2.162459974233604254e-01 2.162459974233604254e-01
3.314298799999999989e+00 4.639940534231221797e-02 2.154052119664522369e-01 2.154052119664522369e-01
3.320496400000000126e+00 4.603967714612964418e-02 2.145685837818054054e-01 2.145685837818054054e-01
3.326693999999999818e+00 4.568333998226045689e-02 2.137366135744188655e-01 2.137366135744188655e-01
3.332891599999999954e+00 4.533039682343874277e-02 2.129093629304233959e-01 2.129093629304233959e-01
3.339085100000000139e+00 4.498084494895310953e-02 2.120868806620369584e-01 2.120868806620369584e-01
3.345282800000000112e+00 4.463410814035710661e-02 2.112678587489282556e-01 2.112678587489282556e-01
3.351480399999999804e+00 4.429096699713848395e-02 2.104541921586226827e-01 2.104541921586226827e-01
3.357677999999999940e+00 4.395025036845300048e-02 2.096431500632753853e-01 2.096431500632753853e-01
3.363871500000000125e+00 4.361293394575042198e-02 2.088370990646787051e-01 2.088370990646787051e-01
3.370069200000000098e+00 4.327863656833251527e-02 2.080351810832305193e-01 2.080351810832305193e-01
3.376266799999999790e+00 4.294696662557480338e-02 2.072364992600840283e-01 2.072364992600840283e-01
3.382464399999999927e+00 4.261831648698420627e-02 2.064420414716542362e-01 2.064420414716542362e-01
3.388657900000000112e+00 4.229229389752472285e-02 2.056509029825172585e-01 2.056509029825172585e-01
3.394855499999999804e+00 4.196910457092727781e-02 2.048636243234197851e-01 2.048636243234197851e-01
3.401053200000000221e+00 4.164855073518558548e-02 2.040797656191950527e-01 2.040797656191950527e-01
3.407250799999999913e+00 4.133082999719839973e-02 2.032998524278815111e-01 2.032998524278815111e-01
3.413444300000000098e+00 4.101554998731701124e-02 2.025229616298285518e-01 2.025229616298285518e-01
3.419641899999999790e+00 4.070252362697696774e-02 2.017486644986205835e-01 2.017486644986205835e-01
3.425839600000000207e+00 4.039253330104483619e-02 2.009789374562539477e-01 2.009789374562539477e-01
3.432037199999999899e+00 4.008479699809866514e-02 2.002118802621329630e-01 2.002118802621329630e-01
3.438230700000000084e+00 3.977931333743608966e-02 1.994475202589294782e-01 1.994475202589294782e-01
3.444428300000000220e+00 3.947589546129077337e-02 1.986854183408807151e-01 1.986854183408807151e-01
3.450625899999999913e+00 3.917532288485951752e-02 1.979275697947598112e-01 1.979275697947598112e-01
3.456823599999999885e+00 3.887642434252437662e-02 1.971710535107128182e-01 1.971710535107128182e-01
3.463017100000000070e+00 3.858017608118505942e-02 1.964183700196726889e-01 1.964183700196726889e-01
3.469214700000000207e+00 3.828560628621813927e-02 1.956670802312390489e-01 1.956670802312390489e-01
3.475412299999999899e+00 3.799330156400135966e-02 1.949187050131447885e-01 1.949187050131447885e-01
3.481609999999999872e+00 3.770267340306095866e-02 1.941717626305662359e-01 1.941717626305662359e-01
3.487803500000000057e+00 3.741411348025557720e-02 1.934272821508268569e-01 1.934272821508268569e-01
3.494001100000000193e+00 3.712743164271275348e-02 1.926847986809357982e-01 1.926847986809357982e-01
3.500198699999999885e+00 3.684262580561647321e-02 1.919443299647490830e-01 1.919443299647490830e-01
3.506396300000000021e+00 3.656008974755477203e-02 1.912069291306012497e-01 1.912069291306012497e-01
3.512593999999999994e+00 3.627943040893276405e-02 1.904716000062286474e-01 1.904716000062286474e-01
3.518787500000000179e+00 3.600045159485325968e-02 1.897378496633005951e-01 1.897378496633005951e-01
3.524985099999999871e+00 3.572355065632297488e-02 1.890067476475984776e-01 1.890067476475984776e-01
3.531182700000000008e+00 3.544833346117933631e-02 1.882772781330220302e-01 1.882772781330220302e-01
3.537380399999999980e+00 3.517519298888843737e-02 1.875505078342589727e-01 1.875505078342589727e-01
3.543573900000000165e+00 3.490412834428709143e-02 1.868264658561176461e-01 1.868264658561176461e-01
3.549771499999999858e+00 3.463514367782068865e-02 1.861051951929894033e-01 1.861051951929894033e-01
3.555969099999999994e+00 3.436804304574391650e-02 1.853861997176270981e-01 1.853861997176270981e-01
3.562166700000000130e+00 3.410263012405784916e-02 1.846689744490336571e-01 1.846689744490336571e-01
3.568360300000000151e+00 3.383949204055047844e-02 1.839551359450191659e-01 1.839551359450191659e-01
3.574557899999999844e+00 3.357824219036260188e-02 1.832436688957154725e-01 1.832436688957154725e-01
3.580755499999999980e+00 3.331907639537590171e-02 1.825351374266771243e-01 1.825351374266771243e-01
3.586953100000000116e+00 3.306179750514721960e-02 1.818290337243951282e-01 1.818290337243951282e-01
3.593146700000000138e+00 3.280660260561506919e-02 1.811259302408549932e-01 1.811259302408549932e-01
3.599344299999999830e+00 3.255349647758471604e-02 1.804258752994833404e-01 1.804258752994833404e-01
3.605541899999999966e+00 3.230228169198063465e-02 1.797283552809089691e-01 1.797283552809089691e-01
3.611739500000000103e+00 3.205276307184898310e-02 1.790328547274186166e-01 1.790328547274186166e-01
3.617933100000000124e+00 3.180552880945148458e-02 1.783410463394545786e-01 1.783410463394545786e-01
3.624130699999999816e+00 3.156038918941387467e-02 1.776524393004888513e-01 1.776524393004888513e-01
3.630328299999999953e+00 3.131753782609138226e-02 1.769676180155323741e-01 1.769676180155323741e-01
3.636525900000000089e+00 3.107599579867140888e-02 1.762838500789888352e-01 1.762838500789888352e-01
3.642719500000000110e+00 3.083713651021551330e-02 1.756050583275308441e-01 1.756050583275308441e-01
3.648917099999999802e+00 3.059998312431034748e-02 1.749285086094040653e-01 1.749285086094040653e-01
3.655114699999999939e+00 3.036512432204677148e-02 1.742559161751668362e-01 1.742559161751668362e-01
3.661312300000000075e+00 3.013216938285213226e-02 1.735862015911752432e-01 1.735862015911752432e-01
3.667505900000000096e+00 2.990111561693331241e-02 1.729193905174700452e-01 1.729193905174700452e-01
3.673703499999999789e+00 2.967255985628801385e-02 1.722572490674572909e-01 1.722572490674572909e-01
3.679901099999999925e+00 2.944571311844820100e-02 1.715975323786685380e-01 1.715975323786685380e-01
3.686098700000000061e+00 2.922116829662026183e-02 1.709420027278850673e-01 1.709420027278850673e-01
3.692292199999999802e+00 2.899853044151771628e-02 1.702895488323276918e-01 1.702895488323276918e-01
3.698489900000000219e+00 2.877800115445501225e-02 1.696408003826173072e-01 1.696408003826173072e-01
3.704687499999999911e+00 2.855938379357288864e-02 1.689952182565319927e-01 1.689952182565319927e-01
3.710885100000000048e+00 2.834287410842261865e-02 1.683534202456921369e-01 1.683534202456921369e-01
3.717078599999999788e+00 2.812847323530982824e-02 1.677154531798123460e-01 1.677154531798123460e-01
3.723276300000000205e+00 2.791598713445644919e-02 1.670807802664820152e-01 1.670807802664820152e-01
3.729473899999999897e+00 2.770541669658964715e-02 1.664494418632566364e-01 1.664494418632566364e-01
3.735671500000000034e+00 2.749695857409682753e-02 1.658220690200699066e-01 1.658220690200699066e-01
3.741865000000000219e+00 2.729021829157515441e-02 1.651975129703082135e-01 1.651975129703082135e-01
3.748062700000000191e+00 2.708579051989224579e-02 1.645776124504552684e-01 1.645776124504552684e-01
3.754260299999999884e+00 2.688269012140800246e-02 1.639594160803459488e-01 1.639594160803459488e-01
3.760457900000000020e+00 2.668170507134726838e-02 1.633453552181612090e-01 1.633453552181612090e-01
3.766651400000000205e+00 2.648224485201866596e-02 1.627336623198122056e-01 1.627336623198122056e-01
3.772848999999999897e+00 2.628470517611381646e-02 1.621255845821806540e-01 1.621255845821806540e-01
3.779046699999999870e+00 2.608908705236380465e-02 1.615211659577895920e-01 1.615211659577895920e-01
3.785244300000000006e+00 2.589499625063570662e-02 1.609192227505331640e-01 1.609192227505331640e-01
3.791437800000000191e+00 2.570262775108446071e-02 1.603203909397817595e-01 1.603203909397817595e-01
3.797635399999999883e+00 2.551198733204589411e-02 1.597247236092330658e-01 1.597247236092330658e-01
3.803833099999999856e+00 2.532327005677187728e-02 1.591328691904091708e-01 1.591328691904091708e-01
3.810030699999999992e+00 2.513588655183880347e-02 1.585430116777109821e-01 1.585430116777109821e-01
3.816224200000000177e+00 2.495003094165241034e-02 1.579557879333720605e-01 1.579557879333720605e-01
3.822421799999999870e+00 2.476570786158419774e-02 1.573712421682697260e-01 1.573712421682697260e-01
3.828619400000000006e+00 2.458331150397675968e-02 1.567906614055083192e-01 1.567906614055083192e-01
3.834817099999999979e+00 2.440224949610930380e-02 1.562121938137650823e-01 1.562121938137650823e-01
3.841010600000000164e+00 2.422232583663378944e-02 1.556352332752252710e-01 1.556352332752252710e-01
3.847208199999999856e+00 2.404452756131596550e-02 1.550629793384480370e-01 1.550629793384480370e-01
3.853405799999999992e+00 2.386767333856634754e-02 1.544916610648171817e-01 1.544916610648171817e-01
3.859603499999999965e+00 2.369274845546387107e-02 1.539244894598122970e-01 1.539244894598122970e-01
3.865797000000000150e+00 2.351896369993296959e-02 1.533589374634976021e-01 1.533589374634976021e-01
3.871994599999999842e+00 2.334651965824079481e-02 1.527956794488666004e-01 1.527956794488666004e-01
3.878192199999999978e+00 2.317541564530072040e-02 1.522347386285427262e-01 1.522347386285427262e-01
3.884389800000000115e+00 2.300604677308360976e-02 1.516774431914106602e-01 1.516774431914106602e-01
3.890583400000000136e+00 2.283762369468503653e-02 1.511212218541295171e-01 1.511212218541295171e-01
3.896780999999999828e+00 2.267054502898438809e-02 1.505674102486470600e-01 1.505674102486470600e-01
3.902978599999999965e+00 2.250480822469069081e-02 1.500160265594669418e-01 1.500160265594669418e-01
3.909176200000000101e+00 2.234041496740378496e-02 1.494671032950186940e-01 1.494671032950186940e-01
3.915369800000000122e+00 2.217697114932199245e-02 1.489193444429634527e-01 1.489193444429634527e-01
3.921567399999999814e+00 2.201487340891249145e-02 1.483740995218252035e-01 1.483740995218252035e-01
3.927764999999999951e+00 2.185431752952350648e-02 1.478320585310355095e-01 1.478320585310355095e-01
3.933962600000000087e+00 2.169451683618195056e-02 1.472905863800601234e-01 1.472905863800601234e-01
3.940156200000000108e+00 2.153625910306573160e-02 1.467523734154433657e-01 1.467523734154433657e-01
3.946353799999999801e+00 2.137934995175430272e-02 1.462167909364526508e-01 1.462167909364526508e-01
3.952551399999999937e+00 2.122359143539528231e-02 1.456831885819200589e-01 1.456831885819200589e-01
3.958749000000000073e+00 2.106858928661226385e-02 1.451502300604868567e-01 1.451502300604868567e-01
3.964942600000000095e+00 2.091532992970511831e-02 1.446213328997666137e-01 1.446213328997666137e-01
3.971140199999999787e+00 2.076342135521494145e-02 1.440951815822268944e-01 1.440951815822268944e-01
3.977337799999999923e+00 2.061246808002165781e-02 1.435704289887776985e-01 1.435704289887776985e-01
3.983535400000000060e+00 2.046306292886377123e-02 1.430491626290198437e-01 1.430491626290198437e-01
3.989729000000000081e+00 2.031481141906814683e-02 1.425300369012375834e-01 1.425300369012375834e-01
3.995926600000000217e+00 2.016791162704841683e-02 1.420137726667678457e-01 1.420137726667678457e-01
4.002124199999999909e+00 2.002216643349392228e-02 1.414997047116845486e-01 1.414997047116845486e-01
4.008321800000000046e+00 1.987777476939145069e-02 1.409885625481423488e-01 1.409885625481423488e-01
4.014515300000000231e+00 1.973453653364284563e-02 1.404796659080695675e-01 1.404796659080695675e-01
4.020712999999999759e+00 1.959265375081004415e-02 1.399737609368628954e-01 1.399737609368628954e-01
4.026910599999999896e+00 1.945212477637466020e-02 1.394708742941502544e-01 1.394708742941502544e-01
4.033108200000000032e+00 1.931275247073450246e-02 1.389703294618477303e-01 1.389703294618477303e-01
4.039301700000000217e+00 1.917493045954810765e-02 1.384735731450160434e-01 1.384735731450160434e-01
4.045499399999999746e+00 1.903826793878050580e-02 1.379792300992453979e-01 1.379792300992453979e-01
4.051696999999999882e+00 1.890276325692102216e-02 1.374873203496272400e-01 1.374873203496272400e-01
4.057894600000000018e+00 1.876900977776582019e-02 1.370000356852720813e-01 1.370000356852720813e-01
4.064088100000000203e+00 1.863601873808257842e-02 1.365138042033939569e-01 1.365138042033939569e-01
4.070285700000000340e+00 1.850478073486367878e-02 1.360322782830004629e-01 1.360322782830004629e-01
4.076491500000000379e+00 1.837450637850847682e-02 1.355525963547304369e-01 1.355525963547304369e-01
4.082685099999999956e+00 1.824578558868694689e-02 1.350769617243701148e-01 1.350769617243701148e-01
4.088878600000000141e+00 1.811822415176521373e-02 1.346039529574269700e-01 1.346039529574269700e-01
4.095072100000000326e+00 1.799221897054690406e-02 1.341350773308268574e-01 1.341350773308268574e-01
4.101265699999999903e+00 1.786737603997072196e-02 1.336689045364355677e-01 1.336689045364355677e-01
4.107459200000000088e+00 1.774408930181176069e-02 1.332069416427378306e-01 1.332069416427378306e-01
4.113652799999999665e+00 1.762196472432873973e-02 1.327477484717866640e-01 1.327477484717866640e-01
4.119846299999999850e+00 1.750120148397959000e-02 1.322921066578788274e-01 1.322921066578788274e-01
4.126039800000000035e+00 1.738179908866250775e-02 1.318400511554152499e-01 1.318400511554152499e-01
4.132233399999999612e+00 1.726355921875738844e-02 1.313908642895592893e-01 1.313908642895592893e-01
4.138467699999999638e+00 1.714669017849706698e-02 1.309453709700998392e-01 1.309453709700998392e-01
4.144661199999999823e+00 1.703117423222222371e-02 1.305035410715825184e-01 1.305035410715825184e-01
4.150854800000000289e+00 1.691721991157072238e-02 1.300662135666704189e-01 1.300662135666704189e-01
4.157048299999999585e+00 1.680462882697216290e-02 1.296326688260801274e-01 1.296326688260801274e-01
4.163241799999999770e+00 1.669340147860468027e-02 1.292029468650180701e-01 1.292029468650180701e-01
4.169435400000000236e+00 1.658373627666866884e-02 1.287778563133765986e-01 1.287778563133765986e-01
4.175628900000000421e+00 1.647503991588365399e-02 1.283551320200468360e-01 1.283551320200468360e-01
4.181822499999999998e+00 1.636790664366787745e-02 1.279371198818696209e-01 1.279371198818696209e-01
4.188016000000000183e+00 1.626194101735005740e-02 1.275223157621835912e-01 1.275223157621835912e-01
4.194209599999999760e+00 1.615773739462972314e-02 1.271130889980639500e-01 1.271130889980639500e-01
4.200403099999999945e+00 1.605490030547177330e-02 1.267079330802604875e-01 1.267079330802604875e-01
4.206596600000000130e+00 1.595303421719721296e-02 1.263053214128257162e-01 1.263053214128257162e-01
4.212790199999999707e+00 1.585313053422743659e-02 1.259092154460007551e-01 1.259092154460007551e-01
4.219024499999999733e+00 1.575440269446505212e-02 1.255165435090731529e-01 1.255165435090731529e-01
4.225217999999999918e+00 1.565723407990418647e-02 1.251288698898227469e-01 1.251288698898227469e-01
4.231411600000000384e+00 1.556143417595887667e-02 1.247454775771806301e-01 1.247454775771806301e-01
4.237605099999999680e+00 1.546700433428707146e-02 1.243664116001063635e-01 1.243664116001063635e-01
4.243798599999999865e+00 1.537394297724486644e-02 1.239917052759774985e-01 1.239917052759774985e-01
4.249992200000000331e+00 1.528225247880666410e-02 1.236214078499620755e-01 1.236214078499620755e-01
4.256185699999999628e+00 1.519212929552501978e-02 1.232563560045688705e-01 1.232563560045688705e-01
4.262379300000000093e+00 1.510317961055740801e-02 1.228949942453207017e-01 1.228949942453207017e-01
4.268572800000000278e+00 1.501579897027584612e-02 1.225389691905225953e-01 1.225389691905225953e-01
4.274766299999999575e+00 1.492959050320923770e-02 1.221867034632215521e-01 1.221867034632215521e-01
4.280959900000000040e+00 1.484495281333998370e-02 1.218398654519118468e-01 1.218398654519118468e-01
4.287153400000000225e+00 1.476109258608218448e-02 1.214952368863989052e-01 1.214952368863989052e-01
4.293346999999999802e+00 1.467919814814126582e-02 1.211577407685586749e-01 1.211577407685586749e-01
4.299581299999999828e+00 1.459808887013253759e-02 1.208225511654696799e-01 1.208225511654696799e-01
4.305774800000000013e+00 1.451854447901408836e-02 1.204929229416154962e-01 1.204929229416154962e-01
4.311968300000000198e+00 1.444057152201066660e-02 1.201689291040353158e-01 1.201689291040353158e-01
4.318161899999999775e+00 1.436337744985784551e-02 1.198473088970204853e-01 1.198473088970204853e-01
4.324355399999999960e+00 1.428775540195658354e-02 1.195313992303134731e-01 1.195313992303134731e-01
4.330549000000000426e+00 1.421311099585005795e-02 1.192187527021234122e-01 1.192187527021234122e-01
4.336742499999999723e+00 1.414003924101359111e-02 1.189118969700407730e-01 1.189118969700407730e-01
4.342936100000000188e+00 1.406754912292704565e-02 1.186066993172267825e-01 1.186066993172267825e-01
4.349129600000000373e+00 1.399683052587771641e-02 1.183082014311675478e-01 1.183082014311675478e-01
4.355323099999999670e+00 1.392728894326423529e-02 1.180139353774131011e-01 1.180139353774131011e-01
4.361516700000000135e+00 1.385872635342782523e-02 1.177230918444967800e-01 1.177230918444967800e-01
4.367710200000000320e+00 1.379153962865010789e-02 1.174373859920685853e-01 1.174373859920685853e-01
4.373903799999999897e+00 1.372513409790425236e-02 1.171543174531107651e-01 1.171543174531107651e-01
4.380097300000000082e+00 1.366030434369271303e-02 1.168773046561765727e-01 1.168773046561765727e-01
4.386331600000000108e+00 1.359626065021818549e-02 1.166030044648000696e-01 1.166030044648000696e-01
4.392525100000000293e+00 1.353378697971177082e-02 1.163348055386339286e-01 1.163348055386339286e-01
4.398718699999999870e+00 1.347209555765054370e-02 1.160693566694092765e-01 1.160693566694092765e-01
4.404912200000000055e+00 1.341158436688043125e-02 1.158083950621906777e-01 1.158083950621906777e-01
4.411105799999999633e+00 1.335205333047221644e-02 1.155510853712426872e-01 1.155510853712426872e-01
4.417299299999999818e+00 1.329370209337817944e-02 1.152983178254486929e-01 1.152983178254486929e-01
4.423492800000000003e+00 1.323613508600314341e-02 1.150484032310016141e-01 1.150484032310016141e-01
4.429686399999999580e+00 1.317994589228919586e-02 1.148039454561087663e-01 1.148039454561087663e-01
4.435879899999999765e+00 1.312434297258404693e-02 1.145615248352781224e-01 1.145615248352781224e-01
4.442073500000000230e+00 1.306991995537353825e-02 1.143237506180301011e-01 1.143237506180301011e-01
4.448267000000000415e+00 1.301648060954943217e-02 1.140897918726712090e-01 1.140897918726712090e-01
4.454460599999999992e+00 1.296362624540230851e-02 1.138579213116167332e-01 1.138579213116167332e-01
4.460654100000000177e+00 1.291155750623874422e-02 1.136290346092878878e-01 1.136290346092878878e-01
4.466888400000000203e+00 1.286067441800302531e-02 1.134049135531746966e-01 1.134049135531746966e-01
4.473081900000000388e+00 1.281017558408796206e-02 1.131820462091402690e-01 1.131820462091402690e-01
4.479275499999999965e+00 1.276085910342419742e-02 1.129639725904865583e-01 1.129639725904865583e-01
4.485469000000000150e+00 1.271173149972089529e-02 1.127463147944131050e-01 1.127463147944131050e-01
4.491662599999999728e+00 1.266398622070523741e-02 1.125343779504967001e-01 1.125343779504967001e-01
4.497856099999999913e+00 1.261643113754373421e-02 1.123228878614850046e-01 1.123228878614850046e-01
4.504049600000000098e+00 1.256946251738744712e-02 1.121136143266617119e-01 1.121136143266617119e-01
4.510243199999999675e+00 1.252328109956149862e-02 1.119074666836913923e-01 1.119074666836913923e-01
4.516436699999999860e+00 1.247748885016506694e-02 1.117026805863004651e-01 1.117026805863004651e-01
4.522630300000000325e+00 1.243228352188323338e-02 1.115001503222450008e-01 1.115001503222450008e-01
4.528823799999999622e+00 1.238766722036314070e-02 1.112998976655555639e-01 1.112998976655555639e-01
4.535017299999999807e+00 1.234363910125854495e-02 1.111019311319949299e-01 1.111019311319949299e-01
4.541210900000000272e+00 1.230019930945321777e-02 1.109062636168634819e-01 1.109062636168634819e-01
4.547445200000000298e+00 1.225715358996495689e-02 1.107120300146508807e-01 1.107120300146508807e-01
4.553638699999999595e+00 1.221429378170555378e-02 1.105182961400760777e-01 1.105182961400760777e-01
4.559832300000000060e+00 1.217202361634436326e-02 1.103268943474090685e-01 1.103268943474090685e-01
4.566025800000000245e+00 1.212994483359649232e-02 1.101360287716807579e-01 1.101360287716807579e-01
4.572219300000000430e+00 1.208805750363865956e-02 1.099457025246492331e-01 1.099457025246492331e-01
4.578412900000000008e+00 1.204656040124212762e-02 1.097568239392983092e-01 1.097568239392983092e-01
4.584606400000000193e+00 1.200545359532568558e-02 1.095694008166773065e-01 1.095694008166773065e-01
4.590799999999999770e+00 1.196433874838727547e-02 1.093816197923000028e-01 1.093816197923000028e-01
4.596993499999999955e+00 1.192401280141915446e-02 1.091971281738634142e-01 1.091971281738634142e-01
4.603187100000000420e+00 1.188348119697970294e-02 1.090113810433557540e-01 1.090113810433557540e-01
4.609380599999999717e+00 1.184334018429892589e-02 1.088271114396542477e-01 1.088271114396542477e-01
4.615574099999999902e+00 1.180279479589745224e-02 1.086406682412136698e-01 1.086406682412136698e-01
4.621767700000000367e+00 1.176303767430691635e-02 1.084575385775784495e-01 1.084575385775784495e-01
4.627961199999999664e+00 1.172327380539966470e-02 1.082740680190767829e-01 1.082740680190767829e-01
4.634195499999999690e+00 1.168350707268704138e-02 1.080902727940263874e-01 1.080902727940263874e-01
4.640389100000000155e+00 1.164392861890116426e-02 1.079070369294846538e-01 1.079070369294846538e-01
4.646582600000000340e+00 1.160434354638129745e-02 1.077234586632888347e-01 1.077234586632888347e-01
4.652776099999999637e+00 1.156495073068650355e-02 1.075404609004745882e-01 1.075404609004745882e-01
4.658969700000000103e+00 1.152555141524003353e-02 1.073571209340117988e-01 1.073571209340117988e-01
4.665163200000000288e+00 1.148614562448361728e-02 1.071734371217216153e-01 1.071734371217216153e-01
4.671356799999999865e+00 1.144673342071413948e-02 1.069894079837538786e-01 1.069894079837538786e-01
4.677550300000000050e+00 1.140751369655931477e-02 1.068059628324154742e-01 1.068059628324154742e-01
4.683743800000000235e+00 1.136808878632230083e-02 1.066212398461127420e-01 1.066212398461127420e-01
4.689937399999999812e+00 1.132865760143984303e-02 1.064361667923072186e-01 1.064361667923072186e-01
4.696130899999999997e+00 1.128922017176417665e-02 1.062507419821818316e-01 1.062507419821818316e-01
4.702324499999999574e+00 1.124977656234406320e-02 1.060649638775409409e-01 1.060649638775409409e-01
4.708517999999999759e+00 1.121032680335527429e-02 1.058788307611832069e-01 1.058788307611832069e-01
4.714752299999999785e+00 1.117067548984892848e-02 1.056914163489586778e-01 1.056914163489586778e-01
4.720945799999999970e+00 1.113121355307927947e-02 1.055045665034422958e-01 1.055045665034422958e-01
4.727139400000000435e+00 1.109154668226885500e-02 1.053164122170369699e-01 1.053164122170369699e-01
4.733332899999999732e+00 1.105167487732342142e-02 1.051269464853013813e-01 1.051269464853013813e-01
4.739526500000000198e+00 1.101179712985955912e-02 1.049371103559630092e-01 1.049371103559630092e-01
4.745720000000000383e+00 1.097211243384918489e-02 1.047478516908541962e-01 1.047478516908541962e-01
4.751913599999999960e+00 1.093242189575655866e-02 1.045582225162447892e-01 1.045582225162447892e-01
4.758107100000000145e+00 1.089232756436296461e-02 1.043663143181887271e-01 1.043663143181887271e-01
4.764300600000000330e+00 1.085202842619812681e-02 1.041730695822971620e-01 1.041730695822971620e-01
4.770494199999999907e+00 1.081212151212980997e-02 1.039813517517915870e-01 1.039813517517915870e-01
4.776687700000000092e+00 1.077181183376205685e-02 1.037873394675962180e-01 1.037873394675962180e-01
4.782881299999999669e+00 1.073109739513594153e-02 1.035910102042447573e-01 1.035910102042447573e-01
4.789074799999999854e+00 1.069077527988186206e-02 1.033962053456598668e-01 1.033962053456598668e-01
4.795309099999999880e+00 1.065025157751807623e-02 1.032000560926110977e-01 1.032000560926110977e-01
4.801502600000000065e+00 1.060952002367221425e-02 1.030025243558244791e-01 1.030025243558244791e-01
4.807696199999999642e+00 1.056858377269626406e-02 1.028036175078302639e-01 1.028036175078302639e-01
4.813889699999999827e+00 1.052764187697456146e-02 1.026042975560700482e-01 1.026042975560700482e-01
4.820083300000000293e+00 1.048629622625968025e-02 1.024026182588105571e-01 1.024026182588105571e-01
4.826276799999999589e+00 1.044514403276644923e-02 1.022014874293248748e-01 1.022014874293248748e-01
4.832470299999999774e+00 1.040378816513235286e-02 1.019989615885002615e-01 1.019989615885002615e-01
4.838663900000000240e+00 1.036202753800981660e-02 1.017940447079779681e-01 1.017940447079779681e-01
4.844857400000000425e+00 1.032046043784075155e-02 1.015896669836098554e-01 1.015896669836098554e-01
4.851051000000000002e+00 1.027888781257155909e-02 1.013848500150370535e-01 1.013848500150370535e-01
4.857244500000000187e+00 1.023671229321733780e-02 1.011766390685979317e-01 1.011766390685979317e-01
4.863438099999999764e+00 1.019492952437459424e-02 1.009699436682748447e-01 1.009699436682748447e-01
4.869631599999999949e+00 1.015274299470576673e-02 1.007608207325931121e-01 1.007608207325931121e-01
4.875865899999999975e+00 1.011055479043842728e-02 1.005512545443289218e-01 1.005512545443289218e-01
4.882059400000000160e+00 1.006815816732516133e-02 1.003402121152091320e-01 1.003402121152091320e-01
4.888252999999999737e+00 1.002575612677011549e-02 1.001286978182085174e-01 1.001286978182085174e-01
4.894446499999999922e+00 9.983348687458509785e-03 9.991670875013101971e-02 9.991670875013101971e-02
4.900640100000000388e+00 9.940537723342288134e-03 9.970224532748642177e-02 9.970224532748642177e-02
4.906833599999999684e+00 9.897920588403982811e-03 9.948829372546291738e-02 9.948829372546291738e-02
4.913027099999999869e+00 9.855098943857469249e-03 9.927285099088002662e-02 9.927285099088002662e-02
4.919220700000000335e+00 9.812272016820588680e-03 9.905691301883270961e-02 9.905691301883270961e-02
4.925414199999999632e+00 9.769240611041406924e-03 9.883946889295493199e-02 9.883946889295493199e-02
4.931607800000000097e+00 9.726004750491581974e-03 9.862050877222031109e-02 9.862050877222031109e-02
4.937801300000000282e+00 9.682763668296434298e-03 9.840103489443814688e-02 9.840103489443814688e-02
4.943994899999999859e+00 9.639517412496714094e-03 9.818104405890534792e-02 9.818104405890534792e-02
4.950188400000000044e+00 9.596066755218502636e-03 9.795951589926576997e-02 9.795951589926576997e-02
4.956381900000000229e+00 9.553009488954961048e-03 9.773949810058858712e-02 9.773949810058858712e-02
4.962616200000000255e+00 9.509152673882349111e-03 9.751488437096333950e-02 9.751488437096333950e-02
4.968809799999999832e+00 9.465885999913199386e-03 9.729278493245631376e-02 9.729278493245631376e-02
4.975003300000000017e+00 9.422215746788319829e-03 9.706809850197087308e-02 9.706809850197087308e-02
4.981196800000000202e+00 9.378939164999992167e-03 9.684492327943676482e-02 9.684492327943676482e-02
4.987390399999999779e+00 9.334860353556526449e-03 9.661708106518497596e-02 9.661708106518497596e-02
4.993583899999999964e+00 9.291773086226404188e-03 9.639384361164567150e-02 9.639384361164567150e-02
4.999777500000000430e+00 9.248083115601074544e-03 9.616695438455495626e-02 9.616695438455495626e-02
5.005970999999999727e+00 9.204388152855144320e-03 9.593950256726967163e-02 9.593950256726967163e-02
5.012164600000000192e+00 9.160489108919827109e-03 9.571044409530146679e-02 9.571044409530146679e-02
5.018358100000000377e+00 9.117183221639037910e-03 9.548394221877853916e-02 9.548394221877853916e-02
5.024551599999999674e+00 9.073473775022312254e-03 9.525478347580404459e-02 9.525478347580404459e-02
5.030745200000000139e+00 9.029759657504665346e-03 9.502504752697925328e-02 9.502504752697925328e-02
5.036938700000000324e+00 8.986240143505975705e-03 9.479578125373500086e-02 9.479578125373500086e-02
5.043173000000000350e+00 8.942718125885045985e-03 9.456594591016920237e-02 9.456594591016920237e-02
5.049366599999999927e+00 8.899189207086700276e-03 9.433551402884653159e-02 9.433551402884653159e-02
5.055560100000000112e+00 8.855855008129234415e-03 9.410555248299239117e-02 9.410555248299239117e-02
5.061753600000000297e+00 8.812316806181398274e-03 9.387394103893474673e-02 9.387394103893474673e-02
5.067947199999999874e+00 8.768973402149299323e-03 9.364279685138253428e-02 9.364279685138253428e-02
5.074140700000000059e+00 8.725625431261974790e-03 9.341105625814309643e-02 9.341105625814309643e-02
5.080334299999999637e+00 8.682472341150822975e-03 9.317978504563542708e-02 9.317978504563542708e-02
5.086527799999999822e+00 8.639314753069577552e-03 9.294791419429258850e-02 9.294791419429258850e-02
5.092721400000000287e+00 8.596152704773424649e-03 9.271543940883537893e-02 9.271543940883537893e-02
5.098914899999999584e+00 8.553385078065646116e-03 9.248451263895834940e-02 9.248451263895834940e-02
5.105108399999999769e+00 8.510413731493334313e-03 9.225190367408866998e-02 9.225190367408866998e-02
5.111302000000000234e+00 8.467637369972330630e-03 9.201976619168476812e-02 9.201976619168476812e-02
5.117495500000000419e+00 8.425056233008024545e-03 9.178810507363154014e-02 9.178810507363154014e-02
5.123729799999999557e+00 8.382472672205223962e-03 9.155584455514144404e-02 9.155584455514144404e-02
5.129923400000000022e+00 8.340082456143751641e-03 9.132405190388648286e-02 9.132405190388648286e-02
5.136116900000000207e+00 8.297687925421841360e-03 9.109164574988115604e-02 9.109164574988115604e-02
5.142310400000000392e+00 8.255688275402617987e-03 9.086081815283537921e-02 9.086081815283537921e-02
5.148503999999999969e+00 8.213684503040682636e-03 9.062937991093551748e-02 9.062937991093551748e-02
5.154697500000000154e+00 8.171676526005318408e-03 9.039732587861942781e-02 9.039732587861942781e-02
5.160891099999999732e+00 8.129864081462403330e-03 9.016575891912850804e-02 9.016575891912850804e-02
5.167084599999999917e+00 8.088446615764119385e-03 8.993579162805050153e-02 8.993579162805050153e-02
5.173278100000000101e+00 8.047025166526234827e-03 8.970521259395261571e-02 8.970521259395261571e-02
5.179471699999999679e+00 8.005799284305937374e-03 8.947513221172649633e-02 8.947513221172649633e-02
5.185665199999999864e+00 7.964569472918877138e-03 8.924443664968073620e-02 8.924443664968073620e-02
5.191858800000000329e+00 7.923734835311144892e-03 8.901536291737030537e-02 8.901536291737030537e-02
5.198052299999999626e+00 7.882896336474752921e-03 8.878567641503190555e-02 8.878567641503190555e-02
5.204245900000000091e+00 7.842652653951648345e-03 8.855875255417529346e-02 8.855875255417529346e-02
5.210480099999999837e+00 7.802407003545897869e-03 8.833123458633360126e-02 8.833123458633360126e-02
5.216673700000000302e+00 7.762155761196981064e-03 8.810309734167681706e-02 8.810309734167681706e-02
5.222867199999999599e+00 7.722299907053475909e-03 8.787661752169047269e-02 8.787661752169047269e-02
5.229060800000000064e+00 7.683039180786075360e-03 8.765294735937904924e-02 8.765294735937904924e-02
5.235254300000000249e+00 7.643375531739274135e-03 8.742640065643371428e-02 8.742640065643371428e-02
5.241447899999999827e+00 7.604307091632288816e-03 8.720267823657877615e-02 8.720267823657877615e-02
5.247641400000000012e+00 7.565434532709735052e-03 8.697950639495337366e-02 8.697950639495337366e-02
5.253834900000000196e+00 7.526558489004919923e-03 8.675574038070864302e-02 8.675574038070864302e-02
5.260028499999999774e+00 7.488277607012617902e-03 8.653483464485627052e-02 8.653483464485627052e-02
5.266221999999999959e+00 7.449993303411134131e-03 8.631334371585389076e-02 8.631334371585389076e-02
5.272415600000000424e+00 7.412104745611901302e-03 8.609358132643746275e-02 8.609358132643746275e-02
5.278609099999999721e+00 7.374611979972087519e-03 8.587556101692778165e-02 8.587556101692778165e-02
5.284802599999999906e+00 7.337115795024677124e-03 8.565696582896616118e-02 8.565696582896616118e-02
5.291036899999999932e+00 7.299817274487756420e-03 8.543896812630497051e-02 8.543896812630497051e-02
5.297230500000000397e+00 7.263112891317263439e-03 8.522389859257356592e-02 8.522389859257356592e-02
5.303423999999999694e+00 7.226405191775401964e-03 8.500826543210608655e-02 8.500826543210608655e-02
5.309617600000000159e+00 7.189694304148173606e-03 8.479206510132993035e-02 8.479206510132993035e-02
5.315811100000000344e+00 7.153778710066728899e-03 8.458001365610394451e-02 8.458001365610394451e-02
5.322004599999999641e+00 7.117859920298429295e-03 8.436741029745092879e-02 8.436741029745092879e-02
5.328198200000000107e+00 7.082337320907542907e-03 8.415662374945624691e-02 8.415662374945624691e-02
5.334391700000000291e+00 7.046611912264167353e-03 8.394409992527269992e-02 8.394409992527269992e-02
5.340585299999999869e+00 7.011282883120064681e-03 8.373340362794327862e-02 8.373340362794327862e-02
5.346778800000000054e+00 6.976350090925145971e-03 8.352454783430525442e-02 8.352454783430525442e-02
5.352972399999999631e+00 6.941813706811295059e-03 8.331754741236263584e-02 8.331754741236263584e-02
5.359165899999999816e+00 6.907274469270497166e-03 8.311001425382200103e-02 8.311001425382200103e-02
5.365359400000000001e+00 6.872931925544794977e-03 8.290314786270057412e-02 8.290314786270057412e-02
5.371593700000000027e+00 6.838987396284850785e-03 8.269817045306897263e-02 8.269817045306897263e-02
5.377787299999999604e+00 6.805637856818358249e-03 8.249628995790270203e-02 8.249628995790270203e-02
5.383980799999999789e+00 6.772085712261033744e-03 8.229268322433673510e-02 8.229268322433673510e-02
5.390174400000000254e+00 6.739130134104838639e-03 8.209220507517653309e-02 8.209220507517653309e-02
5.396367900000000439e+00 6.706371602575922353e-03 8.189243922717116819e-02 8.189243922717116819e-02
5.402561399999999736e+00 6.674209663586788341e-03 8.169583626836063317e-02 8.169583626836063317e-02
5.408755000000000202e+00 6.641845265334325212e-03 8.149751692741519227e-02 8.149751692741519227e-02
5.414948500000000386e+00 6.610277417441954607e-03 8.130361257313203915e-02 8.130361257313203915e-02
5.421142099999999964e+00 6.578906806567288469e-03 8.111046052493653402e-02 8.111046052493653402e-02
5.427335600000000149e+00 6.548133007831392037e-03 8.092053514301170147e-02 8.092053514301170147e-02
5.433529100000000334e+00 6.517556527989706514e-03 8.073138502459688282e-02 8.073138502459688282e-02
5.439722699999999911e+00 6.487377183869677197e-03 8.054425605758412654e-02 8.054425605758412654e-02
5.445916200000000096e+00 6.457595112022908312e-03 8.035916321131590656e-02 8.035916321131590656e-02
5.452109799999999673e+00 6.428609754859609775e-03 8.017861157976988173e-02 8.017861157976988173e-02
5.458344099999999699e+00 6.399623269922923539e-03 7.999764540236746491e-02 7.999764540236746491e-02
5.464537599999999884e+00 6.371432480804233890e-03 7.982125331516809474e-02 7.982125331516809474e-02
5.470731100000000069e+00 6.343239511722072350e-03 7.964445688007466828e-02 7.964445688007466828e-02
5.476924699999999646e+00 6.316243089251412715e-03 7.947479530801833392e-02 7.947479530801833392e-02
5.483118199999999831e+00 6.289244551186080542e-03 7.930475743097686880e-02 7.930475743097686880e-02
5.489311800000000297e+00 6.262843197593526319e-03 7.913812733185898729e-02 7.913812733185898729e-02
5.495505299999999593e+00 6.237039271632642372e-03 7.897492812046517929e-02 7.897492812046517929e-02
5.501698900000000059e+00 6.211832727961526593e-03 7.881518082172701833e-02 7.881518082172701833e-02
5.507892400000000244e+00 6.186623964666290894e-03 7.865509496953322632e-02 7.865509496953322632e-02
5.514085900000000429e+00 6.162412454559223519e-03 7.850103473559583156e-02 7.850103473559583156e-02
5.520279500000000006e+00 6.138998324629637952e-03 7.835176018845803336e-02 7.835176018845803336e-02
5.526473000000000191e+00 6.115582177473603137e-03 7.820218780490481580e-02 7.820218780490481580e-02
5.532666599999999768e+00 6.092763633772330795e-03 7.805615692418074736e-02 7.805615692418074736e-02
5.538900899999999794e+00 6.070943578594941575e-03 7.791626003983341542e-02 7.791626003983341542e-02
5.545094399999999979e+00 6.049520282984521304e-03 7.777866213161885312e-02 7.777866213161885312e-02
5.551287900000000164e+00 6.028494881438736797e-03 7.764338272794879536e-02 7.764338272794879536e-02
5.557481499999999741e+00 6.008067312423975327e-03 7.751172370953941793e-02 7.751172370953941793e-02
5.563674999999999926e+00 5.988637527252474967e-03 7.738628772109742981e-02 7.738628772109742981e-02
5.569868600000000392e+00 5.969205912943147292e-03 7.726063624474721614e-02 7.726063624474721614e-02
5.576062099999999688e+00 5.950772121764158658e-03 7.714124786237359921e-02 7.714124786237359921e-02
5.582255599999999873e+00 5.932936527940882616e-03 7.702555762823715124e-02 7.702555762823715124e-02
5.588449200000000339e+00 5.915499083304349807e-03 7.691228174553366159e-02 7.691228174553366159e-02
5.594642699999999635e+00 5.899059807095995839e-03 7.680533710033435324e-02 7.680533710033435324e-02
5.600836300000000101e+00 5.883018818254248487e-03 7.670083974934203963e-02 7.670083974934203963e-02
5.607029800000000286e+00 5.868176102533319630e-03 7.660402145144418196e-02 7.660402145144418196e-02
5.613223399999999863e+00 5.853332045389731189e-03 7.650707186521865655e-02 7.650707186521865655e-02
5.619457599999999609e+00 5.840087106574554619e-03 7.642046261685776776e-02 7.642046261685776776e-02
5.625651200000000074e+00 5.827239961584174816e-03 7.633636067814718318e-02 7.633636067814718318e-02
5.631844700000000259e+00 5.815191458950739328e-03 7.625740265017383335e-02 7.625740265017383335e-02
5.638038299999999836e+00 5.804141644645484203e-03 7.618491743544442141e-02 7.618491743544442141e-02
5.644231800000000021e+00 5.793690678815807162e-03 7.611629706453018618e-02 7.611629706453018618e-02
5.650425399999999598e+00 5.784238568215609687e-03 7.605418179308491566e-02 7.605418179308491566e-02
5.656618899999999783e+00 5.775585423134545378e-03 7.599727247167852029e-02 7.599727247167852029e-02
5.662812399999999968e+00 5.767931398150336932e-03 7.594689854200983858e-02 7.594689854200983858e-02
5.669006000000000434e+00 5.761276380016180053e-03 7.590307226994293111e-02 7.590307226994293111e-02
5.675199499999999730e+00 5.755620545412269522e-03 7.586580616728638704e-02 7.586580616728638704e-02
5.681393100000000196e+00 5.751164072281662876e-03 7.583642971739679162e-02 7.583642971739679162e-02
5.687586600000000381e+00 5.747506846047642851e-03 7.581231328780070611e-02 7.581231328780070611e-02
5.693780099999999678e+00 5.744849131173192756e-03 7.579478300762654275e-02 7.579478300762654275e-02
5.700014399999999704e+00 5.743391840153004926e-03 7.578516899864382039e-02 7.578516899864382039e-02
