6.108177000000000051e-02 3.018224259912180685e+01 5.493836783079909303e+00 5.493836783079909303e+00
6.727816400000000141e-02 2.968114218468948096e+01 5.448040215039668510e+00 5.448040215039668510e+00
7.347496600000000266e-02 2.914029994893634168e+01 5.398175613013746599e+00 5.398175613013746599e+00
7.967135999999999663e-02 2.856206839409844633e+01 5.344349202110435293e+00 5.344349202110435293e+00
8.586816199999999788e-02 2.794880338475160286e+01 5.286662783339940219e+00 5.286662783339940219e+00
9.206455600000000572e-02 2.730315556969658886e+01 5.225242154168224573e+00 5.225242154168224573e+00
9.826135799999999310e-02 2.662773483608091141e+01 5.160206859814915781e+00 5.160206859814915781e+00
1.044577500000000020e-01 2.592543562750449837e+01 5.091702625596323806e+00 5.091702625596323806e+00
1.106545500000000043e-01 2.519906633821255681e+01 5.019867163403087140e+00 5.019867163403087140e+00
1.168509499999999951e-01 2.445170220745654177e+01 4.944866247681178884e+00 4.944866247681178884e+00
1.230477499999999974e-01 2.368629070578615625e+01 4.866856347354640455e+00 4.866856347354640455e+00
1.292441400000000074e-01 2.290602141888043164e+01 4.786023549762415286e+00 4.786023549762415286e+00
1.354409500000000044e-01 2.211390740982777459e+01 4.702542653695740427e+00 4.702542653695740427e+00
1.416373400000000005e-01 2.131318270470906029e+01 4.616620268628237156e+00 4.616620268628237156e+00
1.478341400000000028e-01 2.050685733100603514e+01 4.528449771280016911e+00 4.528449771280016911e+00
1.540305399999999936e-01 1.969812469611669670e+01 4.438256943453893655e+00 4.438256943453893655e+00
1.602273399999999959e-01 1.888992020815399542e+01 4.346253583047587910e+00 4.346253583047587910e+00
1.664237299999999919e-01 1.808532108265803373e+01 4.252683985750414841e+00 4.252683985750414841e+00
1.726205299999999943e-01 1.728710535637810963e+01 4.157776491873764968e+00 4.157776491873764968e+00
1.788169300000000128e-01 1.649815538053839958e+01 4.061792139011842551e+00 4.061792139011842551e+00
1.850137299999999874e-01 1.572102290949893266e+01 3.964974515617841089e+00 3.964974515617841089e+00
1.912101200000000112e-01 1.495832075914394821e+01 3.867598836376899829e+00 3.867598836376899829e+00
1.974069300000000082e-01 1.421229975792704359e+01 3.769920391457496578e+00 3.769920391457496578e+00
2.036037300000000105e-01 1.348519275330940381e+01 3.672219050289538878e+00 3.672219050289538878e+00
2.098001200000000066e-01 1.277903688117277170e+01 3.574777878578299983e+00 3.574777878578299983e+00
2.159969200000000089e-01 1.209553217315996143e+01 3.477863161937220671e+00 3.477863161937220671e+00
2.221933199999999997e-01 1.143635293345316306e+01 3.381767723166859252e+00 3.381767723166859252e+00
2.283901200000000020e-01 1.080278318248443448e+01 3.286758765483775768e+00 3.286758765483775768e+00
2.345865099999999981e-01 1.019605362914480295e+01 3.193125996440604464e+00 3.193125996440604464e+00
2.407833100000000004e-01 9.617008250582619766e+00 3.101130156988355147e+00 3.101130156988355147e+00
2.469797099999999912e-01 9.066422986046372756e+00 3.011050146717316522e+00 3.011050146717316522e+00
2.531765100000000213e-01 8.544705216386404345e+00 2.923132774334139761e+00 2.923132774334139761e+00
2.593729000000000173e-01 8.052184414543933855e+00 2.837637118192517072e+00 2.837637118192517072e+00
2.655697100000000144e-01 7.588845979999389257e+00 2.754786013468085937e+00 2.754786013468085937e+00
2.717661000000000104e-01 7.154603184749988465e+00 2.674808999676423493e+00 2.674808999676423493e+00
2.779629000000000127e-01 6.749058620390528063e+00 2.597895036445954542e+00 2.597895036445954542e+00
2.841593000000000035e-01 6.371749621751299664e+00 2.524232481716234489e+00 2.524232481716234489e+00
2.903561000000000059e-01 6.021949599195673741e+00 2.453966095771429767e+00 2.453966095771429767e+00
2.965524900000000019e-01 5.698880092842439460e+00 2.387232726996352028e+00 2.387232726996352028e+00
3.027492900000000042e-01 5.401544570671255485e+00 2.324122322656717365e+00 2.324122322656717365e+00
3.089456899999999950e-01 5.128916056309130056e+00 2.264711031524580420e+00 2.264711031524580420e+00
3.151424899999999973e-01 4.879798864147353754e+00 2.209026678007161237e+00 2.209026678007161237e+00
3.213392899999999996e-01 4.652974124252552635e+00 2.157075363600574835e+00 2.157075363600574835e+00
3.275356899999999905e-01 4.447158099391186781e+00 2.108828608349001765e+00 2.108828608349001765e+00
3.337324899999999928e-01 4.260985927253687855e+00 2.064215571894972179e+00 2.064215571894972179e+00
3.399288799999999888e-01 4.093118194629639106e+00 2.023145618740687546e+00 2.023145618740687546e+00
3.461256799999999911e-01 3.942158918565893622e+00 1.985487073381716483e+00 1.985487073381716483e+00
3.523220799999999819e-01 3.806758827138570389e+00 1.951091701365819997e+00 1.951091701365819997e+00
3.585188799999999842e-01 3.685549277511616761e+00 1.919778444902332071e+00 1.919778444902332071e+00
3.647152699999999803e-01 3.577225176659891481e+00 1.891355380847262069e+00 1.891355380847262069e+00
3.709120799999999774e-01 3.480491982899555303e+00 1.865607671215884444e+00 1.865607671215884444e+00
3.771084699999999734e-01 3.394133270510927058e+00 1.842317364221193854e+00 1.842317364221193854e+00
3.833052699999999757e-01 3.316966295027145684e+00 1.821254044615178147e+00 1.821254044615178147e+00
3.895016700000000220e-01 3.247895315900193314e+00 1.802191808853928157e+00 1.802191808853928157e+00
3.956984700000000243e-01 3.185876052556793070e+00 1.784902252941822365e+00 1.784902252941822365e+00
4.018948600000000204e-01 3.129955980207597133e+00 1.769168160522791355e+00 1.769168160522791355e+00
4.080932899999999974e-01 3.079231781668920753e+00 1.754773997319575285e+00 1.754773997319575285e+00
4.142868399999999895e-01 3.032953066347292559e+00 1.741537558121355245e+00 1.741537558121355245e+00
4.204844500000000096e-01 2.990327956562561340e+00 1.729256475067409315e+00 1.729256475067409315e+00
4.266820700000000244e-01 2.950742886730231440e+00 1.717772652806602185e+00 1.717772652806602185e+00
4.328796899999999837e-01 2.913630759916221002e+00 1.706936073763812844e+00 1.706936073763812844e+00
4.390732299999999810e-01 2.878522826116330702e+00 1.696621002497708863e+00 1.696621002497708863e+00
4.452708400000000011e-01 2.844954683182538080e+00 1.686699345817901818e+00 1.686699345817901818e+00
4.514684600000000159e-01 2.812600828577178635e+00 1.677081044129107967e+00 1.677081044129107967e+00
4.576660799999999751e-01 2.781177373321793045e+00 1.667686233474928281e+00 1.667686233474928281e+00
4.638596199999999725e-01 2.750480962469105339e+00 1.658457404478361985e+00 1.658457404478361985e+00
4.700572399999999873e-01 2.720303407548171126e+00 1.649334231606247592e+00 1.649334231606247592e+00
4.762548500000000073e-01 2.690547610471437867e+00 1.640288880188925047e+00 1.640288880188925047e+00
4.824524700000000221e-01 2.661140683700792042e+00 1.631300304573254145e+00 1.631300304573254145e+00
4.886460100000000195e-01 2.632068114072504184e+00 1.622364975605829596e+00 1.622364975605829596e+00
4.948436299999999788e-01 2.603291519624855166e+00 1.613471883741658175e+00 1.613471883741658175e+00
5.010412400000000543e-01 2.574858064233101373e+00 1.604636427429310563e+00 1.604636427429310563e+00
5.072388599999999581e-01 2.546818006121648104e+00 1.595875310330242547e+00 1.595875310330242547e+00
5.134324000000000110e-01 2.519256939262665806e+00 1.587216727250146509e+00 1.587216727250146509e+00
5.196300200000000258e-01 2.492218260436661836e+00 1.578676110048119252e+00 1.578676110048119252e+00
5.258276400000000406e-01 2.465807532524582513e+00 1.570288996498600653e+00 1.570288996498600653e+00
5.320252500000000051e-01 2.440115209935968199e+00 1.562086812547871295e+00 1.562086812547871295e+00
5.382187899999999470e-01 2.415246964880003233e+00 1.554106484408324995e+00 1.554106484408324995e+00
5.444164099999999618e-01 2.391255455725936674e+00 1.546368473464826199e+00 1.546368473464826199e+00
5.506140299999999765e-01 2.368235527747335034e+00 1.538907251184207903e+00 1.538907251184207903e+00
5.568116400000000521e-01 2.346255635524408412e+00 1.531749207776654353e+00 1.531749207776654353e+00
5.630051900000000442e-01 2.325385667422185332e+00 1.524921528283401662e+00 1.524921528283401662e+00
5.692028000000000088e-01 2.305641502874377302e+00 1.518433898091839040e+00 1.518433898091839040e+00
5.754004200000000235e-01 2.287065996728100625e+00 1.512304862363439195e+00 1.512304862363439195e+00
5.815980400000000383e-01 2.269672969265419837e+00 1.506543384461735302e+00 1.506543384461735302e+00
5.877915799999999802e-01 2.253471252212324583e+00 1.501156638133517518e+00 1.501156638133517518e+00
5.939891899999999447e-01 2.238423044169733256e+00 1.496136037989103773e+00 1.496136037989103773e+00
6.001868099999999595e-01 2.224508400559857435e+00 1.491478595407878194e+00 1.491478595407878194e+00
6.063844299999999743e-01 2.211682798750903345e+00 1.487172753499371725e+00 1.487172753499371725e+00
6.125779700000000272e-01 2.199896695329072838e+00 1.483204873012852865e+00 1.483204873012852865e+00
6.187755900000000420e-01 2.189066571810204920e+00 1.479549448923625832e+00 1.479549448923625832e+00
6.249732000000000065e-01 2.179123034905698919e+00 1.476185298296151860e+00 1.476185298296151860e+00
6.311708200000000213e-01 2.169980770472665910e+00 1.473085459324293911e+00 1.473085459324293911e+00
6.373643599999999632e-01 2.161553871630540247e+00 1.470222388494523136e+00 1.470222388494523136e+00
6.435619799999999779e-01 2.153735893247874067e+00 1.467561205963102022e+00 1.467561205963102022e+00
6.497595900000000535e-01 2.146434946110134412e+00 1.465071652210271358e+00 1.465071652210271358e+00
6.559572099999999573e-01 2.139552873948652234e+00 1.462721051311100862e+00 1.462721051311100862e+00
6.621507500000000102e-01 2.132997091241072951e+00 1.460478377532879790e+00 1.460478377532879790e+00
6.683483700000000249e-01 2.126665144638704597e+00 1.458309001768385293e+00 1.458309001768385293e+00
6.745459900000000397e-01 2.120472082697466565e+00 1.456184082696094562e+00 1.456184082696094562e+00
6.807436000000000043e-01 2.114334444101799271e+00 1.454075116389039746e+00 1.454075116389039746e+00
6.869371499999999964e-01 2.108179921840448223e+00 1.451957272732379067e+00 1.451957272732379067e+00
6.931347599999999609e-01 2.101932283201111140e+00 1.449804222369734719e+00 1.449804222369734719e+00
6.993323799999999757e-01 2.095536329096090888e+00 1.447596742568900252e+00 1.447596742568900252e+00
7.055299999999999905e-01 2.088942491477043806e+00 1.445317436232277597e+00 1.445317436232277597e+00
7.117235400000000434e-01 2.082115829145421593e+00 1.442953855514937045e+00 1.442953855514937045e+00
7.179211500000000079e-01 2.075018116000388879e+00 1.440492317230601893e+00 1.440492317230601893e+00
7.241187700000000227e-01 2.067634752101684459e+00 1.437927241588281557e+00 1.437927241588281557e+00
7.303163900000000375e-01 2.059956829055056726e+00 1.435254970050637624e+00 1.435254970050637624e+00
7.365099299999999793e-01 2.051990452513043461e+00 1.432477033851867088e+00 1.432477033851867088e+00
7.427075499999999941e-01 2.043734995153774658e+00 1.429592597614360416e+00 1.429592597614360416e+00
7.489051599999999587e-01 2.035213877791774983e+00 1.426609223926361247e+00 1.426609223926361247e+00
7.551027799999999734e-01 2.026452840058316607e+00 1.423535331510362045e+00 1.423535331510362045e+00
7.612963200000000263e-01 2.017490146817588315e+00 1.420383802645464044e+00 1.420383802645464044e+00
7.674939400000000411e-01 2.008351685223523919e+00 1.417163252848282040e+00 1.417163252848282040e+00
7.736915500000000057e-01 1.999085296450495930e+00 1.413890128846826633e+00 1.413890128846826633e+00
7.798891700000000204e-01 1.989736004245458822e+00 1.410580024048780690e+00 1.410580024048780690e+00
7.860827099999999623e-01 1.980356901260232005e+00 1.407251541573229847e+00 1.407251541573229847e+00
7.922803299999999771e-01 1.970983131109470987e+00 1.403917067034043509e+00 1.403917067034043509e+00
7.984779499999999919e-01 1.961667839045021289e+00 1.400595530138883937e+00 1.400595530138883937e+00
8.046755599999999564e-01 1.952456333811705580e+00 1.397303236170197138e+00 1.397303236170197138e+00
8.108691000000000093e-01 1.943397062903496675e+00 1.394057768854467749e+00 1.394057768854467749e+00
8.170667200000000241e-01 1.934516973634331505e+00 1.390869143246168838e+00 1.390869143246168838e+00
8.232643400000000389e-01 1.925856461648347118e+00 1.387752305582068635e+00 1.387752305582068635e+00
8.294619500000000034e-01 1.917444689377866496e+00 1.384718270760470160e+00 1.384718270760470160e+00
8.356554999999999955e-01 1.909310230588609381e+00 1.381777923759317295e+00 1.381777923759317295e+00
8.418531099999999601e-01 1.901459531412661663e+00 1.378934201262939752e+00 1.378934201262939752e+00
8.480507299999999749e-01 1.893908610796962932e+00 1.376193522291455640e+00 1.376193522291455640e+00
8.542483499999999896e-01 1.886661436290711702e+00 1.373557947918729649e+00 1.373557947918729649e+00
8.604459599999999542e-01 1.879715326789122454e+00 1.371027106511436777e+00 1.371027106511436777e+00
8.666395000000000071e-01 1.873065352623553670e+00 1.368599778102990161e+00 1.368599778102990161e+00
8.728371200000000218e-01 1.866687350111894128e+00 1.366267671472868539e+00 1.366267671472868539e+00
8.790347400000000366e-01 1.860564537792297024e+00 1.364025123592779387e+00 1.364025123592779387e+00
8.852323500000000012e-01 1.854670331615041245e+00 1.361862816738544035e+00 1.361862816738544035e+00
8.914258999999999933e-01 1.848977060375332382e+00 1.359770958792447582e+00 1.359770958792447582e+00
8.976235099999999578e-01 1.843441874009181580e+00 1.357734095472740821e+00 1.357734095472740821e+00
9.038211299999999726e-01 1.838029817746598127e+00 1.355739583307427942e+00 1.355739583307427942e+00
9.100187499999999874e-01 1.832699609001295693e+00 1.353772362327321233e+00 1.353772362327321233e+00
9.162122900000000403e-01 1.827411697638440691e+00 1.351817923256841913e+00 1.351817923256841913e+00
9.224099100000000551e-01 1.822115199844777544e+00 1.349857473900403226e+00 1.349857473900403226e+00
9.286075200000000196e-01 1.816769589699593457e+00 1.347875954863648973e+00 1.347875954863648973e+00
9.348051400000000344e-01 1.811331547580074419e+00 1.345857179488252564e+00 1.345857179488252564e+00
9.409986799999999763e-01 1.805763000760201464e+00 1.343786813732074537e+00 1.343786813732074537e+00
9.471962999999999910e-01 1.800017060296926985e+00 1.341647144482082776e+00 1.341647144482082776e+00
9.533939099999999556e-01 1.794060679464284158e+00 1.339425503514205973e+00 1.339425503514205973e+00
9.595915299999999704e-01 1.787860659731734359e+00 1.337109068001460566e+00 1.337109068001460566e+00
9.657850700000000232e-01 1.781392200458439934e+00 1.334688053613442671e+00 1.334688053613442671e+00
9.719826900000000380e-01 1.774622062417810175e+00 1.332149414449373959e+00 1.332149414449373959e+00
9.781803100000000528e-01 1.767534446155058392e+00 1.329486534777640561e+00 1.329486534777640561e+00
9.843779200000000174e-01 1.760114384206106219e+00 1.326693025611466181e+00 1.326693025611466181e+00
9.905714599999999592e-01 1.752357202800069347e+00 1.323766294630615459e+00 1.323766294630615459e+00
9.967690799999999740e-01 1.744247937277910721e+00 1.320699790746523439e+00 1.320699790746523439e+00
1.002966699999999989e+00 1.735791845959986368e+00 1.317494533559811831e+00 1.317494533559811831e+00
1.009164299999999903e+00 1.726994045813699641e+00 1.314151454670921648e+00 1.314151454670921648e+00
1.015357899999999924e+00 1.717870129589551542e+00 1.310675447847235553e+00 1.310675447847235553e+00
1.021555500000000061e+00 1.708422081695241346e+00 1.307066211672247791e+00 1.307066211672247791e+00
1.027753099999999975e+00 1.698673163304644795e+00 1.303331563073895971e+00 1.303331563073895971e+00
1.033950699999999889e+00 1.688644025804801663e+00 1.299478366809083019e+00 1.299478366809083019e+00
1.040144200000000074e+00 1.678364806602337778e+00 1.295517196567586238e+00 1.295517196567586238e+00
1.046341900000000047e+00 1.667846952091255108e+00 1.291451490413501713e+00 1.291451490413501713e+00
1.052539499999999961e+00 1.657124116804726155e+00 1.287293329744517045e+00 1.287293329744517045e+00
1.058737100000000098e+00 1.646223431747473098e+00 1.283052388543614031e+00 1.283052388543614031e+00
1.064930600000000060e+00 1.635179618237420085e+00 1.278741419614387809e+00 1.278741419614387809e+00
1.071128300000000033e+00 1.624004675797655617e+00 1.274364420327896541e+00 1.274364420327896541e+00
1.077325899999999947e+00 1.612731914438467751e+00 1.269933822857895134e+00 1.269933822857895134e+00
1.083523500000000084e+00 1.601385171596352075e+00 1.265458482762809700e+00 1.265458482762809700e+00
1.089717000000000047e+00 1.589993871797961589e+00 1.260949591299335593e+00 1.260949591299335593e+00
1.095914599999999961e+00 1.578562237760826159e+00 1.256408467720918409e+00 1.256408467720918409e+00
1.102112299999999934e+00 1.567114033737558643e+00 1.251844252987390771e+00 1.251844252987390771e+00
1.108309900000000070e+00 1.555662902720833962e+00 1.247262162787292183e+00 1.247262162787292183e+00
1.114503400000000033e+00 1.544226176607321088e+00 1.242668973060533588e+00 1.242668973060533588e+00
1.120700999999999947e+00 1.532795246378359177e+00 1.238061083460084921e+00 1.238061083460084921e+00
1.126898699999999920e+00 1.521380618266801044e+00 1.233442588151877128e+00 1.233442588151877128e+00
1.133096300000000056e+00 1.509982428471879023e+00 1.228813422970256752e+00 1.228813422970256752e+00
1.139289800000000019e+00 1.498604590401800607e+00 1.224175065258968909e+00 1.224175065258968909e+00
1.145487399999999933e+00 1.487225633758580301e+00 1.219518607385135622e+00 1.219518607385135622e+00
1.151685000000000070e+00 1.475843987970014926e+00 1.214843194807467608e+00 1.214843194807467608e+00
1.157882700000000042e+00 1.464448002894057188e+00 1.210143794304650910e+00 1.210143794304650910e+00
1.164076200000000005e+00 1.453032172699886493e+00 1.205417841538728219e+00 1.205417841538728219e+00
1.170273799999999920e+00 1.441566207513368170e+00 1.200652409114881136e+00 1.200652409114881136e+00
1.176471400000000056e+00 1.430041540600385686e+00 1.195843443181583643e+00 1.195843443181583643e+00
1.182669100000000029e+00 1.418441217369394769e+00 1.190983298526639533e+00 1.190983298526639533e+00
1.188862599999999992e+00 1.406756425469792848e+00 1.186067631069068762e+00 1.186067631069068762e+00
1.195060199999999906e+00 1.394954830686921943e+00 1.181082059251990390e+00 1.181082059251990390e+00
1.201257800000000042e+00 1.383028161110153809e+00 1.176022177133642987e+00 1.176022177133642987e+00
1.207455399999999957e+00 1.370961571933759338e+00 1.170880682193433220e+00 1.170880682193433220e+00
1.213648999999999978e+00 1.358749670801533638e+00 1.165654181479881979e+00 1.165654181479881979e+00
1.219846599999999892e+00 1.346365214205094807e+00 1.160329786830061050e+00 1.160329786830061050e+00
1.226044200000000028e+00 1.333806710651774807e+00 1.154905498580630629e+00 1.154905498580630629e+00
1.232241799999999943e+00 1.321067221694032012e+00 1.149376884095913987e+00 1.149376884095913987e+00
1.238435399999999964e+00 1.308150781723701694e+00 1.143744194181418150e+00 1.143744194181418150e+00
1.244633000000000100e+00 1.295039030978001771e+00 1.137997816772071680e+00 1.137997816772071680e+00
1.250830600000000015e+00 1.281741323405325650e+00 1.132140151838687103e+00 1.132140151838687103e+00
1.257028199999999929e+00 1.268261478425467326e+00 1.126171158583573195e+00 1.126171158583573195e+00
1.263221799999999950e+00 1.254614867593355720e+00 1.120095918925408718e+00 1.120095918925408718e+00
1.269419400000000087e+00 1.240792925633944721e+00 1.113908849787066169e+00 1.113908849787066169e+00
1.275617000000000001e+00 1.226815867005121463e+00 1.107617202378656351e+00 1.107617202378656351e+00
1.281814599999999915e+00 1.212697320981273919e+00 1.101225372474351483e+00 1.101225372474351483e+00
1.288008199999999936e+00 1.198462060810173702e+00 1.094742919963483274e+00 1.094742919963483274e+00
1.294205800000000073e+00 1.184108854684549739e+00 1.088167659271561671e+00 1.088167659271561671e+00
1.300403399999999987e+00 1.169665328461655163e+00 1.081510669601393859e+00 1.081510669601393859e+00
1.306600999999999901e+00 1.155150929807708504e+00 1.074779479617892886e+00 1.074779479617892886e+00
1.312794599999999923e+00 1.140595157683202521e+00 1.067986496957336273e+00 1.067986496957336273e+00
1.318992200000000059e+00 1.125999589045835858e+00 1.061131277950959184e+00 1.061131277950959184e+00
1.325189799999999973e+00 1.111393975240531518e+00 1.054226719088703135e+00 1.054226719088703135e+00
1.331387400000000110e+00 1.096798347705815635e+00 1.047281408077989084e+00 1.047281408077989084e+00
1.337580900000000073e+00 1.082241740511778350e+00 1.040308483341253032e+00 1.040308483341253032e+00
1.343778600000000045e+00 1.067723172496501505e+00 1.033306911085231095e+00 1.033306911085231095e+00
1.349976199999999960e+00 1.053270196324523456e+00 1.026289528507683624e+00 1.026289528507683624e+00
1.356173800000000096e+00 1.038898727324760740e+00 1.019263816352155683e+00 1.019263816352155683e+00
1.362367300000000059e+00 1.024632892018373376e+00 1.012241518620123237e+00 1.012241518620123237e+00
1.368565000000000031e+00 1.010466747540433197e+00 1.005219750870640860e+00 1.005219750870640860e+00
1.374762599999999946e+00 9.964218041260539671e-01 9.982092987575571508e-01 9.982092987575571508e-01
1.380960200000000082e+00 9.825077774331120173e-01 9.912153032682213816e-01 9.912153032682213816e-01
1.387153700000000045e+00 9.687420578275529603e-01 9.842469496155692443e-01 9.842469496155692443e-01
1.393351400000000018e+00 9.551129486105074395e-01 9.772988021124897617e-01 9.772988021124897617e-01
1.399548999999999932e+00 9.416353019089213072e-01 9.703789475812638621e-01 9.703789475812638621e-01
1.405746600000000068e+00 9.283127526790798667e-01 9.634898819806463344e-01 9.634898819806463344e-01
1.411940100000000031e+00 9.151565413267747084e-01 9.566381454483062763e-01 9.566381454483062763e-01
1.418137699999999946e+00 9.021507017628619396e-01 9.498161410309164943e-01 9.498161410309164943e-01
1.424335399999999918e+00 8.893042655108734929e-01 9.430293025727638501e-01 9.430293025727638501e-01
1.430533000000000055e+00 8.766173061882748252e-01 9.362784341147001310e-01 9.362784341147001310e-01
1.436726500000000017e+00 8.640968568179142606e-01 9.295681023023080192e-01 9.295681023023080192e-01
1.442924099999999932e+00 8.517248541471715839e-01 9.228894051549034749e-01 9.228894051549034749e-01
1.449121799999999904e+00 8.395076173505401362e-01 9.162464828584828691e-01 9.162464828584828691e-01
1.455319400000000041e+00 8.274435215549192923e-01 9.096392260423465936e-01 9.096392260423465936e-01
1.461512900000000004e+00 8.155381188707733209e-01 9.030714915613122784e-01 9.030714915613122784e-01
1.467710499999999918e+00 8.037736201664632540e-01 8.965342269910632211e-01 8.965342269910632211e-01
1.473908100000000054e+00 7.921560795269657618e-01 8.900315047946144587e-01 8.900315047946144587e-01
1.480105800000000027e+00 7.806836658686205910e-01 8.835630514392397439e-01 8.835630514392397439e-01
1.486299299999999990e+00 7.693628372491275735e-01 8.771333064301728433e-01 8.771333064301728433e-01
1.492496899999999904e+00 7.581773869872283633e-01 8.707338209735673296e-01 8.707338209735673296e-01
1.498694500000000041e+00 7.471341693430005870e-01 8.643692320663667328e-01 8.643692320663667328e-01
1.504892200000000013e+00 7.362326673691486079e-01 8.580400150162861284e-01 8.580400150162861284e-01
1.511089799999999927e+00 7.254732186952707051e-01 8.517471565525009947e-01 8.517471565525009947e-01
1.517283299999999890e+00 7.148629043617192869e-01 8.454956560277050448e-01 8.454956560277050448e-01
1.523480900000000027e+00 7.043882075339149562e-01 8.392783850033997961e-01 8.392783850033997961e-01
1.529678499999999941e+00 6.940569240277254526e-01 8.331007886370804805e-01 8.331007886370804805e-01
1.535876199999999914e+00 6.838697452654519671e-01 8.269641741124290624e-01 8.269641741124290624e-01
1.542069700000000099e+00 6.738345101471757692e-01 8.208742352803964915e-01 8.208742352803964915e-01
1.548267300000000013e+00 6.639386706068222122e-01 8.148243188607113829e-01 8.148243188607113829e-01
1.554464899999999927e+00 6.541897402425527197e-01 8.088199677570730994e-01 8.088199677570730994e-01
1.560662599999999900e+00 6.445882373780207342e-01 8.028625270729857766e-01 8.028625270729857766e-01
1.566856100000000085e+00 6.351411354373064366e-01 7.969574238548170486e-01 7.969574238548170486e-01
1.573053699999999999e+00 6.258359603606381549e-01 7.910979461233850207e-01 7.910979461233850207e-01
1.579251299999999913e+00 6.166788891036122378e-01 7.852890481240727416e-01 7.852890481240727416e-01
1.585448900000000050e+00 6.076694435260839855e-01 7.795315539002151128e-01 7.795315539002151128e-01
1.591642500000000071e+00 5.988124410679475096e-01 7.738297235619393533e-01 7.738297235619393533e-01
1.597840099999999985e+00 5.900951961303607662e-01 7.681765396901683030e-01 7.681765396901683030e-01
1.604037699999999900e+00 5.815218383025396731e-01 7.625757918414008962e-01 7.625757918414008962e-01
1.610235300000000036e+00 5.730903487363188109e-01 7.570273104296296740e-01 7.570273104296296740e-01
1.616428900000000057e+00 5.648036569161831721e-01 7.515342020934131506e-01 7.515342020934131506e-01
1.622626499999999972e+00 5.566483565806611411e-01 7.460887055710340166e-01 7.460887055710340166e-01
1.628824100000000108e+00 5.486268556587050593e-01 7.406934964333796723e-01 7.406934964333796723e-01
1.635021700000000022e+00 5.407359308729368097e-01 7.353474898800816950e-01 7.353474898800816950e-01
1.641215300000000044e+00 5.329771509817173847e-01 7.300528412257001332e-01 7.300528412257001332e-01
1.647412899999999958e+00 5.253369766882207692e-01 7.248013360143734651e-01 7.248013360143734651e-01
1.653610500000000094e+00 5.178168857457862151e-01 7.195949456088377438e-01 7.195949456088377438e-01
1.659808100000000008e+00 5.104133145454650133e-01 7.144321623117656506e-01 7.144321623117656506e-01
1.666001700000000030e+00 5.031274427317994347e-01 7.093147698531304668e-01 7.093147698531304668e-01
1.672199299999999944e+00 4.959465054354869618e-01 7.042346948535601614e-01 7.042346948535601614e-01
1.678396900000000080e+00 4.888720787485568708e-01 6.991938777968217389e-01 6.991938777968217389e-01
1.684594499999999995e+00 4.819012379580088767e-01 6.941910673280151656e-01 6.941910673280151656e-01
1.690788100000000016e+00 4.750357439200866838e-01 6.892283684818020228e-01 6.892283684818020228e-01
1.696985699999999930e+00 4.682644071869055957e-01 6.842984781415969442e-01 6.842984781415969442e-01
1.703183300000000067e+00 4.615897146517065619e-01 6.794039407095801009e-01 6.794039407095801009e-01
1.709380899999999981e+00 4.550100460891903786e-01 6.745443247772456852e-01 6.745443247772456852e-01
1.715574399999999944e+00 4.485284057212652886e-01 6.697226334246628721e-01 6.697226334246628721e-01
1.721772099999999917e+00 4.421352140432645017e-01 6.649324883349170268e-01 6.649324883349170268e-01
1.727969700000000053e+00 4.358344478804316302e-01 6.601775881385489875e-01 6.601775881385489875e-01
1.734167299999999967e+00 4.296257733034310466e-01 6.554584451385389032e-01 6.554584451385389032e-01
1.740360799999999930e+00 4.235132646144111890e-01 6.507789675568895760e-01 6.507789675568895760e-01
1.746558499999999903e+00 4.174890390704002474e-01 6.461339172883592274e-01 6.461339172883592274e-01
1.752756100000000039e+00 4.115578761925331452e-01 6.415277672809908127e-01 6.415277672809908127e-01
1.758953699999999953e+00 4.057203361621792292e-01 6.369618011797718582e-01 6.369618011797718582e-01
1.765147199999999916e+00 3.999809395902606535e-01 6.324404632771851720e-01 6.324404632771851720e-01
1.771344800000000053e+00 3.943328767694865844e-01 6.279592954718375974e-01 6.279592954718375974e-01
1.777542500000000025e+00 3.887806578085195031e-01 6.235227805048662031e-01 6.235227805048662031e-01
1.783740099999999940e+00 3.833251514992611630e-01 6.191325799045477307e-01 6.191325799045477307e-01
1.789933599999999903e+00 3.779703360715200300e-01 6.147929212926251941e-01 6.147929212926251941e-01
1.796131200000000039e+00 3.727094929696925796e-01 6.104993799912433738e-01 6.104993799912433738e-01
1.802328900000000012e+00 3.675462569043236871e-01 6.062559335003029348e-01 6.062559335003029348e-01
1.808526499999999926e+00 3.624806634120126270e-01 6.020636705631827734e-01 6.020636705631827734e-01
1.814720000000000111e+00 3.575154476924586877e-01 5.979259550249166333e-01 5.979259550249166333e-01
1.820917600000000025e+00 3.526432708064191068e-01 5.938377478793505082e-01 5.938377478793505082e-01
1.827115199999999939e+00 3.478663389031105280e-01 5.898019488803937227e-01 5.898019488803937227e-01
1.833312899999999912e+00 3.431831082512877829e-01 5.858183235878575701e-01 5.858183235878575701e-01
1.839506400000000097e+00 3.385949121544918894e-01 5.818890892210403232e-01 5.818890892210403232e-01
1.845704000000000011e+00 3.340934279553052222e-01 5.780081556131412279e-01 5.780081556131412279e-01
1.851901599999999926e+00 3.296792190730163385e-01 5.741769928105935339e-01 5.741769928105935339e-01
1.858099299999999898e+00 3.253494052088977684e-01 5.703940788690725627e-01 5.703940788690725627e-01
1.864292800000000083e+00 3.211038235524308893e-01 5.666602364313476636e-01 5.666602364313476636e-01
1.870490399999999998e+00 3.169334594775269354e-01 5.629684355961059872e-01 5.629684355961059872e-01
1.876687999999999912e+00 3.128376298323959914e-01 5.593188981541710181e-01 5.593188981541710181e-01
1.882885600000000048e+00 3.088126660385942523e-01 5.557091559787316060e-01 5.557091559787316060e-01
1.889079200000000069e+00 3.048573349466441318e-01 5.521388728813106939e-01 5.521388728813106939e-01
1.895276799999999984e+00 3.009627168088937488e-01 5.486006897634141399e-01 5.486006897634141399e-01
1.901474399999999898e+00 2.971275812119077986e-01 5.450941030793745590e-01 5.450941030793745590e-01
1.907672000000000034e+00 2.933481812275413603e-01 5.416162675063789234e-01 5.416162675063789234e-01
1.913865600000000056e+00 2.896232696091362580e-01 5.381665816539858982e-01 5.381665816539858982e-01
1.920063199999999970e+00 2.859445583373766975e-01 5.347378407569233216e-01 5.347378407569233216e-01
1.926260800000000106e+00 2.823111937158821472e-01 5.313296469385857534e-01 5.313296469385857534e-01
1.932458400000000021e+00 2.787201428332192754e-01 5.279395257349266402e-01 5.279395257349266402e-01
1.938652000000000042e+00 2.751709302476675334e-01 5.245673743645019593e-01 5.245673743645019593e-01
1.944849599999999956e+00 2.716565235574077142e-01 5.212067953868289027e-01 5.212067953868289027e-01
1.951047200000000093e+00 2.681771062337590106e-01 5.178581912394154552e-01 5.178581912394154552e-01
1.957244800000000007e+00 2.647309006301825085e-01 5.145200682482486965e-01 5.145200682482486965e-01
1.963438400000000028e+00 2.613186746098644653e-01 5.111933827915463580e-01 5.111933827915463580e-01
1.969635999999999942e+00 2.579349484013958027e-01 5.078729648262405583e-01 5.078729648262405583e-01
1.975833600000000079e+00 2.545812101618479817e-01 5.045604127969691710e-01 5.045604127969691710e-01
1.982031199999999993e+00 2.512570693282746292e-01 5.012554930654372631e-01 5.012554930654372631e-01
1.988224800000000014e+00 2.479645688973339535e-01 4.979604089657469479e-01 4.979604089657469479e-01
1.994422399999999929e+00 2.446996748441183922e-01 4.946712795828340781e-01 4.946712795828340781e-01
2.000620000000000065e+00 2.414650058801116606e-01 4.913908890894413406e-01 4.913908890894413406e-01
2.006817600000000201e+00 2.382612759218150078e-01 4.881201449661906611e-01 4.881201449661906611e-01
2.013011099999999942e+00 2.350914815053042617e-01 4.848623325288367591e-01 4.848623325288367591e-01
2.019208799999999915e+00 2.319524404639569659e-01 4.816144105650878027e-01 4.816144105650878027e-01
2.025406400000000051e+00 2.288475453828083539e-01 4.783801264505125328e-01 4.783801264505125328e-01
2.031604000000000187e+00 2.257780041507901347e-01 4.751610297054990606e-01 4.751610297054990606e-01
2.037797499999999928e+00 2.227471062553236514e-01 4.719609160251764246e-01 4.719609160251764246e-01
2.043995199999999901e+00 2.197520837866755727e-01 4.687772219153524267e-01 4.687772219153524267e-01
2.050192800000000037e+00 2.167963074055428152e-01 4.656139037931994462e-01 4.656139037931994462e-01
2.056390400000000174e+00 2.138809118209513971e-01 4.624726065627578486e-01 4.624726065627578486e-01
2.062583899999999915e+00 2.110088654684779685e-01 4.593570130829374709e-01 4.593570130829374709e-01
2.068781500000000051e+00 2.081773179461297307e-01 4.562645262850594796e-01 4.562645262850594796e-01
2.074979200000000024e+00 2.053889418361247998e-01 4.531985677781040778e-01 4.531985677781040778e-01
2.081176800000000160e+00 2.026444613527403904e-01 4.501604839973633032e-01 4.501604839973633032e-01
2.087370299999999901e+00 1.999460564046942890e-01 4.471532806596573151e-01 4.471532806596573151e-01
2.093567900000000037e+00 1.972904195898073088e-01 4.441738618939742311e-01 4.441738618939742311e-01
2.099765600000000010e+00 1.946793840474254078e-01 4.412248678932607637e-01 4.412248678932607637e-01
2.105963200000000146e+00 1.921129178758249068e-01 4.383068763729641715e-01 4.383068763729641715e-01
2.112156699999999887e+00 1.895923321052645771e-01 4.354220161007761880e-01 4.354220161007761880e-01
2.118354300000000023e+00 1.871138145603541691e-01 4.325665435055676689e-01 4.325665435055676689e-01
2.124551900000000160e+00 1.846784114817996147e-01 4.297422616892590530e-01 4.297422616892590530e-01
2.130749600000000132e+00 1.822853019586772871e-01 4.269488282671323742e-01 4.269488282671323742e-01
2.136943099999999873e+00 1.799351955766302635e-01 4.241876890913151565e-01 4.241876890913151565e-01
2.143140700000000010e+00 1.776239257017138418e-01 4.214545357469935416e-01 4.214545357469935416e-01
2.149338300000000146e+00 1.753519595731658776e-01 4.187504741169446043e-01 4.187504741169446043e-01
2.155536000000000119e+00 1.731180962940736257e-01 4.160746282748728486e-01 4.160746282748728486e-01
2.161729499999999859e+00 1.709226435222984952e-01 4.134279181699011541e-01 4.134279181699011541e-01
2.167927099999999996e+00 1.687614343581390619e-01 4.108058353506423566e-01 4.108058353506423566e-01
2.174124700000000132e+00 1.666347120511248170e-01 4.082091523363051699e-01 4.082091523363051699e-01
2.180322299999999824e+00 1.645412763744477369e-01 4.056368774833566948e-01 4.056368774833566948e-01
2.186519999999999797e+00 1.624799338924143022e-01 4.030879977032487682e-01 4.030879977032487682e-01
2.192713499999999982e+00 1.604509792840136673e-01 4.005633274327714544e-01 4.005633274327714544e-01
2.198911100000000118e+00 1.584506571572104061e-01 3.980586102035859608e-01 3.980586102035859608e-01
2.205108699999999811e+00 1.564793640522336715e-01 3.955747262556515431e-01 3.955747262556515431e-01
2.211306399999999783e+00 1.545361995175628667e-01 3.931109252075842275e-01 3.931109252075842275e-01
2.217499899999999968e+00 1.526217079895915429e-01 3.906682838286101855e-01 3.906682838286101855e-01
2.223697500000000105e+00 1.507326418212759922e-01 3.882430190245228507e-01 3.882430190245228507e-01
2.229895099999999797e+00 1.488696904152248812e-01 3.858363518581742757e-01 3.858363518581742757e-01
2.236092699999999933e+00 1.470323589251865959e-01 3.834479872488400498e-01 3.834479872488400498e-01
2.242286299999999954e+00 1.452214010974059444e-01 3.810792582880967450e-01 3.810792582880967450e-01
2.248483900000000091e+00 1.434341502498471532e-01 3.787270128335806230e-01 3.787270128335806230e-01
2.254681499999999783e+00 1.416715276152014369e-01 3.763927836917193570e-01 3.763927836917193570e-01
2.260879099999999919e+00 1.399333379453156778e-01 3.740766471531144499e-01 3.740766471531144499e-01
2.267072699999999941e+00 1.382205343690465216e-01 3.717802232086135361e-01 3.717802232086135361e-01
2.273270300000000077e+00 1.365307975198407908e-01 3.695007408921405778e-01 3.695007408921405778e-01
2.279467900000000213e+00 1.348651603480300054e-01 3.672399220510074169e-01 3.672399220510074169e-01
2.285665499999999906e+00 1.332235557324917552e-01 3.649980215459965316e-01 3.649980215459965316e-01
2.291859099999999927e+00 1.316069550881620309e-01 3.627767289782546367e-01 3.627767289782546367e-01
2.298056700000000063e+00 1.300131966389765914e-01 3.605734275275656042e-01 3.605734275275656042e-01
2.304254300000000200e+00 1.284432395686737338e-01 3.583897871991802986e-01 3.583897871991802986e-01
2.310451899999999892e+00 1.268969635669304485e-01 3.562260006890716202e-01 3.562260006890716202e-01
2.316645499999999913e+00 1.253751884050980925e-01 3.540835895732787342e-01 3.540835895732787342e-01
2.322843100000000049e+00 1.238757520383396149e-01 3.519598727672511584e-01 3.519598727672511584e-01
2.329040700000000186e+00 1.223994029917118420e-01 3.498562604723715053e-01 3.498562604723715053e-01
2.335238299999999878e+00 1.209458515268551498e-01 3.477727009511458744e-01 3.477727009511458744e-01
2.341431899999999899e+00 1.195156756387854152e-01 3.457103927260293252e-01 3.457103927260293252e-01
2.347629500000000036e+00 1.181066418136759166e-01 3.436664688526884781e-01 3.436664688526884781e-01
2.353827100000000172e+00 1.167192488941072304e-01 3.416419893603642177e-01 3.416419893603642177e-01
2.360024699999999864e+00 1.153530230559543790e-01 3.396366044111770455e-01 3.396366044111770455e-01
2.366218200000000049e+00 1.140083371793161188e-01 3.376512063939889341e-01 3.376512063939889341e-01
2.372415900000000022e+00 1.126828488688781521e-01 3.356826609595410238e-01 3.356826609595410238e-01
2.378613500000000158e+00 1.113769331307146865e-01 3.337318281655417551e-01 3.337318281655417551e-01
2.384811099999999850e+00 1.100899878396016662e-01 3.317981130742030937e-01 3.317981130742030937e-01
2.391004600000000035e+00 1.088222578931782036e-01 3.298821878992229117e-01 3.298821878992229117e-01
2.397202300000000008e+00 1.075714572398064894e-01 3.279808793814152912e-01 3.279808793814152912e-01
2.403399900000000144e+00 1.063378922351671529e-01 3.260949129243925215e-01 3.260949129243925215e-01
2.409597499999999837e+00 1.051209799063426847e-01 3.242236572280663975e-01 3.242236572280663975e-01
2.415791000000000022e+00 1.039209707781935249e-01 3.223677570387484259e-01 3.223677570387484259e-01
2.421988600000000158e+00 1.027357684374491098e-01 3.205242088165090597e-01 3.205242088165090597e-01
2.428186300000000131e+00 1.015656824786824175e-01 3.186937126437897061e-01 3.186937126437897061e-01
2.434383899999999823e+00 1.004103208814400433e-01 3.168758761430728321e-01 3.168758761430728321e-01
2.440577400000000008e+00 9.927003042035395519e-02 3.150714687501138256e-01 3.150714687501138256e-01
2.446775000000000144e+00 9.814296515553726230e-02 3.132777763511757074e-01 3.132777763511757074e-01
2.452972700000000117e+00 9.702957984175886175e-02 3.114957140022296955e-01 3.114957140022296955e-01
2.459170299999999809e+00 9.592967323093298804e-02 3.097251575686627567e-01 3.097251575686627567e-01
2.465363799999999994e+00 9.484375345658847822e-02 3.079671304808168641e-01 3.079671304808168641e-01
2.471561400000000130e+00 9.377024143696517655e-02 3.062192701920719573e-01 3.062192701920719573e-01
2.477758999999999823e+00 9.270976281402910912e-02 3.044827791748313528e-01 3.044827791748313528e-01
2.483956699999999795e+00 9.166224313123184919e-02 3.027577300932741688e-01 3.027577300932741688e-01
2.490150199999999980e+00 9.062837388475768197e-02 3.010454681352265349e-01 3.010454681352265349e-01
2.496347800000000117e+00 8.960677672381039960e-02 2.993439104505224435e-01 2.993439104505224435e-01
2.502545399999999809e+00 8.859817191972643724e-02 2.976544505290092957e-01 2.976544505290092957e-01
2.508743099999999782e+00 8.760259313539422998e-02 2.959773524028387892e-01 2.959773524028387892e-01
2.514936599999999967e+00 8.662077954926782064e-02 2.943140831650225553e-01 2.943140831650225553e-01
2.521134200000000103e+00 8.565148219016187336e-02 2.926627447936649973e-01 2.926627447936649973e-01
2.527331799999999795e+00 8.469542218923792332e-02 2.910247793388698878e-01 2.910247793388698878e-01
2.533529399999999931e+00 8.375266051183070937e-02 2.894005191975831948e-01 2.894005191975831948e-01
2.539722999999999953e+00 8.282384267565709446e-02 2.877913179296017199e-01 2.877913179296017199e-01
2.545920600000000089e+00 8.190780344198345109e-02 2.861953938168527722e-01 2.861953938168527722e-01
2.552118199999999781e+00 8.100516219055614586e-02 2.846140583150384984e-01 2.846140583150384984e-01
2.558315799999999918e+00 8.011591182106110598e-02 2.830475433934396823e-01 2.830475433934396823e-01
2.564509399999999939e+00 7.924058173473148836e-02 2.814970368134120937e-01 2.814970368134120937e-01
2.570707000000000075e+00 7.837798387280028867e-02 2.799606827267005493e-01 2.799606827267005493e-01
2.576904600000000212e+00 7.752860403463343597e-02 2.784395877648029871e-01 2.784395877648029871e-01
2.583102199999999904e+00 7.669233235925600189e-02 2.769338050135013996e-01 2.769338050135013996e-01
2.589295799999999925e+00 7.586956126025493075e-02 2.754442979265588898e-01 2.754442979265588898e-01
2.595493400000000062e+00 7.505907016449318847e-02 2.739691043977280360e-01 2.739691043977280360e-01
2.601691000000000198e+00 7.426121601106691617e-02 2.725091117945727115e-01 2.725091117945727115e-01
2.607888599999999890e+00 7.347580248351721910e-02 2.710642036188423143e-01 2.710642036188423143e-01
2.614082199999999911e+00 7.270311406189451653e-02 2.696351499005545382e-01 2.696351499005545382e-01
2.620279800000000048e+00 7.194193153525527129e-02 2.682199312788952072e-01 2.682199312788952072e-01
2.626477400000000184e+00 7.119252978933522658e-02 2.668192830163053086e-01 2.668192830163053086e-01
2.632674999999999876e+00 7.045467789025376681e-02 2.654330007558475257e-01 2.654330007558475257e-01
2.638868599999999898e+00 6.972861117660068830e-02 2.640617563688477110e-01 2.640617563688477110e-01
2.645066200000000034e+00 6.901316657221222284e-02 2.627035716776843222e-01 2.627035716776843222e-01
2.651263800000000170e+00 6.830859919200776842e-02 2.613591383365191922e-01 2.613591383365191922e-01
2.657461399999999863e+00 6.761470249283497991e-02 2.600282724875027651e-01 2.600282724875027651e-01
2.663654999999999884e+00 6.693172102124438083e-02 2.587116561371837209e-01 2.587116561371837209e-01
2.669852600000000020e+00 6.625859474211166777e-02 2.574074488862194143e-01 2.574074488862194143e-01
2.676050200000000157e+00 6.559560670503784829e-02 2.561163928861990291e-01 2.561163928861990291e-01
2.682247799999999849e+00 6.494261274537518891e-02 2.548384051617322288e-01 2.548384051617322288e-01
2.688441300000000034e+00 6.429990818839295685e-02 2.535742656272377826e-01 2.535742656272377826e-01
2.694639000000000006e+00 6.366652179466893158e-02 2.523222578265122418e-01 2.523222578265122418e-01
2.700836600000000143e+00 6.304280791867472589e-02 2.510832688943545055e-01 2.510832688943545055e-01
2.707034199999999835e+00 6.242867513120441830e-02 2.498573095412748024e-01 2.498573095412748024e-01
2.713227700000000020e+00 6.182445052463575452e-02 2.486452302471047759e-01 2.486452302471047759e-01
2.719425399999999993e+00 6.122926350203852092e-02 2.474454758164685575e-01 2.474454758164685575e-01
2.725623000000000129e+00 6.064348081740619789e-02 2.462589710394449682e-01 2.462589710394449682e-01
2.731820599999999821e+00 6.006703942299378152e-02 2.450857797241483838e-01 2.450857797241483838e-01
2.738014100000000006e+00 5.950025680134660849e-02 2.439267447438812630e-01 2.439267447438812630e-01
2.744211700000000143e+00 5.894232307975563051e-02 2.427804009382875106e-01 2.427804009382875106e-01
2.750409400000000115e+00 5.839353989652742993e-02 2.416475530530516891e-01 2.416475530530516891e-01
2.756606999999999807e+00 5.785384541852297419e-02 2.405282632426446743e-01 2.405282632426446743e-01
2.762800499999999992e+00 5.732348452995443544e-02 2.394232330621955951e-01 2.394232330621955951e-01
2.768998100000000129e+00 5.680164325035308437e-02 2.383309531939842019e-01 2.383309531939842019e-01
2.775195800000000101e+00 5.628853570683436253e-02 2.372520510065916355e-01 2.372520510065916355e-01
2.781393399999999794e+00 5.578402505104854137e-02 2.361864201241225814e-01 2.361864201241225814e-01
2.787586899999999979e+00 5.528825201707220777e-02 2.351345402467961698e-01 2.351345402467961698e-01
2.793784500000000115e+00 5.480036031250106604e-02 2.340947678024886403e-01 2.340947678024886403e-01
2.799982099999999807e+00 5.432045716760397491e-02 2.330674948756346343e-01 2.330674948756346343e-01
2.806179799999999780e+00 5.384828814052000645e-02 2.320523392265632923e-01 2.320523392265632923e-01
2.812373299999999965e+00 5.338390460636872892e-02 2.310495717511043823e-01 2.310495717511043823e-01
2.818570900000000101e+00 5.292639515514398207e-02 2.300573736161133920e-01 2.300573736161133920e-01
2.824768499999999793e+00 5.247576272072081854e-02 2.290758885625477914e-01 2.290758885625477914e-01
2.830966200000000210e+00 5.203167824004178293e-02 2.281045335806410057e-01 2.281045335806410057e-01
2.837159699999999951e+00 5.159411002613474573e-02 2.271433688799537609e-01 2.271433688799537609e-01
2.843357300000000087e+00 5.116212993436786843e-02 2.261904726869986282e-01 2.261904726869986282e-01
2.849554899999999780e+00 5.073568368923091210e-02 2.252458294602386335e-01 2.252458294602386335e-01
2.855752499999999916e+00 5.031442527412047921e-02 2.243087721738061535e-01 2.243087721738061535e-01
2.861950199999999889e+00 4.989800614110086879e-02 2.233786161231662570e-01 2.233786161231662570e-01
2.868143700000000074e+00 4.948637728004061376e-02 2.224553377198232318e-01 2.224553377198232318e-01
2.874341300000000210e+00 4.907866605759576839e-02 2.215370534641908917e-01 2.215370534641908917e-01
2.880538899999999902e+00 4.867484169505768843e-02 2.206237559626290368e-01 2.206237559626290368e-01
2.886736599999999875e+00 4.827461299434190889e-02 2.197148447291213669e-01 2.197148447291213669e-01
2.892930100000000060e+00 4.787799280560583320e-02 2.188104037874018248e-01 2.188104037874018248e-01
2.899127700000000196e+00 4.748421408531584842e-02 2.179087287956034402e-01 2.179087287956034402e-01
2.905325299999999888e+00 4.709333317859402263e-02 2.170099840527942581e-01 2.170099840527942581e-01
2.911522900000000025e+00 4.670517283341150266e-02 2.161137960274898961e-01 2.161137960274898961e-01
2.917716500000000046e+00 4.631983504450526423e-02 2.152204336128548667e-01 2.152204336128548667e-01
2.923914100000000182e+00 4.593670780777608237e-02 2.143285044220112068e-01 2.143285044220112068e-01
2.930111699999999875e+00 4.555595810552503372e-02 2.134384175951579699e-01 2.134384175951579699e-01
2.936309300000000011e+00 4.517753421169159317e-02 2.125500745981793171e-01 2.125500745981793171e-01
2.942502900000000032e+00 4.480165610693213202e-02 2.116640170339118554e-01 2.116640170339118554e-01
2.948700500000000169e+00 4.442784411812095852e-02 2.107791358700404072e-01 2.107791358700404072e-01
2.954898099999999861e+00 4.405637311180653909e-02 2.098961007541744195e-01 2.098961007541744195e-01
2.961095699999999997e+00 4.368729723079626398e-02 2.090150646025215608e-01 2.090150646025215608e-01
2.967289300000000019e+00 4.332092603730911679e-02 2.081367964520188241e-01 2.081367964520188241e-01
2.973486900000000155e+00 4.295687619076608843e-02 2.072604067128260841e-01 2.072604067128260841e-01
2.979684499999999847e+00 4.259548754684114313e-02 2.063867426625100310e-01 2.063867426625100310e-01
2.985882099999999983e+00 4.223687125371342749e-02 2.055161094749348993e-01 2.055161094749348993e-01
2.992075700000000005e+00 4.188137196190764439e-02 2.046493878854946380e-01 2.046493878854946380e-01
2.998273300000000141e+00 4.152864751041702995e-02 2.037857882935339149e-01 2.037857882935339149e-01
3.004470899999999833e+00 4.117904291527089977e-02 2.029262006623858694e-01 2.029262006623858694e-01
3.010668499999999970e+00 4.083266658137538890e-02 2.020709444263954213e-01 2.020709444263954213e-01
3.016862099999999991e+00 4.048983796052861572e-02 2.012208686009694658e-01 2.012208686009694658e-01
3.023059700000000127e+00 4.015020121061635416e-02 2.003751511805202667e-01 2.003751511805202667e-01
3.029257299999999820e+00 3.981405127529288879e-02 1.995345866642996013e-01 1.995345866642996013e-01
3.035454899999999956e+00 3.948144401676322718e-02 1.986993810175643749e-01 1.986993810175643749e-01
3.041648400000000141e+00 3.915263364354423792e-02 1.978702444622339740e-01 1.978702444622339740e-01
3.047846100000000114e+00 3.882719814633809469e-02 1.970461827753536843e-01 1.970461827753536843e-01
3.054043699999999806e+00 3.850536572027935672e-02 1.962278413484675743e-01 1.962278413484675743e-01
3.060241299999999942e+00 3.818711015224433847e-02 1.954152249755487791e-01 1.954152249755487791e-01
3.066434800000000127e+00 3.787259821944499727e-02 1.946088338679541896e-01 1.946088338679541896e-01
3.072632500000000100e+00 3.756134985726470449e-02 1.938075072262803455e-01 1.938075072262803455e-01
3.078830099999999792e+00 3.725350866190772769e-02 1.930116801178305141e-01 1.930116801178305141e-01
3.085027699999999928e+00 3.694897834528372560e-02 1.922211703878730638e-01 1.922211703878730638e-01
3.091221200000000113e+00 3.664785256875974229e-02 1.914362885368386669e-01 1.914362885368386669e-01
3.097418799999999806e+00 3.634961695409414523e-02 1.906557551035219789e-01 1.906557551035219789e-01
3.103616499999999778e+00 3.605434275631445168e-02 1.898798113447410507e-01 1.898798113447410507e-01
3.109814099999999915e+00 3.576190909595831219e-02 1.891081941533954702e-01 1.891081941533954702e-01
3.116007600000000100e+00 3.547236826254841074e-02 1.883410955223219774e-01 1.883410955223219774e-01
3.122205199999999792e+00 3.518520262248445857e-02 1.875771911040477746e-01 1.875771911040477746e-01
3.128402900000000209e+00 3.490046777456432686e-02 1.868166688884167204e-01 1.868166688884167204e-01
3.134600499999999901e+00 3.461804501468821599e-02 1.860592513547451032e-01 1.860592513547451032e-01
3.140794000000000086e+00 3.433799332938503729e-02 1.853051357339699778e-01 1.853051357339699778e-01
3.146991599999999778e+00 3.405982978313482762e-02 1.845530541148935610e-01 1.845530541148935610e-01
3.153189199999999914e+00 3.378363893255612732e-02 1.838032614850893531e-01 1.838032614850893531e-01
3.159386899999999887e+00 3.350932698837963408e-02 1.830555297945943849e-01 1.830555297945943849e-01
3.165580400000000072e+00 3.323700642693243335e-02 1.823101928772289937e-01 1.823101928772289937e-01
3.171778000000000208e+00 3.296625033705239544e-02 1.815661045929344020e-01 1.815661045929344020e-01
3.177975599999999901e+00 3.269719215246932181e-02 1.808236493174200932e-01 1.808236493174200932e-01
3.184173299999999873e+00 3.242979474819843860e-02 1.800827441711127241e-01 1.800827441711127241e-01
3.190366800000000058e+00 3.216422351178190725e-02 1.793438694569231828e-01 1.793438694569231828e-01
3.196564400000000195e+00 3.190011771040004301e-02 1.786060405204707713e-01 1.786060405204707713e-01
3.202761999999999887e+00 3.163766167605425866e-02 1.778697885422205749e-01 1.778697885422205749e-01
3.208959600000000023e+00 3.137687499331046764e-02 1.771351884671999999e-01 1.771351884671999999e-01
3.215153200000000044e+00 3.111795408991117895e-02 1.764028176926638047e-01 1.764028176926638047e-01
3.221350800000000181e+00 3.086060284810319618e-02 1.756718612871827900e-01 1.756718612871827900e-01
3.227548399999999873e+00 3.060503421061377613e-02 1.749429455868792005e-01 1.749429455868792005e-01
3.233746000000000009e+00 3.035129835540731000e-02 1.742162402171718028e-01 1.742162402171718028e-01
3.239939600000000031e+00 3.009961052590675451e-02 1.734923932796673118e-01 1.734923932796673118e-01
3.246137200000000167e+00 2.984970020047720413e-02 1.727706578110912994e-01 1.727706578110912994e-01
3.252334799999999859e+00 2.960178463567240958e-02 1.720516917547526281e-01 1.720516917547526281e-01
3.258532399999999996e+00 2.935591573324920073e-02 1.713356814363231340e-01 1.713356814363231340e-01
3.264726000000000017e+00 2.911229831104493113e-02 1.706232642726217830e-01 1.706232642726217830e-01
3.270923600000000153e+00 2.887066075544728397e-02 1.699136861922761199e-01 1.699136861922761199e-01
3.277121199999999845e+00 2.863119792745007913e-02 1.692075587184274643e-01 1.692075587184274643e-01
3.283318799999999982e+00 2.839393952506645558e-02 1.685050133529161775e-01 1.685050133529161775e-01
3.289512400000000003e+00 2.815905841012627392e-02 1.678066101502747043e-01 1.678066101502747043e-01
3.295710000000000139e+00 2.792626487586106696e-02 1.671115342394446091e-01 1.671115342394446091e-01
3.301907599999999832e+00 2.769571667791118075e-02 1.664203012793546710e-01 1.664203012793546710e-01
3.308105199999999968e+00 2.746741092898476871e-02 1.657329506434516153e-01 1.657329506434516153e-01
3.314298799999999989e+00 2.724148206639921341e-02 1.650499380987439646e-01 1.650499380987439646e-01
3.320496400000000126e+00 2.701762023709119651e-02 1.643703751808433255e-01 1.643703751808433255e-01
3.326693999999999818e+00 2.679594753147989186e-02 1.636946777738356729e-01 1.636946777738356729e-01
3.332891599999999954e+00 2.657643386459176277e-02 1.630228016707839511e-01 1.630228016707839511e-01
3.339085100000000139e+00 2.635918781825226376e-02 1.623551287094197881e-01 1.623551287094197881e-01
3.345282800000000112e+00 2.614388053552519492e-02 1.616906940288314609e-01 1.616906940288314609e-01
3.351480399999999804e+00 2.593062368399256731e-02 1.610298844438279031e-01 1.610298844438279031e-01
3.357677999999999940e+00 2.571937326395634313e-02 1.603726075860723299e-01 1.603726075860723299e-01
3.363871500000000125e+00 2.551022712697608580e-02 1.597192133933049707e-01 1.597192133933049707e-01
3.370069200000000098e+00 2.530286686822847894e-02 1.590687488736504673e-01 1.590687488736504673e-01
3.376266799999999790e+00 2.509740297590038957e-02 1.584215988301481137e-01 1.584215988301481137e-01
3.382464399999999927e+00 2.489380068761754342e-02 1.577776938848376720e-01 1.577776938848376720e-01
3.388657900000000112e+00 2.469216623551706916e-02 1.571374119537326253e-01 1.571374119537326253e-01
3.394855499999999804e+00 2.449221146703669735e-02 1.564998768914426241e-01 1.564998768914426241e-01
3.401053200000000221e+00 2.429405200536376846e-02 1.558654933119058561e-01 1.558654933119058561e-01
3.407250799999999913e+00 2.409768518524554523e-02 1.552342912672504405e-01 1.552342912672504405e-01
3.413444300000000098e+00 2.390323315841446847e-02 1.546067047653964799e-01 1.546067047653964799e-01
3.419641899999999790e+00 2.371044185251189318e-02 1.539819530091494082e-01 1.539819530091494082e-01
3.425839600000000207e+00 2.351944668988998483e-02 1.533605121597146626e-01 1.533605121597146626e-01
3.432037199999999899e+00 2.333026825637330923e-02 1.527424900162797083e-01 1.527424900162797083e-01
3.438230700000000084e+00 2.314304571895116000e-02 1.521283856449911764e-01 1.521283856449911764e-01
3.444428300000000220e+00 2.295755373929139753e-02 1.515175030789888688e-01 1.515175030789888688e-01
3.450625899999999913e+00 2.277394199485678616e-02 1.509103773597322562e-01 1.509103773597322562e-01
3.456823599999999885e+00 2.259223413512199269e-02 1.503071326821251996e-01 1.503071326821251996e-01
3.463017100000000070e+00 2.241258108324229587e-02 1.497083200201054232e-01 1.497083200201054232e-01
3.469214700000000207e+00 2.223476774216281288e-02 1.491132715158607625e-01 1.491132715158607625e-01
3.475412299999999899e+00 2.205893706464520307e-02 1.485225136625596132e-01 1.485225136625596132e-01
3.481609999999999872e+00 2.188510605174735432e-02 1.479361553229884274e-01 1.479361553229884274e-01
3.487803500000000057e+00 2.171340830287562043e-02 1.473547023439551462e-01 1.473547023439551462e-01
3.494001100000000193e+00 2.154362277035871617e-02 1.467774600214853120e-01 1.467774600214853120e-01
3.500198699999999885e+00 2.137586599992584435e-02 1.462048767993935350e-01 1.462048767993935350e-01
3.506396300000000021e+00 2.121013247914429675e-02 1.456369887052883783e-01 1.456369887052883783e-01
3.512593999999999994e+00 2.104640567025162917e-02 1.450737938783281111e-01 1.450737938783281111e-01
3.518787500000000179e+00 2.088477440847831546e-02 1.445156545446835417e-01 1.445156545446835417e-01
3.524985099999999871e+00 2.072499010421347335e-02 1.439617661193883513e-01 1.439617661193883513e-01
3.531182700000000008e+00 2.056711922557937638e-02 1.434124095940772226e-01 1.434124095940772226e-01
3.537380399999999980e+00 2.041110900096931163e-02 1.428674525599491207e-01 1.428674525599491207e-01
3.543573900000000165e+00 2.025700689926137124e-02 1.423271123126629290e-01 1.423271123126629290e-01
3.549771499999999858e+00 2.010453924539698858e-02 1.417904765680579326e-01 1.417904765680579326e-01
3.555969099999999994e+00 1.995373409085646546e-02 1.412576868381202888e-01 1.412576868381202888e-01
3.562166700000000130e+00 1.980451042211531579e-02 1.407284989691686972e-01 1.407284989691686972e-01
3.568360300000000151e+00 1.965687674223984618e-02 1.402029840703822028e-01 1.402029840703822028e-01
3.574557899999999844e+00 1.951055189185972941e-02 1.396801771614702981e-01 1.396801771614702981e-01
3.580755499999999980e+00 1.936553837059972957e-02 1.391601177442723103e-01 1.391601177442723103e-01
3.586953100000000116e+00 1.922174146413696202e-02 1.386424951598064781e-01 1.386424951598064781e-01
3.593146700000000138e+00 1.907915825851615524e-02 1.381273262555825776e-01 1.381273262555825776e-01
3.599344299999999830e+00 1.893751150072098613e-02 1.376136312315062171e-01 1.376136312315062171e-01
3.605541899999999966e+00 1.879680345619862830e-02 1.371014349166289059e-01 1.371014349166289059e-01
3.611739500000000103e+00 1.865694830869202292e-02 1.365904400340376135e-01 1.365904400340376135e-01
3.617933100000000124e+00 1.851795543485412754e-02 1.360806945707366822e-01 1.360806945707366822e-01
3.624130699999999816e+00 1.837957203975973050e-02 1.355712802910694903e-01 1.355712802910694903e-01
3.630328299999999953e+00 1.824182273478519578e-02 1.350622920536490579e-01 1.350622920536490579e-01
3.636525900000000089e+00 1.810465093185359767e-02 1.345535244126054020e-01 1.345535244126054020e-01
3.642719500000000110e+00 1.796809759569852061e-02 1.340451326818639932e-01 1.340451326818639932e-01
3.648917099999999802e+00 1.783194935191695016e-02 1.335363222195255495e-01 1.335363222195255495e-01
3.655114699999999939e+00 1.769626791482145634e-02 1.330273201820643125e-01 1.330273201820643125e-01
3.661312300000000075e+00 1.756103713473978686e-02 1.325180634281220848e-01 1.325180634281220848e-01
3.667505900000000096e+00 1.742633811326124021e-02 1.320088561925344406e-01 1.320088561925344406e-01
3.673703499999999789e+00 1.729200122388021427e-02 1.314990540797925933e-01 1.314990540797925933e-01
3.679901099999999925e+00 1.715812758526630635e-02 1.309890361261823455e-01 1.309890361261823455e-01
3.686098700000000061e+00 1.702474014003384564e-02 1.304788877176451256e-01 1.304788877176451256e-01
3.692292199999999802e+00 1.689195768306675158e-02 1.299690643309658888e-01 1.299690643309658888e-01
3.698489900000000219e+00 1.675964049634204658e-02 1.294590301846188229e-01 1.294590301846188229e-01
3.704687499999999911e+00 1.662792522881220356e-02 1.289493126341207108e-01 1.289493126341207108e-01
3.710885100000000048e+00 1.649685893557596705e-02 1.284400986280218038e-01 1.284400986280218038e-01
3.717078599999999788e+00 1.636658045318155341e-02 1.279319367991493817e-01 1.279319367991493817e-01
3.723276300000000205e+00 1.623697037948600500e-02 1.274243712147954954e-01 1.274243712147954954e-01
3.729473899999999897e+00 1.610817564374361285e-02 1.269179878651706950e-01 1.269179878651706950e-01
3.735671500000000034e+00 1.598025021031885401e-02 1.264130144024690761e-01 1.264130144024690761e-01
3.741865000000000219e+00 1.585333241311635485e-02 1.259100171277740543e-01 1.259100171277740543e-01
3.748062700000000191e+00 1.572730421773961204e-02 1.254085492210942343e-01 1.254085492210942343e-01
3.754260299999999884e+00 1.560230244234764134e-02 1.249091767739570064e-01 1.249091767739570064e-01
3.760457900000000020e+00 1.547836889465821139e-02 1.244120930402596026e-01 1.244120930402596026e-01
3.766651400000000205e+00 1.535562293074487980e-02 1.239178071575868373e-01 1.239178071575868373e-01
3.772848999999999897e+00 1.523393446690305894e-02 1.234258257695813737e-01 1.234258257695813737e-01
3.779046699999999870e+00 1.511340911703743309e-02 1.229366060904457936e-01 1.229366060904457936e-01
3.785244300000000006e+00 1.499406983921325667e-02 1.224502749658540196e-01 1.224502749658540196e-01
3.791437800000000191e+00 1.487600449150144541e-02 1.219672271206550251e-01 1.219672271206550251e-01
3.797635399999999883e+00 1.475906179893039620e-02 1.214868791225225120e-01 1.214868791225225120e-01
3.803833099999999856e+00 1.464331665693928593e-02 1.210095725839046427e-01 1.210095725839046427e-01
3.810030699999999992e+00 1.452876447276382765e-02 1.205353245848030525e-01 1.205353245848030525e-01
3.816224200000000177e+00 1.441546359156482132e-02 1.200644143431550681e-01 1.200644143431550681e-01
3.822421799999999870e+00 1.430324413927140485e-02 1.195961710895102337e-01 1.195961710895102337e-01
3.828619400000000006e+00 1.419215683752001952e-02 1.191308391539320083e-01 1.191308391539320083e-01
3.834817099999999979e+00 1.408217123844190954e-02 1.186683244949633120e-01 1.186683244949633120e-01
3.841010600000000164e+00 1.397333074612691454e-02 1.182088437729043734e-01 1.182088437729043734e-01
3.847208199999999856e+00 1.386545537139547736e-02 1.177516682319001279e-01 1.177516682319001279e-01
3.853405799999999992e+00 1.375858203039020261e-02 1.172969821879071284e-01 1.172969821879071284e-01
3.859603499999999965e+00 1.365267308595048343e-02 1.168446536472699804e-01 1.168446536472699804e-01
3.865797000000000150e+00 1.354776560548020051e-02 1.163948693262731454e-01 1.163948693262731454e-01
3.871994599999999842e+00 1.344368478521969397e-02 1.159469050264805151e-01 1.159469050264805151e-01
3.878192199999999978e+00 1.334046823248647741e-02 1.155009447255150312e-01 1.155009447255150312e-01
3.884389800000000115e+00 1.323808657595412948e-02 1.150568840876291521e-01 1.150568840876291521e-01
3.890583400000000136e+00 1.313657912614324755e-02 1.146149166825297938e-01 1.146149166825297938e-01
3.896780999999999828e+00 1.303579267501135674e-02 1.141743958819636390e-01 1.141743958819636390e-01
3.902978599999999965e+00 1.293577519877615531e-02 1.137355494064021949e-01 1.137355494064021949e-01
3.909176200000000101e+00 1.283651339300950940e-02 1.132983379975607136e-01 1.132983379975607136e-01
3.915369800000000122e+00 1.273806196916406688e-02 1.128630230375035903e-01 1.128630230375035903e-01
3.921567399999999814e+00 1.264028981844657167e-02 1.124290434827521362e-01 1.124290434827521362e-01
3.927764999999999951e+00 1.254326139643044576e-02 1.119967026140968325e-01 1.119967026140968325e-01
3.933962600000000087e+00 1.244698169188105004e-02 1.115660418401632215e-01 1.115660418401632215e-01
3.940156200000000108e+00 1.235152112386495374e-02 1.111373975035629263e-01 1.111373975035629263e-01
3.946353799999999801e+00 1.225676899818537585e-02 1.107102930995369355e-01 1.107102930995369355e-01
3.952551399999999937e+00 1.216280291904692744e-02 1.102850983544328561e-01 1.102850983544328561e-01
3.958749000000000073e+00 1.206964111331373761e-02 1.098619183944725131e-01 1.098619183944725131e-01
3.964942600000000095e+00 1.197736302780352986e-02 1.094411395582279706e-01 1.094411395582279706e-01
3.971140199999999787e+00 1.188587081789618631e-02 1.090223409118341452e-01 1.090223409118341452e-01
3.977337799999999923e+00 1.179524627009190599e-02 1.086059218923715319e-01 1.086059218923715319e-01
3.983535400000000060e+00 1.170551120063982597e-02 1.081920107985789581e-01 1.081920107985789581e-01
3.989729000000000081e+00 1.161674369913857398e-02 1.077809987852152568e-01 1.077809987852152568e-01
3.995926600000000217e+00 1.152884878611975215e-02 1.073724768556623688e-01 1.073724768556623688e-01
4.002124199999999909e+00 1.144190184039451524e-02 1.069668258872558814e-01 1.069668258872558814e-01
4.008321800000000046e+00 1.135591818353140318e-02 1.065641505551064849e-01 1.065641505551064849e-01
4.014515300000000231e+00 1.127096619476144340e-02 1.061648067617581292e-01 1.061648067617581292e-01
4.020712999999999759e+00 1.118694132623915434e-02 1.057683380139782386e-01 1.057683380139782386e-01
4.026910599999999896e+00 1.110390869861427494e-02 1.053750857585144529e-01 1.053750857585144529e-01
4.033108200000000032e+00 1.102186922056737003e-02 1.049850904679677371e-01 1.049850904679677371e-01
4.039301700000000217e+00 1.094087483434876516e-02 1.045986368665900168e-01 1.045986368665900168e-01
4.045499399999999746e+00 1.086081211371434097e-02 1.042152201634403419e-01 1.042152201634403419e-01
4.051696999999999882e+00 1.078172926426846159e-02 1.038351061263408232e-01 1.038351061263408232e-01
4.057894600000000018e+00 1.070361349389994769e-02 1.034582693355149269e-01 1.034582693355149269e-01
4.064088100000000203e+00 1.062650120273386269e-02 1.030849222861125458e-01 1.030849222861125458e-01
4.070285700000000340e+00 1.055027352843047189e-02 1.027145244278065694e-01 1.027145244278065694e-01
4.076491500000000379e+00 1.047486403111986923e-02 1.023467831986910465e-01 1.023467831986910465e-01
4.082685099999999956e+00 1.040049948967438839e-02 1.019828391920640231e-01 1.019828391920640231e-01
4.088878600000000141e+00 1.032701083786526086e-02 1.016219013690713296e-01 1.016219013690713296e-01
4.095072100000000326e+00 1.025437541858633707e-02 1.012638900032303557e-01 1.012638900032303557e-01
4.101265699999999903e+00 1.018257085559635781e-02 1.009087253690004599e-01 1.009087253690004599e-01
4.107459200000000088e+00 1.011157903425569451e-02 1.005563475582506167e-01 1.005563475582506167e-01
4.113652799999999665e+00 1.004137855999067373e-02 1.002066792184566624e-01 1.002066792184566624e-01
4.119846299999999850e+00 9.971954433167187770e-03 9.985967370849550828e-02 9.985967370849550828e-02
4.126039800000000035e+00 9.903290536062704999e-03 9.951527790275574437e-02 9.951527790275574437e-02
4.132233399999999612e+00 9.835373479679446890e-03 9.917345148616865669e-02 9.917345148616865669e-02
4.138467699999999638e+00 9.767756057056329114e-03 9.883195868268689066e-02 9.883195868268689066e-02
4.144661199999999823e+00 9.701316118415174994e-03 9.849525937026194777e-02 9.849525937026194777e-02
4.150854800000000289e+00 9.635605019117065781e-03 9.816111765417642743e-02 9.816111765417642743e-02
4.157048299999999585e+00 9.570625688929291358e-03 9.782957471505890346e-02 9.782957471505890346e-02
4.163241799999999770e+00 9.506381294829117229e-03 9.750067330449116443e-02 9.750067330449116443e-02
4.169435400000000236e+00 9.442878357119243934e-03 9.717447379388911843e-02 9.717447379388911843e-02
4.175628900000000421e+00 9.380129563195258730e-03 9.685106898323456170e-02 9.685106898323456170e-02
4.181822499999999998e+00 9.318146328733765277e-03 9.653054609155468924e-02 9.653054609155468924e-02
4.188016000000000183e+00 9.256946532764516802e-03 9.621302683506281761e-02 9.621302683506281761e-02
4.194209599999999760e+00 9.196546075619961569e-03 9.589862395060713696e-02 9.589862395060713696e-02
4.200403099999999945e+00 9.136966287631033412e-03 9.558747976398913881e-02 9.558747976398913881e-02
4.206596600000000130e+00 9.078226529162443034e-03 9.527972779748293541e-02 9.527972779748293541e-02
4.212790199999999707e+00 9.020346602373227954e-03 9.497550527569320611e-02 9.497550527569320611e-02
4.219024499999999733e+00 8.962976389469266836e-03 9.467299715055643716e-02 9.467299715055643716e-02
4.225217999999999918e+00 8.906885677787869035e-03 9.437629828398584608e-02 9.437629828398584608e-02
4.231411600000000384e+00 8.851713501191002531e-03 9.408354532643316281e-02 9.408354532643316281e-02
4.237605099999999680e+00 8.797477959843933229e-03 9.379487171399049361e-02 9.379487171399049361e-02
4.243798599999999865e+00 8.744191955603658820e-03 9.351038421268334511e-02 9.351038421268334511e-02
4.249992200000000331e+00 8.691865441776903262e-03 9.323017452400753080e-02 9.323017452400753080e-02
4.256185699999999628e+00 8.640507455167090178e-03 9.295432994308060193e-02 9.295432994308060193e-02
4.262379300000000093e+00 8.590119875390666432e-03 9.268289958450083577e-02 9.268289958450083577e-02
4.268572800000000278e+00 8.540703768815702257e-03 9.241592811207223479e-02 9.241592811207223479e-02
4.274766299999999575e+00 8.492253447788969054e-03 9.215342341871499143e-02 9.215342341871499143e-02
4.280959900000000040e+00 8.444758861777102929e-03 9.189536909864992609e-02 9.189536909864992609e-02
4.287153400000000225e+00 8.398207798242792593e-03 9.164173611539008779e-02 9.164173611539008779e-02
4.293346999999999802e+00 8.352580613800106302e-03 9.139245381211791308e-02 9.139245381211791308e-02
4.299581299999999828e+00 8.307564710811952621e-03 9.114584308026314752e-02 9.114584308026314752e-02
4.305774800000000013e+00 8.263722006289686908e-03 9.090501639782970489e-02 9.090501639782970489e-02
4.311968300000000198e+00 8.220724850746591664e-03 9.066821301176389292e-02 9.066821301176389292e-02
4.318161899999999775e+00 8.178539173356206421e-03 9.043527615569162126e-02 9.043527615569162126e-02
4.324355399999999960e+00 8.137130101837680013e-03 9.020604249072054770e-02 9.020604249072054770e-02
4.330549000000000426e+00 8.096457738101884780e-03 8.998031861524988240e-02 8.998031861524988240e-02
4.336742499999999723e+00 8.056483066606626164e-03 8.975791367120018738e-02 8.975791367120018738e-02
4.342936100000000188e+00 8.017163286941138278e-03 8.953861338518225021e-02 8.953861338518225021e-02
4.349129600000000373e+00 7.978457589216003676e-03 8.932221218272644314e-02 8.932221218272644314e-02
4.355323099999999670e+00 7.940323299108551294e-03 8.910849173400114953e-02 8.910849173400114953e-02
4.361516700000000135e+00 7.902718433380740565e-03 8.889723524036470537e-02 8.889723524036470537e-02
4.367710200000000320e+00 7.865604070324624594e-03 8.868824087963761427e-02 8.868824087963761427e-02
4.373903799999999897e+00 7.828940678581218504e-03 8.848130129344401740e-02 8.848130129344401740e-02
4.380097300000000082e+00 7.792693430624040608e-03 8.827623366809461691e-02 8.827623366809461691e-02
4.386331600000000108e+00 7.756593441066791592e-03 8.807152457557886061e-02 8.807152457557886061e-02
4.392525100000000293e+00 7.721083022720749874e-03 8.786969342566725016e-02 8.786969342566725016e-02
4.398718699999999870e+00 7.685897630069337544e-03 8.766925133745204213e-02 8.766925133745204213e-02
4.404912200000000055e+00 7.651015669333416543e-03 8.747008442509597581e-02 8.747008442509597581e-02
4.411105799999999633e+00 7.616417228996866066e-03 8.727208734181202132e-02 8.727208734181202132e-02
4.417299299999999818e+00 7.582088676451131937e-03 8.707518978705204582e-02 8.707518978705204582e-02
4.423492800000000003e+00 7.548018741197612055e-03 8.687933437358744126e-02 8.687933437358744126e-02
4.429686399999999580e+00 7.514200131340671371e-03 8.668448610530417320e-02 8.668448610530417320e-02
4.435879899999999765e+00 7.480630993932316057e-03 8.649064107712646499e-02 8.649064107712646499e-02
4.442073500000000230e+00 7.447310867958804176e-03 8.629780337852641092e-02 8.629780337852641092e-02
4.448267000000000415e+00 7.414244715320658131e-03 8.610600859011326158e-02 8.610600859011326158e-02
4.454460599999999992e+00 7.381438249806949146e-03 8.591529694883763557e-02 8.591529694883763557e-02
4.460654100000000177e+00 7.348901786511093798e-03 8.572573584700858562e-02 8.572573584700858562e-02
4.466888400000000203e+00 7.316434530761611876e-03 8.553615920043178278e-02 8.553615920043178278e-02
4.473081900000000388e+00 7.284474292899518859e-03 8.534913176418093550e-02 8.534913176418093550e-02
4.479275499999999965e+00 7.252820918939093323e-03 8.516349522500291092e-02 8.516349522500291092e-02
4.485469000000000150e+00 7.221489662073712901e-03 8.497934844462926018e-02 8.497934844462926018e-02
4.491662599999999728e+00 7.190493671761233503e-03 8.479677866382209772e-02 8.479677866382209772e-02
4.497856099999999913e+00 7.159847524406739820e-03 8.461588222317804886e-02 8.461588222317804886e-02
4.504049600000000098e+00 7.129563215681625557e-03 8.443674091106090351e-02 8.443674091106090351e-02
4.510243199999999675e+00 7.099651231632891045e-03 8.425942814684236892e-02 8.425942814684236892e-02
4.516436699999999860e+00 7.070121558808427006e-03 8.408401488278510749e-02 8.408401488278510749e-02
4.522630300000000325e+00 7.040979958960173583e-03 8.391054736420311411e-02 8.391054736420311411e-02
4.528823799999999622e+00 7.012231482338309764e-03 8.373906783776799423e-02 8.373906783776799423e-02
4.535017299999999807e+00 6.983876923336839251e-03 8.356959329407340209e-02 8.356959329407340209e-02
4.541210900000000272e+00 6.955914094867575274e-03 8.340212284389153519e-02 8.340212284389153519e-02
4.547445200000000298e+00 6.928158676931014948e-03 8.323556137211435280e-02 8.323556137211435280e-02
4.553638699999999595e+00 6.900965488004849428e-03 8.307204998075375102e-02 8.307204998075375102e-02
4.559832300000000060e+00 6.874140136446078332e-03 8.291043442442017075e-02 8.291043442442017075e-02
4.566025800000000245e+00 6.847669493334445148e-03 8.275064648287917823e-02 8.275064648287917823e-02
4.572219300000000430e+00 6.821536370868614904e-03 8.259259271186862594e-02 8.259259271186862594e-02
4.578412900000000008e+00 6.795721096522982542e-03 8.243616376641371701e-02 8.243616376641371701e-02
4.584606400000000193e+00 6.770203044130800388e-03 8.228124357428490132e-02 8.228124357428490132e-02
4.590799999999999770e+00 6.744958080372944094e-03 8.212769374804666789e-02 8.212769374804666789e-02
4.596993499999999955e+00 6.719962253600820362e-03 8.197537589789277712e-02 8.197537589789277712e-02
4.603187100000000420e+00 6.695188951476397157e-03 8.182413428491863705e-02 8.182413428491863705e-02
4.609380599999999717e+00 6.670612571312921693e-03 8.167381815069577056e-02 8.167381815069577056e-02
4.615574099999999902e+00 6.646206160120545284e-03 8.152426730808774724e-02 8.152426730808774724e-02
4.621767700000000367e+00 6.621943075009968649e-03 8.137532227284859088e-02 8.137532227284859088e-02
4.627961199999999664e+00 6.597798583123841952e-03 8.122683413210096681e-02 8.122683413210096681e-02
4.634195499999999690e+00 6.573589752654660293e-03 8.107767727713134642e-02 8.107767727713134642e-02
4.640389100000000155e+00 6.549610118982790614e-03 8.092966155238009995e-02 8.092966155238009995e-02
4.646582600000000340e+00 6.525680815595802549e-03 8.078168613984114399e-02 8.078168613984114399e-02
4.652776099999999637e+00 6.501782721106026675e-03 8.063363269198546568e-02 8.063363269198546568e-02
4.658969700000000103e+00 6.477899156971850085e-03 8.048539716601918470e-02 8.048539716601918470e-02
4.665163200000000288e+00 6.454017234800313134e-03 8.033689833943249980e-02 8.033689833943249980e-02
4.671356799999999865e+00 6.430125289047463992e-03 8.018806201079724250e-02 8.018806201079724250e-02
4.677550300000000050e+00 6.406216031458742029e-03 8.003884076783435164e-02 8.003884076783435164e-02
4.683743800000000235e+00 6.382283855972032717e-03 7.988919736717869924e-02 7.988919736717869924e-02
4.689937399999999812e+00 6.358325935987409715e-03 7.973911170804080795e-02 7.973911170804080795e-02
4.696130899999999997e+00 6.334343266820903137e-03 7.958858754131085955e-02 7.958858754131085955e-02
4.702324499999999574e+00 6.310337779655703777e-03 7.943763452958367555e-02 7.943763452958367555e-02
4.708517999999999759e+00 6.286315208652511720e-03 7.928628638454768285e-02 7.928628638454768285e-02
4.714752299999999785e+00 6.262123765039011823e-03 7.913358177814910910e-02 7.913358177814910910e-02
4.720945799999999970e+00 6.238088732052657348e-03 7.898157210421084817e-02 7.898157210421084817e-02
4.727139400000000435e+00 6.214061335550217710e-03 7.882931774124533886e-02 7.882931774124533886e-02
4.733332899999999732e+00 6.190053188899567911e-03 7.867689107291650497e-02 7.867689107291650497e-02
4.739526500000000198e+00 6.166074894933040555e-03 7.852435860886124164e-02 7.852435860886124164e-02
4.745720000000000383e+00 6.142138750329028188e-03 7.837179818231190809e-02 7.837179818231190809e-02
4.751913599999999960e+00 6.118255256706275555e-03 7.821927675903347921e-02 7.821927675903347921e-02
4.758107100000000145e+00 6.094435831270227609e-03 7.806686769219210731e-02 7.806686769219210731e-02
4.764300600000000330e+00 6.070689746189430330e-03 7.791463114325467010e-02 7.791463114325467010e-02
4.770494199999999907e+00 6.047024960674179765e-03 7.776261930178393622e-02 7.776261930178393622e-02
4.776687700000000092e+00 6.023448968468105881e-03 7.761088176582009446e-02 7.761088176582009446e-02
4.782881299999999669e+00 5.999965876484787859e-03 7.745944665749160407e-02 7.745944665749160407e-02
4.789074799999999854e+00 5.976579248021639777e-03 7.730833880003915026e-02 7.730833880003915026e-02
4.795309099999999880e+00 5.953136190604832630e-03 7.715656932889662645e-02 7.715656932889662645e-02
4.801502600000000065e+00 5.929941819253690266e-03 7.700611546658933659e-02 7.700611546658933659e-02
4.807696199999999642e+00 5.906837956549715156e-03 7.685595589510103853e-02 7.685595589510103853e-02
4.813889699999999827e+00 5.883818967846382759e-03 7.670605561392387917e-02 7.670605561392387917e-02
4.820083300000000293e+00 5.860875495483917549e-03 7.655635503002945763e-02 7.655635503002945763e-02
4.826276799999999589e+00 5.837997569692099202e-03 7.640679007583095483e-02 7.640679007583095483e-02
4.832470299999999774e+00 5.815172201351115865e-03 7.625727638298601674e-02 7.625727638298601674e-02
4.838663900000000240e+00 5.792384733341320209e-03 7.610771796172395576e-02 7.610771796172395576e-02
4.844857400000000425e+00 5.769620218518145896e-03 7.595801615707288568e-02 7.595801615707288568e-02
4.851051000000000002e+00 5.746861158286156561e-03 7.580805470585666450e-02 7.580805470585666450e-02
4.857244500000000187e+00 5.724090785457925518e-03 7.565772125472670917e-02 7.565772125472670917e-02
4.863438099999999764e+00 5.701290484466129023e-03 7.550689031119033057e-02 7.550689031119033057e-02
4.869631599999999949e+00 5.678443106881811593e-03 7.535544510439715071e-02 7.535544510439715071e-02
4.875865899999999975e+00 5.655379582584114072e-03 7.520225782903139367e-02 7.520225782903139367e-02
4.882059400000000160e+00 5.632384927748193201e-03 7.504921670309552817e-02 7.504921670309552817e-02
4.888252999999999737e+00 5.609292401397763216e-03 7.489520946894910602e-02 7.489520946894910602e-02
4.894446499999999922e+00 5.586088524056746253e-03 7.474013997884099147e-02 7.474013997884099147e-02
4.900640100000000388e+00 5.562760064958546281e-03 7.458391290994691170e-02 7.458391290994691170e-02
4.906833599999999684e+00 5.539297310675640046e-03 7.442645571754467893e-02 7.442645571754467893e-02
4.913027099999999869e+00 5.515691662122608127e-03 7.426770268510134165e-02 7.426770268510134165e-02
4.919220700000000335e+00 5.491936936158031517e-03 7.410760376748146139e-02 7.410760376748146139e-02
4.925414199999999632e+00 5.468030657944296727e-03 7.394613348880586801e-02 7.394613348880586801e-02
4.931607800000000097e+00 5.443971448324039057e-03 7.378327349964922122e-02 7.378327349964922122e-02
4.937801300000000282e+00 5.419762135314671637e-03 7.361903378416936872e-02 7.361903378416936872e-02
4.943994899999999859e+00 5.395406615306515101e-03 7.345343161014680766e-02 7.345343161014680766e-02
4.950188400000000044e+00 5.370912894616574652e-03 7.328651236494047871e-02 7.328651236494047871e-02
4.956381900000000229e+00 5.346290205947652231e-03 7.311833016383546824e-02 7.311833016383546824e-02
4.962616200000000255e+00 5.321387060773220996e-03 7.294783794447386172e-02 7.294783794447386172e-02
4.968809799999999832e+00 5.296542929964344684e-03 7.277735176525966521e-02 7.277735176525966521e-02
4.975003300000000017e+00 5.271611581778820263e-03 7.260586465140966839e-02 7.260586465140966839e-02
4.981196800000000202e+00 5.246609611039012959e-03 7.243348404597843571e-02 7.243348404597843571e-02
4.987390399999999779e+00 5.221554707452148725e-03 7.226032595727857610e-02 7.226032595727857610e-02
4.993583899999999964e+00 5.196466532367035283e-03 7.208652115594867127e-02 7.208652115594867127e-02
4.999777500000000430e+00 5.171363533941204620e-03 7.191219322160327665e-02 7.191219322160327665e-02
5.005970999999999727e+00 5.146265832324884056e-03 7.173747857518331106e-02 7.173747857518331106e-02
5.012164600000000192e+00 5.121191630522928771e-03 7.156250156697241405e-02 7.156250156697241405e-02
5.018358100000000377e+00 5.096160120086646976e-03 7.138739468622347373e-02 7.138739468622347373e-02
5.024551599999999674e+00 5.071188332415627054e-03 7.121227655689450764e-02 7.121227655689450764e-02
5.030745200000000139e+00 5.046292071044357862e-03 7.103725833000847090e-02 7.103725833000847090e-02
5.036938700000000324e+00 5.021486860112709706e-03 7.086245028301454973e-02 7.086245028301454973e-02
5.043173000000000350e+00 4.996622964527797951e-03 7.068679483841233679e-02 7.068679483841233679e-02
5.049366599999999927e+00 4.972036633343027319e-03 7.051267001995475958e-02 7.051267001995475958e-02
5.055560100000000112e+00 4.947574725083653431e-03 7.033899860734195431e-02 7.033899860734195431e-02
5.061753600000000297e+00 4.923243907053647360e-03 7.016583147838872936e-02 7.016583147838872936e-02
5.067947199999999874e+00 4.899048752461028847e-03 6.999320504492581585e-02 6.999320504492581585e-02
5.074140700000000059e+00 4.874992923747768249e-03 6.982114954473156443e-02 6.982114954473156443e-02
5.080334299999999637e+00 4.851076512089273936e-03 6.964966986346220190e-02 6.964966986346220190e-02
5.086527799999999822e+00 4.827299258245718386e-03 6.947876839902761281e-02 6.947876839902761281e-02
5.092721400000000287e+00 4.803657618766745546e-03 6.930842386583860315e-02 6.930842386583860315e-02
5.098914899999999584e+00 4.780148030323066663e-03 6.913861461096156014e-02 6.913861461096156014e-02
5.105108399999999769e+00 4.756764457368490434e-03 6.896930083282337698e-02 6.896930083282337698e-02
5.111302000000000234e+00 4.733499797862470056e-03 6.880043457611638436e-02 6.880043457611638436e-02
5.117495500000000419e+00 4.710347272397085068e-03 6.863196975460550409e-02 6.863196975460550409e-02
5.123729799999999557e+00 4.687146945383013734e-03 6.846274129322468815e-02 6.846274129322468815e-02
5.129923400000000022e+00 4.664193790254063214e-03 6.829490310597170766e-02 6.829490310597170766e-02
5.136116900000000207e+00 4.641328167880135261e-03 6.812729385407977067e-02 6.812729385407977067e-02
5.142310400000000392e+00 4.618541837066204858e-03 6.795985459862464995e-02 6.795985459862464995e-02
5.148503999999999969e+00 4.595827173213828075e-03 6.779253036444227165e-02 6.779253036444227165e-02
5.154697500000000154e+00 4.573178508410844466e-03 6.762528009857589339e-02 6.762528009857589339e-02
5.160891099999999732e+00 4.550589785743016508e-03 6.745805945728809705e-02 6.745805945728809705e-02
5.167084599999999917e+00 4.528057672291599389e-03 6.729084389641430686e-02 6.729084389641430686e-02
5.173278100000000101e+00 4.505579154859998096e-03 6.712361100879479792e-02 6.712361100879479792e-02
5.179471699999999679e+00 4.483152750062682768e-03 6.695634958734446307e-02 6.695634958734446307e-02
5.185665199999999864e+00 4.460779657269124329e-03 6.678906839647581750e-02 6.678906839647581750e-02
5.191858800000000329e+00 4.438461254104369806e-03 6.662177762642160217e-02 6.662177762642160217e-02
5.198052299999999626e+00 4.416201971269429274e-03 6.645451054119222434e-02 6.645451054119222434e-02
5.204245900000000091e+00 4.394006353184895172e-03 6.628730159830685531e-02 6.628730159830685531e-02
5.210480099999999837e+00 4.371736697744576725e-03 6.611910992855678237e-02 6.611910992855678237e-02
5.216673700000000302e+00 4.349691155134105362e-03 6.595218840291885987e-02 6.595218840291885987e-02
5.222867199999999599e+00 4.327734011710956605e-03 6.578551521202032071e-02 6.578551521202032071e-02
5.229060800000000064e+00 4.305874717873614185e-03 6.561916425765886018e-02 6.561916425765886018e-02
5.235254300000000249e+00 4.284124874893153849e-03 6.545322661942001852e-02 6.545322661942001852e-02
5.241447899999999827e+00 4.262495173992924928e-03 6.528778732652014416e-02 6.528778732652014416e-02
5.247641400000000012e+00 4.240997954835627054e-03 6.512294491832834598e-02 6.512294491832834598e-02
5.253834900000000196e+00 4.219644500723752217e-03 6.495879078865117451e-02 6.495879078865117451e-02
5.260028499999999774e+00 4.198445842407688179e-03 6.479541528848849208e-02 6.479541528848849208e-02
5.266221999999999959e+00 4.177413527619404376e-03 6.463291365565539126e-02 6.463291365565539126e-02
5.272415600000000424e+00 4.156556998750626959e-03 6.447136572735703841e-02 6.447136572735703841e-02
5.278609099999999721e+00 4.135886095005699564e-03 6.431085518795173761e-02 6.431085518795173761e-02
5.284802599999999906e+00 4.115408499046302633e-03 6.415144970338786112e-02 6.415144970338786112e-02
5.291036899999999932e+00 4.094998023281079189e-03 6.399217157810070666e-02 6.399217157810070666e-02
5.297230500000000397e+00 4.074926804480252795e-03 6.383515335988669548e-02 6.383515335988669548e-02
5.303423999999999694e+00 4.055065002564530244e-03 6.367939229110568256e-02 6.367939229110568256e-02
5.309617600000000159e+00 4.035414153581009210e-03 6.352490970934952796e-02 6.352490970934952796e-02
5.315811100000000344e+00 4.015975481202077070e-03 6.337172461912392307e-02 6.337172461912392307e-02
5.322004599999999641e+00 3.996747693426650448e-03 6.321983623378543693e-02 6.321983623378543693e-02
5.328198200000000107e+00 3.977728014215625892e-03 6.306923191395012729e-02 6.306923191395012729e-02
5.334391700000000291e+00 3.958913190519994414e-03 6.291989502947374635e-02 6.291989502947374635e-02
5.340585299999999869e+00 3.940297485715505733e-03 6.277178893193585685e-02 6.277178893193585685e-02
5.346778800000000054e+00 3.921875275277490053e-03 6.262487744720535154e-02 6.262487744720535154e-02
5.352972399999999631e+00 3.903638832651878943e-03 6.247910716913197826e-02 6.247910716913197826e-02
5.359165899999999816e+00 3.885580921021939294e-03 6.233442805562540434e-02 6.233442805562540434e-02
5.365359400000000001e+00 3.867692951699431766e-03 6.219077867095275380e-02 6.219077867095275380e-02
5.371593700000000027e+00 3.849850142847918103e-03 6.204716063485837124e-02 6.204716063485837124e-02
5.377787299999999604e+00 3.832277193671253766e-03 6.190538905193354591e-02 6.190538905193354591e-02
5.383980799999999789e+00 3.814849112205400718e-03 6.176446480141636192e-02 6.176446480141636192e-02
5.390174400000000254e+00 3.797557544961488278e-03 6.162432591892173100e-02 6.162432591892173100e-02
5.396367900000000439e+00 3.780395948449768138e-03 6.148492456244675219e-02 6.148492456244675219e-02
5.402561399999999736e+00 3.763357822100263025e-03 6.134621277715734261e-02 6.134621277715734261e-02
5.408755000000000202e+00 3.746437722299109443e-03 6.120815078320132607e-02 6.120815078320132607e-02
5.414948500000000386e+00 3.729632210802566461e-03 6.107071483782195581e-02 6.107071483782195581e-02
5.421142099999999964e+00 3.712938051669782864e-03 6.093388262428205832e-02 6.093388262428205832e-02
5.427335600000000149e+00 3.696354450798707610e-03 6.079765168819193516e-02 6.079765168819193516e-02
5.433529100000000334e+00 3.679881195339777204e-03 6.066202432609529155e-02 6.066202432609529155e-02
5.439722699999999911e+00 3.663519462334141521e-03 6.052701431868370147e-02 6.052701431868370147e-02
5.445916200000000096e+00 3.647272556455010556e-03 6.039265316621725277e-02 6.039265316621725277e-02
5.452109799999999673e+00 3.631143981090227593e-03 6.025897427844443405e-02 6.025897427844443405e-02
5.458344099999999699e+00 3.615034409051205710e-03 6.012515620812311501e-02 6.012515620812311501e-02
5.464537599999999884e+00 3.599160609794228253e-03 5.999300467383033436e-02 5.999300467383033436e-02
5.470731100000000069e+00 3.583423680479835751e-03 5.986170462390656005e-02 5.986170462390656005e-02
5.476924699999999646e+00 3.567830898283432580e-03 5.973132258943738421e-02 5.973132258943738421e-02
5.483118199999999831e+00 3.552390656694490341e-03 5.960193500797176386e-02 5.960193500797176386e-02
5.489311800000000297e+00 3.537110469059894652e-03 5.947361153536830786e-02 5.947361153536830786e-02
5.495505299999999593e+00 3.521998713956827828e-03 5.934642966478125004e-02 5.934642966478125004e-02
5.501698900000000059e+00 3.507062411817602615e-03 5.922045602507298306e-02 5.922045602507298306e-02
5.507892400000000244e+00 3.492308930369313232e-03 5.909576068018173450e-02 5.909576068018173450e-02
5.514085900000000429e+00 3.477744054047607163e-03 5.897240078246439310e-02 5.897240078246439310e-02
5.520279500000000006e+00 3.463372502095175484e-03 5.885042482510364353e-02 5.885042482510364353e-02
5.526473000000000191e+00 3.449198413875964424e-03 5.872987667172445414e-02 5.872987667172445414e-02
5.532666599999999768e+00 3.435223562372113557e-03 5.861078025732223418e-02 5.861078025732223418e-02
5.538900899999999794e+00 3.421358967789209660e-03 5.849238384430240772e-02 5.849238384430240772e-02
5.545094399999999979e+00 3.407784823274134269e-03 5.837623508992451776e-02 5.837623508992451776e-02
5.551287900000000164e+00 3.394406928782945504e-03 5.826153901831761239e-02 5.826153901831761239e-02
5.557481499999999741e+00 3.381220488071871432e-03 5.814826298413282302e-02 5.814826298413282302e-02
5.563674999999999926e+00 3.368219576869172643e-03 5.803636426301334722e-02 5.803636426301334722e-02
5.569868600000000392e+00 3.355395715180670493e-03 5.792577763984416844e-02 5.792577763984416844e-02
5.576062099999999688e+00 3.342739642115466221e-03 5.781643055495095523e-02 5.781643055495095523e-02
5.582255599999999873e+00 3.330239992040959392e-03 5.770823157956721933e-02 5.770823157956721933e-02
5.588449200000000339e+00 3.317884094635859156e-03 5.760107720030814560e-02 5.760107720030814560e-02
5.594642699999999635e+00 3.305658760830468886e-03 5.749485855996576411e-02 5.749485855996576411e-02
5.600836300000000101e+00 3.293549117108517110e-03 5.738945127032072518e-02 5.738945127032072518e-02
5.607029800000000286e+00 3.281540433072625829e-03 5.728473123854755517e-02 5.728473123854755517e-02
5.613223399999999863e+00 3.269616819682781648e-03 5.718056330330072851e-02 5.718056330330072851e-02
5.619457599999999609e+00 3.257685355419612325e-03 5.707613647943957091e-02 5.707613647943957091e-02
5.625651200000000074e+00 3.245885928181198136e-03 5.697267703190010690e-02 5.697267703190010690e-02
5.631844700000000259e+00 3.234125829066332100e-03 5.686937514221808432e-02 5.686937514221808432e-02
5.638038299999999836e+00 3.222390409959915297e-03 5.676610264902740011e-02 5.676610264902740011e-02
5.644231800000000021e+00 3.210666749363039543e-03 5.666274569205978495e-02 5.666274569205978495e-02
5.650425399999999598e+00 3.198942367084409068e-03 5.655919347979079109e-02 5.655919347979079109e-02
5.656618899999999783e+00 3.187206945310903927e-03 5.645535355757595741e-02 5.645535355757595741e-02
5.662812399999999968e+00 3.175451178991837552e-03 5.635114177185620438e-02 5.635114177185620438e-02
5.669006000000000434e+00 3.163667483658713121e-03 5.624648863403575172e-02 5.624648863403575172e-02
5.675199499999999730e+00 3.151850671717373008e-03 5.614134547476906656e-02 5.614134547476906656e-02
5.681393100000000196e+00 3.139996683920309208e-03 5.603567331548992003e-02 5.603567331548992003e-02
5.687586600000000381e+00 3.128104139778174753e-03 5.592945681640556360e-02 5.592945681640556360e-02
5.693780099999999678e+00 3.116172981908149359e-03 5.582269235631822507e-02 5.582269235631822507e-02
5.700014399999999704e+00 3.104126230478978805e-03 5.571468594974738481e-02 5.571468594974738481e-02
