6.367979799999999579e-02 2.453353049741915370e-01
6.972053899999999804e-02 2.451467406025371887e-01
7.576168699999999423e-02 2.449266398521689758e-01
8.180283500000000430e-02 2.446718301845851318e-01
8.784357600000000654e-02 2.443791509371582016e-01
9.388472400000000273e-02 2.440454617081279920e-01
9.992587199999999892e-02 2.436678479734068203e-01
1.059666100000000027e-01 2.432436723225931408e-01
1.120077599999999979e-01 2.427705798390307479e-01
1.180485000000000007e-01 2.422468211634825064e-01
1.240896499999999958e-01 2.416711129689543269e-01
1.301307999999999909e-01 2.410429998981658828e-01
1.361715400000000076e-01 2.403628852918966996e-01
1.422126900000000027e-01 2.396319944224521992e-01
1.482538399999999978e-01 2.388527610527246825e-01
1.542945799999999867e-01 2.380287999600664839e-01
1.603357199999999871e-01 2.371648039356372972e-01
1.663768700000000100e-01 2.362669282872903176e-01
1.724176099999999989e-01 2.353426672761290694e-01
1.784587599999999941e-01 2.344006419225134197e-01
1.844999099999999892e-01 2.334509334414983650e-01
1.905406500000000058e-01 2.325048125653446374e-01
1.965818000000000010e-01 2.315744197711142593e-01
2.026229499999999961e-01 2.306729880633212881e-01
2.086636900000000128e-01 2.298144421858636932e-01
2.147048400000000079e-01 2.290130034897584210e-01
2.207455799999999968e-01 2.282833360177412285e-01
2.267867199999999972e-01 2.276398517460045678e-01
2.328278699999999923e-01 2.270967964419393637e-01
2.388686100000000090e-01 2.266678157558317253e-01
2.449097600000000041e-01 2.263656507806499907e-01
2.509509100000000270e-01 2.262020993536602020e-01
2.569916500000000159e-01 2.261877062093503865e-01
2.630328000000000110e-01 2.263316636794806547e-01
2.690739500000000062e-01 2.266417253629635642e-01
2.751146899999999951e-01 2.271241063219600897e-01
2.811558399999999902e-01 2.277836315069361739e-01
2.871965799999999791e-01 2.286235190163860287e-01
2.932377299999999742e-01 2.296458196138281560e-01
2.992788699999999746e-01 2.308511582506511672e-01
3.053196100000000190e-01 2.322389950322912566e-01
3.113607600000000142e-01 2.338081071872714634e-01
3.174019100000000093e-01 2.355561981536377081e-01
3.234426499999999982e-01 2.374802952024673008e-01
3.294837999999999933e-01 2.395773664171254869e-01
3.355245399999999822e-01 2.418435422632913279e-01
3.415656899999999774e-01 2.442754084775483892e-01
3.476068399999999725e-01 2.468691012216197023e-01
3.536475800000000169e-01 2.496208476776558827e-01
3.596887300000000121e-01 2.525276886156482270e-01
3.657298700000000125e-01 2.555864486177704120e-01
3.717706100000000013e-01 2.587943500924694273e-01
3.778117599999999965e-01 2.621497455475625959e-01
3.838529099999999916e-01 2.656508778211602029e-01
3.898936499999999805e-01 2.692965148628010952e-01
3.959347999999999757e-01 2.730867526136788181e-01
4.019755400000000201e-01 2.770212599961628941e-01
4.080158700000000027e-01 2.811007611170469600e-01
4.140586499999999726e-01 2.853285609081757657e-01
4.200973599999999752e-01 2.897018455990792440e-01
4.261401300000000059e-01 2.942287717406738001e-01
4.321788400000000085e-01 2.989059255909417567e-01
4.382216099999999837e-01 3.037426034867361513e-01
4.442643900000000090e-01 3.087389904293308951e-01
4.503031000000000117e-01 3.138949957815585501e-01
4.563458699999999868e-01 3.192210982255527241e-01
4.623845799999999895e-01 3.247136753589122682e-01
4.684273600000000148e-01 3.303835666569731044e-01
4.744660600000000228e-01 3.362263777763471184e-01
4.805088399999999926e-01 3.422529774280085868e-01
4.865516200000000180e-01 3.484620775508788237e-01
4.925903200000000259e-01 3.548514327064415386e-01
4.986330999999999958e-01 3.614312598566082335e-01
5.046718000000000037e-01 3.681936270502264574e-01
5.107145800000000291e-01 3.751479252590753655e-01
5.167532799999999815e-01 3.822842524372241368e-01
5.227960600000000069e-01 3.896109212893099083e-01
5.288388400000000322e-01 3.971209790735252820e-01
5.348775399999999847e-01 4.048060842761224132e-01
5.409203200000000100e-01 4.126726211229771457e-01
5.469590199999999625e-01 4.207050523474299419e-01
5.530017999999999878e-01 4.289084040192668867e-01
5.590405000000000513e-01 4.372648920682256080e-01
5.650832799999999656e-01 4.457782517261921762e-01
5.711219899999999683e-01 4.544286639351668988e-01
5.771647600000000544e-01 4.632187135790882815e-01
5.832075399999999687e-01 4.721329511825912428e-01
5.892462499999999714e-01 4.811550216722532691e-01
5.952890199999999465e-01 4.902864389582663462e-01
6.013277299999999492e-01 4.995040199957451188e-01
6.073705000000000354e-01 5.088090786491525908e-01
6.134092100000000380e-01 5.181780188706643919e-01
6.194519899999999524e-01 5.276124680155412916e-01
6.254947600000000385e-01 5.370953765054922169e-01
6.315334700000000412e-01 5.466099893967250045e-01
6.375762499999999555e-01 5.561592539757853615e-01
6.436149500000000190e-01 5.657210326487838170e-01
6.496577300000000443e-01 5.752996573424701277e-01
6.556964299999999968e-01 5.848743491536312344e-01
6.617392100000000221e-01 5.944509671542379525e-01
6.677779099999999746e-01 6.040102862258630578e-01
6.738206899999999999e-01 6.135596858260323749e-01
6.798634700000000253e-01 6.230878766985005202e-01
6.859021699999999777e-01 6.325842684394510362e-01
6.919449500000000031e-01 6.420580583174742006e-01
6.979836499999999555e-01 6.514932514740573444e-01
7.040264299999999809e-01 6.608996917752756328e-01
7.100651300000000443e-01 6.702619301191748979e-01
7.161079099999999587e-01 6.795898766146057923e-01
7.221506899999999840e-01 6.888743108847000807e-01
7.281893900000000475e-01 6.981058494291321193e-01
7.342321699999999618e-01 7.072933948857420550e-01
7.402708799999999645e-01 7.164204637974050938e-01
7.463136500000000506e-01 7.254946332457377078e-01
7.523523600000000533e-01 7.344983221673205831e-01
7.583951399999999676e-01 7.434375404929766118e-01
7.644338400000000311e-01 7.522933997209204637e-01
7.704766199999999454e-01 7.610703254631537851e-01
7.765193999999999708e-01 7.697541136624220792e-01
7.825581000000000342e-01 7.783302487822311155e-01
7.886008799999999486e-01 7.868011155186642736e-01
7.946395800000000120e-01 7.951457639520117526e-01
8.006823600000000374e-01 8.033657904318983745e-01
8.067210599999999898e-01 8.114404342812633342e-01
8.127638400000000152e-01 8.193711272884148800e-01
8.188066200000000405e-01 8.271432539432894693e-01
8.248453199999999930e-01 8.347431796811409788e-01
8.308881000000000183e-01 8.421733457964780678e-01
8.369267999999999708e-01 8.494167788042783496e-01
8.429695799999999961e-01 8.564773403776337890e-01
8.490082799999999486e-01 8.633407080963488855e-01
8.550510599999999739e-01 8.700125842886160532e-01
8.610938399999999993e-01 8.764859695196005607e-01
8.671325399999999517e-01 8.827557006081607760e-01
8.731753199999999770e-01 8.888305495194328554e-01
8.792140200000000405e-01 8.947038661490416267e-01
8.852567999999999548e-01 9.003863280895441079e-01
8.912955099999999575e-01 9.058740998865917327e-01
8.973382800000000437e-01 9.111793761060957841e-01
9.033769900000000463e-01 9.163006651299769878e-01
9.094197699999999607e-01 9.212511898997605142e-01
9.154625400000000468e-01 9.260342902090339390e-01
9.215012500000000495e-01 9.306541448709751974e-01
9.275440299999999638e-01 9.351243980081040963e-01
9.335827300000000273e-01 9.394464899399052049e-01
9.396255100000000526e-01 9.436336459402514532e-01
9.456642100000000051e-01 9.476873728194085134e-01
9.517069900000000304e-01 9.516199903206972177e-01
9.577497699999999448e-01 9.554351492009677260e-01
9.637884700000000082e-01 9.591363402288786144e-01
9.698312500000000336e-01 9.627339971384356598e-01
9.758699499999999860e-01 9.662281512481694090e-01
9.819127300000000114e-01 9.696278820786780051e-01
9.879514299999999638e-01 9.729324395411489412e-01
9.939942099999999892e-01 9.761496593382180675e-01
1.000032899999999891e+00 9.792781396651315529e-01
1.006075700000000017e+00 9.823247238943186854e-01
1.012118499999999921e+00 9.852895682018720791e-01
1.018157200000000095e+00 9.881728498560431451e-01
1.024199999999999999e+00 9.909804613714536803e-01
1.030238699999999952e+00 9.937105113721858007e-01
1.036281400000000019e+00 9.963685930636461130e-01
1.042320099999999972e+00 9.989531810142292523e-01
1.048362900000000097e+00 1.001469847000609148e+00
1.054405700000000001e+00 1.003919063310637405e+00
1.060444399999999954e+00 1.006301645978208814e+00
1.066487200000000080e+00 1.008623404839537274e+00
1.072525900000000032e+00 1.010883913286050539e+00
1.078568699999999936e+00 1.013089093835618515e+00
1.084607400000000110e+00 1.015238893106742424e+00
1.090650099999999956e+00 1.017339178150531653e+00
1.096692900000000082e+00 1.019391508819873948e+00
1.102731600000000034e+00 1.021397392760660106e+00
1.108774399999999938e+00 1.023362299680640408e+00
1.114813099999999890e+00 1.025286099800241990e+00
1.120855900000000016e+00 1.027173675816625664e+00
1.126894599999999969e+00 1.029024410678356816e+00
1.132937400000000094e+00 1.030842391940281599e+00
1.138976100000000047e+00 1.032626317229455859e+00
1.145018799999999892e+00 1.034379312133487216e+00
1.151061600000000018e+00 1.036100499179060108e+00
1.157100299999999971e+00 1.037788557402553602e+00
1.163143100000000096e+00 1.039445196356680423e+00
1.169181800000000049e+00 1.041067190482809490e+00
1.175224599999999953e+00 1.042655411576555613e+00
1.181263299999999905e+00 1.044206077802177779e+00
1.187306100000000031e+00 1.045719433955430100e+00
1.193348800000000098e+00 1.047192367997789697e+00
1.199387500000000051e+00 1.048621867082968340e+00
1.205430299999999955e+00 1.050007739365200976e+00
1.211468999999999907e+00 1.051346073983950413e+00
1.217511800000000033e+00 1.052636809247873506e+00
1.223550499999999985e+00 1.053876540781057747e+00
1.229593299999999889e+00 1.055065586369368091e+00
1.235632000000000064e+00 1.056201310920780623e+00
1.241674799999999967e+00 1.057284620525354990e+00
1.247717500000000035e+00 1.058314490403960084e+00
1.253756199999999987e+00 1.059290525628969970e+00
1.259798999999999891e+00 1.060214687909784015e+00
1.265837700000000066e+00 1.061086804331292877e+00
1.271880499999999969e+00 1.061909546620976252e+00
1.277919199999999922e+00 1.062683654350018214e+00
1.283962000000000048e+00 1.063412360699109271e+00
1.290004799999999952e+00 1.064097576630923081e+00
1.296043499999999904e+00 1.064741537924235759e+00
1.302086300000000030e+00 1.065347916841300036e+00
1.308124999999999982e+00 1.065918755095562664e+00
1.314167700000000050e+00 1.066457684929792649e+00
1.320206400000000002e+00 1.066966785742569312e+00
1.326249199999999906e+00 1.067449399921849063e+00
1.332287900000000080e+00 1.067907336547839536e+00
1.338330699999999984e+00 1.068343438662670453e+00
1.344373500000000110e+00 1.068759323076814649e+00
1.350412200000000063e+00 1.069156344118704194e+00
1.356454999999999966e+00 1.069536320706845789e+00
1.362493699999999919e+00 1.069899671157175547e+00
1.368536399999999986e+00 1.070247476914140794e+00
1.374575099999999939e+00 1.070579545063720106e+00
1.380617900000000065e+00 1.070896288301095511e+00
1.386660699999999968e+00 1.071197178376358750e+00
1.392699399999999921e+00 1.071481508187777321e+00
1.398742200000000047e+00 1.071748971566528263e+00
1.404780899999999999e+00 1.071998394801464638e+00
1.410823699999999903e+00 1.072229241783292819e+00
1.416862400000000077e+00 1.072440318254242131e+00
1.422905099999999923e+00 1.072631073797917889e+00
1.428947900000000049e+00 1.072800629260102001e+00
1.434986600000000001e+00 1.072948298572796944e+00
1.441029399999999905e+00 1.073073877620886574e+00
1.447068100000000079e+00 1.073177008517216757e+00
1.453110899999999983e+00 1.073257884021712849e+00
1.459149599999999936e+00 1.073316701384789296e+00
1.465192400000000061e+00 1.073354107065348284e+00
1.471231100000000014e+00 1.073370870851766190e+00
1.477273800000000081e+00 1.073368078081144095e+00
1.483316599999999985e+00 1.073346992578688264e+00
1.489355299999999938e+00 1.073309117388948186e+00
1.495398100000000063e+00 1.073256026354191039e+00
1.501436800000000016e+00 1.073189528541581117e+00
1.507479599999999920e+00 1.073111341350098780e+00
1.513518300000000094e+00 1.073023399815378420e+00
1.519561099999999998e+00 1.072927391390672058e+00
1.525603800000000065e+00 1.072825113074773240e+00
1.531642500000000018e+00 1.072718261868193190e+00
1.537685299999999922e+00 1.072608169384430710e+00
1.543724000000000096e+00 1.072496274891457047e+00
1.549766800000000000e+00 1.072383506464496206e+00
1.555805499999999952e+00 1.072270865536660178e+00
1.561848300000000078e+00 1.072158805402295911e+00
1.567887000000000031e+00 1.072047837053248021e+00
1.573929799999999934e+00 1.071937925987069828e+00
1.579972500000000002e+00 1.071829034393951829e+00
1.586011300000000013e+00 1.071720902009429377e+00
1.592054000000000080e+00 1.071612873657811216e+00
1.598092700000000033e+00 1.071504418568062000e+00
1.604135499999999936e+00 1.071394596134522370e+00
1.610174200000000111e+00 1.071282675975406162e+00
1.616217000000000015e+00 1.071167579727024144e+00
1.622259799999999919e+00 1.071048448434576805e+00
1.628298500000000093e+00 1.070924464620642169e+00
1.634341299999999997e+00 1.070794622674282603e+00
1.640379999999999949e+00 1.070658359521059477e+00
1.646422700000000017e+00 1.070514876857347364e+00
1.652461399999999969e+00 1.070363895086818840e+00
1.658504200000000095e+00 1.070204902737915686e+00
1.664546999999999999e+00 1.070037861226778908e+00
1.670585699999999951e+00 1.069862926750632548e+00
1.676628500000000077e+00 1.069680065854335282e+00
1.682667200000000030e+00 1.069489890053632264e+00
1.688709999999999933e+00 1.069292649117894234e+00
1.694748700000000108e+00 1.069089242259357864e+00
1.700791399999999953e+00 1.068880128780079763e+00
1.706830099999999906e+00 1.068666389319653298e+00
1.712872900000000032e+00 1.068448584665123047e+00
1.718915699999999935e+00 1.068227719129522857e+00
1.724954400000000110e+00 1.068004787585268733e+00
1.730997200000000014e+00 1.067780282788645119e+00
1.737035899999999966e+00 1.067555230158275359e+00
1.743078700000000092e+00 1.067329947482084318e+00
1.749117400000000044e+00 1.067105245286920079e+00
1.755160099999999890e+00 1.066881193789627869e+00
1.761202900000000016e+00 1.066658165984453621e+00
1.767241599999999968e+00 1.066436394064648407e+00
1.773284400000000094e+00 1.066215506185946849e+00
1.779323100000000046e+00 1.065995588345591161e+00
1.785365899999999950e+00 1.065775995504070206e+00
1.791404599999999903e+00 1.065556562560067588e+00
1.797447400000000028e+00 1.065336430315165117e+00
1.803486099999999981e+00 1.065115261706771399e+00
1.809528800000000048e+00 1.064892073608666889e+00
1.815571599999999952e+00 1.064666297662961281e+00
1.821610299999999905e+00 1.064437386708507294e+00
1.827653100000000030e+00 1.064204352317005053e+00
1.833691799999999983e+00 1.063966888245868603e+00
1.839734600000000109e+00 1.063724126353602584e+00
1.845773300000000061e+00 1.063475947942014832e+00
1.851816099999999965e+00 1.063221680872614927e+00
1.857858800000000032e+00 1.062961286387319904e+00
1.863897499999999985e+00 1.062694862675436225e+00
1.869940300000000111e+00 1.062422112720293743e+00
1.875979000000000063e+00 1.062143602334048920e+00
1.882021799999999967e+00 1.061859278884137003e+00
1.888060499999999919e+00 1.061569973242142861e+00
1.894103300000000045e+00 1.061275844396892598e+00
1.900146099999999949e+00 1.060977728969781930e+00
1.906184799999999901e+00 1.060676544771467666e+00
1.912227600000000027e+00 1.060372644039135892e+00
1.918266299999999980e+00 1.060067226551640207e+00
1.924309000000000047e+00 1.059760674858099438e+00
1.930347700000000000e+00 1.059454167935442337e+00
1.936390499999999903e+00 1.059148028710680256e+00
1.942429200000000078e+00 1.058843346625124138e+00
1.948471999999999982e+00 1.058540305817367910e+00
1.954514800000000108e+00 1.058239620633949052e+00
1.960553500000000060e+00 1.057941896843209051e+00
1.966596299999999964e+00 1.057647024879565523e+00
1.972634999999999916e+00 1.057355586138707171e+00
1.978677699999999984e+00 1.057067258032885260e+00
1.984716399999999936e+00 1.056782381816199434e+00
1.990759200000000062e+00 1.056500433699100183e+00
1.996801999999999966e+00 1.056221375970892939e+00
2.002840700000000140e+00 1.055945086478798256e+00
2.008883500000000044e+00 1.055670820548461064e+00
2.014922199999999997e+00 1.055398538036848910e+00
2.020964999999999900e+00 1.055127431806425875e+00
2.027003699999999853e+00 1.054857426771400819e+00
2.033046399999999920e+00 1.054587729729181023e+00
2.039085099999999873e+00 1.054318296690255785e+00
2.045127900000000221e+00 1.054048410053867180e+00
2.051170700000000124e+00 1.053777955011724110e+00
2.057209400000000077e+00 1.053506887731139763e+00
2.063252199999999981e+00 1.053234689476507002e+00
2.069290899999999933e+00 1.052961661233991597e+00
2.075333699999999837e+00 1.052687447606367455e+00
2.081372399999999789e+00 1.052412518153566401e+00
2.087415099999999857e+00 1.052136679192525515e+00
2.093457900000000205e+00 1.051860353221928834e+00
2.099496600000000157e+00 1.051584037750496359e+00
2.105539400000000061e+00 1.051307710707361842e+00
2.111578100000000013e+00 1.051032134067930279e+00
2.117620899999999917e+00 1.050757340323056344e+00
2.123659599999999870e+00 1.050484112581153484e+00
2.129702400000000218e+00 1.050212478809785299e+00
2.135741100000000170e+00 1.049943179682970129e+00
2.141783799999999793e+00 1.049676185806690754e+00
2.147826600000000141e+00 1.049411951084040728e+00
2.153865300000000094e+00 1.049150871879535707e+00
2.159908099999999997e+00 1.048892737777958439e+00
2.165946799999999950e+00 1.048637966109813524e+00
2.171989599999999854e+00 1.048386198295778282e+00
2.178028299999999806e+00 1.048137683852869761e+00
2.184071100000000154e+00 1.047891916508543186e+00
2.190113800000000222e+00 1.047648830188409486e+00
2.196152600000000010e+00 1.047408272904618576e+00
2.202195300000000078e+00 1.047169579247691606e+00
2.208234000000000030e+00 1.046932666760267638e+00
2.214276799999999934e+00 1.046696796250046635e+00
2.220315499999999886e+00 1.046461854427577221e+00
2.226358299999999790e+00 1.046227090834487949e+00
2.232401100000000138e+00 1.045992250263578116e+00
2.238439800000000091e+00 1.045757108097787658e+00
2.244482599999999994e+00 1.045521003617874367e+00
2.250521299999999947e+00 1.045283969770489207e+00
2.256564000000000014e+00 1.045045463525708707e+00
2.262602699999999967e+00 1.044805644881890982e+00
2.268645499999999871e+00 1.044564109628368209e+00
2.274684199999999823e+00 1.044321178121534688e+00
2.280727000000000171e+00 1.044076587294129110e+00
2.286769800000000075e+00 1.043830639351041478e+00
2.292808500000000027e+00 1.043583705419167229e+00
2.298851299999999931e+00 1.043335710799033311e+00
2.304889999999999883e+00 1.043087300477630652e+00
2.310932699999999951e+00 1.042838487216925847e+00
2.316971399999999903e+00 1.042589971309320962e+00
2.323014199999999807e+00 1.042341803293876046e+00
2.329057000000000155e+00 1.042094535919315668e+00
2.335095700000000107e+00 1.041848706699064042e+00
2.341138500000000011e+00 1.041604327915456318e+00
2.347177199999999964e+00 1.041362041185922127e+00
2.353219999999999867e+00 1.041121782330505674e+00
2.359258699999999820e+00 1.040884088590120937e+00
2.365301399999999887e+00 1.040648793021496710e+00
2.371340099999999840e+00 1.040416295637542010e+00
2.377382900000000188e+00 1.040186308180719665e+00
2.383425700000000091e+00 1.039958948471721101e+00
2.389464400000000044e+00 1.039734265618663445e+00
2.395507199999999948e+00 1.039511795280448458e+00
2.401545899999999900e+00 1.039291630467681582e+00
2.407588699999999804e+00 1.039073221833801464e+00
2.413627400000000200e+00 1.038856584152237250e+00
2.419670099999999824e+00 1.038641124272099647e+00
2.425712900000000172e+00 1.038426670652303541e+00
2.431751600000000124e+00 1.038213061917449886e+00
2.437794400000000028e+00 1.037999711824248550e+00
2.443833099999999980e+00 1.037786637994945638e+00
2.449875899999999884e+00 1.037573312570715167e+00
2.455914599999999837e+00 1.037359828524726968e+00
2.461957400000000185e+00 1.037145747745634505e+00
2.468000099999999808e+00 1.036931123629136087e+00
2.474038800000000204e+00 1.036716056539995323e+00
2.480081600000000108e+00 1.036500276342218196e+00
2.486120300000000061e+00 1.036284150150243999e+00
2.492163099999999964e+00 1.036067511890717885e+00
2.498201799999999917e+00 1.035850831080933565e+00
2.504244599999999821e+00 1.035634031171115632e+00
2.510283300000000217e+00 1.035417658147378628e+00
2.516326100000000121e+00 1.035201695846658332e+00
2.522368900000000025e+00 1.034986585292356098e+00
2.528407599999999977e+00 1.034772771472089126e+00
2.534450300000000045e+00 1.034560263938778535e+00
2.540488999999999997e+00 1.034349626675291178e+00
2.546531799999999901e+00 1.034140837372616195e+00
2.552570499999999853e+00 1.033934408240203995e+00
2.558613300000000201e+00 1.033730249696918957e+00
2.564656100000000105e+00 1.033528649211917338e+00
2.570694800000000058e+00 1.033329838692806923e+00
2.576737599999999961e+00 1.033133594607437145e+00
2.582776299999999914e+00 1.032940177412046800e+00
2.588818999999999981e+00 1.032749270315997725e+00
2.594857699999999934e+00 1.032561020027645826e+00
2.600900499999999838e+00 1.032375023346854048e+00
2.606939199999999790e+00 1.032191343164691633e+00
2.612982000000000138e+00 1.032009508424490907e+00
2.619024800000000042e+00 1.031829398781282325e+00
2.625063499999999994e+00 1.031650873881211572e+00
2.631106299999999898e+00 1.031473424032087749e+00
2.637144999999999850e+00 1.031297025807313528e+00
2.643187699999999918e+00 1.031121189754254708e+00
2.649226399999999870e+00 1.030945915933786594e+00
2.655269200000000218e+00 1.030770763570432846e+00
2.661312000000000122e+00 1.030595679538127030e+00
2.667350700000000074e+00 1.030420648981798859e+00
2.673393499999999978e+00 1.030245342544115150e+00
2.679432199999999931e+00 1.030069950405337664e+00
2.685474999999999834e+00 1.029894230946284406e+00
2.691513699999999787e+00 1.029718462235782450e+00
2.697556399999999854e+00 1.029542488599484606e+00
2.703599200000000202e+00 1.029366540060627777e+00
2.709637900000000155e+00 1.029190886462993504e+00
2.715680700000000058e+00 1.029015461936801046e+00
2.721719400000000011e+00 1.028840695002201100e+00
2.727762199999999915e+00 1.028666549491806581e+00
2.733800899999999867e+00 1.028493465455364575e+00
2.739843700000000215e+00 1.028321406830980500e+00
2.745882400000000167e+00 1.028150793505782978e+00
2.751925099999999791e+00 1.027981563848129776e+00
2.757967900000000139e+00 1.027813970423091749e+00
2.764006600000000091e+00 1.027648239102377792e+00
2.770049399999999995e+00 1.027484221171188095e+00
2.776088099999999947e+00 1.027322177947675330e+00
2.782130899999999851e+00 1.027161889187783839e+00
2.788169599999999804e+00 1.027003533214036368e+00
2.794212400000000152e+00 1.026846818122858052e+00
2.800255100000000219e+00 1.026691742732620316e+00
2.806293900000000008e+00 1.026538260257209068e+00
2.812336600000000075e+00 1.026386003762405741e+00
2.818375300000000028e+00 1.026234983798948175e+00
2.824418099999999932e+00 1.026084795878301259e+00
2.830456799999999884e+00 1.025935435821941022e+00
2.836499599999999788e+00 1.025786493679503586e+00
2.842538300000000184e+00 1.025637972816406895e+00
2.848581100000000088e+00 1.025489487657218479e+00
2.854623899999999992e+00 1.025340976401857285e+00
2.860662599999999944e+00 1.025192403998125945e+00
2.866705300000000012e+00 1.025043466377443480e+00
2.872743999999999964e+00 1.024894290457291302e+00
2.878786799999999868e+00 1.024744642362843683e+00
2.884825499999999820e+00 1.024594728770987118e+00
2.890868300000000168e+00 1.024444386644697280e+00
2.896911100000000072e+00 1.024293793445839373e+00
2.902949800000000025e+00 1.024143159663552627e+00
2.908992599999999928e+00 1.023992417355138240e+00
2.915031299999999881e+00 1.023841931210641931e+00
2.921073999999999948e+00 1.023691677807684330e+00
2.927112699999999901e+00 1.023542046454460008e+00
2.933155499999999805e+00 1.023393032769466915e+00
2.939198300000000152e+00 1.023244934244224691e+00
2.945237000000000105e+00 1.023098038784635566e+00
2.951279800000000009e+00 1.022952322214698118e+00
2.957318499999999961e+00 1.022808138659825783e+00
2.963361299999999865e+00 1.022665425198488132e+00
2.969399999999999817e+00 1.022524480528836488e+00
2.975442699999999885e+00 1.022385189844708275e+00
2.981481399999999837e+00 1.022247778927054762e+00
2.987524200000000185e+00 1.022112071114371190e+00
2.993567000000000089e+00 1.021978134343395794e+00
2.999605700000000041e+00 1.021845999579895858e+00
3.005648499999999945e+00 1.021715399523770884e+00
3.011687199999999898e+00 1.021586397368928978e+00
3.017729999999999801e+00 1.021458681883746777e+00
3.023768700000000198e+00 1.021332273570498383e+00
3.029811399999999821e+00 1.021206838581683707e+00
3.035854200000000169e+00 1.021082289193516290e+00
3.041892900000000122e+00 1.020958542059504648e+00
3.047935700000000026e+00 1.020835266423571586e+00
3.053974399999999978e+00 1.020712478965728254e+00
3.060017199999999882e+00 1.020589879222249641e+00
3.066055899999999834e+00 1.020467521279123435e+00
3.072098700000000182e+00 1.020345151452643373e+00
3.078137400000000135e+00 1.020222875721505496e+00
3.084180100000000202e+00 1.020100498878806716e+00
3.090222900000000106e+00 1.019978098113602405e+00
3.096261600000000058e+00 1.019855785572987061e+00
3.102304399999999962e+00 1.019733449501861733e+00
3.108343099999999914e+00 1.019611334910068390e+00
3.114385899999999818e+00 1.019489376435376293e+00
3.120424600000000215e+00 1.019367857253862475e+00
3.126467400000000119e+00 1.019246742856690036e+00
3.132510200000000022e+00 1.019126254180422464e+00
3.138548899999999975e+00 1.019006612956469660e+00
3.144591600000000042e+00 1.018887796628911824e+00
3.150630299999999995e+00 1.018770092442347064e+00
3.156673099999999899e+00 1.018653459901608826e+00
3.162711799999999851e+00 1.018538157502534069e+00
3.168754600000000199e+00 1.018424108216064328e+00
3.174797400000000103e+00 1.018311446564151623e+00
3.180836100000000055e+00 1.018200277395735931e+00
3.186878899999999959e+00 1.018090452423669579e+00
3.192917599999999911e+00 1.017982095922250974e+00
3.198960299999999979e+00 1.017875010970441529e+00
3.204998999999999931e+00 1.017769262729301794e+00
3.211041799999999835e+00 1.017664610085487364e+00
3.217080499999999788e+00 1.017561076552181198e+00
3.223123300000000135e+00 1.017458387619430749e+00
3.229166100000000039e+00 1.017356469130093810e+00
3.235204799999999992e+00 1.017255238941346285e+00
3.241247599999999895e+00 1.017154408159553602e+00
3.247286299999999848e+00 1.017053966572640356e+00
3.253328999999999915e+00 1.016953641438455014e+00
3.259367699999999868e+00 1.016853441382000067e+00
3.265410500000000216e+00 1.016753125414968428e+00
3.271453300000000119e+00 1.016652676030220803e+00
3.277492000000000072e+00 1.016552099756554473e+00
3.283534799999999976e+00 1.016451223662703907e+00
3.289573499999999928e+00 1.016350174582527188e+00
3.295616299999999832e+00 1.016248831475538683e+00
3.301654999999999784e+00 1.016147373286629296e+00
3.307697699999999852e+00 1.016045728877441601e+00
3.313736399999999804e+00 1.015944118608478108e+00
3.319779200000000152e+00 1.015842509737596489e+00
3.325822000000000056e+00 1.015741088766100253e+00
3.331860700000000008e+00 1.015640051363081664e+00
3.337903499999999912e+00 1.015539392665211427e+00
3.343942199999999865e+00 1.015439382077622188e+00
3.349985000000000213e+00 1.015340012747074638e+00
3.356023700000000165e+00 1.015241539978302576e+00
3.362066399999999788e+00 1.015143939769358461e+00
3.368109200000000136e+00 1.015047368108309644e+00
3.374147900000000089e+00 1.014951963899072940e+00
3.380190699999999993e+00 1.014857648891316133e+00
3.386229399999999945e+00 1.014764579144184831e+00
3.392272199999999849e+00 1.014672632332861646e+00
3.398310899999999801e+00 1.014581913242173838e+00
3.404353700000000149e+00 1.014492255438915524e+00
3.410392400000000102e+00 1.014403715782492332e+00
3.416435200000000005e+00 1.014316089932453924e+00
3.422477900000000073e+00 1.014229339401161223e+00
3.428516600000000025e+00 1.014143406417251869e+00
3.434559399999999929e+00 1.014058054177219281e+00
3.440598099999999882e+00 1.013973272750674504e+00
3.446640899999999785e+00 1.013888821257502126e+00
3.452679600000000182e+00 1.013804693146896918e+00
3.458722400000000086e+00 1.013720661604409656e+00
3.464765199999999989e+00 1.013636683722320964e+00
3.470803899999999942e+00 1.013552732332245077e+00
3.476846600000000009e+00 1.013468629351906181e+00
3.482885299999999962e+00 1.013384441449334483e+00
3.488928099999999866e+00 1.013300033079313156e+00
3.494966799999999818e+00 1.013215518827337069e+00
3.501009600000000166e+00 1.013130806407025242e+00
3.507052400000000070e+00 1.013045997081091665e+00
3.513091100000000022e+00 1.012961212078405948e+00
3.519133899999999926e+00 1.012876417250877958e+00
3.525172599999999878e+00 1.012791822979578482e+00
3.531215299999999946e+00 1.012707422225789688e+00
3.537253999999999898e+00 1.012623440379800899e+00
3.543296799999999802e+00 1.012539881943080200e+00
3.549335500000000199e+00 1.012456976715081725e+00
3.555378300000000102e+00 1.012374724048168639e+00
3.561421100000000006e+00 1.012293284063249477e+00
3.567459799999999959e+00 1.012212802824989932e+00
3.573502599999999862e+00 1.012133247806396463e+00
3.579541299999999815e+00 1.012054786165411224e+00
3.585583999999999882e+00 1.011977352410736275e+00
3.591622699999999835e+00 1.011901068029557260e+00
3.597665500000000183e+00 1.011825828312374442e+00
3.603708300000000087e+00 1.011751661712854578e+00
3.609747000000000039e+00 1.011678573336777021e+00
3.615789799999999943e+00 1.011606400863386712e+00
3.621828499999999895e+00 1.011535162488664152e+00
3.627871299999999799e+00 1.011464667667856698e+00
3.633910000000000196e+00 1.011394907562843892e+00
3.639952699999999819e+00 1.011325676777367510e+00
3.645991400000000215e+00 1.011256951837238960e+00
3.652034200000000119e+00 1.011188525788537573e+00
3.658077000000000023e+00 1.011120334870154958e+00
3.664115699999999975e+00 1.011052322591495800e+00
3.670158499999999879e+00 1.010984305240305803e+00
3.676197199999999832e+00 1.010916297934176589e+00
3.682240000000000180e+00 1.010848147526595131e+00
3.688278700000000132e+00 1.010779903924364564e+00
3.694321400000000200e+00 1.010711452245026232e+00
3.700364200000000103e+00 1.010642832805821456e+00
3.706402900000000056e+00 1.010574109107918561e+00
3.712445699999999960e+00 1.010505221867175285e+00
3.718484399999999912e+00 1.010436315345032421e+00
3.724527199999999816e+00 1.010367361450111634e+00
3.730565900000000212e+00 1.010298531193265958e+00
3.736608700000000116e+00 1.010229817663241159e+00
3.742651500000000020e+00 1.010161360014670384e+00
3.748690199999999972e+00 1.010093299066237904e+00
3.754732900000000040e+00 1.010025637104651430e+00
3.760771599999999992e+00 1.009958552723390968e+00
3.766814399999999896e+00 1.009892037345583748e+00
3.772853099999999849e+00 1.009826251939097697e+00
3.778895900000000196e+00 1.009761164786379561e+00
3.784934600000000149e+00 1.009696906558150031e+00
3.790977400000000053e+00 1.009633415626553621e+00
3.797020199999999956e+00 1.009570743823684724e+00
3.803058899999999909e+00 1.009508922750787407e+00
3.809101599999999976e+00 1.009447841661515577e+00
3.815140299999999929e+00 1.009387536892714987e+00
3.821183099999999833e+00 1.009327867769912901e+00
3.827221799999999785e+00 1.009268842366010555e+00
3.833264600000000133e+00 1.009210296947526730e+00
3.839307400000000037e+00 1.009152180449654379e+00
3.845346099999999989e+00 1.009094436131832362e+00
3.851388899999999893e+00 1.009036888607933724e+00
3.857427599999999845e+00 1.008979521279855796e+00
3.863470299999999913e+00 1.008922167903968381e+00
3.869508999999999865e+00 1.008864823745824868e+00
3.875551800000000213e+00 1.008807342454133282e+00
3.881590500000000166e+00 1.008749746292083582e+00
3.887633300000000069e+00 1.008691916746770723e+00
3.893676099999999973e+00 1.008633869323089405e+00
3.899714799999999926e+00 1.008575637573413397e+00
3.905757599999999830e+00 1.008517153923437659e+00
3.911796299999999782e+00 1.008458526246289289e+00
3.917838999999999849e+00 1.008399720389675958e+00
3.923877699999999802e+00 1.008340872965538315e+00
3.929920500000000150e+00 1.008281976090329213e+00
3.935963300000000054e+00 1.008223150564079962e+00
3.942002000000000006e+00 1.008164523975809912e+00
3.948044799999999910e+00 1.008106108526104050e+00
3.954083499999999862e+00 1.008048076116194069e+00
3.960126300000000210e+00 1.007990438462929683e+00
3.966165000000000163e+00 1.007933359015833474e+00
3.972207699999999786e+00 1.007876838481504000e+00
3.978246500000000019e+00 1.007821017423302656e+00
3.984289200000000086e+00 1.007765877701445101e+00
3.990331999999999990e+00 1.007711494173383349e+00
3.996370699999999943e+00 1.007657927562517486e+00
4.002413500000000290e+00 1.007605112326129815e+00
4.008452199999999799e+00 1.007553110673271801e+00
4.014495000000000147e+00 1.007501826251126387e+00
4.020533699999999655e+00 1.007451287628138292e+00
4.026576500000000003e+00 1.007401371266548384e+00
4.032619200000000070e+00 1.007352045673214791e+00
4.038657899999999579e+00 1.007303265761046562e+00
4.044700699999999927e+00 1.007254882850727729e+00
4.050739400000000323e+00 1.007206875424648596e+00
4.056782199999999783e+00 1.007159090068238561e+00
4.062820900000000179e+00 1.007111505532426454e+00
4.068863699999999639e+00 1.007063976013532702e+00
4.074902400000000036e+00 1.007016492594573043e+00
4.080932899999999641e+00 1.006969024355068187e+00
4.087004199999999976e+00 1.006921133654692602e+00
4.093034799999999862e+00 1.006873425959834867e+00
4.099065300000000356e+00 1.006825559003222681e+00
4.105095900000000242e+00 1.006777524077041353e+00
4.111167199999999688e+00 1.006729004392624249e+00
4.117197700000000182e+00 1.006680674387827823e+00
4.123228300000000068e+00 1.006632244481305172e+00
4.129258899999999954e+00 1.006583764472560372e+00
4.135330200000000289e+00 1.006534966757462790e+00
4.141360699999999895e+00 1.006486574240444298e+00
4.147391299999999781e+00 1.006438331203518999e+00
4.153421800000000275e+00 1.006390315325588203e+00
4.159493099999999721e+00 1.006342280513135456e+00
4.165523699999999607e+00 1.006294945824631526e+00
4.171554200000000101e+00 1.006248057617246339e+00
4.177584799999999987e+00 1.006201675492924830e+00
4.183656100000000322e+00 1.006155544416400316e+00
4.189686599999999927e+00 1.006110323722220645e+00
4.195717199999999814e+00 1.006065727578246305e+00
4.201747700000000307e+00 1.006021770353606071e+00
4.207818999999999754e+00 1.005978158778561449e+00
4.213849599999999640e+00 1.005935462120637114e+00
4.219880200000000414e+00 1.005893355777135234e+00
4.225910700000000020e+00 1.005851797346102972e+00
4.231982000000000355e+00 1.005810455201923137e+00
4.238012600000000241e+00 1.005769819616949778e+00
4.244043099999999846e+00 1.005729540647768427e+00
4.250073699999999732e+00 1.005689540044306662e+00
4.256145000000000067e+00 1.005649471023533748e+00
4.262175499999999673e+00 1.005609791961773247e+00
4.268206099999999559e+00 1.005570156273766447e+00
4.274277399999999894e+00 1.005530226160727736e+00
4.280307900000000387e+00 1.005490474662026790e+00
4.286338500000000273e+00 1.005450580309988906e+00
4.292368999999999879e+00 1.005410503442883963e+00
4.298440300000000214e+00 1.005369942005809758e+00
4.304470900000000100e+00 1.005329426123183101e+00
4.310501499999999986e+00 1.005288684455804438e+00
4.316531999999999591e+00 1.005247731425192637e+00
4.322603299999999926e+00 1.005206314498598763e+00
4.328633899999999812e+00 1.005165029111463326e+00
4.334664400000000306e+00 1.005123648881862009e+00
4.340695000000000192e+00 1.005082231305787221e+00
4.346766299999999639e+00 1.005040563639685525e+00
4.352796800000000133e+00 1.004999275730091179e+00
4.358827400000000019e+00 1.004958158841565030e+00
4.364857899999999624e+00 1.004917285996351106e+00
4.370929199999999959e+00 1.004876452036550072e+00
4.376959799999999845e+00 1.004836268926399434e+00
4.382990300000000339e+00 1.004796518465687072e+00
4.389020900000000225e+00 1.004757246039554408e+00
4.395092199999999671e+00 1.004718228377911249e+00
4.401122799999999557e+00 1.004680012460225536e+00
4.407153300000000051e+00 1.004642346404498454e+00
4.413183899999999937e+00 1.004605226602494739e+00
4.419255200000000272e+00 1.004568393067507337e+00
4.425285699999999878e+00 1.004532312095482327e+00
4.431316299999999764e+00 1.004496694280512914e+00
4.437346800000000258e+00 1.004461491187263134e+00
4.443418099999999704e+00 1.004426409572328316e+00
4.449448699999999590e+00 1.004391855737429395e+00
4.455479200000000084e+00 1.004357525629180126e+00
4.461509799999999970e+00 1.004323348174120056e+00
4.467581100000000305e+00 1.004289024872212499e+00
4.473611599999999910e+00 1.004254950237783772e+00
4.479642199999999796e+00 1.004220832516522943e+00
4.485672700000000290e+00 1.004186620108094674e+00
4.491743999999999737e+00 1.004152036136799486e+00
4.497774599999999623e+00 1.004117512172357785e+00
4.503805200000000397e+00 1.004082796311696280e+00
4.509876499999999844e+00 1.004047644166575992e+00
4.515907000000000338e+00 1.004012532310650574e+00
4.521937600000000224e+00 1.003977241752914251e+00
4.527968099999999829e+00 1.003941802563381724e+00
4.534039400000000164e+00 1.003906012960389171e+00
4.540070000000000050e+00 1.003870402508255211e+00
4.546100499999999656e+00 1.003834788594531791e+00
4.552131100000000430e+00 1.003799231980150752e+00
4.558202399999999876e+00 1.003763560036176505e+00
4.564232900000000370e+00 1.003728318497795868e+00
4.570263500000000256e+00 1.003693331971867053e+00
4.576293999999999862e+00 1.003658663688773434e+00
4.582365300000000197e+00 1.003624139081928934e+00
4.588395900000000083e+00 1.003590271170597736e+00
4.594426499999999969e+00 1.003556867433220257e+00
4.600456999999999574e+00 1.003523958286085760e+00
4.606528299999999909e+00 1.003491344249259898e+00
4.612558899999999795e+00 1.003459469620414879e+00
4.618589400000000289e+00 1.003428108707328237e+00
4.624620000000000175e+00 1.003397242599774586e+00
4.630691299999999622e+00 1.003366638846021619e+00
4.636721800000000115e+00 1.003336668250165875e+00
4.642752400000000002e+00 1.003307074235803675e+00
4.648782899999999607e+00 1.003277801482700848e+00
4.654854199999999942e+00 1.003248592144617923e+00
4.660884799999999828e+00 1.003219772775761243e+00
4.666915300000000322e+00 1.003191080888881093e+00
4.672945900000000208e+00 1.003162450269117212e+00
4.679017199999999654e+00 1.003133626046610161e+00
4.685047800000000429e+00 1.003104937732818058e+00
4.691078300000000034e+00 1.003076143245384744e+00
4.697108899999999920e+00 1.003047201015521361e+00
4.703180200000000255e+00 1.003017883768243967e+00
4.709210699999999861e+00 1.002988565360277473e+00
4.715241299999999747e+00 1.002959040813180991e+00
4.721271800000000241e+00 1.002929314549921402e+00
4.727343099999999687e+00 1.002899197797771480e+00
4.733373699999999573e+00 1.002869120255233115e+00
4.739404200000000067e+00 1.002838915966551392e+00
4.745475500000000402e+00 1.002808422318587578e+00
4.751506100000000288e+00 1.002778098475258783e+00
4.757536599999999893e+00 1.002747795030050959e+00
4.763567199999999779e+00 1.002717568010440541e+00
4.769638500000000114e+00 1.002687273169293514e+00
4.775669100000000000e+00 1.002657373422219278e+00
4.781699599999999606e+00 1.002627718757845177e+00
4.787730200000000380e+00 1.002598356132261559e+00
4.793801499999999827e+00 1.002569132445042088e+00
4.799832000000000320e+00 1.002540472979161601e+00
4.805862600000000207e+00 1.002512203085302422e+00
4.811893099999999812e+00 1.002484336854102764e+00
4.817964400000000147e+00 1.002456691867013028e+00
4.823995000000000033e+00 1.002429630855550924e+00
4.830025499999999639e+00 1.002402948722750375e+00
4.836056100000000413e+00 1.002376615914236435e+00
4.842127399999999859e+00 1.002350420738535419e+00
4.848157900000000353e+00 1.002324669559231829e+00
4.854188500000000239e+00 1.002299133960100841e+00
4.860218999999999845e+00 1.002273759715417434e+00
4.866290300000000180e+00 1.002248318393486493e+00
4.872320900000000066e+00 1.002223093762387718e+00
4.878351499999999952e+00 1.002197859409381664e+00
4.884381999999999557e+00 1.002172563967238306e+00
4.890453299999999892e+00 1.002146988493232360e+00
4.896483899999999778e+00 1.002121437094145140e+00
4.902514400000000272e+00 1.002095708711636002e+00
4.908545000000000158e+00 1.002069781578872165e+00
4.914616299999999605e+00 1.002043468313772001e+00
4.920646800000000098e+00 1.002017122012377914e+00
4.926677399999999984e+00 1.001990576500608521e+00
4.932707899999999590e+00 1.001963853111117464e+00
4.938779199999999925e+00 1.001936798945275875e+00
4.944809799999999811e+00 1.001909815432824091e+00
4.950840300000000305e+00 1.001882767110823247e+00
4.956870900000000191e+00 1.001855703426325572e+00
4.962942199999999637e+00 1.001828496678101033e+00
4.968972800000000412e+00 1.001801567732055309e+00
4.975003300000000017e+00 1.001774790144740246e+00
4.981074600000000352e+00 1.001748038232180171e+00
4.987105200000000238e+00 1.001721721357995420e+00
4.993135699999999844e+00 1.001695704387719488e+00
4.999166299999999730e+00 1.001670024075960175e+00
5.005237600000000064e+00 1.001644540781206461e+00
5.011268099999999670e+00 1.001619617004553708e+00
5.017298699999999556e+00 1.001595090313186942e+00
5.023329200000000050e+00 1.001570961887135347e+00
5.029400500000000385e+00 1.001547062232937213e+00
5.035431100000000271e+00 1.001523692531848031e+00
5.041461599999999876e+00 1.001500663009413650e+00
5.047492199999999762e+00 1.001477936187506801e+00
5.053563500000000097e+00 1.001455318088911195e+00
5.059594099999999983e+00 1.001433062889161896e+00
5.065624599999999589e+00 1.001410966118119639e+00
5.071655200000000363e+00 1.001388972894909024e+00
5.077726499999999810e+00 1.001366881501025263e+00
5.083757000000000303e+00 1.001344936124912488e+00
5.089787600000000189e+00 1.001322939524444733e+00
5.095818099999999795e+00 1.001300849491931988e+00
5.101889400000000130e+00 1.001278478685021067e+00
5.107920000000000016e+00 1.001256099112769693e+00
5.113950499999999622e+00 1.001233542422008682e+00
5.119981100000000396e+00 1.001210798055415463e+00
5.126052399999999842e+00 1.001187710846712875e+00
5.132082900000000336e+00 1.001164600196496446e+00
5.138113500000000222e+00 1.001141329756768172e+00
5.144143999999999828e+00 1.001117927213556413e+00
5.150215300000000163e+00 1.001094267180259845e+00
5.156245900000000049e+00 1.001070707809788463e+00
5.162276499999999935e+00 1.001047135712379577e+00
5.168307000000000428e+00 1.001023599196863900e+00
5.174378299999999875e+00 1.000999988819505360e+00
5.180408899999999761e+00 1.000976670589059703e+00
5.186439400000000255e+00 1.000953532930032752e+00
5.192470000000000141e+00 1.000930617992985106e+00
5.198541299999999588e+00 1.000907811930000779e+00
5.204571800000000081e+00 1.000885452204059334e+00
5.210602399999999967e+00 1.000863407793167736e+00
5.216673700000000302e+00 1.000841548775653900e+00
5.222704199999999908e+00 1.000820174737599544e+00
5.228734799999999794e+00 1.000799134236251886e+00
5.234765300000000288e+00 1.000778415827689116e+00
5.240836599999999734e+00 1.000757861182651753e+00
5.246867199999999620e+00 1.000737717284275519e+00
5.252897800000000395e+00 1.000717809584467544e+00
5.258928300000000000e+00 1.000698096912200796e+00
5.264999600000000335e+00 1.000678401183811017e+00
5.271030200000000221e+00 1.000658938013885946e+00
5.277060699999999827e+00 1.000639525701161325e+00
5.283091299999999713e+00 1.000620114742980959e+00
5.289162600000000047e+00 1.000600527402802475e+00
5.295193099999999653e+00 1.000580983838700977e+00
5.301223700000000427e+00 1.000561315160958697e+00
5.307254200000000033e+00 1.000541491511406145e+00
5.313325500000000368e+00 1.000521353705096761e+00
5.319356100000000254e+00 1.000501157458731027e+00
5.325386599999999859e+00 1.000480763005209717e+00
5.331417199999999745e+00 1.000460172808579795e+00
5.337488500000000080e+00 1.000439258238423390e+00
5.343519099999999966e+00 1.000418319840583825e+00
5.349549599999999572e+00 1.000397245821087022e+00
5.355580200000000346e+00 1.000376069332584272e+00
5.361651499999999793e+00 1.000354686285481076e+00
5.367682000000000286e+00 1.000333426787533009e+00
5.373712600000000172e+00 1.000312192072727147e+00
5.379743099999999778e+00 1.000291028685140970e+00
5.385814400000000113e+00 1.000269839358164381e+00
5.391844999999999999e+00 1.000248951377277651e+00
5.397875499999999604e+00 1.000228261356765680e+00
5.403906100000000379e+00 1.000207802235847154e+00
5.409977399999999825e+00 1.000187466321943441e+00
5.416007900000000319e+00 1.000167546876004510e+00
5.422038500000000205e+00 1.000147918317505047e+00
5.428069100000000091e+00 1.000128585052129093e+00
5.434140400000000426e+00 1.000109415259372581e+00
5.440170900000000032e+00 1.000090653728635592e+00
5.446201499999999918e+00 1.000072150160599360e+00
5.452272800000000252e+00 1.000053755089950869e+00
5.458303299999999858e+00 1.000035682065400833e+00
5.464333899999999744e+00 1.000017768408050900e+00
5.470364400000000238e+00 9.999999732371701588e-01
5.476435699999999684e+00 9.999821330629851124e-01
5.482466299999999571e+00 9.999644432263929961e-01
