3.577503900000000153e-02 1.132245607282863081e-01
4.190623799999999843e-02 1.145625257992871765e-01
4.803784500000000263e-02 1.161335965896114208e-01
5.416904399999999953e-02 1.179473490479409220e-01
6.030024300000000337e-02 1.200151458551707712e-01
6.643184900000000115e-02 1.223499516266346732e-01
7.256304800000000499e-02 1.249658487898309411e-01
7.869424699999999495e-02 1.278790246398907315e-01
8.482544599999999879e-02 1.311072287799759095e-01
9.095705299999999605e-02 1.346702236671319386e-01
9.708825199999999989e-02 1.385888640767031221e-01
1.032198599999999966e-01 1.428868565422697356e-01
1.093510599999999999e-01 1.475886870692889596e-01
1.154822600000000032e-01 1.527215623781773834e-01
1.216134600000000066e-01 1.583142611459024129e-01
1.277450599999999936e-01 1.643977477325714587e-01
1.338762599999999969e-01 1.710034262757293977e-01
1.400074600000000002e-01 1.781653233239622047e-01
1.461390700000000098e-01 1.859187929851886800e-01
1.522702700000000131e-01 1.942983990350072854e-01
1.584014599999999939e-01 2.033404948486086106e-01
1.645330700000000035e-01 2.130812657556774015e-01
1.706642700000000068e-01 2.235536513401331637e-01
1.767954700000000101e-01 2.347902734199797392e-01
1.829270799999999919e-01 2.468204426144768315e-01
1.890582799999999952e-01 2.596660231427815324e-01
1.951894700000000038e-01 2.733444963587038923e-01
2.013210800000000134e-01 2.878649103571643830e-01
2.074522799999999889e-01 3.032223904447519658e-01
2.135834799999999922e-01 3.194016947360947545e-01
2.197146799999999955e-01 3.363709237463016199e-01
2.258462800000000104e-01 3.540812345625786728e-01
2.319774800000000137e-01 3.724599557042486131e-01
2.381086799999999892e-01 3.914157011892265836e-01
2.442402899999999988e-01 4.108338945046576818e-01
2.503714899999999743e-01 4.305723210134549950e-01
2.565026899999999777e-01 4.504696702060869695e-01
2.626342899999999925e-01 4.703436746862901252e-01
2.687654899999999958e-01 4.899906269793796176e-01
2.748966899999999991e-01 5.091980030538398871e-01
2.810283000000000087e-01 5.277465715915438116e-01
2.871595000000000120e-01 5.454138678269894180e-01
2.932907000000000153e-01 5.619893359469819716e-01
2.994222999999999746e-01 5.772780171105413860e-01
3.055534999999999779e-01 5.911052135051639844e-01
3.116846999999999812e-01 6.033288503337465025e-01
3.178163099999999908e-01 6.138410716113245069e-01
3.239475099999999941e-01 6.225700953300041807e-01
3.300787099999999974e-01 6.294863959556112887e-01
3.362103100000000122e-01 6.346005964294706425e-01
3.423415100000000155e-01 6.379624098127426590e-01
3.484727100000000188e-01 6.396611589301881562e-01
3.546039100000000222e-01 6.398222019571986330e-01
3.607355199999999762e-01 6.386045290562820664e-01
3.668667099999999848e-01 6.361979141109628255e-01
3.729979099999999881e-01 6.328183272271111770e-01
3.791295199999999976e-01 6.287028225228197265e-01
3.852607200000000010e-01 6.241043444564587928e-01
3.913919200000000043e-01 6.192825506717885009e-01
3.975235200000000191e-01 6.144961238390311831e-01
4.036547200000000224e-01 6.099948905726935156e-01
4.097842899999999955e-01 6.060103159890962710e-01
4.159167100000000228e-01 6.027445923424358254e-01
4.220491399999999893e-01 6.003730564970233274e-01
4.281815600000000166e-01 5.990337048891846150e-01
4.343099000000000265e-01 5.988274654470473468e-01
4.404423299999999930e-01 5.998190065685400363e-01
4.465747500000000203e-01 6.020397762037014155e-01
4.527071699999999921e-01 6.054898689593656291e-01
4.588355199999999967e-01 6.101388407434502614e-01
4.649679400000000240e-01 6.159427615293217029e-01
4.711003599999999958e-01 6.228293499360466612e-01
4.772287100000000004e-01 6.307073896236697896e-01
4.833611300000000277e-01 6.394886476882619686e-01
4.894935499999999995e-01 6.490590678047549744e-01
4.956259700000000268e-01 6.593015729003250947e-01
5.017543199999999759e-01 6.700861997999891795e-01
5.078867400000000032e-01 6.813014947167510549e-01
5.140191600000000305e-01 6.928138571584133709e-01
5.201515799999999468e-01 7.044984729541681201e-01
5.262799299999999514e-01 7.162271788471988865e-01
5.324123499999999787e-01 7.279023225959673216e-01
5.385447700000000060e-01 7.394124865012094983e-01
5.446771900000000333e-01 7.506660573222765365e-01
5.508055400000000379e-01 7.615783160777477301e-01
5.569379599999999542e-01 7.721017086229819970e-01
5.630703799999999815e-01 7.821832043699138426e-01
5.691987299999999861e-01 7.917875755376557745e-01
5.753311500000000134e-01 8.009147634589937059e-01
5.814635700000000407e-01 8.095604587319007450e-01
5.875959899999999569e-01 8.177402054203597448e-01
5.937243399999999616e-01 8.254756315760842789e-01
5.998567599999999889e-01 8.328121104196065660e-01
6.059891800000000162e-01 8.397851824727285974e-01
6.121216000000000435e-01 8.464385416767413739e-01
6.182499500000000481e-01 8.528118883465343192e-01
6.243823699999999643e-01 8.589552096282685456e-01
6.305147899999999916e-01 8.649013285685817065e-01
6.366472100000000189e-01 8.706813405350687374e-01
6.427755600000000236e-01 8.763154584210053333e-01
6.489079800000000509e-01 8.818272791663280818e-01
6.550403999999999671e-01 8.872212606600790030e-01
6.611687499999999718e-01 8.924946985924918641e-01
6.673011699999999990e-01 8.976486904804156230e-01
6.734335900000000263e-01 9.026682765045916934e-01
6.795660199999999929e-01 9.075379506786418471e-01
6.856943599999999472e-01 9.122365922440507369e-01
6.918267799999999745e-01 9.167515478025932696e-01
6.979592100000000521e-01 9.210614133114353175e-01
7.040916299999999683e-01 9.251501267852338950e-01
7.102199700000000337e-01 9.290026153171437873e-01
7.163523899999999500e-01 9.326158870262787337e-01
7.224848200000000276e-01 9.359843625008972268e-01
7.286131599999999819e-01 9.391086647238641172e-01
7.347455800000000092e-01 9.420012184653027143e-01
7.408780099999999758e-01 9.446734903841558229e-01
7.470104300000000030e-01 9.471438870593774650e-01
7.531387699999999574e-01 9.494333257711794483e-01
7.592712000000000350e-01 9.515701636473126168e-01
7.654036199999999512e-01 9.535798958838859196e-01
7.715360399999999785e-01 9.554901257243473278e-01
7.776643899999999832e-01 9.573265140738161927e-01
7.837968100000000105e-01 9.591164218339829350e-01
7.899292300000000377e-01 9.608805561491012837e-01
7.960616499999999540e-01 9.626369993067024344e-01
8.021899999999999586e-01 9.643981452468054494e-01
8.083224199999999859e-01 9.661749927729541554e-01
8.144548400000000132e-01 9.679700186084111424e-01
8.205831900000000179e-01 9.697807885521043669e-01
8.267156100000000452e-01 9.716040207792802086e-01
8.328480299999999614e-01 9.734289918341353376e-01
8.389804499999999887e-01 9.752431449642525729e-01
8.451087999999999933e-01 9.770306531849093368e-01
8.512412200000000206e-01 9.787781621927823528e-01
8.573736400000000479e-01 9.804686780754717779e-01
8.635060599999999642e-01 9.820873340525094752e-01
8.696344099999999688e-01 9.836201080974010802e-01
8.757668299999999961e-01 9.850586099755230807e-01
8.818992500000000234e-01 9.863945693714730734e-01
8.880316700000000507e-01 9.876243895083183233e-01
8.941600200000000553e-01 9.887475986510552151e-01
9.002924399999999716e-01 9.897697612970348668e-01
9.064248599999999989e-01 9.906978006879904042e-01
9.125532100000000035e-01 9.915421181116583771e-01
9.186856300000000308e-01 9.923174315371786625e-01
9.248180499999999471e-01 9.930387217480048934e-01
9.309504699999999744e-01 9.937227174453142631e-01
9.370788199999999790e-01 9.943860095189468451e-01
9.432112400000000063e-01 9.950459253305391494e-01
9.493436600000000336e-01 9.957170648265188939e-01
9.554760799999999499e-01 9.964123062456218261e-01
9.616044299999999545e-01 9.971412293636540136e-01
9.677368499999999818e-01 9.979115980291046739e-01
9.738692700000000091e-01 9.987261672275966617e-01
9.799976200000000137e-01 9.995839075502717108e-01
9.861300400000000410e-01 1.000481942661012091e+00
9.922624599999999573e-01 1.001412416159103813e+00
9.983948900000000348e-01 1.002365202138465694e+00
1.004523199999999949e+00 1.003327295672149067e+00
1.010655700000000046e+00 1.004286125589945122e+00
1.016788100000000084e+00 1.005226374374810216e+00
1.022920499999999899e+00 1.006133435610771620e+00
1.029048799999999986e+00 1.006992922075876429e+00
1.035181300000000082e+00 1.007793674000922124e+00
1.041313699999999898e+00 1.008524866103937434e+00
1.047446099999999936e+00 1.009178932341900259e+00
1.053574500000000080e+00 1.009750941021227533e+00
1.059706899999999896e+00 1.010240263398564320e+00
1.065839299999999934e+00 1.010648391156905301e+00
1.071967600000000020e+00 1.010980189183488198e+00
1.078100099999999895e+00 1.011244084901939067e+00
1.084232499999999932e+00 1.011450340895831301e+00
1.090364899999999970e+00 1.011611505952719092e+00
1.096493299999999893e+00 1.011741466312319648e+00
1.102625699999999931e+00 1.011855091975641274e+00
1.108758099999999969e+00 1.011967029027852849e+00
1.114890500000000007e+00 1.012091332269726918e+00
1.121018899999999929e+00 1.012240581914638948e+00
1.127151299999999967e+00 1.012425677920326894e+00
1.133283700000000005e+00 1.012654758319444293e+00
1.139416100000000043e+00 1.012933187131039414e+00
1.145544499999999966e+00 1.013263010109306972e+00
1.151676900000000003e+00 1.013643790204421524e+00
1.157809300000000041e+00 1.014071418913067291e+00
1.163937699999999964e+00 1.014538886478101976e+00
1.170070100000000002e+00 1.015037730019242135e+00
1.176202500000000040e+00 1.015556704381631370e+00
1.182334900000000077e+00 1.016083574992278971e+00
1.188463300000000000e+00 1.016605129817443443e+00
1.194595700000000038e+00 1.017109193392282229e+00
1.200728100000000076e+00 1.017583206176717825e+00
1.206860499999999892e+00 1.018016184401767887e+00
1.212988900000000037e+00 1.018398654630093825e+00
1.219121300000000074e+00 1.018724032879729124e+00
1.225253699999999890e+00 1.018987422503585094e+00
1.231382100000000035e+00 1.019186725293636631e+00
1.237514500000000073e+00 1.019322910211401201e+00
1.243646900000000111e+00 1.019399168357448815e+00
1.249779299999999926e+00 1.019421291975953547e+00
1.255907700000000071e+00 1.019397259045309978e+00
1.262040100000000109e+00 1.019336749035466561e+00
1.268172499999999925e+00 1.019250777030142663e+00
1.274305000000000021e+00 1.019151123009700344e+00
1.280433300000000107e+00 1.019049839576786187e+00
1.286565699999999923e+00 1.018958392212826469e+00
1.292698099999999961e+00 1.018887525796140947e+00
1.298830600000000057e+00 1.018846471901627915e+00
1.304958899999999922e+00 1.018842571398100194e+00
1.311091299999999960e+00 1.018880946925482922e+00
1.317223800000000056e+00 1.018964308299342036e+00
1.323352099999999920e+00 1.019092713395343353e+00
1.329484499999999958e+00 1.019264009460746356e+00
1.335616899999999996e+00 1.019473481565107642e+00
1.341749400000000092e+00 1.019714459095984349e+00
1.347877699999999956e+00 1.019978430558859284e+00
1.354010099999999994e+00 1.020256247954937301e+00
1.360142600000000090e+00 1.020537549606190364e+00
1.366274999999999906e+00 1.020811964034559871e+00
1.372403299999999993e+00 1.021069314714570408e+00
1.378535700000000030e+00 1.021300756471377635e+00
1.384668199999999905e+00 1.021498161975178620e+00
1.390800599999999942e+00 1.021655166131239856e+00
1.396928900000000029e+00 1.021767211743608073e+00
1.403061399999999903e+00 1.021831977627364774e+00
1.409193799999999941e+00 1.021849002184058053e+00
1.415322100000000027e+00 1.021820036408149779e+00
1.421454500000000065e+00 1.021748726439263955e+00
1.427586999999999939e+00 1.021640534478303053e+00
1.433719399999999977e+00 1.021502422101482122e+00
1.439847700000000064e+00 1.021342614921139536e+00
1.445980199999999938e+00 1.021169770295495605e+00
1.452112599999999976e+00 1.020993210687670683e+00
1.458245000000000013e+00 1.020822043798111256e+00
1.464373300000000100e+00 1.020664935288784880e+00
1.470505799999999974e+00 1.020529282072625943e+00
1.476638200000000012e+00 1.020421497688578372e+00
1.482766500000000098e+00 1.020346308657573919e+00
1.488898999999999972e+00 1.020306487983143828e+00
1.495031400000000010e+00 1.020303049257136108e+00
1.501163800000000048e+00 1.020335008984838865e+00
1.507292099999999913e+00 1.020399492170466216e+00
1.513424600000000009e+00 1.020492116597359500e+00
1.519557000000000047e+00 1.020606991803350461e+00
1.525689400000000084e+00 1.020737214188795816e+00
1.531817800000000007e+00 1.020875112990004663e+00
1.537950200000000045e+00 1.021013013630894140e+00
1.544082600000000083e+00 1.021143085255329819e+00
1.550214999999999899e+00 1.021258076416804439e+00
1.556343400000000043e+00 1.021351510797176898e+00
1.562475800000000081e+00 1.021418201807136938e+00
1.568608199999999897e+00 1.021454103458151685e+00
1.574736600000000042e+00 1.021456734976075920e+00
1.580869000000000080e+00 1.021425176519380251e+00
1.587001399999999895e+00 1.021360064503214149e+00
1.593133799999999933e+00 1.021263557110693165e+00
1.599262200000000078e+00 1.021139279828104263e+00
1.605394599999999894e+00 1.020991790981909730e+00
1.611526999999999932e+00 1.020826830839555166e+00
1.617659399999999970e+00 1.020650728691423481e+00
1.623787799999999892e+00 1.020470280515116013e+00
1.629920199999999930e+00 1.020291946535899497e+00
1.636052599999999968e+00 1.020122236995913756e+00
1.642180999999999891e+00 1.019967023081002511e+00
1.648313399999999929e+00 1.019830979520812031e+00
1.654445799999999966e+00 1.019717966692828659e+00
1.660578200000000004e+00 1.019630442119089597e+00
1.666706599999999927e+00 1.019569498925909645e+00
1.672838999999999965e+00 1.019534701203372196e+00
1.678971400000000003e+00 1.019524374956752188e+00
1.685103800000000041e+00 1.019535555698851237e+00
1.691232199999999963e+00 1.019564200723714009e+00
1.697364600000000001e+00 1.019605513572303668e+00
1.703497000000000039e+00 1.019654099676368553e+00
1.709629499999999913e+00 1.019704325482876150e+00
1.715757800000000000e+00 1.019750567304898770e+00
1.721890200000000037e+00 1.019787618943646113e+00
1.728022600000000075e+00 1.019810751830207529e+00
1.734150999999999998e+00 1.019816066354063633e+00
1.740283400000000036e+00 1.019800631625287002e+00
1.746415800000000074e+00 1.019762580274845565e+00
1.752548299999999948e+00 1.019701198945857978e+00
1.758676600000000034e+00 1.019616994520225806e+00
1.764809000000000072e+00 1.019511400348900310e+00
1.770941400000000110e+00 1.019387022113081187e+00
1.777073899999999984e+00 1.019247280608636563e+00
1.783202200000000071e+00 1.019096391043022409e+00
1.789334600000000108e+00 1.018938723452008865e+00
1.795467099999999983e+00 1.018779183922598586e+00
1.801599500000000020e+00 1.018622576870597207e+00
1.807727800000000107e+00 1.018473538057554029e+00
1.813860299999999981e+00 1.018335917398223600e+00
1.819992700000000019e+00 1.018213182229406932e+00
1.826121000000000105e+00 1.018107893074108983e+00
1.832253399999999921e+00 1.018021425436381744e+00
1.838385900000000017e+00 1.017954324798904908e+00
1.844518300000000055e+00 1.017906007723144990e+00
1.850646599999999919e+00 1.017874897350919960e+00
1.856779100000000016e+00 1.017858460922710817e+00
1.862911500000000053e+00 1.017853482687130828e+00
1.869043900000000091e+00 1.017856157268828277e+00
1.875172199999999956e+00 1.017862326305324805e+00
1.881304700000000052e+00 1.017867723476026942e+00
1.887437100000000090e+00 1.017868171019781665e+00
1.893569499999999906e+00 1.017859812052726909e+00
1.899697900000000050e+00 1.017839316633196711e+00
1.905830300000000088e+00 1.017803981625418075e+00
1.911962699999999904e+00 1.017751932347026766e+00
1.918090999999999990e+00 1.017682214550267306e+00
1.924223500000000087e+00 1.017594641869890904e+00
1.930355899999999902e+00 1.017490076069542448e+00
1.936488299999999940e+00 1.017370195524700538e+00
1.942616700000000085e+00 1.017237542208480061e+00
1.948749099999999901e+00 1.017095039320218497e+00
1.954881499999999939e+00 1.016946356880503277e+00
1.961013899999999976e+00 1.016795390141644218e+00
1.967142299999999899e+00 1.016646240118974198e+00
1.973274699999999937e+00 1.016502619617945413e+00
1.979407099999999975e+00 1.016368238828192272e+00
1.985535499999999898e+00 1.016246297976974633e+00
1.991667899999999936e+00 1.016139110964050074e+00
1.997800299999999973e+00 1.016048454907646281e+00
2.003932700000000011e+00 1.015975152999128106e+00
2.010061100000000156e+00 1.015919148465846078e+00
2.016193499999999972e+00 1.015879379015151684e+00
2.022325899999999788e+00 1.015854053259197531e+00
2.028458300000000047e+00 1.015840596923504702e+00
2.034586700000000192e+00 1.015835837786837281e+00
2.040719100000000008e+00 1.015836170705404440e+00
2.046851499999999824e+00 1.015837762962738200e+00
2.052983900000000084e+00 1.015836737190445094e+00
2.059112299999999784e+00 1.015829380354085654e+00
2.065244700000000044e+00 1.015812303833246721e+00
2.071377099999999860e+00 1.015782631064654939e+00
2.077505500000000005e+00 1.015738153837107971e+00
2.083637899999999821e+00 1.015677310193180860e+00
2.089770300000000081e+00 1.015599422574697153e+00
2.095902699999999896e+00 1.015504620656120460e+00
2.102031100000000041e+00 1.015393932376759345e+00
2.108163499999999857e+00 1.015268937139808036e+00
2.114295900000000117e+00 1.015132119415609324e+00
2.120428400000000213e+00 1.014986473594053473e+00
2.126556700000000077e+00 1.014835542253489375e+00
2.132689099999999893e+00 1.014682831261426665e+00
2.138821500000000153e+00 1.014532250847899331e+00
2.144949899999999854e+00 1.014387616236473999e+00
2.151082300000000114e+00 1.014252188760985884e+00
2.157214699999999930e+00 1.014129072087162964e+00
2.163347200000000026e+00 1.014020673236634584e+00
2.169475499999999890e+00 1.013928738405498686e+00
2.175607900000000150e+00 1.013854021395306004e+00
2.181740299999999966e+00 1.013796617643197839e+00
2.187872800000000062e+00 1.013755706137814627e+00
2.194001099999999926e+00 1.013729679701683706e+00
2.200133500000000186e+00 1.013716171854730064e+00
2.206265999999999838e+00 1.013712287953835833e+00
2.212398400000000098e+00 1.013714680626433218e+00
2.218526699999999963e+00 1.013719740990448814e+00
2.224659099999999778e+00 1.013723796042660830e+00
2.230791599999999875e+00 1.013723264286366277e+00
2.236919900000000183e+00 1.013714848838950022e+00
2.243052299999999999e+00 1.013695658032125024e+00
2.249184800000000095e+00 1.013663362214293651e+00
2.255317199999999911e+00 1.013616279123798147e+00
2.261445500000000219e+00 1.013553486827319050e+00
2.267577900000000035e+00 1.013474679657183852e+00
2.273710400000000131e+00 1.013380417832862479e+00
2.279842799999999947e+00 1.013271944610503628e+00
2.285971099999999812e+00 1.013151235500760139e+00
2.292103599999999908e+00 1.013020579949126754e+00
2.298236000000000168e+00 1.012882961015772354e+00
2.304368399999999983e+00 1.012741591114273199e+00
2.310496699999999848e+00 1.012599941291395966e+00
2.316629199999999944e+00 1.012461198001651574e+00
2.322761600000000204e+00 1.012328682802803970e+00
2.328889900000000068e+00 1.012205380451267622e+00
2.335022400000000165e+00 1.012093575847392346e+00
2.341154799999999980e+00 1.011995236776873197e+00
2.347287199999999796e+00 1.011911574472520225e+00
2.353415500000000105e+00 1.011843122457575461e+00
2.359548000000000201e+00 1.011789544389094742e+00
2.365680400000000017e+00 1.011749934465071776e+00
2.371812799999999832e+00 1.011722679116074719e+00
2.377941199999999977e+00 1.011705613895379274e+00
2.384073599999999793e+00 1.011696106177267795e+00
2.390206000000000053e+00 1.011691260006790660e+00
2.396338399999999869e+00 1.011688018272946410e+00
2.402466800000000013e+00 1.011683334863143768e+00
2.408599199999999829e+00 1.011674309545855355e+00
2.414731600000000089e+00 1.011658338138484048e+00
2.420859999999999790e+00 1.011633239025309328e+00
2.426992400000000050e+00 1.011597276242693244e+00
2.433124799999999865e+00 1.011549322185587574e+00
2.439257200000000125e+00 1.011488837920083039e+00
2.445385599999999826e+00 1.011415948177673885e+00
2.451518000000000086e+00 1.011331225544296331e+00
2.457650399999999902e+00 1.011235933714615065e+00
2.463782800000000162e+00 1.011131778604844822e+00
2.469911199999999862e+00 1.011020938734586538e+00
2.476043600000000122e+00 1.010905666587843754e+00
2.482175999999999938e+00 1.010788607458167565e+00
2.488304400000000083e+00 1.010672461828158397e+00
2.494436799999999899e+00 1.010559624238132059e+00
2.500569200000000158e+00 1.010452515482691771e+00
2.506701599999999974e+00 1.010353161502987485e+00
2.512830000000000119e+00 1.010263226027739991e+00
2.518962399999999935e+00 1.010183704908299562e+00
2.525094800000000195e+00 1.010115229041007145e+00
2.531227200000000011e+00 1.010057801758436069e+00
2.537355600000000155e+00 1.010010898455754313e+00
2.543487999999999971e+00 1.009973391696069811e+00
2.549620399999999787e+00 1.009943801385817297e+00
2.555752899999999883e+00 1.009920255879991347e+00
2.561881200000000192e+00 1.009900646534489965e+00
2.568013600000000007e+00 1.009882692800219584e+00
2.574145999999999823e+00 1.009864140303765589e+00
2.580274399999999968e+00 1.009842838929564834e+00
2.586406799999999784e+00 1.009816806946631118e+00
2.592539200000000044e+00 1.009784405386487727e+00
2.598671700000000140e+00 1.009744359837863481e+00
2.604800000000000004e+00 1.009695865239058188e+00
2.610932399999999820e+00 1.009638477876605434e+00
2.617064800000000080e+00 1.009572320783869381e+00
2.623197300000000176e+00 1.009497944456207774e+00
2.629325600000000041e+00 1.009416382938426171e+00
2.635457999999999856e+00 1.009328868461366824e+00
2.641590499999999953e+00 1.009237091720686097e+00
2.647722900000000212e+00 1.009142906754215474e+00
2.653851200000000077e+00 1.009048341115885705e+00
2.659983599999999893e+00 1.008955246187739130e+00
2.666116099999999989e+00 1.008865572669460642e+00
2.672244399999999853e+00 1.008781077337481014e+00
2.678376800000000113e+00 1.008703065121041353e+00
2.684509300000000209e+00 1.008632659475173554e+00
2.690641700000000025e+00 1.008570518599628540e+00
2.696769999999999889e+00 1.008516886740733698e+00
2.702902400000000149e+00 1.008471452805237645e+00
2.709034899999999801e+00 1.008433580438997224e+00
2.715167300000000061e+00 1.008402202105166401e+00
2.721295599999999926e+00 1.008375932679031362e+00
2.727428100000000022e+00 1.008353084686505641e+00
2.733560499999999838e+00 1.008331864713523984e+00
2.739688800000000146e+00 1.008310412177006787e+00
2.745821199999999962e+00 1.008286862214736512e+00
2.751953700000000058e+00 1.008259524415477948e+00
2.758086099999999874e+00 1.008226915223507936e+00
2.764214400000000182e+00 1.008187871211597697e+00
2.770346899999999835e+00 1.008141498444152351e+00
2.776479300000000094e+00 1.008087370418025097e+00
2.782611699999999910e+00 1.008025444330869158e+00
2.788740000000000219e+00 1.007956137089079940e+00
2.794872499999999871e+00 1.007880113947972278e+00
2.801004900000000131e+00 1.007798535579945476e+00
2.807137299999999946e+00 1.007712815869171274e+00
2.813265700000000091e+00 1.007624660129112559e+00
2.819398099999999907e+00 1.007535751245517641e+00
2.825530500000000167e+00 1.007448007295312031e+00
2.831658899999999868e+00 1.007363311392881489e+00
2.837791300000000128e+00 1.007283254826600860e+00
2.843923699999999943e+00 1.007209380637814844e+00
2.850056100000000203e+00 1.007142879139519387e+00
2.856184499999999904e+00 1.007084614200216777e+00
2.862316900000000164e+00 1.007034930039079068e+00
2.868449299999999980e+00 1.006993855202939825e+00
2.874581699999999795e+00 1.006960943664488850e+00
2.880710099999999940e+00 1.006935353084100537e+00
2.886842500000000200e+00 1.006915828351605091e+00
2.892974900000000016e+00 1.006900865338971940e+00
2.899103300000000161e+00 1.006888727593336696e+00
2.905235699999999976e+00 1.006877526158147962e+00
2.911368099999999792e+00 1.006865360740686333e+00
2.917500500000000052e+00 1.006850382825618562e+00
2.923628900000000197e+00 1.006830908916130696e+00
2.929761300000000013e+00 1.006805447438975154e+00
2.935893699999999829e+00 1.006772841345293656e+00
2.942026100000000088e+00 1.006732273890382112e+00
2.948154499999999789e+00 1.006683349868751964e+00
2.954286900000000049e+00 1.006625979903105206e+00
2.960419299999999865e+00 1.006560571736131227e+00
2.966551700000000125e+00 1.006487890343883862e+00
2.972680099999999825e+00 1.006409105714649588e+00
2.978812500000000085e+00 1.006325532896311881e+00
2.984944899999999901e+00 1.006238878197804221e+00
2.991073300000000046e+00 1.006151018524477525e+00
2.997205699999999862e+00 1.006063736221440852e+00
3.003338100000000122e+00 1.005978975214875115e+00
3.009470600000000218e+00 1.005898518374186201e+00
3.015598900000000082e+00 1.005824008986826890e+00
3.021731299999999898e+00 1.005756666798417909e+00
3.027863700000000158e+00 1.005697525827008887e+00
3.033996199999999810e+00 1.005647176697454181e+00
3.040124500000000118e+00 1.005605815764636590e+00
3.046256899999999934e+00 1.005573127513721632e+00
3.052389400000000030e+00 1.005548468366998849e+00
3.058521799999999846e+00 1.005530787725915420e+00
3.064650100000000155e+00 1.005518719643936576e+00
3.070782499999999970e+00 1.005510629094789055e+00
3.076915000000000067e+00 1.005504742362720361e+00
3.083043299999999931e+00 1.005499206907868981e+00
3.089175700000000191e+00 1.005492177674902399e+00
3.095308199999999843e+00 1.005481925299864576e+00
3.101440600000000103e+00 1.005466902816879227e+00
3.107568899999999967e+00 1.005445832924401817e+00
3.113701299999999783e+00 1.005417702395873469e+00
3.119833799999999879e+00 1.005381883598535309e+00
3.125966200000000139e+00 1.005338107893353428e+00
3.132094500000000004e+00 1.005286516980942180e+00
3.138227000000000100e+00 1.005227510329799401e+00
3.144359399999999916e+00 1.005161930745584797e+00
3.150487699999999780e+00 1.005090935076241143e+00
3.156620100000000040e+00 1.005015783892590830e+00
3.162752600000000136e+00 1.004938062829920709e+00
3.168884999999999952e+00 1.004859428996700110e+00
3.175013299999999816e+00 1.004781623262547052e+00
3.181145799999999912e+00 1.004706186283250480e+00
3.187278200000000172e+00 1.004634697128897081e+00
3.193410599999999988e+00 1.004568481775492517e+00
3.199538899999999852e+00 1.004508643387782119e+00
3.205671399999999949e+00 1.004455852494120505e+00
3.211803800000000209e+00 1.004410555630289803e+00
3.217936200000000024e+00 1.004372788050855281e+00
3.224064600000000169e+00 1.004342240062816138e+00
3.230196999999999985e+00 1.004318203641996865e+00
3.236329399999999801e+00 1.004299731806035156e+00
3.242457700000000109e+00 1.004285618516868706e+00
3.248590200000000205e+00 1.004274453412029811e+00
3.254722600000000021e+00 1.004264752362927782e+00
3.260854999999999837e+00 1.004254994304743631e+00
3.266983399999999982e+00 1.004243716982444301e+00
3.273115799999999798e+00 1.004229557091768088e+00
3.279248200000000057e+00 1.004211355133580508e+00
3.285380599999999873e+00 1.004188178894776851e+00
3.291509000000000018e+00 1.004159388761480587e+00
3.297641399999999834e+00 1.004124582706911850e+00
3.303773800000000094e+00 1.004083718310483597e+00
3.309906199999999910e+00 1.004037037246338970e+00
3.316034600000000054e+00 1.003985099829274086e+00
3.322166999999999870e+00 1.003928615615638176e+00
3.328299400000000130e+00 1.003868606438341970e+00
3.334427799999999831e+00 1.003806264522689062e+00
3.340560200000000091e+00 1.003742762510593023e+00
3.346692599999999906e+00 1.003679436182374651e+00
3.352825000000000166e+00 1.003617557441915498e+00
3.358953399999999867e+00 1.003558347886959412e+00
3.365085800000000127e+00 1.003502766003518287e+00
3.371218199999999943e+00 1.003451687600421582e+00
3.377350600000000203e+00 1.003405706675386755e+00
3.383478999999999903e+00 1.003365170845437415e+00
3.389611400000000163e+00 1.003330065272172611e+00
3.395743799999999979e+00 1.003300173400265560e+00
3.401876300000000075e+00 1.003274984711703066e+00
3.408004599999999940e+00 1.003253769729921752e+00
3.414137000000000199e+00 1.003235568056143556e+00
3.420269400000000015e+00 1.003219328097918694e+00
3.426397800000000160e+00 1.003203917705537851e+00
3.432530199999999976e+00 1.003188162215875590e+00
3.438662599999999792e+00 1.003170964722992053e+00
3.444795099999999888e+00 1.003151322592746864e+00
3.450923400000000196e+00 1.003128405249084087e+00
3.457055800000000012e+00 1.003101529173449302e+00
3.463188199999999828e+00 1.003070280156062255e+00
3.469320699999999924e+00 1.003034471873509581e+00
3.475448999999999788e+00 1.002994196797266424e+00
3.481581400000000048e+00 1.002949705742297581e+00
3.487713900000000145e+00 1.002901553803909440e+00
3.493842200000000009e+00 1.002850504935123954e+00
3.499974599999999825e+00 1.002797376401985519e+00
3.506107000000000085e+00 1.002743202262064148e+00
3.512239500000000181e+00 1.002689044995465739e+00
3.518367800000000045e+00 1.002636011970757579e+00
3.524500199999999861e+00 1.002585052471316684e+00
3.530632699999999957e+00 1.002537119762269668e+00
3.536765100000000217e+00 1.002492979848971233e+00
3.542893400000000081e+00 1.002453225486802157e+00
3.549025799999999897e+00 1.002418143994742605e+00
3.555158299999999993e+00 1.002387856369279628e+00
3.561290699999999809e+00 1.002362203729495915e+00
3.567419000000000118e+00 1.002340793960581289e+00
3.573551500000000214e+00 1.002322971376039984e+00
3.579683900000000030e+00 1.002307937045063602e+00
3.585812199999999894e+00 1.002294740314849220e+00
3.591944600000000154e+00 1.002282313532074420e+00
3.598077099999999806e+00 1.002269579302881519e+00
3.604209500000000066e+00 1.002255472372711509e+00
3.610337799999999930e+00 1.002239014363059511e+00
3.616470300000000027e+00 1.002219318351813326e+00
3.622602699999999842e+00 1.002195697744774128e+00
3.628735100000000102e+00 1.002167656310531285e+00
3.634863399999999967e+00 1.002134946579132491e+00
3.640995900000000063e+00 1.002097490956868286e+00
3.647128299999999879e+00 1.002055517348715563e+00
3.653260700000000138e+00 1.002009462179775046e+00
3.659389099999999839e+00 1.001960006801491110e+00
3.665521500000000099e+00 1.001907916188646164e+00
3.671653899999999915e+00 1.001854195508904199e+00
3.677782199999999779e+00 1.001799953570242430e+00
3.683914699999999876e+00 1.001746236469810869e+00
3.690047100000000135e+00 1.001694195280181665e+00
3.696179499999999951e+00 1.001644879279723233e+00
3.702307900000000096e+00 1.001599249964440386e+00
3.708440299999999912e+00 1.001558013961090676e+00
3.714572700000000172e+00 1.001521760720602172e+00
3.720705099999999987e+00 1.001490808977186564e+00
3.726833500000000132e+00 1.001465234005859850e+00
3.732965899999999948e+00 1.001444799663440133e+00
3.739098300000000208e+00 1.001429067925967198e+00
3.745226699999999909e+00 1.001417358607742170e+00
3.751359100000000169e+00 1.001408775788430461e+00
3.757491499999999984e+00 1.001402298593924378e+00
3.763623899999999800e+00 1.001396801554674365e+00
3.769752299999999945e+00 1.001391124392433829e+00
3.775884700000000205e+00 1.001384114774395595e+00
3.782017100000000021e+00 1.001374704626694090e+00
3.788149499999999836e+00 1.001361946503574796e+00
3.794277899999999981e+00 1.001345072566396377e+00
3.800410299999999797e+00 1.001323481936901016e+00
3.806542700000000057e+00 1.001296830459132758e+00
3.812675099999999873e+00 1.001265003716863777e+00
3.818803500000000017e+00 1.001228155572932987e+00
3.824935899999999833e+00 1.001186601539604260e+00
3.831068300000000093e+00 1.001140946608062743e+00
3.837196699999999794e+00 1.001091998983939746e+00
3.843329100000000054e+00 1.001040628064414406e+00
3.849461499999999869e+00 1.000987915490082703e+00
3.855593900000000129e+00 1.000934981430237736e+00
3.861722299999999830e+00 1.000882997318855550e+00
3.867854700000000090e+00 1.000832996971848132e+00
3.873987099999999906e+00 1.000786028010733686e+00
3.880119600000000002e+00 1.000742963921858575e+00
3.886247899999999866e+00 1.000704521158132465e+00
3.892380300000000126e+00 1.000671119878733695e+00
3.898512699999999942e+00 1.000643017488405118e+00
3.904641100000000087e+00 1.000620203377080131e+00
3.910773499999999903e+00 1.000602372623031755e+00
3.916905900000000162e+00 1.000589031012445229e+00
3.923038399999999815e+00 1.000579460487771577e+00
3.929166700000000123e+00 1.000572779133672041e+00
3.935299099999999939e+00 1.000567971633195219e+00
3.941431500000000199e+00 1.000563967978158386e+00
3.947563999999999851e+00 1.000559678355060766e+00
3.953692300000000159e+00 1.000554056343270215e+00
3.959824699999999975e+00 1.000546132016060907e+00
3.965957200000000071e+00 1.000535076901826859e+00
3.972089599999999887e+00 1.000520226904838328e+00
3.978217900000000196e+00 1.000501125342076358e+00
3.984350300000000011e+00 1.000477486596841548e+00
3.990482800000000108e+00 1.000449279139900671e+00
3.996611099999999972e+00 1.000416700326785424e+00
4.002743500000000232e+00 1.000380083199202019e+00
4.008875999999999884e+00 1.000340008759045496e+00
4.015008400000000144e+00 1.000297196144019463e+00
4.021136699999999564e+00 1.000252515113906338e+00
4.027269200000000104e+00 1.000206827225840200e+00
4.033401600000000364e+00 1.000161124868965246e+00
4.039533999999999736e+00 1.000116361910720508e+00
4.045662300000000045e+00 1.000073467852777398e+00
4.051794799999999697e+00 1.000033188828491015e+00
4.057927199999999957e+00 9.999962235660194709e-01
4.064059600000000216e+00 9.999630698245238758e-01
4.070187999999999917e+00 9.999340499281886840e-01
