3.577503900000000153e-02 9.842547317224951257e+03
4.190623799999999843e-02 9.673133314130142026e+03
4.803784500000000263e-02 9.481943534746267687e+03
5.416904399999999953e-02 9.271018491616820029e+03
6.030024300000000337e-02 9.042525402313967788e+03
6.643184900000000115e-02 8.798754173658506261e+03
7.256304800000000499e-02 8.542132692068886172e+03
7.869424699999999495e-02 8.275090372732678588e+03
8.482544599999999879e-02 8.000083079579524565e+03
9.095705299999999605e-02 7.719520605583024917e+03
9.708825199999999989e-02 7.435805435567726818e+03
1.032198599999999966e-01 7.151167647216957448e+03
1.093510599999999999e-01 6.867784557215248242e+03
1.154822600000000032e-01 6.587620994734044871e+03
1.216134600000000066e-01 6.312482050445450113e+03
1.277450599999999936e-01 6.043958098353288733e+03
1.338762599999999969e-01 5.783480288692707290e+03
1.400074600000000002e-01 5.532205897194719000e+03
1.461390700000000098e-01 5.291068507828030306e+03
1.522702700000000131e-01 5.060824041890078661e+03
1.584014599999999939e-01 4.841958670794444515e+03
1.645330700000000035e-01 4.634747676834467711e+03
1.706642700000000068e-01 4.439307962983425568e+03
1.767954700000000101e-01 4.255528921266994075e+03
1.829270799999999919e-01 4.083136048736274461e+03
1.890582799999999952e-01 3.921742390232453545e+03
1.951894700000000038e-01 3.770801588906754205e+03
2.013210800000000134e-01 3.629667558838626064e+03
2.074522799999999889e-01 3.497644452125892258e+03
2.135834799999999922e-01 3.373952252060664705e+03
2.197146799999999955e-01 3.257787822076556949e+03
2.258462800000000104e-01 3.148329465777599125e+03
2.319774800000000137e-01 3.044784690941171903e+03
2.381086799999999892e-01 2.946365125184770932e+03
2.442402899999999988e-01 2.852324722963076965e+03
2.503714899999999743e-01 2.761990232160922460e+03
2.565026899999999777e-01 2.674733902476023104e+03
2.626342899999999925e-01 2.590001137759064932e+03
2.687654899999999958e-01 2.507331100609536861e+03
2.748966899999999991e-01 2.426326137649229622e+03
2.810283000000000087e-01 2.346668880458913463e+03
2.871595000000000120e-01 2.268135819809017903e+03
2.932907000000000153e-01 2.190561393512774430e+03
2.994222999999999746e-01 2.113848750937750538e+03
3.055534999999999779e-01 2.037977367462554639e+03
3.116846999999999812e-01 1.962965015421899352e+03
3.178163099999999908e-01 1.888874208108908761e+03
3.239475099999999941e-01 1.815817841522492927e+03
3.300787099999999974e-01 1.743920299999352892e+03
3.362103100000000122e-01 1.673323830183532209e+03
3.423415100000000155e-01 1.604193399018480022e+03
3.484727100000000188e-01 1.536681224993917340e+03
3.546039100000000222e-01 1.470938326137426884e+03
3.607355199999999762e-01 1.407099682732938163e+03
3.668667099999999848e-01 1.345296375226150531e+03
3.729979099999999881e-01 1.285625777562344638e+03
3.791295199999999976e-01 1.228162961219279396e+03
3.852607200000000010e-01 1.172969635848733105e+03
3.913919200000000043e-01 1.120070697482170544e+03
3.975235200000000191e-01 1.069466983636036048e+03
4.036547200000000224e-01 1.021145708031313916e+03
4.097842899999999955e-01 9.750746193873106904e+02
4.159167100000000228e-01 9.311609940835709267e+02
4.220491399999999893e-01 8.893510511429969938e+02
4.281815600000000166e-01 8.495566097898040425e+02
4.343099000000000265e-01 8.117045663764781693e+02
4.404423299999999930e-01 7.756409450206618885e+02
4.465747500000000203e-01 7.412853604348206318e+02
4.527071699999999921e-01 7.085316230841747256e+02
4.588355199999999967e-01 6.772966971398004716e+02
4.649679400000000240e-01 6.474408927016099824e+02
4.711003599999999958e-01 6.188940136290773353e+02
4.772287100000000004e-01 5.915905258131683695e+02
4.833611300000000277e-01 5.654199203374015497e+02
4.894935499999999995e-01 5.403358307136376197e+02
4.956259700000000268e-01 5.162827203882546883e+02
5.017543199999999759e-01 4.932290007824511804e+02
5.078867400000000032e-01 4.711057165180422430e+02
5.140191600000000305e-01 4.498973876889749590e+02
5.201515799999999468e-01 4.295789751741054943e+02
5.262799299999999514e-01 4.101428454364848335e+02
5.324123499999999787e-01 3.915463745667701119e+02
5.385447700000000060e-01 3.737880525003435537e+02
5.446771900000000333e-01 3.568540314419498714e+02
5.508055400000000379e-01 3.407406209568773079e+02
5.569379599999999542e-01 3.254110488423585252e+02
5.630703799999999815e-01 3.108588713601407107e+02
5.691987299999999861e-01 2.970729775418808458e+02
5.753311500000000134e-01 2.840120872089508453e+02
5.814635700000000407e-01 2.716595228655762071e+02
5.875959899999999569e-01 2.599861670467032013e+02
5.937243399999999616e-01 2.489672285600499890e+02
5.998567599999999889e-01 2.385538149603908948e+02
6.059891800000000162e-01 2.287173437079359246e+02
6.121216000000000435e-01 2.194204970661588163e+02
6.182499500000000481e-01 2.106311181129512704e+02
6.243823699999999643e-01 2.022999072620824279e+02
6.305147899999999916e-01 1.943961030730017683e+02
6.366472100000000189e-01 1.868844795961561545e+02
6.427755600000000236e-01 1.797365586971161235e+02
6.489079800000000509e-01 1.729123454389374785e+02
6.550403999999999671e-01 1.663891529063166104e+02
6.611687499999999718e-01 1.601467104263550425e+02
6.673011699999999990e-01 1.541557535093695321e+02
6.734335900000000263e-01 1.484028793628909284e+02
6.795660199999999929e-01 1.428736737405201040e+02
6.856943599999999472e-01 1.375602299138433011e+02
6.918267799999999745e-01 1.324467753042422942e+02
6.979592100000000521e-01 1.275305347833099603e+02
7.040916299999999683e-01 1.228070378540410132e+02
7.102199700000000337e-01 1.182761703407930725e+02
7.163523899999999500e-01 1.139297984999032565e+02
7.224848200000000276e-01 1.097693956431497782e+02
7.286131599999999819e-01 1.057960393440937565e+02
7.347455800000000092e-01 1.020026158398897707e+02
7.408780099999999758e-01 9.838939637296962815e+01
7.470104300000000030e-01 9.495310542287651856e+01
7.531387699999999574e-01 9.169153740768518901e+01
7.592712000000000350e-01 8.859491414069995585e+01
7.654036199999999512e-01 8.565890625405009473e+01
7.715360399999999785e-01 8.287586180928057900e+01
7.776643899999999832e-01 8.023887964888741919e+01
7.837968100000000105e-01 7.773506862391903383e+01
7.899292300000000377e-01 7.535625960308846061e+01
7.960616499999999540e-01 7.309215338763340242e+01
8.021899999999999586e-01 7.093377656722751112e+01
8.083224199999999859e-01 6.886807579929845247e+01
8.144548400000000132e-01 6.688675455072002762e+01
8.205831900000000179e-01 6.498194370581859403e+01
8.267156100000000452e-01 6.314285004782589539e+01
8.328480299999999614e-01 6.136348949741366710e+01
8.389804499999999887e-01 5.963768995890794145e+01
8.451087999999999933e-01 5.796153643723032189e+01
8.512412200000000206e-01 5.632896003016306707e+01
8.573736400000000479e-01 5.473837608165646884e+01
8.635060599999999642e-01 5.318812285785545413e+01
8.696344099999999688e-01 5.167846284887146169e+01
8.757668299999999961e-01 5.020745134587212988e+01
8.818992500000000234e-01 4.877678337989182467e+01
8.880316700000000507e-01 4.738757530650214278e+01
8.941600200000000553e-01 4.604207330422108413e+01
9.002924399999999716e-01 4.473992539150883374e+01
9.064248599999999989e-01 4.348337480545748690e+01
9.125532100000000035e-01 4.227429308573010758e+01
9.186856300000000308e-01 4.111178185048291311e+01
9.248180499999999471e-01 3.999689539122714166e+01
9.309504699999999744e-01 3.892933295679438999e+01
9.370788199999999790e-01 3.790888891371208302e+01
9.432112400000000063e-01 3.693277474559631912e+01
9.493436600000000336e-01 3.599971598106182569e+01
9.554760799999999499e-01 3.510727080821693136e+01
9.616044299999999545e-01 3.425316069551401199e+01
9.677368499999999818e-01 3.343312680297757566e+01
9.738692700000000091e-01 3.264444186388737279e+01
9.799976200000000137e-01 3.188423215052595339e+01
9.861300400000000410e-01 3.114817334929615100e+01
9.922624599999999573e-01 3.043362751287874701e+01
9.983948900000000348e-01 2.973770640311966673e+01
1.004523199999999949e+00 2.905832497175399354e+01
1.010655700000000046e+00 2.839243979879027080e+01
1.016788100000000084e+00 2.773886630789897012e+01
1.022920499999999899e+00 2.709640956092594521e+01
1.029048799999999986e+00 2.646478493901217277e+01
1.035181300000000082e+00 2.584289143699709612e+01
1.041313699999999898e+00 2.523134553595081897e+01
1.047446099999999936e+00 2.463066497855578163e+01
1.053574500000000080e+00 2.404204388662784808e+01
1.059706899999999896e+00 2.346573211351854837e+01
1.065839299999999934e+00 2.290325525997083744e+01
1.071967600000000020e+00 2.235614337776401328e+01
1.078100099999999895e+00 2.182477273721011102e+01
1.084232499999999932e+00 2.131052109371499625e+01
1.090364899999999970e+00 2.081417455651284953e+01
1.096493299999999893e+00 2.033658639382238320e+01
1.102625699999999931e+00 1.987739557246318611e+01
1.108758099999999969e+00 1.943687559229755735e+01
1.114890500000000007e+00 1.901466994525070220e+01
1.121018899999999929e+00 1.861037891372664888e+01
1.127151299999999967e+00 1.822254125637383737e+01
1.133283700000000005e+00 1.785025493822166354e+01
1.139416100000000043e+00 1.749215956838880004e+01
1.145544499999999966e+00 1.714698402528162191e+01
1.151676900000000003e+00 1.681271496868768622e+01
1.157809300000000041e+00 1.648800978407108175e+01
1.163937699999999964e+00 1.617155367266767740e+01
1.170070100000000002e+00 1.586152473562415999e+01
1.176202500000000040e+00 1.555688153215747249e+01
1.182334900000000077e+00 1.525657328342000874e+01
1.188463300000000000e+00 1.495997126926391729e+01
1.194595700000000038e+00 1.466611475957268773e+01
1.200728100000000076e+00 1.437487790168588830e+01
1.206860499999999892e+00 1.408618753791808942e+01
1.212988900000000037e+00 1.380038616487991021e+01
1.219121300000000074e+00 1.351746014616778346e+01
1.225253699999999890e+00 1.323812378777258658e+01
1.231382100000000035e+00 1.296320729522375004e+01
1.237514500000000073e+00 1.269308328630925331e+01
1.243646900000000111e+00 1.242869660726482195e+01
1.249779299999999926e+00 1.217079637415644733e+01
1.255907700000000071e+00 1.192023387554098690e+01
1.262040100000000109e+00 1.167727385782786875e+01
1.268172499999999925e+00 1.144254368233729835e+01
1.274305000000000021e+00 1.121634550495549476e+01
1.280433300000000107e+00 1.099896324404394576e+01
1.286565699999999923e+00 1.079005760754513865e+01
1.292698099999999961e+00 1.058955570114066802e+01
1.298830600000000057e+00 1.039706743242566489e+01
1.304958899999999922e+00 1.021218623627498800e+01
1.311091299999999960e+00 1.003400586777525838e+01
1.317223800000000056e+00 9.861902184690958251e+00
1.323352099999999920e+00 9.695185599369322560e+00
1.329484499999999958e+00 9.532803436824684340e+00
1.335616899999999996e+00 9.374055133107122018e+00
1.341749400000000092e+00 9.218171535794210669e+00
1.347877699999999956e+00 9.064570756903142623e+00
1.354010099999999994e+00 8.912458993323024714e+00
1.360142600000000090e+00 8.761474106254816263e+00
1.366274999999999906e+00 8.611294198104117115e+00
1.372403299999999993e+00 8.461832427992369787e+00
1.378535700000000030e+00 8.312846586528472415e+00
1.384668199999999905e+00 8.164526734141475117e+00
1.390800599999999942e+00 8.017091020366407861e+00
1.396928900000000029e+00 7.870949810733090857e+00
1.403061399999999903e+00 7.726299652284089881e+00
1.409193799999999941e+00 7.583691358933290161e+00
1.415322100000000027e+00 7.443688884820214291e+00
1.421454500000000065e+00 7.306576278706870653e+00
1.427586999999999939e+00 7.172889099364494925e+00
1.433719399999999977e+00 7.043022228805318363e+00
1.439847700000000064e+00 6.917373321314512324e+00
1.445980199999999938e+00 6.795999906856433626e+00
1.452112599999999976e+00 6.679118377079164226e+00
1.458245000000000013e+00 6.566747000342416207e+00
1.464373300000000100e+00 6.458869738499113389e+00
1.470505799999999974e+00 6.355151846699778062e+00
1.476638200000000012e+00 6.255389256973662881e+00
1.482766500000000098e+00 6.159284185295058833e+00
1.488898999999999972e+00 6.066286929087978841e+00
1.495031400000000010e+00 5.976005511391064395e+00
1.501163800000000048e+00 5.887958722525011623e+00
1.507292099999999913e+00 5.801726628226928639e+00
1.513424600000000009e+00 5.716739080393411498e+00
1.519557000000000047e+00 5.632646160854090311e+00
1.525689400000000084e+00 5.549094907213970806e+00
1.531817800000000007e+00 5.465860629734460296e+00
1.537950200000000045e+00 5.382637707130514926e+00
1.544082600000000083e+00 5.299370461387123754e+00
1.550214999999999899e+00 5.216036620632102938e+00
1.556343400000000043e+00 5.132752537467117904e+00
1.562475800000000081e+00 5.049548242095998063e+00
1.568608199999999897e+00 4.966682806316096155e+00
1.574736600000000042e+00 4.884466470973208629e+00
1.580869000000000080e+00 4.803084858884434816e+00
1.587001399999999895e+00 4.722904145864815106e+00
1.593133799999999933e+00 4.644238334335885732e+00
1.599262200000000078e+00 4.567435621609216234e+00
1.605394599999999894e+00 4.492663353735220078e+00
1.611526999999999932e+00 4.420195385730734117e+00
1.617659399999999970e+00 4.350199103612983897e+00
1.623787799999999892e+00 4.282821326233461789e+00
1.629920199999999930e+00 4.218009506168688638e+00
1.636052599999999968e+00 4.155774535598398600e+00
1.642180999999999891e+00 4.096053661901216003e+00
1.648313399999999929e+00 4.038606643859480094e+00
1.654445799999999966e+00 3.983257927076918836e+00
1.660578200000000004e+00 3.929750038453455385e+00
1.666706599999999927e+00 3.877829410912261299e+00
1.672838999999999965e+00 3.827125590963269985e+00
1.678971400000000003e+00 3.777368385872701850e+00
1.685103800000000041e+00 3.728265347565044685e+00
1.691232199999999963e+00 3.679580705188287393e+00
1.697364600000000001e+00 3.631019825187191685e+00
1.703497000000000039e+00 3.582428879584481418e+00
1.709629499999999913e+00 3.533673666574431937e+00
1.715757800000000000e+00 3.484711575341355783e+00
1.721890200000000037e+00 3.435456824856713887e+00
1.728022600000000075e+00 3.385978559937493415e+00
1.734150999999999998e+00 3.336397343472619070e+00
1.740283400000000036e+00 3.286781610937174580e+00
1.746415800000000074e+00 3.237333332228786720e+00
1.752548299999999948e+00 3.188247616014135755e+00
1.758676600000000034e+00 3.139769291608123236e+00
1.764809000000000072e+00 3.092047183310788316e+00
1.770941400000000110e+00 3.045320761584298985e+00
1.777073899999999984e+00 2.999777656232999412e+00
1.783202200000000071e+00 2.955608877590395700e+00
1.789334600000000108e+00 2.912879252346871617e+00
1.795467099999999983e+00 2.871701359141775711e+00
1.801599500000000020e+00 2.832114602990071006e+00
1.807727800000000107e+00 2.794134797469719267e+00
1.813860299999999981e+00 2.757656770701439441e+00
1.819992700000000019e+00 2.722611678334327934e+00
1.826121000000000105e+00 2.688888159874690320e+00
1.832253399999999921e+00 2.656278243805076933e+00
1.838385900000000017e+00 2.624619651092291672e+00
1.844518300000000055e+00 2.593715920329530800e+00
1.850646599999999919e+00 2.563385918552123055e+00
1.856779100000000016e+00 2.533394044494027941e+00
1.862911500000000053e+00 2.503582061449961316e+00
1.869043900000000091e+00 2.473792686401140806e+00
1.875172199999999956e+00 2.443918628120734571e+00
1.881304700000000052e+00 2.413826554635721156e+00
1.887437100000000090e+00 2.383482049763079758e+00
1.893569499999999906e+00 2.352868131641053573e+00
1.899697900000000050e+00 2.322026670625460198e+00
1.905830300000000088e+00 2.290974671609505631e+00
1.911962699999999904e+00 2.259820912947041904e+00
1.918090999999999990e+00 2.228700719273532194e+00
1.924223500000000087e+00 2.197705477022162679e+00
1.930355899999999902e+00 2.167002216755633093e+00
1.936488299999999940e+00 2.136739324378621241e+00
1.942616700000000085e+00 2.107080702888734614e+00
1.948749099999999901e+00 2.078120775055953384e+00
1.954881499999999939e+00 2.049994096947524547e+00
1.961013899999999976e+00 2.022791837864186704e+00
1.967142299999999899e+00 1.996593833551524755e+00
1.973274699999999937e+00 1.971398059374637413e+00
1.979407099999999975e+00 1.947222070086530143e+00
1.985535499999999898e+00 1.924049159345113225e+00
1.991667899999999936e+00 1.901787928776695225e+00
1.997800299999999973e+00 1.880366372976164602e+00
2.003932700000000011e+00 1.859675382979049330e+00
2.010061100000000156e+00 1.839602696366036350e+00
2.016193499999999972e+00 1.819987142506927391e+00
2.022325899999999788e+00 1.800703696238139528e+00
2.028458300000000047e+00 1.781617367613035796e+00
2.034586700000000192e+00 1.762615168112447339e+00
2.040719100000000008e+00 1.743562213311557141e+00
2.046851499999999824e+00 1.724380814088319225e+00
2.052983900000000084e+00 1.705004603226284887e+00
2.059112299999999784e+00 1.685406266388057794e+00
2.065244700000000044e+00 1.665547317152050066e+00
2.071377099999999860e+00 1.645454579820039509e+00
2.077505500000000005e+00 1.625180907700113142e+00
2.083637899999999821e+00 1.604762039542402485e+00
2.089770300000000081e+00 1.584292229581383937e+00
2.095902699999999896e+00 1.563866744122697439e+00
2.102031100000000041e+00 1.543602943369123626e+00
2.108163499999999857e+00 1.523581900141431689e+00
2.114295900000000117e+00 1.503922268466719281e+00
2.120428400000000213e+00 1.484721536420942067e+00
2.126556700000000077e+00 1.466077974606639467e+00
2.132689099999999893e+00 1.448035096060782623e+00
2.138821500000000153e+00 1.430654606244146532e+00
2.144949899999999854e+00 1.413974256330430723e+00
2.151082300000000114e+00 1.397976377218690613e+00
2.157214699999999930e+00 1.382653323873307860e+00
2.163347200000000026e+00 1.367964470849554637e+00
2.169475499999999890e+00 1.353859815254727650e+00
2.175607900000000150e+00 1.340244379476610126e+00
2.181740299999999966e+00 1.327039631150766841e+00
2.187872800000000062e+00 1.314149384001228160e+00
2.194001099999999926e+00 1.301483398467738306e+00
2.200133500000000186e+00 1.288927152259058850e+00
2.206265999999999838e+00 1.276397810882731187e+00
2.212398400000000098e+00 1.263815051882017926e+00
2.218526699999999963e+00 1.251120501541521435e+00
2.224659099999999778e+00 1.238247311299950804e+00
2.230791599999999875e+00 1.225172574816434823e+00
2.236919900000000183e+00 1.211894261142984819e+00
2.243052299999999999e+00 1.198402675404524054e+00
2.249184800000000095e+00 1.184733407595030874e+00
2.255317199999999911e+00 1.170930743523271200e+00
2.261445500000000219e+00 1.157061760478120593e+00
2.267577900000000035e+00 1.143176735839837477e+00
2.273710400000000131e+00 1.129360680369117187e+00
2.279842799999999947e+00 1.115693094925887863e+00
2.285971099999999812e+00 1.102260679959015555e+00
2.292103599999999908e+00 1.089118276559413401e+00
2.298236000000000168e+00 1.076339868475072681e+00
2.304368399999999983e+00 1.063978020127819946e+00
2.310496699999999848e+00 1.052079141668673667e+00
2.316629199999999944e+00 1.040649837438846870e+00
2.322761600000000204e+00 1.029704533400837896e+00
2.328889900000000068e+00 1.019238986175466932e+00
2.335022400000000165e+00 1.009212095207761450e+00
2.341154799999999980e+00 9.995899013583353643e-01
2.347287199999999796e+00 9.903185410083212847e-01
2.353415500000000105e+00 9.813407918358147963e-01
2.359548000000000201e+00 9.725751518051621858e-01
2.365680400000000017e+00 9.639558275884928529e-01
2.371812799999999832e+00 9.554112338447492414e-01
2.377941199999999977e+00 9.468796556228997741e-01
2.384073599999999793e+00 9.382899773950010847e-01
2.390206000000000053e+00 9.295977524159019234e-01
2.396338399999999869e+00 9.207651435859118827e-01
2.402466800000000013e+00 9.117739398568847076e-01
2.408599199999999829e+00 9.026027911475464904e-01
2.414731600000000089e+00 8.932625004800837099e-01
2.420859999999999790e+00 8.837782730444089241e-01
2.426992400000000050e+00 8.741693549344720093e-01
2.433124799999999865e+00 8.644843030312101551e-01
2.439257200000000125e+00 8.547739068908384308e-01
2.445385599999999826e+00 8.451008636159760279e-01
2.451518000000000086e+00 8.355115564080252133e-01
2.457650399999999902e+00 8.260709452362605676e-01
2.463782800000000162e+00 8.168342800824198724e-01
2.469911199999999862e+00 8.078564578002556118e-01
2.476043600000000122e+00 7.991663642037155624e-01
2.482175999999999938e+00 7.908001578617273042e-01
2.488304400000000083e+00 7.827813882748231311e-01
2.494436799999999899e+00 7.751054826664744990e-01
2.500569200000000158e+00 7.677710361251133264e-01
2.506701599999999974e+00 7.607591522441032872e-01
2.512830000000000119e+00 7.540441856736247450e-01
2.518962399999999935e+00 7.475780348134170028e-01
2.525094800000000195e+00 7.413184595867758908e-01
2.531227200000000011e+00 7.352137703439967087e-01
2.537355600000000155e+00 7.292137836423402408e-01
2.543487999999999971e+00 7.232568841256825642e-01
2.549620399999999787e+00 7.172960609968329626e-01
2.555752899999999883e+00 7.112855244096977225e-01
2.561881200000000192e+00 7.051912550125818413e-01
2.568013600000000007e+00 6.989757457128819018e-01
2.574145999999999823e+00 6.926240452367712352e-01
2.580274399999999968e+00 6.861324121745603355e-01
2.586406799999999784e+00 6.794954486255618820e-01
2.592539200000000044e+00 6.727311133027484846e-01
2.598671700000000140e+00 6.658628253676148745e-01
2.604800000000000004e+00 6.589273645155604431e-01
2.610932399999999820e+00 6.519538018719940320e-01
2.617064800000000080e+00 6.449897539052358297e-01
2.623197300000000176e+00 6.380803637060901146e-01
2.629325600000000041e+00 6.312755550235220614e-01
2.635457999999999856e+00 6.246089301889478085e-01
2.641590499999999953e+00 6.181233582096868906e-01
2.647722900000000212e+00 6.118511095800784894e-01
2.653851200000000077e+00 6.058202503088045976e-01
2.659983599999999893e+00 6.000379926807032360e-01
2.666116099999999989e+00 5.945140881025969826e-01
2.672244399999999853e+00 5.892481576537309529e-01
2.678376800000000113e+00 5.842196829224447496e-01
2.684509300000000209e+00 5.794102076334504137e-01
2.690641700000000025e+00 5.747904996014919776e-01
2.696769999999999889e+00 5.703281748057834610e-01
2.702902400000000149e+00 5.659779875645909453e-01
2.709034899999999801e+00 5.617015272304788365e-01
2.715167300000000061e+00 5.574575216969995806e-01
2.721295599999999926e+00 5.532093129554985778e-01
2.727428100000000022e+00 5.489155688174048864e-01
2.733560499999999838e+00 5.445491616499641419e-01
2.739688800000000146e+00 5.400897857079351994e-01
2.745821199999999962e+00 5.355160613012188708e-01
2.751953700000000058e+00 5.308238584511278946e-01
2.758086099999999874e+00 5.260149111535366018e-01
2.764214400000000182e+00 5.211023602919663267e-01
2.770346899999999835e+00 5.160970808971683255e-01
2.776479300000000094e+00 5.110266360321868984e-01
2.782611699999999910e+00 5.059203570130726968e-01
2.788740000000000219e+00 5.008147503304816173e-01
2.794872499999999871e+00 4.957379315796776598e-01
2.801004900000000131e+00 4.907286880011980101e-01
2.807137299999999946e+00 4.858205183515273418e-01
2.813265700000000091e+00 4.810467882424004360e-01
2.819398099999999907e+00 4.764267981201191215e-01
2.825530500000000167e+00 4.719832937440928688e-01
2.831658899999999868e+00 4.677317135188185926e-01
2.837791300000000128e+00 4.636718375035104867e-01
2.843923699999999943e+00 4.598042791843587329e-01
2.850056100000000203e+00 4.561194680664354406e-01
2.856184499999999904e+00 4.526033059478310472e-01
2.862316900000000164e+00 4.492289988763871200e-01
2.868449299999999980e+00 4.459719789229295572e-01
2.874581699999999795e+00 4.428020169652351901e-01
2.880710099999999940e+00 4.396891181314924735e-01
2.886842500000000200e+00 4.365970238235099554e-01
2.892974900000000016e+00 4.334969433506451475e-01
2.899103300000000161e+00 4.303629571436047296e-01
2.905235699999999976e+00 4.271671707930513318e-01
2.911368099999999792e+00 4.238930496584147334e-01
2.917500500000000052e+00 4.205280877322857269e-01
2.923628900000000197e+00 4.170686228710761556e-01
2.929761300000000013e+00 4.135109010058437007e-01
2.935893699999999829e+00 4.098644525951773421e-01
2.942026100000000088e+00 4.061426333158595359e-01
2.948154499999999789e+00 4.023665448122257238e-01
2.954286900000000049e+00 3.985541039583218037e-01
2.960419299999999865e+00 3.947336303256602230e-01
2.966551700000000125e+00 3.909326568440238958e-01
2.972680099999999825e+00 3.871813935558294228e-01
2.978812500000000085e+00 3.835015619242617135e-01
2.984944899999999901e+00 3.799197915567701922e-01
2.991073300000000046e+00 3.764588145568394939e-01
2.997205699999999862e+00 3.731299975820879800e-01
3.003338100000000122e+00 3.699461797227805993e-01
3.009470600000000218e+00 3.669120419302274172e-01
3.015598900000000082e+00 3.640283232580620032e-01
3.021731299999999898e+00 3.612840480084469341e-01
3.027863700000000158e+00 3.586687196112783860e-01
3.033996199999999810e+00 3.561651024160377710e-01
3.040124500000000118e+00 3.537538584374939066e-01
3.046256899999999934e+00 3.514079976030808350e-01
3.052389400000000030e+00 3.491038610868804071e-01
3.058521799999999846e+00 3.468159911876171342e-01
3.064650100000000155e+00 3.445213422930598623e-01
3.070782499999999970e+00 3.421944697738865671e-01
3.076915000000000067e+00 3.398176989572768147e-01
3.083043299999999931e+00 3.373777032242665785e-01
3.089175700000000191e+00 3.348608927749271436e-01
3.095308199999999843e+00 3.322637287418556129e-01
3.101440600000000103e+00 3.295865358350263397e-01
3.107568899999999967e+00 3.268366097354077904e-01
3.113701299999999783e+00 3.240206054898293053e-01
3.119833799999999879e+00 3.211548958112561136e-01
3.125966200000000139e+00 3.182576400236664660e-01
3.132094500000000004e+00 3.153512999703032560e-01
3.138227000000000100e+00 3.124539208340479934e-01
3.144359399999999916e+00 3.095898381617813166e-01
3.150487699999999780e+00 3.067823402460272408e-01
3.156620100000000040e+00 3.040472590967232547e-01
3.162752600000000136e+00 3.014032161978094093e-01
3.168884999999999952e+00 2.988634281259434644e-01
3.175013299999999816e+00 2.964383228666546133e-01
3.181145799999999912e+00 2.941288771572490579e-01
3.187278200000000172e+00 2.919363078590181404e-01
3.193410599999999988e+00 2.898553616420668222e-01
3.199538899999999852e+00 2.878777380486409743e-01
3.205671399999999949e+00 2.859873291790168137e-01
3.211803800000000209e+00 2.841689781787756219e-01
3.217936200000000024e+00 2.824037994963022324e-01
3.224064600000000169e+00 2.806727392559534295e-01
3.230196999999999985e+00 2.789530554465267098e-01
3.236329399999999801e+00 2.772260845771445381e-01
3.242457700000000109e+00 2.754748587748275801e-01
3.248590200000000205e+00 2.736813740919505356e-01
3.254722600000000021e+00 2.718344472421879154e-01
3.260854999999999837e+00 2.699254388032147345e-01
3.266983399999999982e+00 2.679511994829011923e-01
3.273115799999999798e+00 2.659089893794581161e-01
3.279248200000000057e+00 2.638041422558282667e-01
3.285380599999999873e+00 2.616446812114691101e-01
3.291509000000000018e+00 2.594435660254903464e-01
3.297641399999999834e+00 2.572122831184577851e-01
3.303773800000000094e+00 2.549687154714973536e-01
3.309906199999999910e+00 2.527305577055327657e-01
3.316034600000000054e+00 2.505172682918414551e-01
3.322166999999999870e+00 2.483433972308534410e-01
3.328299400000000130e+00 2.462264055719994849e-01
3.334427799999999831e+00 2.441813858847958207e-01
3.340560200000000091e+00 2.422165640884624549e-01
3.346692599999999906e+00 2.403408120892297772e-01
3.352825000000000166e+00 2.385579213865741122e-01
3.358953399999999867e+00 2.368688928494732115e-01
3.365085800000000127e+00 2.352676409505641275e-01
3.371218199999999943e+00 2.337478439851781720e-01
3.377350600000000203e+00 2.322988883188858433e-01
3.383478999999999903e+00 2.309084566335402600e-01
3.389611400000000163e+00 2.295596220326461823e-01
3.395743799999999979e+00 2.282370473552334245e-01
3.401876300000000075e+00 2.269241217033026725e-01
3.408004599999999940e+00 2.256056777924688173e-01
3.414137000000000199e+00 2.242651156253097355e-01
3.420269400000000015e+00 2.228904743435413116e-01
3.426397800000000160e+00 2.214724415737705510e-01
3.432530199999999976e+00 2.200019640780002117e-01
3.438662599999999792e+00 2.184761004706442800e-01
3.444795099999999888e+00 2.168944646753896976e-01
3.450923400000000196e+00 2.152613103602751821e-01
3.457055800000000012e+00 2.135807590473585704e-01
3.463188199999999828e+00 2.118630976857411863e-01
3.469320699999999924e+00 2.101198816245468948e-01
3.475448999999999788e+00 2.083656841173165963e-01
3.481581400000000048e+00 2.066125278429407353e-01
3.487713900000000145e+00 2.048762906519574767e-01
3.493842200000000009e+00 2.031724775040049669e-01
3.499974599999999825e+00 2.015119706750418960e-01
3.506107000000000085e+00 1.999073509806180149e-01
3.512239500000000181e+00 1.983677045370368097e-01
3.518367800000000045e+00 1.969004046553613219e-01
3.524500199999999861e+00 1.955067988892182362e-01
3.530632699999999957e+00 1.941880529882359374e-01
3.536765100000000217e+00 1.929412598521193234e-01
3.542893400000000081e+00 1.917612688461961534e-01
3.549025799999999897e+00 1.906379880920870962e-01
3.555158299999999993e+00 1.895615252024496766e-01
3.561290699999999809e+00 1.885196138144633049e-01
3.567419000000000118e+00 1.874996237414339739e-01
3.573551500000000214e+00 1.864865679448645674e-01
3.579683900000000030e+00 1.854679046440637080e-01
3.585812199999999894e+00 1.844320539931585956e-01
3.591944600000000154e+00 1.833669573882365234e-01
3.598077099999999806e+00 1.822646922462763663e-01
3.604209500000000066e+00 1.811191858407400490e-01
3.610337799999999930e+00 1.799278703157369819e-01
3.616470300000000027e+00 1.786886372785251031e-01
3.622602699999999842e+00 1.774046641492733334e-01
3.628735100000000102e+00 1.760809774087824797e-01
3.634863399999999967e+00 1.747259379034874494e-01
3.640995900000000063e+00 1.733471425365643581e-01
3.647128299999999879e+00 1.719564641803939531e-01
3.653260700000000138e+00 1.705657385341495524e-01
3.659389099999999839e+00 1.691880381647105080e-01
3.665521500000000099e+00 1.678334473083874789e-01
3.671653899999999915e+00 1.665138788772936029e-01
3.677782199999999779e+00 1.652397573677258924e-01
3.683914699999999876e+00 1.640170629937724722e-01
3.690047100000000135e+00 1.628521712626134210e-01
3.696179499999999951e+00 1.617480409815985065e-01
3.702307900000000096e+00 1.607057048696811652e-01
3.708440299999999912e+00 1.597215807582024749e-01
3.714572700000000172e+00 1.587916915466552337e-01
3.720705099999999987e+00 1.579091646610260580e-01
3.726833500000000132e+00 1.570658377211260337e-01
3.732965899999999948e+00 1.562505350361827472e-01
3.739098300000000208e+00 1.554528740264966014e-01
3.745226699999999909e+00 1.546621119291552160e-01
3.751359100000000169e+00 1.538662068933311644e-01
3.757491499999999984e+00 1.530554428654514187e-01
3.763623899999999800e+00 1.522208628288098387e-01
3.769752299999999945e+00 1.513557855082594272e-01
3.775884700000000205e+00 1.504538600995903863e-01
3.782017100000000021e+00 1.495126776700412274e-01
3.788149499999999836e+00 1.485316515174232577e-01
3.794277899999999981e+00 1.475132418184796901e-01
3.800410299999999797e+00 1.464601476009652903e-01
3.806542700000000057e+00 1.453790663011738649e-01
3.812675099999999873e+00 1.442777279667087076e-01
3.818803500000000017e+00 1.431658662020822703e-01
3.824935899999999833e+00 1.420518397544127953e-01
3.831068300000000093e+00 1.409464955726398294e-01
3.837196699999999794e+00 1.398604569462729708e-01
3.843329100000000054e+00 1.388015293705876507e-01
3.849461499999999869e+00 1.377785103691139268e-01
3.855593900000000129e+00 1.367979446630752383e-01
3.861722299999999830e+00 1.358651242892217892e-01
3.867854700000000090e+00 1.349814714790757431e-01
3.873987099999999906e+00 1.341480861214304210e-01
3.880119600000000002e+00 1.333632648549532285e-01
3.886247899999999866e+00 1.326237650902080678e-01
3.892380300000000126e+00 1.319229895756074133e-01
3.898512699999999942e+00 1.312542990796445319e-01
3.904641100000000087e+00 1.306097799946253635e-01
3.910773499999999903e+00 1.299795127425933394e-01
3.916905900000000162e+00 1.293545441162062271e-01
3.923038399999999815e+00 1.287256518744308575e-01
3.929166700000000123e+00 1.280847003699330799e-01
3.935299099999999939e+00 1.274232718119081009e-01
3.941431500000000199e+00 1.267356315322499816e-01
3.947563999999999851e+00 1.260172909958713894e-01
3.953692300000000159e+00 1.252661914938177912e-01
3.959824699999999975e+00 1.244807037948747752e-01
3.965957200000000071e+00 1.236626785915823645e-01
3.972089599999999887e+00 1.228154073143772756e-01
3.978217900000000196e+00 1.219444347589770244e-01
3.984350300000000011e+00 1.210549935012463080e-01
3.990482800000000108e+00 1.201551409927469755e-01
3.996611099999999972e+00 1.192537132587341009e-01
4.002743500000000232e+00 1.183579786382891047e-01
4.008875999999999884e+00 1.174768817313334157e-01
4.015008400000000144e+00 1.166182529648833455e-01
4.021136699999999564e+00 1.157894857120922855e-01
4.027269200000000104e+00 1.149950513266884411e-01
4.033401600000000364e+00 1.142396034728617449e-01
4.039533999999999736e+00 1.135254722015868190e-01
4.045662300000000045e+00 1.128536190270329198e-01
4.051794799999999697e+00 1.122218379783760794e-01
4.057927199999999957e+00 1.116275756271161157e-01
4.064059600000000216e+00 1.110662128941482807e-01
4.070187999999999917e+00 1.105321567827027007e-01
