3.577503900000000153e-02 5.223399955211282941e+04
4.190623799999999843e-02 5.139481581843813910e+04
4.803784500000000263e-02 5.044275022928625549e+04
5.416904399999999953e-02 4.938595808214524732e+04
6.030024300000000337e-02 4.823311580549828795e+04
6.643184900000000115e-02 4.699345289170104661e+04
7.256304800000000499e-02 4.567689224141847808e+04
7.869424699999999495e-02 4.429341786137475719e+04
8.482544599999999879e-02 4.285326153038001212e+04
9.095705299999999605e-02 4.136658842041295429e+04
9.708825199999999989e-02 3.984376671979809907e+04
1.032198599999999966e-01 3.829454747544181009e+04
1.093510599999999999e-01 3.672876106480100862e+04
1.154822600000000032e-01 3.515549906486763939e+04
1.216134600000000066e-01 3.358343831351739209e+04
1.277450599999999936e-01 3.202056346601066616e+04
1.338762599999999969e-01 3.047451519413418646e+04
1.400074600000000002e-01 2.895193351539441210e+04
1.461390700000000098e-01 2.745873865637660492e+04
1.522702700000000131e-01 2.600041108964773593e+04
1.584014599999999939e-01 2.458139279825808262e+04
1.645330700000000035e-01 2.320540059617413135e+04
1.706642700000000068e-01 2.187572687724649950e+04
1.767954700000000101e-01 2.059471047472166174e+04
1.829270799999999919e-01 1.936407055693778602e+04
1.890582799999999952e-01 1.818518657032260307e+04
1.951894700000000038e-01 1.705865888630804693e+04
2.013210800000000134e-01 1.598462019710215827e+04
2.074522799999999889e-01 1.496300411121168509e+04
2.135834799999999922e-01 1.399316490827990492e+04
2.197146799999999955e-01 1.307422713959660359e+04
2.258462800000000104e-01 1.220501153138660447e+04
2.319774800000000137e-01 1.138430974049147881e+04
2.381086799999999892e-01 1.061059126463195935e+04
2.442402899999999988e-01 9.882228365497128834e+03
2.503714899999999743e-01 9.197666439963344601e+03
2.565026899999999777e-01 8.555163437644627265e+03
2.626342899999999925e-01 7.952975558869673478e+03
2.687654899999999958e-01 7.389482171828213723e+03
2.748966899999999991e-01 6.862965852258117593e+03
2.810283000000000087e-01 6.371751260602174625e+03
2.871595000000000120e-01 5.914300376875325128e+03
2.932907000000000153e-01 5.489018858091148104e+03
2.994222999999999746e-01 5.094365239647430826e+03
3.055534999999999779e-01 4.728915990047416017e+03
3.116846999999999812e-01 4.391207653424664386e+03
3.178163099999999908e-01 4.079817205299976195e+03
3.239475099999999941e-01 3.793411846574143510e+03
3.300787099999999974e-01 3.530619277952565881e+03
3.362103100000000122e-01 3.290093195061385813e+03
3.423415100000000155e-01 3.070549273812208412e+03
3.484727100000000188e-01 2.870668615294432129e+03
3.546039100000000222e-01 2.689160581533992172e+03
3.607355199999999762e-01 2.524736004322863209e+03
3.668667099999999848e-01 2.376151652121310235e+03
3.729979099999999881e-01 2.242146150066356313e+03
3.791295199999999976e-01 2.121482669441096732e+03
3.852607200000000010e-01 2.012972603474025846e+03
3.913919200000000043e-01 1.915433156423886885e+03
3.975235200000000191e-01 1.827721142369988002e+03
4.036547200000000224e-01 1.748753147849097331e+03
4.097842899999999955e-01 1.677495765886770641e+03
4.159167100000000228e-01 1.612909285186670786e+03
4.220491399999999893e-01 1.554099461844829648e+03
4.281815600000000166e-01 1.500203958528257317e+03
4.343099000000000265e-01 1.450462731642311155e+03
4.404423299999999930e-01 1.404091890658755119e+03
4.465747500000000203e-01 1.360483988105558865e+03
4.527071699999999921e-01 1.319073909049137910e+03
4.588355199999999967e-01 1.279399233068700596e+03
4.649679400000000240e-01 1.240994517128683583e+03
4.711003599999999958e-01 1.203546476863871703e+03
4.772287100000000004e-01 1.166808497387692569e+03
4.833611300000000277e-01 1.130525907450276009e+03
4.894935499999999995e-01 1.094576937013616089e+03
4.956259700000000268e-01 1.058868988855434054e+03
5.017543199999999759e-01 1.023380406113580648e+03
5.078867400000000032e-01 9.880596641035306220e+02
5.140191600000000305e-01 9.529599940370198965e+02
5.201515799999999468e-01 9.181382275261416908e+02
5.262799299999999514e-01 8.836945643920993234e+02
5.324123499999999787e-01 8.496750002282673222e+02
5.385447700000000060e-01 8.162028045718061549e+02
5.446771900000000333e-01 7.833813833430734803e+02
5.508055400000000379e-01 7.513335681069897873e+02
5.569379599999999542e-01 7.201129179429284477e+02
5.630703799999999815e-01 6.898281715986917106e+02
5.691987299999999861e-01 6.605739881760215439e+02
5.753311500000000134e-01 6.323735409776427332e+02
5.814635700000000407e-01 6.052939364658423074e+02
5.875959899999999569e-01 5.793672123452586220e+02
5.937243399999999616e-01 5.546261845474826941e+02
5.998567599999999889e-01 5.310400657382798499e+02
6.059891800000000162e-01 5.086140645121727744e+02
6.121216000000000435e-01 4.873242527653612797e+02
6.182499500000000481e-01 4.671490833691327680e+02
6.243823699999999643e-01 4.480183794379777851e+02
6.305147899999999916e-01 4.298956338042311245e+02
6.366472100000000189e-01 4.127256870671177467e+02
6.427755600000000236e-01 3.964609306696598310e+02
6.489079800000000509e-01 3.810205099105414206e+02
6.550403999999999671e-01 3.663567157029037844e+02
6.611687499999999718e-01 3.524216842551361424e+02
6.673011699999999990e-01 3.391431354262667242e+02
6.734335900000000263e-01 3.264807650381201256e+02
6.795660199999999929e-01 3.143894195525182909e+02
6.856943599999999472e-01 3.028365630954120320e+02
6.918267799999999745e-01 2.917718732372708246e+02
6.979592100000000521e-01 2.811733111612276730e+02
7.040916299999999683e-01 2.710157729677466705e+02
7.102199700000000337e-01 2.612847201266245634e+02
7.163523899999999500e-01 2.519500169801792140e+02
7.224848200000000276e-01 2.430040709742323486e+02
7.286131599999999819e-01 2.344405648981259276e+02
7.347455800000000092e-01 2.262377042969679621e+02
7.408780099999999758e-01 2.183917671529314930e+02
7.470104300000000030e-01 2.108934637368823815e+02
7.531387699999999574e-01 2.037378016375424181e+02
7.592712000000000350e-01 1.969048708989219563e+02
7.654036199999999512e-01 1.903881456212689898e+02
7.715360399999999785e-01 1.841749703114053034e+02
7.776643899999999832e-01 1.782552726981835463e+02
7.837968100000000105e-01 1.726060947664585399e+02
7.899292300000000377e-01 1.672153464776263831e+02
7.960616499999999540e-01 1.620661677886522511e+02
8.021899999999999586e-01 1.571444884475655499e+02
8.083224199999999859e-01 1.524264833748788419e+02
8.144548400000000132e-01 1.478985648363789949e+02
8.205831900000000179e-01 1.435474002819562998e+02
8.267156100000000452e-01 1.393521751516155120e+02
8.328480299999999614e-01 1.353022318338960304e+02
8.389804499999999887e-01 1.313856584197690154e+02
8.451087999999999933e-01 1.275948865962754439e+02
8.512412200000000206e-01 1.239167920507570955e+02
8.573736400000000479e-01 1.203477927297539622e+02
8.635060599999999642e-01 1.168836191140471357e+02
8.696344099999999688e-01 1.135239051315089256e+02
8.757668299999999961e-01 1.102630972545941717e+02
8.818992500000000234e-01 1.071035526872441608e+02
8.880316700000000507e-01 1.040462201540665319e+02
8.941600200000000553e-01 1.010944812693689130e+02
9.002924399999999716e-01 9.824602539114569311e+01
9.064248599999999989e-01 9.550427542191513908e+01
9.125532100000000035e-01 9.287188201108207863e+01
9.186856300000000308e-01 9.034553590805484191e+01
9.248180499999999471e-01 8.792625339063867784e+01
9.309504699999999744e-01 8.561217243825561241e+01
9.370788199999999790e-01 8.340170300432538397e+01
9.432112400000000063e-01 8.128772606331673956e+01
9.493436600000000336e-01 7.926646844421959770e+01
9.554760799999999499e-01 7.733169883849211601e+01
9.616044299999999545e-01 7.547762249142228086e+01
9.677368499999999818e-01 7.369423796769183355e+01
9.738692700000000091e-01 7.197497451828398596e+01
9.799976200000000137e-01 7.031307760722070554e+01
9.861300400000000410e-01 6.869876005373856742e+01
9.922624599999999573e-01 6.712607343644191360e+01
9.983948900000000348e-01 6.558868916654085979e+01
1.004523199999999949e+00 6.408222286349307240e+01
1.010655700000000046e+00 6.260032348386794609e+01
1.016788100000000084e+00 6.114091428134564410e+01
1.022920499999999899e+00 5.970203794615939330e+01
1.029048799999999986e+00 5.828388947918151075e+01
1.035181300000000082e+00 5.688491178565840301e+01
1.041313699999999898e+00 5.550745606774210472e+01
1.047446099999999936e+00 5.415367197136672672e+01
1.053574500000000080e+00 5.282721439295985988e+01
1.059706899999999896e+00 5.152955634241352811e+01
1.065839299999999934e+00 5.026495908034662818e+01
1.071967600000000020e+00 4.903757142638762900e+01
1.078100099999999895e+00 4.784881110699063100e+01
1.084232499999999932e+00 4.670218021764482330e+01
1.090364899999999970e+00 4.559967657968056898e+01
1.096493299999999893e+00 4.454325690752469313e+01
1.102625699999999931e+00 4.353200758490089584e+01
1.108758099999999969e+00 4.256624518073886065e+01
1.114890500000000007e+00 4.164473518450680700e+01
1.121018899999999929e+00 4.076600606691417283e+01
1.127151299999999967e+00 3.992617048368143173e+01
1.133283700000000005e+00 3.912248320072218633e+01
1.139416100000000043e+00 3.835116549882172166e+01
1.145544499999999966e+00 3.760862972846064878e+01
1.151676900000000003e+00 3.688972903260418690e+01
1.157809300000000041e+00 3.619083011038100040e+01
1.163937699999999964e+00 3.550846063081890236e+01
1.170070100000000002e+00 3.483817614934133644e+01
1.176202500000000040e+00 3.417735077919302000e+01
1.182334900000000077e+00 3.352348262038073301e+01
1.188463300000000000e+00 3.287512962483623369e+01
1.194595700000000038e+00 3.223025140661324883e+01
1.200728100000000076e+00 3.158874601608962607e+01
1.206860499999999892e+00 3.095072301085172839e+01
1.212988900000000037e+00 3.031727991232924069e+01
1.219121300000000074e+00 2.968876697997857406e+01
1.225253699999999890e+00 2.906716667112564778e+01
1.231382100000000035e+00 2.845471770443654336e+01
1.237514500000000073e+00 2.785261466173104594e+01
1.243646900000000111e+00 2.726328626116968223e+01
1.249779299999999926e+00 2.668867246468867194e+01
1.255907700000000071e+00 2.613087972621417521e+01
1.262040100000000109e+00 2.559064484427167585e+01
1.268172499999999925e+00 2.506944915365166793e+01
1.274305000000000021e+00 2.456799187262452477e+01
1.280433300000000107e+00 2.408687955479414100e+01
1.286565699999999923e+00 2.362529810711088984e+01
1.292698099999999961e+00 2.318299366672984618e+01
1.298830600000000057e+00 2.275899302109667133e+01
1.304958899999999922e+00 2.235227968982830404e+01
1.311091299999999960e+00 2.196074251267691224e+01
1.317223800000000056e+00 2.158290476692317128e+01
1.323352099999999920e+00 2.121716545636133233e+01
1.329484499999999958e+00 2.086115184159395142e+01
1.335616899999999996e+00 2.051328991094533194e+01
1.341749400000000092e+00 2.017188009335303178e+01
1.347877699999999956e+00 1.983565432082583868e+01
1.354010099999999994e+00 1.950289676050536514e+01
1.360142600000000090e+00 1.917284563441648970e+01
1.366274999999999906e+00 1.884482849596688681e+01
1.372403299999999993e+00 1.851868022085315602e+01
1.378535700000000030e+00 1.819388416028288091e+01
1.384668199999999905e+00 1.787084855944560502e+01
1.390800599999999942e+00 1.755002011586681476e+01
1.396928900000000029e+00 1.723223936802226675e+01
1.403061399999999903e+00 1.691785797402240732e+01
1.409193799999999941e+00 1.660797613391883232e+01
1.415322100000000027e+00 1.630370501250160586e+01
1.421454500000000065e+00 1.600553614033434613e+01
1.427586999999999939e+00 1.571450369187851948e+01
1.433719399999999977e+00 1.543134060636339555e+01
1.439847700000000064e+00 1.515679998658427330e+01
1.445980199999999938e+00 1.489091370601879127e+01
1.452112599999999976e+00 1.463408994341981284e+01
1.458245000000000013e+00 1.438633929929271638e+01
1.464373300000000100e+00 1.414763851292983077e+01
1.470505799999999974e+00 1.391730185753181459e+01
1.476638200000000012e+00 1.369497433840860445e+01
1.482766500000000098e+00 1.348013349313528941e+01
1.488898999999999972e+00 1.327172661389647956e+01
1.495031400000000010e+00 1.306907819473462595e+01
1.501163800000000048e+00 1.287132805196489294e+01
1.507292099999999913e+00 1.267775701338202055e+01
1.513424600000000009e+00 1.248730072803382640e+01
1.519557000000000047e+00 1.229937029316350205e+01
1.525689400000000084e+00 1.211334074270745553e+01
1.531817800000000007e+00 1.192883557743658329e+01
1.537950200000000045e+00 1.174525740318479805e+01
1.544082600000000083e+00 1.156251765019079869e+01
1.550214999999999899e+00 1.138055466523844927e+01
1.556343400000000043e+00 1.119956586374530261e+01
1.562475800000000081e+00 1.101952287098657024e+01
1.568608199999999897e+00 1.084086220515768950e+01
1.574736600000000042e+00 1.066410399936656539e+01
1.580869000000000080e+00 1.048948400489680033e+01
1.587001399999999895e+00 1.031761828337202580e+01
1.593133799999999933e+00 1.014901162113105926e+01
1.599262200000000078e+00 9.984251865585488162e+00
1.605394599999999894e+00 9.823556287674897192e+00
1.611526999999999932e+00 9.667394455332985359e+00
1.617659399999999970e+00 9.516036565956557780e+00
1.623787799999999892e+00 9.369742208982870579e+00
1.629920199999999930e+00 9.228373155781460113e+00
1.636052599999999968e+00 9.091963381226145557e+00
1.642180999999999891e+00 8.960420800131670305e+00
1.648313399999999929e+00 8.833292168048480164e+00
1.654445799999999966e+00 8.710290838876343145e+00
1.660578200000000004e+00 8.590967454746188281e+00
1.666706599999999927e+00 8.474892556159330681e+00
1.672838999999999965e+00 8.361378340581218538e+00
1.678971400000000003e+00 8.249956566740760167e+00
1.685103800000000041e+00 8.140097768207878559e+00
1.691232199999999963e+00 8.031381578139830779e+00
1.697364600000000001e+00 7.923234372685100446e+00
1.703497000000000039e+00 7.815372299038889636e+00
1.709629499999999913e+00 7.707529193585788363e+00
1.715757800000000000e+00 7.599616537179072040e+00
1.721890200000000037e+00 7.491428537684417854e+00
1.728022600000000075e+00 7.383081826459703123e+00
1.734150999999999998e+00 7.274790361981858133e+00
1.740283400000000036e+00 7.166644763343720470e+00
1.746415800000000074e+00 7.059022530278920016e+00
1.752548299999999948e+00 6.952285964497472825e+00
1.758676600000000034e+00 6.846909781112837656e+00
1.764809000000000072e+00 6.743167922996702757e+00
1.770941400000000110e+00 6.641541931798258247e+00
1.777073899999999984e+00 6.542412957183238120e+00
1.783202200000000071e+00 6.446182662587226275e+00
1.789334600000000108e+00 6.352990574749332708e+00
1.795467099999999983e+00 6.263091763442267812e+00
1.801599500000000020e+00 6.176591403795410606e+00
1.807727800000000107e+00 6.093550280002215658e+00
1.813860299999999981e+00 6.013768724100425622e+00
1.819992700000000019e+00 5.937127396499880305e+00
1.826121000000000105e+00 5.863411758799096596e+00
1.832253399999999921e+00 5.792191066405218969e+00
1.838385900000000017e+00 5.723127187482889511e+00
1.844518300000000055e+00 5.655798358404407367e+00
1.850646599999999919e+00 5.589806390738420561e+00
1.856779100000000016e+00 5.524624981266219592e+00
1.862911500000000053e+00 5.459887412891715641e+00
1.869043900000000091e+00 5.395221847497913004e+00
1.875172199999999956e+00 5.330360139285410526e+00
1.881304700000000052e+00 5.264975354353917503e+00
1.887437100000000090e+00 5.198955852153289037e+00
1.893569499999999906e+00 5.132231223933937159e+00
1.899697900000000050e+00 5.064865141566061268e+00
1.905830300000000088e+00 4.996874662953662671e+00
1.911962699999999904e+00 4.928486715667017570e+00
1.918090999999999990e+00 4.859997226210941434e+00
1.924223500000000087e+00 4.791615970619507614e+00
1.930355899999999902e+00 4.723729526482848939e+00
1.936488299999999940e+00 4.656692903806493256e+00
1.942616700000000085e+00 4.590903438175697460e+00
1.948749099999999901e+00 4.526610194275133559e+00
1.954881499999999939e+00 4.464154764579561174e+00
1.961013899999999976e+00 4.403783416475389956e+00
1.967142299999999899e+00 4.345715430394955447e+00
1.973274699999999937e+00 4.289984269810901196e+00
1.979407099999999975e+00 4.236660196404521628e+00
1.985535499999999898e+00 4.185728680394595891e+00
1.991667899999999936e+00 4.137000771454045989e+00
1.997800299999999973e+00 4.090319299738436776e+00
2.003932700000000011e+00 4.045434641696292744e+00
2.010061100000000156e+00 4.002079587872744426e+00
2.016193499999999972e+00 3.959872221117981983e+00
2.022325899999999788e+00 3.918501676469047013e+00
2.028458300000000047e+00 3.877630906056913851e+00
2.034586700000000192e+00 3.836968216554256017e+00
2.040719100000000008e+00 3.796176195522057206e+00
2.046851499999999824e+00 3.755043608196531491e+00
2.052983900000000084e+00 3.713389649847664398e+00
2.059112299999999784e+00 3.671125508380924884e+00
2.065244700000000044e+00 3.628147354405516278e+00
2.071377099999999860e+00 3.584502049475317698e+00
2.077505500000000005e+00 3.540303070895519433e+00
2.083637899999999821e+00 3.495635616519559896e+00
2.089770300000000081e+00 3.450720570419090194e+00
2.095902699999999896e+00 3.405787854647384094e+00
2.102031100000000041e+00 3.361120937797833719e+00
2.108163499999999857e+00 3.316926246424975133e+00
2.114295900000000117e+00 3.273494089519832784e+00
2.120428400000000213e+00 3.231067309768124396e+00
2.126556700000000077e+00 3.189887959536946482e+00
2.132689099999999893e+00 3.150073194044687774e+00
2.138821500000000153e+00 3.111775336210281573e+00
2.144949899999999854e+00 3.075087952503612776e+00
2.151082300000000114e+00 3.039976570128074762e+00
2.157214699999999930e+00 3.006422816948211896e+00
2.163347200000000026e+00 2.974330394020205048e+00
2.169475499999999890e+00 2.943577758457971427e+00
2.175607900000000150e+00 2.913941835847737583e+00
2.181740299999999966e+00 2.885233390923965580e+00
2.187872800000000062e+00 2.857224185223237622e+00
2.194001099999999926e+00 2.829699887688017501e+00
2.200133500000000186e+00 2.802395765809253980e+00
2.206265999999999838e+00 2.775119438464164645e+00
2.212398400000000098e+00 2.747688320071470347e+00
2.218526699999999963e+00 2.719972413400580713e+00
2.224659099999999778e+00 2.691827896622411842e+00
2.230791599999999875e+00 2.663211241194352041e+00
2.236919900000000183e+00 2.634128284356850536e+00
2.243052299999999999e+00 2.604570687066504409e+00
2.249184800000000095e+00 2.574630771913813732e+00
2.255317199999999911e+00 2.544420133240302029e+00
2.261445500000000219e+00 2.514099182974941726e+00
2.267577900000000035e+00 2.483789419540275656e+00
2.273710400000000131e+00 2.453685070744196395e+00
2.279842799999999947e+00 2.423964279916138498e+00
2.285971099999999812e+00 2.394816259178324636e+00
2.292103599999999908e+00 2.366356369042194707e+00
2.298236000000000168e+00 2.338736915487279688e+00
2.304368399999999983e+00 2.312059574014731389e+00
2.310496699999999848e+00 2.286409200814624398e+00
2.316629199999999944e+00 2.261782323432889097e+00
2.322761600000000204e+00 2.238190995844628439e+00
2.328889900000000068e+00 2.215607025752083459e+00
2.335022400000000165e+00 2.193924017195114207e+00
2.341154799999999980e+00 2.173053545972296163e+00
2.347287199999999796e+00 2.152867904230006957e+00
2.353415500000000105e+00 2.133236835250147401e+00
2.359548000000000201e+00 2.113982180219140972e+00
2.365680400000000017e+00 2.094965437912157391e+00
2.371812799999999832e+00 2.076040566217355110e+00
2.377941199999999977e+00 2.057087842479499606e+00
2.384073599999999793e+00 2.037970038775044124e+00
2.390206000000000053e+00 2.018611364421561305e+00
2.396338399999999869e+00 1.998951570967341995e+00
2.402466800000000013e+00 1.978973417190546202e+00
2.408599199999999829e+00 1.958650711199306116e+00
2.414731600000000089e+00 1.938025469010076662e+00
2.420859999999999790e+00 1.917167177471819528e+00
2.426992400000000050e+00 1.896127366362015731e+00
2.433124799999999865e+00 1.875016638282187786e+00
2.439257200000000125e+00 1.853944841820124534e+00
2.445385599999999826e+00 1.833042245690289729e+00
2.451518000000000086e+00 1.812398974167562793e+00
2.457650399999999902e+00 1.792141053157964015e+00
2.463782800000000162e+00 1.772370150061406635e+00
2.469911199999999862e+00 1.753184789304850000e+00
2.476043600000000122e+00 1.734626723310748186e+00
2.482175999999999938e+00 1.716753270368747142e+00
2.488304400000000083e+00 1.699596053663825490e+00
2.494436799999999899e+00 1.683128890491935259e+00
2.500569200000000158e+00 1.667335660107084561e+00
2.506701599999999974e+00 1.652166839359508366e+00
2.512830000000000119e+00 1.637563094585285484e+00
2.518962399999999935e+00 1.623421159842028505e+00
2.525094800000000195e+00 1.609655209718597879e+00
2.531227200000000011e+00 1.596163112308483401e+00
2.537355600000000155e+00 1.582849662614693287e+00
2.543487999999999971e+00 1.569596769828143223e+00
2.549620399999999787e+00 1.556320052861068115e+00
2.555752899999999883e+00 1.542937916127313791e+00
2.561881200000000192e+00 1.529393726401737652e+00
2.568013600000000007e+00 1.515620789986150907e+00
2.574145999999999823e+00 1.501599299583986635e+00
2.580274399999999968e+00 1.487330237607116246e+00
2.586406799999999784e+00 1.472806790985792480e+00
2.592539200000000044e+00 1.458069160788065810e+00
2.598671700000000140e+00 1.443165289403649520e+00
2.604800000000000004e+00 1.428168423280993693e+00
2.610932399999999820e+00 1.413132132427922683e+00
2.617064800000000080e+00 1.398147801914197519e+00
2.623197300000000176e+00 1.383300008393411051e+00
2.629325600000000041e+00 1.368683075426089690e+00
2.635457999999999856e+00 1.354356646275948872e+00
2.641590499999999953e+00 1.340401476486566823e+00
2.647722900000000212e+00 1.326877503025330807e+00
2.653851200000000077e+00 1.313838223652639137e+00
2.659983599999999893e+00 1.301295071277627891e+00
2.666116099999999989e+00 1.289268171274758235e+00
2.672244399999999853e+00 1.277759039701187094e+00
2.678376800000000113e+00 1.266728305193035364e+00
2.684509300000000209e+00 1.256143764484180192e+00
2.690641700000000025e+00 1.245951721510081267e+00
2.696769999999999889e+00 1.236092941719106442e+00
2.702902400000000149e+00 1.226480316421774797e+00
2.709034899999999801e+00 1.217041509704747337e+00
2.715167300000000061e+00 1.207696693805857757e+00
2.721295599999999926e+00 1.198374265043541609e+00
2.727428100000000022e+00 1.188989918117871358e+00
2.733560499999999838e+00 1.179487684983239193e+00
2.739688800000000146e+00 1.169823423873372903e+00
2.745821199999999962e+00 1.159947874605998130e+00
2.751953700000000058e+00 1.149846602926088757e+00
2.758086099999999874e+00 1.139515705555256941e+00
2.764214400000000182e+00 1.128974322617247950e+00
2.770346899999999835e+00 1.118235951549607421e+00
2.776479300000000094e+00 1.107349797769595634e+00
2.782611699999999910e+00 1.096369451536153283e+00
2.788740000000000219e+00 1.085365181420251846e+00
2.794872499999999871e+00 1.074390940586195997e+00
2.801004900000000131e+00 1.063525896786983171e+00
2.807137299999999946e+00 1.052840347265411980e+00
2.813265700000000091e+00 1.042407050548580960e+00
2.819398099999999907e+00 1.032270739537260118e+00
2.825530500000000167e+00 1.022486202964046020e+00
2.831658899999999868e+00 1.013094526911251902e+00
2.837791300000000128e+00 1.004104056344345075e+00
2.843923699999999943e+00 9.955262397753529280e-01
2.850056100000000203e+00 9.873506403781756591e-01
2.856184499999999904e+00 9.795567408991856517e-01
2.862316900000000164e+00 9.720951621725960612e-01
2.868449299999999980e+00 9.649201278831278650e-01
2.874581699999999795e+00 9.579714465736417495e-01
2.880710099999999940e+00 9.511871028904314018e-01
2.886842500000000200e+00 9.444889426659616172e-01
2.892974900000000016e+00 9.378125844938685063e-01
2.899103300000000161e+00 9.310974333756345533e-01
2.905235699999999976e+00 9.242767520421083516e-01
2.911368099999999792e+00 9.173066871545677570e-01
2.917500500000000052e+00 9.101510917060331440e-01
2.923628900000000197e+00 9.027924183324148588e-01
2.929761300000000013e+00 8.952133224256776378e-01
2.935893699999999829e+00 8.874256826863672343e-01
2.942026100000000088e+00 8.794509943631250160e-01
2.948154499999999789e+00 8.713291797227192825e-01
2.954286900000000049e+00 8.630953572046946576e-01
2.960419299999999865e+00 8.548092244430480768e-01
2.966551700000000125e+00 8.465310310590168363e-01
2.972680099999999825e+00 8.383289870350041362e-01
2.978812500000000085e+00 8.302546171190465785e-01
2.984944899999999901e+00 8.223717319795041947e-01
2.991073300000000046e+00 8.147368267997026070e-01
2.997205699999999862e+00 8.073820794900596898e-01
3.003338100000000122e+00 8.003431901541022686e-01
3.009470600000000218e+00 7.936376561889444403e-01
3.015598900000000082e+00 7.872736129386905812e-01
3.021731299999999898e+00 7.812322946208478669e-01
3.027863700000000158e+00 7.754946470470069908e-01
3.033996199999999810e+00 7.700251869309129304e-01
3.040124500000000118e+00 7.647820874276810565e-01
3.046256899999999934e+00 7.597051890058569290e-01
3.052389400000000030e+00 7.547400592797613994e-01
3.058521799999999846e+00 7.498270905727991709e-01
3.064650100000000155e+00 7.449109667369249177e-01
3.070782499999999970e+00 7.399308029358980798e-01
3.076915000000000067e+00 7.348423781947243105e-01
3.083043299999999931e+00 7.296112463531322367e-01
3.089175700000000191e+00 7.242032411661301072e-01
3.095308199999999843e+00 7.186069071619181070e-01
3.101440600000000103e+00 7.128204806443654284e-01
3.107568899999999967e+00 7.068587273219102407e-01
3.113701299999999783e+00 7.007364543786680500e-01
3.119833799999999879e+00 6.944908922063721679e-01
3.125966200000000139e+00 6.881643432365112112e-01
3.132094500000000004e+00 6.818094117850346247e-01
3.138227000000000100e+00 6.754696351005466948e-01
3.144359399999999916e+00 6.692025666523344629e-01
3.150487699999999780e+00 6.630633857272840714e-01
3.156620100000000040e+00 6.570905493374826767e-01
3.162752600000000136e+00 6.513279039472679166e-01
3.168884999999999952e+00 6.458065196612094994e-01
3.175013299999999816e+00 6.405502134030305328e-01
3.181145799999999912e+00 6.355610344777078424e-01
3.187278200000000172e+00 6.308402749218593453e-01
3.193410599999999988e+00 6.263740151809327195e-01
3.199538899999999852e+00 6.221406956646275965e-01
3.205671399999999949e+00 6.181012052908201326e-01
3.211803800000000209e+00 6.142179527055336985e-01
3.217936200000000024e+00 6.104452075304489522e-01
3.224064600000000169e+00 6.067371018305974806e-01
3.230196999999999985e+00 6.030404387188209592e-01
3.236329399999999801e+00 5.993116377283382867e-01
3.242457700000000109e+00 5.955119298324604848e-01
3.248590200000000205e+00 5.916015312134959014e-01
3.254722600000000021e+00 5.875567539992143651e-01
3.260854999999999837e+00 5.833607110068061985e-01
3.266983399999999982e+00 5.790096355493179470e-01
3.273115799999999798e+00 5.745014766286873353e-01
3.279248200000000057e+00 5.698525355442618512e-01
3.285380599999999873e+00 5.650853038006977691e-01
3.291509000000000018e+00 5.602330896593371579e-01
3.297641399999999834e+00 5.553255729311250555e-01
3.303773800000000094e+00 5.504058625099779167e-01
3.309906199999999910e+00 5.455157203279483724e-01
3.316034600000000054e+00 5.406996288863531452e-01
3.322166999999999870e+00 5.359901427700859422e-01
3.328299400000000130e+00 5.314248448161037475e-01
3.334427799999999831e+00 5.270348259491426379e-01
3.340560200000000091e+00 5.228351849365902027e-01
3.346692599999999906e+00 5.188413267173648258e-01
3.352825000000000166e+00 5.150569002133102980e-01
3.358953399999999867e+00 5.114789837155392371e-01
3.365085800000000127e+00 5.080893197374444226e-01
3.371218199999999943e+00 5.048691655426973401e-01
3.377350600000000203e+00 5.017910388039640290e-01
3.383478999999999903e+00 4.988245302147540361e-01
3.389611400000000163e+00 4.959303453854288501e-01
3.395743799999999979e+00 4.930737125022200962e-01
3.401876300000000075e+00 4.902183911082261814e-01
3.408004599999999940e+00 4.873325483189182017e-01
3.414137000000000199e+00 4.843823501933605669e-01
3.420269400000000015e+00 4.813450778489021253e-01
3.426397800000000160e+00 4.782045705901483146e-01
3.432530199999999976e+00 4.749456063129774974e-01
3.438662599999999792e+00 4.715665521172935915e-01
3.444795099999999888e+00 4.680711713853464850e-01
3.450923400000000196e+00 4.644729227042068698e-01
3.457055800000000012e+00 4.607841908534134889e-01
3.463188199999999828e+00 4.570299588839771276e-01
3.469320699999999924e+00 4.532368691963742924e-01
3.475448999999999788e+00 4.494369653411465215e-01
3.481581400000000048e+00 4.456556295222267039e-01
3.487713900000000145e+00 4.419255256513853203e-01
3.493842200000000009e+00 4.382775312197592088e-01
3.499974599999999825e+00 4.347318604672826270e-01
3.506107000000000085e+00 4.313118240466257136e-01
3.512239500000000181e+00 4.280329632375287074e-01
3.518367800000000045e+00 4.249071326534188953e-01
3.524500199999999861e+00 4.219335781617962189e-01
3.530632699999999957e+00 4.191116274558023269e-01
3.536765100000000217e+00 4.164326133973493826e-01
3.542893400000000081e+00 4.138839538029139287e-01
3.549025799999999897e+00 4.114433999201183023e-01
3.555158299999999993e+00 4.090901565162989306e-01
3.561290699999999809e+00 4.067992827461026639e-01
3.567419000000000118e+00 4.045459440204701718e-01
3.573551500000000214e+00 4.023007908515647824e-01
3.579683900000000030e+00 4.000403196501820524e-01
3.585812199999999894e+00 3.977433232741746649e-01
3.591944600000000154e+00 3.953873932482109277e-01
3.598077099999999806e+00 3.929588739850651269e-01
3.604209500000000066e+00 3.904475327072756130e-01
3.610337799999999930e+00 3.878499876775348687e-01
3.616470300000000027e+00 3.851629340176256910e-01
3.622602699999999842e+00 3.823935839983551022e-01
3.628735100000000102e+00 3.795521495805965762e-01
3.634863399999999967e+00 3.766550963097583526e-01
3.640995900000000063e+00 3.737164892965190721e-01
3.647128299999999879e+00 3.707589177841681405e-01
3.653260700000000138e+00 3.678044618753101846e-01
3.659389099999999839e+00 3.648776292476333949e-01
3.665521500000000099e+00 3.619966042619687796e-01
3.671653899999999915e+00 3.591837002196031081e-01
3.677782199999999779e+00 3.564585346274951050e-01
3.683914699999999876e+00 3.538318655949159175e-01
3.690047100000000135e+00 3.513160758684408802e-01
3.696179499999999951e+00 3.489171074048214582e-01
3.702307900000000096e+00 3.466377056883681584e-01
3.708440299999999912e+00 3.444714927002663907e-01
3.714572700000000172e+00 3.424120969873671316e-01
3.720705099999999987e+00 3.404475399010075121e-01
3.726833500000000132e+00 3.385635690605358628e-01
3.732965899999999948e+00 3.367395507301488289e-01
3.739098300000000208e+00 3.349567064359403323e-01
3.745226699999999909e+00 3.331952589626595573e-01
3.751359100000000169e+00 3.314320928894323171e-01
3.757491499999999984e+00 3.296486106911878933e-01
3.763623899999999800e+00 3.278270585298624362e-01
3.769752299999999945e+00 3.259537449818878385e-01
3.775884700000000205e+00 3.240147994966792178e-01
3.782017100000000021e+00 3.220040123069473070e-01
3.788149499999999836e+00 3.199183106597978665e-01
3.794277899999999981e+00 3.177605086616780428e-01
3.800410299999999797e+00 3.155335250882228548e-01
3.806542700000000057e+00 3.132485336127355247e-01
3.812675099999999873e+00 3.109188757843115436e-01
3.818803500000000017e+00 3.085623212340198318e-01
3.824935899999999833e+00 3.061940886630901137e-01
3.831068300000000093e+00 3.038351889456378241e-01
3.837196699999999794e+00 3.015068248782802884e-01
3.843329100000000054e+00 2.992248922105933406e-01
3.849461499999999869e+00 2.970081864202049338e-01
3.855593900000000129e+00 2.948714423901581672e-01
3.861722299999999830e+00 2.928274448033484356e-01
3.867854700000000090e+00 2.908811887895486059e-01
3.873987099999999906e+00 2.890375164479915826e-01
3.880119600000000002e+00 2.872955161531111634e-01
3.886247899999999866e+00 2.856511150077207239e-01
3.892380300000000126e+00 2.840928344280302387e-01
3.898512699999999942e+00 2.826089569965358206e-01
3.904641100000000087e+00 2.811845908105090053e-01
3.910773499999999903e+00 2.797999093187460984e-01
3.916905900000000162e+00 2.784366058259480914e-01
3.923038399999999815e+00 2.770750854370342964e-01
3.929166700000000123e+00 2.756974065065079249e-01
3.935299099999999939e+00 2.742843920923685452e-01
3.941431500000000199e+00 2.728220920583034892e-01
3.947563999999999851e+00 2.712988119019387190e-01
3.953692300000000159e+00 2.697077917021529769e-01
3.959824699999999975e+00 2.680431373858711552e-01
3.965957200000000071e+00 2.663064477393202734e-01
3.972089599999999887e+00 2.645026531093107591e-01
3.978217900000000196e+00 2.626418857512246019e-01
3.984350300000000011e+00 2.607341041365580647e-01
3.990482800000000108e+00 2.587958686337201719e-01
3.996611099999999972e+00 2.568460296841621471e-01
4.002743500000000232e+00 2.549006338793033954e-01
4.008875999999999884e+00 2.529799032697406247e-01
4.015008400000000144e+00 2.511021320423491021e-01
4.021136699999999564e+00 2.492850583561297961e-01
4.027269200000000104e+00 2.475402919590395656e-01
4.033401600000000364e+00 2.458799867250125448e-01
4.039533999999999736e+00 2.443112052970969894e-01
4.045662300000000045e+00 2.428378715494641238e-01
4.051794799999999697e+00 2.414567012786535127e-01
4.057927199999999957e+00 2.401632828402288367e-01
4.064059600000000216e+00 2.389482299618997108e-01
4.070187999999999917e+00 2.377995165506746333e-01
