6.108177000000000051e-02 1.012837443311427776e+01 3.182510712175887768e+00 3.182510712175887768e+00
6.727816400000000141e-02 9.982601722829945956e+00 3.159525553438355505e+00 3.159525553438355505e+00
7.347496600000000266e-02 9.825824064485015441e+00 3.134617052286453820e+00 3.134617052286453820e+00
7.967135999999999663e-02 9.658852831440166042e+00 3.107869500387711703e+00 3.107869500387711703e+00
8.586816199999999788e-02 9.482500787488882921e+00 3.079366945897952235e+00 3.079366945897952235e+00
9.206455600000000572e-02 9.297663796523423230e+00 3.049207076687876050e+00 3.049207076687876050e+00
9.826135799999999310e-02 9.105221939165781819e+00 3.017486029655445101e+00 3.017486029655445101e+00
1.044577500000000020e-01 8.906130177414521398e+00 2.984314021247516546e+00 2.984314021247516546e+00
1.106545500000000043e-01 8.701310425071248744e+00 2.949798370240116707e+00 2.949798370240116707e+00
1.168509499999999951e-01 8.491749270691842710e+00 2.914060615480028371e+00 2.914060615480028371e+00
1.230477499999999974e-01 8.278384586305016057e+00 2.877218202762004129e+00 2.877218202762004129e+00
1.292441400000000074e-01 8.062207238834973921e+00 2.839402620065526239e+00 2.839402620065526239e+00
1.354409500000000044e-01 7.844142688124849272e+00 2.800739668038578767e+00 2.800739668038578767e+00
1.416373400000000005e-01 7.625159572663080532e+00 2.761369148205846002e+00 2.761369148205846002e+00
1.478341400000000028e-01 7.406146028656136693e+00 2.721423529819666953e+00 2.721423529819666953e+00
1.540305399999999936e-01 7.188020199936873134e+00 2.681048339724010354e+00 2.681048339724010354e+00
1.602273399999999959e-01 6.971609779216151992e+00 2.640380612566330942e+00 2.640380612566330942e+00
1.664237299999999919e-01 6.757759600325664806e+00 2.599569118205104612e+00 2.599569118205104612e+00
1.726205299999999943e-01 6.547213687156538064e+00 2.558752369252745407e+00 2.558752369252745407e+00
1.788169300000000128e-01 6.340722939569098493e+00 2.518079216301404966e+00 2.518079216301404966e+00
1.850137299999999874e-01 6.138931164415217800e+00 2.477686655817320727e+00 2.477686655817320727e+00
1.912101200000000112e-01 5.942478649974618499e+00 2.437719969556515487e+00 2.437719969556515487e+00
1.974069300000000082e-01 5.751893647167716672e+00 2.398310581882112213e+00 2.398310581882112213e+00
2.036037300000000105e-01 5.567682775638076009e+00 2.359593773436028386e+00 2.359593773436028386e+00
2.098001200000000066e-01 5.390286580627649649e+00 2.321699071935820591e+00 2.321699071935820591e+00
2.159969200000000089e-01 5.220046373836162878e+00 2.284742080374973838e+00 2.284742080374973838e+00
2.221933199999999997e-01 5.057284194307055003e+00 2.248840633372461983e+00 2.248840633372461983e+00
2.283901200000000020e-01 4.902213998967180686e+00 2.214094397031702854e+00 2.214094397031702854e+00
2.345865099999999981e-01 4.755026940362765409e+00 2.180602426019645712e+00 2.180602426019645712e+00
2.407833100000000004e-01 4.615811751480233482e+00 2.148444030334565991e+00 2.148444030334565991e+00
2.469797099999999912e-01 4.484634045168663263e+00 2.117695456190210379e+00 2.117695456190210379e+00
2.531765100000000213e-01 4.361465879406588364e+00 2.088412286739998347e+00 2.088412286739998347e+00
2.593729000000000173e-01 4.246256798389578258e+00 2.060644753078409330e+00 2.060644753078409330e+00
2.655697100000000144e-01 4.138872600578908489e+00 2.034421932780638542e+00 2.034421932780638542e+00
2.717661000000000104e-01 4.039160479021262518e+00 2.009766274724815283e+00 2.009766274724815283e+00
2.779629000000000127e-01 3.946895061658556081e+00 1.986679405857562086e+00 1.986679405857562086e+00
2.841593000000000035e-01 3.861836059392591114e+00 1.965155479699403074e+00 1.965155479699403074e+00
2.903561000000000059e-01 3.783684136841026557e+00 1.945169436537862673e+00 1.945169436537862673e+00
2.965524900000000019e-01 3.712129773308031400e+00 1.926688810708161892e+00 1.926688810708161892e+00
3.027492900000000042e-01 3.646817014395362655e+00 1.909664110359558187e+00 1.909664110359558187e+00
3.089456899999999950e-01 3.587385908132563195e+00 1.894039574067174270e+00 1.894039574067174270e+00
3.151424899999999973e-01 3.533442860271221342e+00 1.879745424325118819e+00 1.879745424325118819e+00
3.213392899999999996e-01 3.484593158455342010e+00 1.866706500351713593e+00 1.866706500351713593e+00
3.275356899999999905e-01 3.440432458276788896e+00 1.854840278373528495e+00 1.854840278373528495e+00
3.337324899999999928e-01 3.400544021945546280e+00 1.844056404220203449e+00 1.844056404220203449e+00
3.399288799999999888e-01 3.364522158460619750e+00 1.834263383067060937e+00 1.834263383067060937e+00
3.461256799999999911e-01 3.331955149961548734e+00 1.825364388269243188e+00 1.825364388269243188e+00
3.523220799999999819e-01 3.302447932653238993e+00 1.817263858841978719e+00 1.817263858841978719e+00
3.585188799999999842e-01 3.275608237060706696e+00 1.809864148785954141e+00 1.809864148785954141e+00
3.647152699999999803e-01 3.251065045055541614e+00 1.803071003886297818e+00 1.803071003886297818e+00
3.709120799999999774e-01 3.228457100577394545e+00 1.796790778186874604e+00 1.796790778186874604e+00
3.771084699999999734e-01 3.207448436041287376e+00 1.790935073094858776e+00 1.790935073094858776e+00
3.833052699999999757e-01 3.187718065694655767e+00 1.785418176701093040e+00 1.785418176701093040e+00
3.895016700000000220e-01 3.168972953548029547e+00 1.780160934732595956e+00 1.780160934732595956e+00
3.956984700000000243e-01 3.150938839022639826e+00 1.775088403157048411e+00 1.775088403157048411e+00
4.018948600000000204e-01 3.133370994673400745e+00 1.770133044342543371e+00 1.770133044342543371e+00
4.080932899999999974e-01 3.116040777198058720e+00 1.765231083229065190e+00 1.765231083229065190e+00
4.142868399999999895e-01 3.098771327826465694e+00 1.760332732135168055e+00 1.760332732135168055e+00
4.204844500000000096e-01 3.081367092871238889e+00 1.755382320997690426e+00 1.755382320997690426e+00
4.266820700000000244e-01 3.063693879215264815e+00 1.750341075109438371e+00 1.750341075109438371e+00
4.328796899999999837e-01 3.045630852044377335e+00 1.745173587940287874e+00 1.745173587940287874e+00
4.390732299999999810e-01 3.027093293389045314e+00 1.739854388559296972e+00 1.739854388559296972e+00
4.452708400000000011e-01 3.007982403688952644e+00 1.734353598228732807e+00 1.734353598228732807e+00
4.514684600000000159e-01 2.988257085247741252e+00 1.728657596300592125e+00 1.728657596300592125e+00
4.576660799999999751e-01 2.967884206283006865e+00 1.722754830578921093e+00 1.722754830578921093e+00
4.638596199999999725e-01 2.946862980923351305e+00 1.716642939263535839e+00 1.716642939263535839e+00
4.700572399999999873e-01 2.925167444460162525e+00 1.710312089783663669e+00 1.710312089783663669e+00
4.762548500000000073e-01 2.902827771979069826e+00 1.703768696736464250e+00 1.703768696736464250e+00
4.824524700000000221e-01 2.879873319801287135e+00 1.697018950925795355e+00 1.697018950925795355e+00
4.886460100000000195e-01 2.856360245977377144e+00 1.690076994097421847e+00 1.690076994097421847e+00
4.948436299999999788e-01 2.832307129188063488e+00 1.682945967400041987e+00 1.682945967400041987e+00
5.010412400000000543e-01 2.807786160719025315e+00 1.675644998416736531e+00 1.675644998416736531e+00
5.072388599999999581e-01 2.782859552751099308e+00 1.668190502535936259e+00 1.668190502535936259e+00
5.134324000000000110e-01 2.757610064016154716e+00 1.660605330599704832e+00 1.660605330599704832e+00
5.196300200000000258e-01 2.732072423833610930e+00 1.652898189191823963e+00 1.652898189191823963e+00
5.258276400000000406e-01 2.706331694457419612e+00 1.645093217558634136e+00 1.645093217558634136e+00
5.320252500000000051e-01 2.680455535209854023e+00 1.637209679671438378e+00 1.637209679671438378e+00
5.382187899999999470e-01 2.654526376020914569e+00 1.629271731793353828e+00 1.629271731793353828e+00
5.444164099999999618e-01 2.628572164699984004e+00 1.621287193775360791e+00 1.621287193775360791e+00
5.506140299999999765e-01 2.602667774505294407e+00 1.613278579323885520e+00 1.613278579323885520e+00
5.568116400000000521e-01 2.576865948933241945e+00 1.605261956483502450e+00 1.605261956483502450e+00
5.630051900000000442e-01 2.551230338383142282e+00 1.597257129701771694e+00 1.597257129701771694e+00
5.692028000000000088e-01 2.525768014977765930e+00 1.589266502188278585e+00 1.589266502188278585e+00
5.754004200000000235e-01 2.500529927668309060e+00 1.581306399047416988e+00 1.581306399047416988e+00
5.815980400000000383e-01 2.475543495128560867e+00 1.573385996864266279e+00 1.573385996864266279e+00
5.877915799999999802e-01 2.450845482449989454e+00 1.565517640414821221e+00 1.565517640414821221e+00
5.939891899999999447e-01 2.426417281274217963e+00 1.557696145361545881e+00 1.557696145361545881e+00
6.001868099999999595e-01 2.402282606045480939e+00 1.549929871331435782e+00 1.549929871331435782e+00
6.063844299999999743e-01 2.378442788740239511e+00 1.542220084404375635e+00 1.542220084404375635e+00
6.125779700000000272e-01 2.354908817510233288e+00 1.534571216174157593e+00 1.534571216174157593e+00
6.187755900000000420e-01 2.331640066065636674e+00 1.526970879246109414e+00 1.526970879246109414e+00
6.249732000000000065e-01 2.308637912660989500e+00 1.519420255446461310e+00 1.519420255446461310e+00
6.311708200000000213e-01 2.285884018809379192e+00 1.511914024939705170e+00 1.511914024939705170e+00
6.373643599999999632e-01 2.263371571369094060e+00 1.504450587878875423e+00 1.504450587878875423e+00
6.435619799999999779e-01 2.241046648424938059e+00 1.497012574571415566e+00 1.497012574571415566e+00
6.497595900000000535e-01 2.218897937896087136e+00 1.489596568838719826e+00 1.489596568838719826e+00
6.559572099999999573e-01 2.196897826029755141e+00 1.482193585882004561e+00 1.482193585882004561e+00
6.621507500000000102e-01 2.175032548777309227e+00 1.474799155402968465e+00 1.474799155402968465e+00
6.683483700000000249e-01 2.153245150238581207e+00 1.467393999660139503e+00 1.467393999660139503e+00
6.745459900000000397e-01 2.131522507434061797e+00 1.459973461208819989e+00 1.459973461208819989e+00
6.807436000000000043e-01 2.109838238113994624e+00 1.452528222828731952e+00 1.452528222828731952e+00
6.869371499999999964e-01 2.088181722383471328e+00 1.445054228180891354e+00 1.445054228180891354e+00
6.931347599999999609e-01 2.066501860083270969e+00 1.437533255296471690e+00 1.437533255296471690e+00
6.993323799999999757e-01 2.044792516594929666e+00 1.429962417895984217e+00 1.429962417895984217e+00
7.055299999999999905e-01 2.023036143461127701e+00 1.422334750844936435e+00 1.422334750844936435e+00
7.117235400000000434e-01 2.001232478375045698e+00 1.414649242171021504e+00 1.414649242171021504e+00
7.179211500000000079e-01 1.979341271833737537e+00 1.406890639614087890e+00 1.406890639614087890e+00
7.241187700000000227e-01 1.957368393683568408e+00 1.399059824912276095e+00 1.399059824912276095e+00
7.303163900000000375e-01 1.935308656607027888e+00 1.391153714226802451e+00 1.391153714226802451e+00
7.365099299999999793e-01 1.913174576818958750e+00 1.383175540854796548e+00 1.383175540854796548e+00
7.427075499999999941e-01 1.890937917943401603e+00 1.375113783635158571e+00 1.375113783635158571e+00
7.489051599999999587e-01 1.868617052359973663e+00 1.366973683857876543e+00 1.366973683857876543e+00
7.551027799999999734e-01 1.846218345592999688e+00 1.358756175917150921e+00 1.358756175917150921e+00
7.612963200000000263e-01 1.823765488497498310e+00 1.350468618109098573e+00 1.350468618109098573e+00
7.674939400000000411e-01 1.801239863698920418e+00 1.342102776876242132e+00 1.342102776876242132e+00
7.736915500000000057e-01 1.778669070611879954e+00 1.333667526264278536e+00 1.333667526264278536e+00
7.798891700000000204e-01 1.756067333849024914e+00 1.325166907921045523e+00 1.325166907921045523e+00
7.860827099999999623e-01 1.733465052065938483e+00 1.316611200038165563e+00 1.316611200038165563e+00
7.922803299999999771e-01 1.710848751204105955e+00 1.307994170936593203e+00 1.307994170936593203e+00
7.984779499999999919e-01 1.688250145864742535e+00 1.299326804874255892e+00 1.299326804874255892e+00
8.046755599999999564e-01 1.665686300967830213e+00 1.290614698881052735e+00 1.290614698881052735e+00
8.108691000000000093e-01 1.643188873284941343e+00 1.281869288689350572e+00 1.281869288689350572e+00
8.170667200000000241e-01 1.620744805559694912e+00 1.273084759770414909e+00 1.273084759770414909e+00
8.232643400000000389e-01 1.598384869246709084e+00 1.264272466380055748e+00 1.264272466380055748e+00
8.294619500000000034e-01 1.576124190194944985e+00 1.255437848001622392e+00 1.255437848001622392e+00
8.356554999999999955e-01 1.553991262644266014e+00 1.246591858887369009e+00 1.246591858887369009e+00
8.418531099999999601e-01 1.531969945612645656e+00 1.237727734848276473e+00 1.237727734848276473e+00
8.480507299999999749e-01 1.510086340979096553e+00 1.228855703888416917e+00 1.228855703888416917e+00
8.542483499999999896e-01 1.488350701919524788e+00 1.219979795701356950e+00 1.219979795701356950e+00
8.604459599999999542e-01 1.466771865115716889e+00 1.211103573240421394e+00 1.211103573240421394e+00
8.666395000000000071e-01 1.445371180777423881e+00 1.202235908953573018e+00 1.202235908953573018e+00
8.728371200000000218e-01 1.424126462015966155e+00 1.193367697742806488e+00 1.193367697742806488e+00
8.790347400000000366e-01 1.403056490445796278e+00 1.184506855381511237e+00 1.184506855381511237e+00
8.852323500000000012e-01 1.382164660052507488e+00 1.175654991931096793e+00 1.175654991931096793e+00
8.914258999999999933e-01 1.361466639576893956e+00 1.166819026060551545e+00 1.166819026060551545e+00
8.976235099999999578e-01 1.340936442695465525e+00 1.157988101275425619e+00 1.157988101275425619e+00
9.038211299999999726e-01 1.320587907244481940e+00 1.149168354613231635e+00 1.149168354613231635e+00
9.100187499999999874e-01 1.300420550787017016e+00 1.140359833906393394e+00 1.140359833906393394e+00
9.162122900000000403e-01 1.280446352996416959e+00 1.131568094723608198e+00 1.131568094723608198e+00
9.224099100000000551e-01 1.260637434027101600e+00 1.122781115813363595e+00 1.122781115813363595e+00
9.286075200000000196e-01 1.241005189985501245e+00 1.114004124761439618e+00 1.114004124761439618e+00
9.348051400000000344e-01 1.221547569817547529e+00 1.105236431636936079e+00 1.105236431636936079e+00
9.409986799999999763e-01 1.202275266742004023e+00 1.096483135639579221e+00 1.096483135639579221e+00
9.471962999999999910e-01 1.183161056591408578e+00 1.087732070222905856e+00 1.087732070222905856e+00
9.533939099999999556e-01 1.164216152761519352e+00 1.078988485926295482e+00 1.078988485926295482e+00
9.595915299999999704e-01 1.145439294540315345e+00 1.070251977125160625e+00 1.070251977125160625e+00
9.657850700000000232e-01 1.126841966634233305e+00 1.061528128046653974e+00 1.061528128046653974e+00
9.719826900000000380e-01 1.108399451928323565e+00 1.052805514769144635e+00 1.052805514769144635e+00
9.781803100000000528e-01 1.090124418235657089e+00 1.044090234719038612e+00 1.044090234719038612e+00
9.843779200000000174e-01 1.072017864464258174e+00 1.035382955463464372e+00 1.035382955463464372e+00
9.905714599999999592e-01 1.054093073319583684e+00 1.026690349287254111e+00 1.026690349287254111e+00
9.967690799999999740e-01 1.036328659353750181e+00 1.018002288481588025e+00 1.018002288481588025e+00
1.002966699999999989e+00 1.018739277605051452e+00 1.009326150263160304e+00 1.009326150263160304e+00
1.009164299999999903e+00 1.001328323291883260e+00 1.000663941236958454e+00 1.000663941236958454e+00
1.015357899999999924e+00 9.841106324021138274e-01 9.920235039564908597e-01 9.920235039564908597e-01
1.021555500000000061e+00 9.670682229447447043e-01 9.833962695397744369e-01 9.833962695397744369e-01
1.027753099999999975e+00 9.502168827068659951e-01 9.747906866127035164e-01 9.747906866127035164e-01
1.033950699999999889e+00 9.335614845951851759e-01 9.662098553602034290e-01 9.662098553602034290e-01
1.040144200000000074e+00 9.171178922915885767e-01 9.576627236619312811e-01 9.576627236619312811e-01
1.046341900000000047e+00 9.008691962153285715e-01 9.491412941260792824e-01 9.491412941260792824e-01
1.052539499999999961e+00 8.848319811096910792e-01 9.406550808397790009e-01 9.406550808397790009e-01
1.058737100000000098e+00 8.690109803008436717e-01 9.322075843399063588e-01 9.322075843399063588e-01
1.064930600000000060e+00 8.534212355736412459e-01 9.238080079614168216e-01 9.238080079614168216e-01
1.071128300000000033e+00 8.380463668230400121e-01 9.154487243002963348e-01 9.154487243002963348e-01
1.077325899999999947e+00 8.229014077513373548e-01 9.071391336235788971e-01 9.071391336235788971e-01
1.083523500000000084e+00 8.079898168027257466e-01 8.988825378227823792e-01 8.988825378227823792e-01
1.089717000000000047e+00 7.933244359790914135e-01 8.906876197517800131e-01 8.906876197517800131e-01
1.095914599999999961e+00 7.788885146301065543e-01 8.825466076248361658e-01 8.825466076248361658e-01
1.102112299999999934e+00 7.646936960429369101e-01 8.744676643781271741e-01 8.744676643781271741e-01
1.108309900000000070e+00 7.507419109638002741e-01 8.664536404008008619e-01 8.664536404008008619e-01
1.114503400000000033e+00 7.370427629631796096e-01 8.585119468960111799e-01 8.585119468960111799e-01
1.120700999999999947e+00 7.235783318224084937e-01 8.506340763350646039e-01 8.506340763350646039e-01
1.126898699999999920e+00 7.103571506214795273e-01 8.428268805760050775e-01 8.428268805760050775e-01
1.133096300000000056e+00 6.973786369628659498e-01 8.350919931138520713e-01 8.350919931138520713e-01
1.139289800000000019e+00 6.846493373166377960e-01 8.274353976695931756e-01 8.274353976695931756e-01
1.145487399999999933e+00 6.721502739101130608e-01 8.198477138530747554e-01 8.198477138530747554e-01
1.151685000000000070e+00 6.598873306356684010e-01 8.123344943037125176e-01 8.123344943037125176e-01
1.157882700000000042e+00 6.478572464532137420e-01 8.048957985063741605e-01 8.048957985063741605e-01
1.164076200000000005e+00 6.360646803478540168e-01 7.975366326055838284e-01 7.975366326055838284e-01
1.170273799999999920e+00 6.244900316444498278e-01 7.902468169151014576e-01 7.902468169151014576e-01
1.176471400000000056e+00 6.131371158657592524e-01 7.830307247265327897e-01 7.830307247265327897e-01
1.182669100000000029e+00 6.020014771162712774e-01 7.758875415395398711e-01 7.758875415395398711e-01
1.188862599999999992e+00 5.910862024503934498e-01 7.688213072297056527e-01 7.688213072297056527e-01
1.195060199999999906e+00 5.803721416033236213e-01 7.618215943403833235e-01 7.618215943403833235e-01
1.201257800000000042e+00 5.698620353983613329e-01 7.548920687080779013e-01 7.548920687080779013e-01
1.207455399999999957e+00 5.595513464247116042e-01 7.480316480101036891e-01 7.480316480101036891e-01
1.213648999999999978e+00 5.494420694801083194e-01 7.412435965862426146e-01 7.412435965862426146e-01
1.219846599999999892e+00 5.395167848314396108e-01 7.345180629715238885e-01 7.345180629715238885e-01
1.226044200000000028e+00 5.297778635826571048e-01 7.278584090210520330e-01 7.278584090210520330e-01
1.232241799999999943e+00 5.202212599172664209e-01 7.212636549260377228e-01 7.212636549260377228e-01
1.238435399999999964e+00 5.108491219308829434e-01 7.147370998702130551e-01 7.147370998702130551e-01
1.244633000000000100e+00 5.016457128545840360e-01 7.082695199248546514e-01 7.082695199248546514e-01
1.250830600000000015e+00 4.926137345819007196e-01 7.018644702375955724e-01 7.018644702375955724e-01
1.257028199999999929e+00 4.837500081130299279e-01 6.955213929945145424e-01 6.955213929945145424e-01
1.263221799999999950e+00 4.750571428299565357e-01 6.892438921237942218e-01 6.892438921237942218e-01
1.269419400000000087e+00 4.665211794016648761e-01 6.830235569888236657e-01 6.830235569888236657e-01
1.275617000000000001e+00 4.581452591346193426e-01 6.768642841328085247e-01 6.768642841328085247e-01
1.281814599999999915e+00 4.499270461363924500e-01 6.707660144464628882e-01 6.707660144464628882e-01
1.288008199999999936e+00 4.418695279209705618e-01 6.647326740284176250e-01 6.647326740284176250e-01
1.294205800000000073e+00 4.339602774533168894e-01 6.587566147321155530e-01 6.587566147321155530e-01
1.300403399999999987e+00 4.262026483046646441e-01 6.528419780503277314e-01 6.528419780503277314e-01
1.306600999999999901e+00 4.185948339157765097e-01 6.469890523925242443e-01 6.469890523925242443e-01
1.312794599999999923e+00 4.111398611452695695e-01 6.412018879770002844e-01 6.412018879770002844e-01
1.318992200000000059e+00 4.038264002680002074e-01 6.354733670800061240e-01 6.354733670800061240e-01
1.325189799999999973e+00 3.966576247632139229e-01 6.298076093246364193e-01 6.298076093246364193e-01
1.331387400000000110e+00 3.896318336615847699e-01 6.242049612599893660e-01 6.242049612599893660e-01
1.337580900000000073e+00 3.827517991209720694e-01 6.186693778755920636e-01 6.186693778755920636e-01
1.343778600000000045e+00 3.760065142155276097e-01 6.131937004043075401e-01 6.131937004043075401e-01
1.349976199999999960e+00 3.693989337745207102e-01 6.077819788168457027e-01 6.077819788168457027e-01
1.356173800000000096e+00 3.629269973314145914e-01 6.024342265603893631e-01 6.024342265603893631e-01
1.362367300000000059e+00 3.565928064428341426e-01 5.971539219019114109e-01 5.971539219019114109e-01
1.368565000000000031e+00 3.503857246556786320e-01 5.919338853754518848e-01 5.919338853754518848e-01
1.374762599999999946e+00 3.443079291402382225e-01 5.867775806387274251e-01 5.867775806387274251e-01
1.380960200000000082e+00 3.383569505196073468e-01 5.816845799224931168e-01 5.816845799224931168e-01
1.387153700000000045e+00 3.325341300533906641e-01 5.766577234836889332e-01 5.766577234836889332e-01
1.393351400000000018e+00 3.268290979719640776e-01 5.716896867811803729e-01 5.716896867811803729e-01
1.399548999999999932e+00 3.212432742094025184e-01 5.667832691685619206e-01 5.667832691685619206e-01
1.405746600000000068e+00 3.157738292623641363e-01 5.619375670502588793e-01 5.619375670502588793e-01
1.411940100000000031e+00 3.104214700267237670e-01 5.571547989802508871e-01 5.571547989802508871e-01
1.418137699999999946e+00 3.051762652584614766e-01 5.524276108762681270e-01 5.524276108762681270e-01
1.424335399999999918e+00 3.000388367764162401e-01 5.477580093220145718e-01 5.477580093220145718e-01
1.430533000000000055e+00 2.950064614402216900e-01 5.431449727653029358e-01 5.431449727653029358e-01
1.436726500000000017e+00 2.900794010039052795e-01 5.385901976492937226e-01 5.385901976492937226e-01
1.442924099999999932e+00 2.852482747921791795e-01 5.340863926296748332e-01 5.340863926296748332e-01
1.449121799999999904e+00 2.805134849340677472e-01 5.296352376249787719e-01 5.296352376249787719e-01
1.455319400000000041e+00 2.758724252895605744e-01 5.252355902731273840e-01 5.252355902731273840e-01
1.461512900000000004e+00 2.713253143714152715e-01 5.208889654920857426e-01 5.208889654920857426e-01
1.467710499999999918e+00 2.668635363892615797e-01 5.165883626150143959e-01 5.165883626150143959e-01
1.473908100000000054e+00 2.624876343970010684e-01 5.123354705629906691e-01 5.123354705629906691e-01
1.480105800000000027e+00 2.581951532864175114e-01 5.081290714832379374e-01 5.081290714832379374e-01
1.486299299999999990e+00 2.539867229478672828e-01 5.039709544684766174e-01 5.039709544684766174e-01
1.492496899999999904e+00 2.498545587975748439e-01 4.998545376382761418e-01 4.998545376382761418e-01
1.498694500000000041e+00 2.457994569585335853e-01 4.957816625880122063e-01 4.957816625880122063e-01
1.504892200000000013e+00 2.418194662297604436e-01 4.917514272778071294e-01 4.917514272778071294e-01
1.511089799999999927e+00 2.379129552588468699e-01 4.877632163856217562e-01 4.877632163856217562e-01
1.517283299999999890e+00 2.340807376268462803e-01 4.838189099516949088e-01 4.838189099516949088e-01
1.523480900000000027e+00 2.303162249603819822e-01 4.799127263996881831e-01 4.799127263996881831e-01
1.529678499999999941e+00 2.266205750061983659e-01 4.760468201828454426e-01 4.760468201828454426e-01
1.535876199999999914e+00 2.229924315536352675e-01 4.722207445185305219e-01 4.722207445185305219e-01
1.542069700000000099e+00 2.194330428878701333e-01 4.684368077850737389e-01 4.684368077850737389e-01
1.548267300000000013e+00 2.159365189129273110e-01 4.646897017504555416e-01 4.646897017504555416e-01
1.554464899999999927e+00 2.125041914891503403e-01 4.609817691505276316e-01 4.609817691505276316e-01
1.560662599999999900e+00 2.091350216698543985e-01 4.573128269246932165e-01 4.573128269246932165e-01
1.566856100000000085e+00 2.058303495042093367e-01 4.536852978709022821e-01 4.536852978709022821e-01
1.573053699999999999e+00 2.025848467735689162e-01 4.500942643197854975e-01 4.500942643197854975e-01
1.579251299999999913e+00 1.993998489317715395e-01 4.465421020819554943e-01 4.465421020819554943e-01
1.585448900000000050e+00 1.962744983133294929e-01 4.430287781999375785e-01 4.430287781999375785e-01
1.591642500000000071e+00 1.932099026305727218e-01 4.395564840046984334e-01 4.395564840046984334e-01
1.597840099999999985e+00 1.902012471519220482e-01 4.361206795738102326e-01 4.361206795738102326e-01
1.604037699999999900e+00 1.872496611739191963e-01 4.327235389644515373e-01 4.327235389644515373e-01
1.610235300000000036e+00 1.843542572622774711e-01 4.293649464759290990e-01 4.293649464759290990e-01
1.616428900000000057e+00 1.815159394635004753e-01 4.260468747256579425e-01 4.260468747256579425e-01
1.622626499999999972e+00 1.787301029253248186e-01 4.227648317035427317e-01 4.227648317035427317e-01
1.628824100000000108e+00 1.759976288805334410e-01 4.195207132914099968e-01 4.195207132914099968e-01
1.635021700000000022e+00 1.733175162988197793e-01 4.163142038158436087e-01 4.163142038158436087e-01
1.641215300000000044e+00 1.706904132345197223e-01 4.131469632401038594e-01 4.131469632401038594e-01
1.647412899999999958e+00 1.681118649391914466e-01 4.100144691827246057e-01 4.100144691827246057e-01
1.653610500000000094e+00 1.655824954079473110e-01 4.069182908250098540e-01 4.069182908250098540e-01
1.659808100000000008e+00 1.631011920727114539e-01 4.038578859855425085e-01 4.038578859855425085e-01
1.666001700000000030e+00 1.606683797305881456e-01 4.008346039585257148e-01 4.008346039585257148e-01
1.672199299999999944e+00 1.582797715157373830e-01 3.978439034542786135e-01 3.978439034542786135e-01
1.678396900000000080e+00 1.559358006775972416e-01 3.948870733229909447e-01 3.948870733229909447e-01
1.684594499999999995e+00 1.536353126358160348e-01 3.919634072663110702e-01 3.919634072663110702e-01
1.690788100000000016e+00 1.513786016270061430e-01 3.890740310365189969e-01 3.890740310365189969e-01
1.696985699999999930e+00 1.491616148081916227e-01 3.862144673729761002e-01 3.862144673729761002e-01
1.703183300000000067e+00 1.469847021654236696e-01 3.833858398081802510e-01 3.833858398081802510e-01
1.709380899999999981e+00 1.448467663238467151e-01 3.805873964332591175e-01 3.805873964332591175e-01
1.715574399999999944e+00 1.427481161429957346e-01 3.778202166943898654e-01 3.778202166943898654e-01
1.721772099999999917e+00 1.406849069129224583e-01 3.750798673788323656e-01 3.750798673788323656e-01
1.727969700000000053e+00 1.386576120056453587e-01 3.723675764693340495e-01 3.723675764693340495e-01
1.734167299999999967e+00 1.366652455561310209e-01 3.696826281503243772e-01 3.696826281503243772e-01
1.740360799999999930e+00 1.347081853496120418e-01 3.670261371477677725e-01 3.670261371477677725e-01
1.746558499999999903e+00 1.327829509937049624e-01 3.643939502704524602e-01 3.643939502704524602e-01
1.752756100000000039e+00 1.308901013505797684e-01 3.617873703580319344e-01 3.617873703580319344e-01
1.758953699999999953e+00 1.290288446459015581e-01 3.592058527444974003e-01 3.592058527444974003e-01
1.765147199999999916e+00 1.271996704092633046e-01 3.566506279389723977e-01 3.566506279389723977e-01
1.771344800000000053e+00 1.253994939578315371e-01 3.541179096823987571e-01 3.541179096823987571e-01
1.777542500000000025e+00 1.236288908618092819e-01 3.516090028167784265e-01 3.516090028167784265e-01
1.783740099999999940e+00 1.218873448016561251e-01 3.491236812386924182e-01 3.491236812386924182e-01
1.789933599999999903e+00 1.201754180776286457e-01 3.466632632362832700e-01 3.466632632362832700e-01
1.796131200000000039e+00 1.184903486225947905e-01 3.442242708215020319e-01 3.442242708215020319e-01
1.802328900000000012e+00 1.168327898755176647e-01 3.418081185043995718e-01 3.418081185043995718e-01
1.808526499999999926e+00 1.152023616006276202e-01 3.394147339180013101e-01 3.394147339180013101e-01
1.814720000000000111e+00 1.135996799236156651e-01 3.370455161007421818e-01 3.370455161007421818e-01
1.820917600000000025e+00 1.120222342316685576e-01 3.346972277023945730e-01 3.346972277023945730e-01
1.827115199999999939e+00 1.104707211591011845e-01 3.323713603171927766e-01 3.323713603171927766e-01
1.833312899999999912e+00 1.089447547906829683e-01 3.300678033233216957e-01 3.300678033233216957e-01
1.839506400000000097e+00 1.074450150092579187e-01 3.277880641653352356e-01 3.277880641653352356e-01
1.845704000000000011e+00 1.059691415818598131e-01 3.255290180335077554e-01 3.255290180335077554e-01
1.851901599999999926e+00 1.045177862065238272e-01 3.232921066257631870e-01 3.232921066257631870e-01
1.858099299999999898e+00 1.030905743241296302e-01 3.210772092879368711e-01 3.210772092879368711e-01
1.864292800000000083e+00 1.016881161270406370e-01 3.188857414922163791e-01 3.188857414922163791e-01
1.870490399999999998e+00 1.003081686420322777e-01 3.167146486066476085e-01 3.167146486066476085e-01
1.876687999999999912e+00 9.895129688194968798e-02 3.145652505950866651e-01 3.145652505950866651e-01
1.882885600000000048e+00 9.761712062763305831e-02 3.124373867315386466e-01 3.124373867315386466e-01
1.889079200000000069e+00 9.630608986323187237e-02 3.103322249835357982e-01 3.103322249835357982e-01
1.895276799999999984e+00 9.501611250968375333e-02 3.082468369824478138e-01 3.082468369824478138e-01
1.901474399999999898e+00 9.374763478412349860e-02 3.061823554421833626e-01 3.061823554421833626e-01
1.907672000000000034e+00 9.250024125306623157e-02 3.041385231322500937e-01 3.041385231322500937e-01
1.913865600000000056e+00 9.127429517847891749e-02 3.021163603290608068e-01 3.021163603290608068e-01
1.920063199999999970e+00 9.006778652112540362e-02 3.001129562700107778e-01 3.001129562700107778e-01
1.926260800000000106e+00 8.888108389366417006e-02 2.981293073377123681e-01 2.981293073377123681e-01
1.932458400000000021e+00 8.771375658991852065e-02 2.961650833402184047e-01 2.961650833402184047e-01
1.938652000000000042e+00 8.656611027991159557e-02 2.942211927783442427e-01 2.942211927783442427e-01
1.944849599999999956e+00 8.543623676716256832e-02 2.922947771807812845e-01 2.922947771807812845e-01
1.951047200000000093e+00 8.432446287028290410e-02 2.903867470637785386e-01 2.903867470637785386e-01
1.957244800000000007e+00 8.323037592147758401e-02 2.884967520120071960e-01 2.884967520120071960e-01
1.963438400000000028e+00 8.215426251477939146e-02 2.866256487385233642e-01 2.866256487385233642e-01
1.969635999999999942e+00 8.109434159443146273e-02 2.847706824700033112e-01 2.847706824700033112e-01
1.975833600000000079e+00 8.005093559680967474e-02 2.829327404115855593e-01 2.829327404115855593e-01
1.982031199999999993e+00 7.902368102438604713e-02 2.811115099464731037e-01 2.811115099464731037e-01
1.988224800000000014e+00 7.801287783049166979e-02 2.793078549387604803e-01 2.793078549387604803e-01
1.994422399999999929e+00 7.701688922022550954e-02 2.775191691040918007e-01 2.775191691040918007e-01
2.000620000000000065e+00 7.603605864574093653e-02 2.757463665141227649e-01 2.757463665141227649e-01
2.006817600000000201e+00 7.507008882185370324e-02 2.739892129662291897e-01 2.739892129662291897e-01
2.013011099999999942e+00 7.411932409870675142e-02 2.722486438877276815e-01 2.722486438877276815e-01
2.019208799999999915e+00 7.318222714623634495e-02 2.705221379965719875e-01 2.705221379965719875e-01
2.025406400000000051e+00 7.225921460968449950e-02 2.688107412468566104e-01 2.688107412468566104e-01
2.031604000000000187e+00 7.135003847215690143e-02 2.671142797982857808e-01 2.671142797982857808e-01
2.037797499999999928e+00 7.045506780974300498e-02 2.654337352518383319e-01 2.654337352518383319e-01
2.043995199999999901e+00 6.957289731943645805e-02 2.637667479411240357e-01 2.637667479411240357e-01
2.050192800000000037e+00 6.870395712405230615e-02 2.621143970178904659e-01 2.621143970178904659e-01
2.056390400000000174e+00 6.784804715588588220e-02 2.604765769812822929e-01 2.604765769812822929e-01
2.062583899999999915e+00 6.700554314750385709e-02 2.588542894129897687e-01 2.588542894129897687e-01
2.068781500000000051e+00 6.617515828767588093e-02 2.572453270473069042e-01 2.572453270473069042e-01
2.074979200000000024e+00 6.535727469964264236e-02 2.556506888307610859e-01 2.556506888307610859e-01
2.081176800000000160e+00 6.455175521475663147e-02 2.540703745318541040e-01 2.540703745318541040e-01
2.087370299999999901e+00 6.375894553190872283e-02 2.525053376305315123e-01 2.525053376305315123e-01
2.093567900000000037e+00 6.297763464267079614e-02 2.509534511471615548e-01 2.509534511471615548e-01
2.099765600000000010e+00 6.220817683629193545e-02 2.494156707913356696e-01 2.494156707913356696e-01
2.105963200000000146e+00 6.145043290422761567e-02 2.478919782974584596e-01 2.478919782974584596e-01
2.112156699999999887e+00 6.070471354033631084e-02 2.463832655444283815e-01 2.463832655444283815e-01
2.118354300000000023e+00 5.996986158761723890e-02 2.448874467742624683e-01 2.448874467742624683e-01
2.124551900000000160e+00 5.924620085147264126e-02 2.434054248604016757e-01 2.434054248604016757e-01
2.130749600000000132e+00 5.853354233482230273e-02 2.419370627556313436e-01 2.419370627556313436e-01
2.136943099999999873e+00 5.783218821030759738e-02 2.404832389384083391e-01 2.404832389384083391e-01
2.143140700000000010e+00 5.714101302521117087e-02 2.390418645869613612e-01 2.390418645869613612e-01
2.149338300000000146e+00 5.646029571848464046e-02 2.376137532182946710e-01 2.376137532182946710e-01
2.155536000000000119e+00 5.578983360501503508e-02 2.361987163492109965e-01 2.361987163492109965e-01
2.161729499999999859e+00 5.512988752323196712e-02 2.347975458202916643e-01 2.347975458202916643e-01
2.167927099999999996e+00 5.447937684098299455e-02 2.334081764655707159e-01 2.334081764655707159e-01
2.174124700000000132e+00 5.383854474439087046e-02 2.320313443144931542e-01 2.320313443144931542e-01
2.180322299999999824e+00 5.320719419691733593e-02 2.306668467658873067e-01 2.306668467658873067e-01
2.186519999999999797e+00 5.258511906220671162e-02 2.293144545426796799e-01 2.293144545426796799e-01
2.192713499999999982e+00 5.197254756225380690e-02 2.279748836215380325e-01 2.279748836215380325e-01
2.198911100000000118e+00 5.136846693790728113e-02 2.266461271187029947e-01 2.266461271187029947e-01
2.205108699999999811e+00 5.077309748695418845e-02 2.253288651880938909e-01 2.253288651880938909e-01
2.211306399999999783e+00 5.018624593323108701e-02 2.240228692192631765e-01 2.240228692192631765e-01
2.217499899999999968e+00 4.960813236086273476e-02 2.227288314539963843e-01 2.227288314539963843e-01
2.223697500000000105e+00 4.903780876116108078e-02 2.214448210303439912e-01 2.214448210303439912e-01
2.229895099999999797e+00 4.847549360110738059e-02 2.201715095127146082e-01 2.201715095127146082e-01
2.236092699999999933e+00 4.792102649308142837e-02 2.189087172615138965e-01 2.189087172615138965e-01
2.242286299999999954e+00 4.737460436283234821e-02 2.176570797443362348e-01 2.176570797443362348e-01
2.248483900000000091e+00 4.683537500561209266e-02 2.164148215941137654e-01 2.164148215941137654e-01
2.254681499999999783e+00 4.630355434517853530e-02 2.151826069764434524e-01 2.151826069764434524e-01
2.260879099999999919e+00 4.577900991569356509e-02 2.139602998588606420e-01 2.139602998588606420e-01
2.267072699999999941e+00 4.526194767629575233e-02 2.127485550510173351e-01 2.127485550510173351e-01
2.273270300000000077e+00 4.475158060189393661e-02 2.115456938864365977e-01 2.115456938864365977e-01
2.279467900000000213e+00 4.424813177527347346e-02 2.103523990242884556e-01 2.103523990242884556e-01
2.285665499999999906e+00 4.375149366227660402e-02 2.091685771388154813e-01 2.091685771388154813e-01
2.291859099999999927e+00 4.326187787218740977e-02 2.079948986686630530e-01 2.079948986686630530e-01
2.298056700000000063e+00 4.277855408855155833e-02 2.068297707984795009e-01 2.068297707984795009e-01
2.304254300000000200e+00 4.230174661326108893e-02 2.056738841303413778e-01 2.056738841303413778e-01
2.310451899999999892e+00 4.183136466254389757e-02 2.045271734086791249e-01 2.045271734086791249e-01
2.316645499999999913e+00 4.136761758628162977e-02 2.033903084866179878e-01 2.033903084866179878e-01
2.322843100000000049e+00 4.090982036535951993e-02 2.022617619950926870e-01 2.022617619950926870e-01
2.329040700000000186e+00 4.045818996805692486e-02 2.011422132921305006e-01 2.011422132921305006e-01
2.335238299999999878e+00 4.001264280177031785e-02 2.000316045073135818e-01 2.000316045073135818e-01
2.341431899999999899e+00 3.957337755667963280e-02 1.989305847693602636e-01 1.989305847693602636e-01
2.347629500000000036e+00 3.913974392888146248e-02 1.978376706516771222e-01 1.978376706516771222e-01
2.353827100000000172e+00 3.871194435121098898e-02 1.967535116617006863e-01 1.967535116617006863e-01
2.360024699999999864e+00 3.828989517249203195e-02 1.956780395764737557e-01 1.956780395764737557e-01
2.366218200000000049e+00 3.787378570401882943e-02 1.946118847964297127e-01 1.946118847964297127e-01
2.372415900000000022e+00 3.746297346729602490e-02 1.935535416035987222e-01 1.935535416035987222e-01
2.378613500000000158e+00 3.705766326262349003e-02 1.925036707770100830e-01 1.925036707770100830e-01
2.384811099999999850e+00 3.665776193937915484e-02 1.914621684285936210e-01 1.914621684285936210e-01
2.391004600000000035e+00 3.626344173422745704e-02 1.904296240983200106e-01 1.904296240983200106e-01
2.397202300000000008e+00 3.587408693189180625e-02 1.894045588994409668e-01 1.894045588994409668e-01
2.403399900000000144e+00 3.548988525494223972e-02 1.883875931555532013e-01 1.883875931555532013e-01
2.409597499999999837e+00 3.511074285403045087e-02 1.873786083149046322e-01 1.873786083149046322e-01
2.415791000000000022e+00 3.473681851090823502e-02 1.863781599622343910e-01 1.863781599622343910e-01
2.421988600000000158e+00 3.436753080387409953e-02 1.853848181590771471e-01 1.853848181590771471e-01
2.428186300000000131e+00 3.400303769927057185e-02 1.843991260805499799e-01 1.843991260805499799e-01
2.434383899999999823e+00 3.364326697325224769e-02 1.834210101740044729e-01 1.834210101740044729e-01
2.440577400000000008e+00 3.328836383268266030e-02 1.824509902211622903e-01 1.824509902211622903e-01
2.446775000000000144e+00 3.293777811883436685e-02 1.814876803500291846e-01 1.814876803500291846e-01
2.452972700000000117e+00 3.259166266171956150e-02 1.805316112533191797e-01 1.805316112533191797e-01
2.459170299999999809e+00 3.224995300497014022e-02 1.795827191156491587e-01 1.795827191156491587e-01
2.465363799999999994e+00 3.191279232332595167e-02 1.786415190355420957e-01 1.786415190355420957e-01
2.471561400000000130e+00 3.157966405196437759e-02 1.777066798180765572e-01 1.777066798180765572e-01
2.477758999999999823e+00 3.125072544737092506e-02 1.767787471597503102e-01 1.767787471597503102e-01
2.483956699999999795e+00 3.092590681988158924e-02 1.758576322480249754e-01 1.758576322480249754e-01
2.490150199999999980e+00 3.060536788601078348e-02 1.749438992534771975e-01 1.749438992534771975e-01
2.496347800000000117e+00 3.028862017604581902e-02 1.740362610953413436e-01 1.740362610953413436e-01
2.502545399999999809e+00 2.997582103317188509e-02 1.731352680223526286e-01 1.731352680223526286e-01
2.508743099999999782e+00 2.966691181205642278e-02 1.722408540737545846e-01 1.722408540737545846e-01
2.514936599999999967e+00 2.936205163090594913e-02 1.713535865714690687e-01 1.713535865714690687e-01
2.521134200000000103e+00 2.906078252847512852e-02 1.704722338930159398e-01 1.704722338930159398e-01
2.527331799999999795e+00 2.876326003011081545e-02 1.695973467661296141e-01 1.695973467661296141e-01
2.533529399999999931e+00 2.846943810061862076e-02 1.687288893480266561e-01 1.687288893480266561e-01
2.539722999999999953e+00 2.817945804294440595e-02 1.678673823080124305e-01 1.678673823080124305e-01
2.545920600000000089e+00 2.789290146473688559e-02 1.670116806236524587e-01 1.670116806236524587e-01
2.552118199999999781e+00 2.760991361696675181e-02 1.661623110605011666e-01 1.661623110605011666e-01
2.558315799999999918e+00 2.733045168974534977e-02 1.653192417407766401e-01 1.653192417407766401e-01
2.564509399999999939e+00 2.705465002087045767e-02 1.644829779061361130e-01 1.644829779061361130e-01
2.570707000000000075e+00 2.678210964371325123e-02 1.636524049432615258e-01 1.636524049432615258e-01
2.576904600000000212e+00 2.651296677636064483e-02 1.628280282272086266e-01 1.628280282272086266e-01
2.583102199999999904e+00 2.624717796698196673e-02 1.620098082431491726e-01 1.620098082431491726e-01
2.589295799999999925e+00 2.598486756392425281e-02 1.611982244440808010e-01 1.611982244440808010e-01
2.595493400000000062e+00 2.572565214925357641e-02 1.603921823196304552e-01 1.603921823196304552e-01
2.601691000000000198e+00 2.546965690262703239e-02 1.595921580235916126e-01 1.595921580235916126e-01
2.607888599999999890e+00 2.521683587209439317e-02 1.587980978226578022e-01 1.587980978226578022e-01
2.614082199999999911e+00 2.496730264389400433e-02 1.580104510590802924e-01 1.580104510590802924e-01
2.620279800000000048e+00 2.472068782364688494e-02 1.572281394141865629e-01 1.572281394141865629e-01
2.626477400000000184e+00 2.447710603669031593e-02 1.564516092492829469e-01 1.564516092492829469e-01
2.632674999999999876e+00 2.423650946445432899e-02 1.556807934989230813e-01 1.556807934989230813e-01
2.638868599999999898e+00 2.399900262133139797e-02 1.549161147890412149e-01 1.549161147890412149e-01
2.645066200000000034e+00 2.376423088605232256e-02 1.541565142511088504e-01 1.541565142511088504e-01
2.651263800000000170e+00 2.353230098425346251e-02 1.534024151838994376e-01 1.534024151838994376e-01
2.657461399999999863e+00 2.330316577904272338e-02 1.526537447265632064e-01 1.526537447265632064e-01
2.663654999999999884e+00 2.307692404369209374e-02 1.519109082445763426e-01 1.519109082445763426e-01
2.669852600000000020e+00 2.285323798683811317e-02 1.511728745074264746e-01 1.511728745074264746e-01
2.676050200000000157e+00 2.263221007666740142e-02 1.504400547615807049e-01 1.504400547615807049e-01
2.682247799999999849e+00 2.241379702173000241e-02 1.497123809901171887e-01 1.497123809901171887e-01
2.688441300000000034e+00 2.219809886469636603e-02 1.489902643285673511e-01 1.489902643285673511e-01
2.694639000000000006e+00 2.198478623837217191e-02 1.482726752924225511e-01 1.482726752924225511e-01
2.700836600000000143e+00 2.177397088335840739e-02 1.475600585638214279e-01 1.475600585638214279e-01
2.707034199999999835e+00 2.156561224074573374e-02 1.468523484345610752e-01 1.468523484345610752e-01
2.713227700000000020e+00 2.135981037484116496e-02 1.461499585180959515e-01 1.461499585180959515e-01
2.719425399999999993e+00 2.115625590309646795e-02 1.454519023701528191e-01 1.454519023701528191e-01
2.725623000000000129e+00 2.095506045760177349e-02 1.447586282665105084e-01 1.447586282665105084e-01
2.731820599999999821e+00 2.075619039306118851e-02 1.440700884745379218e-01 1.440700884745379218e-01
2.738014100000000006e+00 2.055974619560639247e-02 1.433867015995778926e-01 1.433867015995778926e-01
2.744211700000000143e+00 2.036544041151880022e-02 1.427075345296063835e-01 1.427075345296063835e-01
2.750409400000000115e+00 2.017337465596199045e-02 1.420330055161897476e-01 1.420330055161897476e-01
2.756606999999999807e+00 1.998353014256794985e-02 1.413631145050502635e-01 1.413631145050502635e-01
2.762800499999999992e+00 1.979600313322198851e-02 1.406982698302363111e-01 1.406982698302363111e-01
2.768998100000000129e+00 1.961052207739922768e-02 1.400375738057441088e-01 1.400375738057441088e-01
2.775195800000000101e+00 1.942718617895888150e-02 1.393814413003355290e-01 1.393814413003355290e-01
2.781393399999999794e+00 1.924597900834542491e-02 1.387298778502505103e-01 1.387298778502505103e-01
2.787586899999999979e+00 1.906699322390979084e-02 1.380832836512435602e-01 1.380832836512435602e-01
2.793784500000000115e+00 1.888996971013244541e-02 1.374407861958467092e-01 1.374407861958467092e-01
2.799982099999999807e+00 1.871500532880013626e-02 1.368027972257882530e-01 1.368027972257882530e-01
2.806179799999999780e+00 1.854207467831535047e-02 1.361692868392698486e-01 1.361692868392698486e-01
2.812373299999999965e+00 1.837127267986991136e-02 1.355406679925619529e-01 1.355406679925619529e-01
2.818570900000000101e+00 1.820234679342034104e-02 1.349160731470507302e-01 1.349160731470507302e-01
2.824768499999999793e+00 1.803538651776706234e-02 1.342958916637700395e-01 1.342958916637700395e-01
2.830966200000000210e+00 1.787036429746122548e-02 1.336800819025079079e-01 1.336800819025079079e-01
2.837159699999999951e+00 1.770736712295887388e-02 1.330690314196315005e-01 1.330690314196315005e-01
2.843357300000000087e+00 1.754615022250704398e-02 1.324618821491943266e-01 1.324618821491943266e-01
2.849554899999999780e+00 1.738679515724377359e-02 1.318589972555675727e-01 1.318589972555675727e-01
2.855752499999999916e+00 1.722927434581074391e-02 1.312603304346394717e-01 1.312603304346394717e-01
2.861950199999999889e+00 1.707355717823414235e-02 1.306658225330332712e-01 1.306658225330332712e-01
2.868143700000000074e+00 1.691972139283847570e-02 1.300758293951588540e-01 1.300758293951588540e-01
2.874341300000000210e+00 1.676753195259509180e-02 1.294895051832197497e-01 1.294895051832197497e-01
2.880538899999999902e+00 1.661706224979752136e-02 1.289071846321900028e-01 1.289071846321900028e-01
2.886736599999999875e+00 1.646828083485958605e-02 1.283287997094166855e-01 1.283287997094166855e-01
2.892930100000000060e+00 1.632126034601036682e-02 1.277546881566792580e-01 1.277546881566792580e-01
2.899127700000000196e+00 1.617577506147373223e-02 1.271840204643402972e-01 1.271840204643402972e-01
2.905325299999999888e+00 1.603189460401615793e-02 1.266171181318551386e-01 1.266171181318551386e-01
2.911522900000000025e+00 1.588959129582091789e-02 1.260539221754758410e-01 1.260539221754758410e-01
2.917716500000000046e+00 1.574892851769921914e-02 1.254947350198374612e-01 1.254947350198374612e-01
2.923914100000000182e+00 1.560969846185037736e-02 1.249387788552872719e-01 1.249387788552872719e-01
2.930111699999999875e+00 1.547196728040518832e-02 1.243863629197557441e-01 1.243863629197557441e-01
2.936309300000000011e+00 1.533571082126290556e-02 1.238374370748317188e-01 1.238374370748317188e-01
2.942502900000000032e+00 1.520099258252941184e-02 1.232923054473774177e-01 1.232923054473774177e-01
2.948700500000000169e+00 1.506761668241032338e-02 1.227502207020839675e-01 1.227502207020839675e-01
2.954898099999999861e+00 1.493564989460515087e-02 1.222114965729703823e-01 1.222114965729703823e-01
2.961095699999999997e+00 1.480507271399724226e-02 1.216760975458912458e-01 1.216760975458912458e-01
2.967289300000000019e+00 1.467594976216542169e-02 1.211443344204153061e-01 1.211443344204153061e-01
2.973486900000000155e+00 1.454809706933055460e-02 1.206154926588228760e-01 1.206154926588228760e-01
2.979684499999999847e+00 1.442158234492906498e-02 1.200898927675808359e-01 1.200898927675808359e-01
2.985882099999999983e+00 1.429639046247298088e-02 1.195675142439324157e-01 1.195675142439324157e-01
2.992075700000000005e+00 1.417258673291839181e-02 1.190486737973942832e-01 1.190486737973942832e-01
2.998273300000000141e+00 1.404999781812010448e-02 1.185326867075917751e-01 1.185326867075917751e-01
3.004470899999999833e+00 1.392869133400773292e-02 1.180198768598227782e-01 1.180198768598227782e-01
3.010668499999999970e+00 1.380865506592664042e-02 1.175102338774229455e-01 1.175102338774229455e-01
3.016862099999999991e+00 1.368995347146087331e-02 1.170040745934126519e-01 1.170040745934126519e-01
3.023059700000000127e+00 1.357242171855654357e-02 1.165007369871819409e-01 1.165007369871819409e-01
3.029257299999999820e+00 1.345612550967746103e-02 1.160005409887275574e-01 1.160005409887275574e-01
3.035454899999999956e+00 1.334105351109397125e-02 1.155034783506279084e-01 1.155034783506279084e-01
3.041648400000000141e+00 1.322726922779702413e-02 1.150098657846231193e-01 1.150098657846231193e-01
3.047846100000000114e+00 1.311460860105613177e-02 1.145190316107158324e-01 1.145190316107158324e-01
3.054043699999999806e+00 1.300313909833339561e-02 1.140313075358403289e-01 1.140313075358403289e-01
3.060241299999999942e+00 1.289284664446453850e-02 1.135466716573609591e-01 1.135466716573609591e-01
3.066434800000000127e+00 1.278379038822577939e-02 1.130654252555827882e-01 1.130654252555827882e-01
3.072632500000000100e+00 1.267581109949527003e-02 1.125869046536730617e-01 1.125869046536730617e-01
3.078830099999999792e+00 1.256897124631728424e-02 1.121114233533643256e-01 1.121114233533643256e-01
3.085027699999999928e+00 1.246325500449788418e-02 1.116389493165260982e-01 1.116389493165260982e-01
3.091221200000000113e+00 1.235871667702392526e-02 1.111697651208453652e-01 1.111697651208453652e-01
3.097418799999999806e+00 1.225520290041149513e-02 1.107032199188962007e-01 1.107032199188962007e-01
3.103616499999999778e+00 1.215276625162114814e-02 1.102395856832796145e-01 1.102395856832796145e-01
3.109814099999999915e+00 1.205139437283384192e-02 1.097788430110002711e-01 1.097788430110002711e-01
3.116007600000000100e+00 1.195113572662561026e-02 1.093212501146305499e-01 1.093212501146305499e-01
3.122205199999999792e+00 1.185184152768268412e-02 1.088661633735785034e-01 1.088661633735785034e-01
3.128402900000000209e+00 1.175356080090677983e-02 1.084138404490256058e-01 1.084138404490256058e-01
3.134600499999999901e+00 1.165628064958234775e-02 1.079642563517312776e-01 1.079642563517312776e-01
3.140794000000000086e+00 1.156004694217049704e-02 1.075176587457637029e-01 1.075176587457637029e-01
3.146991599999999778e+00 1.146471660555915990e-02 1.070734168949471765e-01 1.070734168949471765e-01
3.153189199999999914e+00 1.137033834699696135e-02 1.066317886326444420e-01 1.066317886326444420e-01
3.159386899999999887e+00 1.127689578973057986e-02 1.061927294579557424e-01 1.061927294579557424e-01
3.165580400000000072e+00 1.118443850738981560e-02 1.057565057449886409e-01 1.057565057449886409e-01
3.171778000000000208e+00 1.109282884591990086e-02 1.053224992388611114e-01 1.053224992388611114e-01
3.177975599999999901e+00 1.100211525254856521e-02 1.048909684031402445e-01 1.048909684031402445e-01
3.184173299999999873e+00 1.091228394953722321e-02 1.044618779724796193e-01 1.044618779724796193e-01
3.190366800000000058e+00 1.082338482795226937e-02 1.040354979223546972e-01 1.040354979223546972e-01
3.196564400000000195e+00 1.073528795220945325e-02 1.036112346814256069e-01 1.036112346814256069e-01
3.202761999999999887e+00 1.064804246675444405e-02 1.031893524873300355e-01 1.031893524873300355e-01
3.208959600000000023e+00 1.056163916293729327e-02 1.027698358611966178e-01 1.027698358611966178e-01
3.215153200000000044e+00 1.047612455219357197e-02 1.023529411018245794e-01 1.023529411018245794e-01
3.221350800000000181e+00 1.039138045496056442e-02 1.019381207152680602e-01 1.019381207152680602e-01
3.227548399999999873e+00 1.030745530731754477e-02 1.015256386698332736e-01 1.015256386698332736e-01
3.233746000000000009e+00 1.022434265379679012e-02 1.011154916607578530e-01 1.011154916607578530e-01
3.239939600000000031e+00 1.014208943095326089e-02 1.007079412506941274e-01 1.007079412506941274e-01
3.246137200000000167e+00 1.006058391946317021e-02 1.003024621804628064e-01 1.003024621804628064e-01
3.252334799999999859e+00 9.979874377854809631e-03 9.989932120817843209e-02 9.989932120817843209e-02
3.258532399999999996e+00 9.899955946686906164e-03 9.949852233418798875e-02 9.949852233418798875e-02
3.264726000000000017e+00 9.820874753872273905e-03 9.910032670921056774e-02 9.910032670921056774e-02
3.270923600000000153e+00 9.742524035764036500e-03 9.870422501475829835e-02 9.870422501475829835e-02
3.277121199999999845e+00 9.664950476650847541e-03 9.831047999400088777e-02 9.831047999400088777e-02
3.283318799999999982e+00 9.588149324701205831e-03 9.791909581231439397e-02 9.791909581231439397e-02
3.289512400000000003e+00 9.512164462557129788e-03 9.753032586102196311e-02 9.753032586102196311e-02
3.295710000000000139e+00 9.436892536883834809e-03 9.714366956669814868e-02 9.714366956669814868e-02
3.301907599999999832e+00 9.362377328118265049e-03 9.675937850212901203e-02 9.675937850212901203e-02
3.308105199999999968e+00 9.288612913224827267e-03 9.637745023201654826e-02 9.637745023201654826e-02
3.314298799999999989e+00 9.215639834074841608e-03 9.599812411747868368e-02 9.599812411747868368e-02
3.320496400000000126e+00 9.143357038127655073e-03 9.562090272596078522e-02 9.562090272596078522e-02
3.326693999999999818e+00 9.071804624648923884e-03 9.524602156861421143e-02 9.524602156861421143e-02
3.332891599999999954e+00 9.000974854409645592e-03 9.487346759979654875e-02 9.487346759979654875e-02
3.339085100000000139e+00 8.930905677726823713e-03 9.450346913064526511e-02 9.450346913064526511e-02
3.345282800000000112e+00 8.861494577487331534e-03 9.413551177683866789e-02 9.413551177683866789e-02
3.351480399999999804e+00 8.792781370760968315e-03 9.376983187977340484e-02 9.376983187977340484e-02
3.357677999999999940e+00 8.724755528197389309e-03 9.340639982462331514e-02 9.340639982462331514e-02
3.363871500000000125e+00 8.657451669976811912e-03 9.304542799072296200e-02 9.304542799072296200e-02
3.370069200000000098e+00 8.590769662788714373e-03 9.268640495125871070e-02 9.268640495125871070e-02
3.376266799999999790e+00 8.524746293224290047e-03 9.232955265365629105e-02 9.232955265365629105e-02
3.382464399999999927e+00 8.459370225291813761e-03 9.197483473913836693e-02 9.197483473913836693e-02
3.388657900000000112e+00 8.394673783549692209e-03 9.162245239868714586e-02 9.162245239868714586e-02
3.394855499999999804e+00 8.330561054810531330e-03 9.127190725963017781e-02 9.127190725963017781e-02
3.401053200000000221e+00 8.267063897821478463e-03 9.092339576710428695e-02 9.092339576710428695e-02
3.407250799999999913e+00 8.204174374181085264e-03 9.057689757427710153e-02 9.057689757427710153e-02
3.413444300000000098e+00 8.141922717189546688e-03 9.023260340469815843e-02 9.023260340469815843e-02
3.419641899999999790e+00 8.080217054939659374e-03 8.989002756112414450e-02 8.989002756112414450e-02
3.425839600000000207e+00 8.019088698316328978e-03 8.954936458912664266e-02 8.954936458912664266e-02
3.432037199999999899e+00 7.958530893677968551e-03 8.921059855016089113e-02 8.921059855016089113e-02
3.438230700000000084e+00 7.898573851713672558e-03 8.887392110013866975e-02 8.887392110013866975e-02
3.444428300000000220e+00 7.839130335591339149e-03 8.853886341935579551e-02 8.853886341935579551e-02
3.450625899999999913e+00 7.780232820438122594e-03 8.820562805421273966e-02 8.820562805421273966e-02
3.456823599999999885e+00 7.721873433148630436e-03 8.787419093879972332e-02 8.787419093879972332e-02
3.463017100000000070e+00 7.664085660341173403e-03 8.754476375170118507e-02 8.754476375170118507e-02
3.469214700000000207e+00 7.606786018861276186e-03 8.721689067411929341e-02 8.721689067411929341e-02
3.475412299999999899e+00 7.550007329592884307e-03 8.689077816197116055e-02 8.689077816197116055e-02
3.481609999999999872e+00 7.493743471203159583e-03 8.656641075615391367e-02 8.656641075615391367e-02
3.487803500000000057e+00 7.438028110346163804e-03 8.624400332977455452e-02 8.624400332977455452e-02
3.494001100000000193e+00 7.382782019176641237e-03 8.592311690794650347e-02 8.592311690794650347e-02
3.500198699999999885e+00 7.328037958816814058e-03 8.560395994822210530e-02 8.560395994822210530e-02
3.506396300000000021e+00 7.273791851406988251e-03 8.528652795961967625e-02 8.528652795961967625e-02
3.512593999999999994e+00 7.220038915240581043e-03 8.497081213711318859e-02 8.497081213711318859e-02
3.518787500000000179e+00 7.166812146824882816e-03 8.465702656498681755e-02 8.465702656498681755e-02
3.524985099999999871e+00 7.114036448441335078e-03 8.434474760434899909e-02 8.434474760434899909e-02
3.531182700000000008e+00 7.061743463159640515e-03 8.403418032657687664e-02 8.403418032657687664e-02
3.537380399999999980e+00 7.009928562029523087e-03 8.372531613573951093e-02 8.372531613573951093e-02
3.543573900000000165e+00 6.958623342092336815e-03 8.341836333860989938e-02 8.341836333860989938e-02
3.549771499999999858e+00 6.907755034931447290e-03 8.311290534526781515e-02 8.311290534526781515e-02
3.555969099999999994e+00 6.857353603014508178e-03 8.280913961039873539e-02 8.280913961039873539e-02
3.562166700000000130e+00 6.807414711245515955e-03 8.250705855407472478e-02 8.250705855407472478e-02
3.568360300000000151e+00 6.757965618496621432e-03 8.220684654270969671e-02 8.220684654270969671e-02
3.574557899999999844e+00 6.708937721485651491e-03 8.190810534669723530e-02 8.190810534669723530e-02
3.580755499999999980e+00 6.660358161292163556e-03 8.161101740140336291e-02 8.161101740140336291e-02
3.586953100000000116e+00 6.612221793476769256e-03 8.131556919481514045e-02 8.131556919481514045e-02
3.593146700000000138e+00 6.564553927679917140e-03 8.102193485519780525e-02 8.102193485519780525e-02
3.599344299999999830e+00 6.517287487900353879e-03 8.072971874037684903e-02 8.072971874037684903e-02
3.605541899999999966e+00 6.470447742348511486e-03 8.043909337100034473e-02 8.043909337100034473e-02
3.611739500000000103e+00 6.424028912735719500e-03 8.015004000457966182e-02 8.015004000457966182e-02
3.617933100000000124e+00 6.378054691925678400e-03 7.986272404523701851e-02 7.986272404523701851e-02
3.624130699999999816e+00 6.332459782846377484e-03 7.957675403562511351e-02 7.957675403562511351e-02
3.630328299999999953e+00 6.287268079702068233e-03 7.929229521020354776e-02 7.929229521020354776e-02
3.636525900000000089e+00 6.242473678295705312e-03 7.900932652728856476e-02 7.900932652728856476e-02
3.642719500000000110e+00 6.198099273564603579e-03 7.872800818999933781e-02 7.872800818999933781e-02
3.648917099999999802e+00 6.154081818649887944e-03 7.844795611518433354e-02 7.844795611518433354e-02
3.655114699999999939e+00 6.110444505652881143e-03 7.816933225794422957e-02 7.816933225794422957e-02
3.661312300000000075e+00 6.067181918627909468e-03 7.789211717900540455e-02 7.789211717900540455e-02
3.667505900000000096e+00 6.024316413763526092e-03 7.761646999035401451e-02 7.761646999035401451e-02
3.673703499999999789e+00 5.981787649763381683e-03 7.734201736290165219e-02 7.734201736290165219e-02
3.679901099999999925e+00 5.939618707078646309e-03 7.706892179782098840e-02 7.706892179782098840e-02
3.686098700000000061e+00 5.897805134658019866e-03 7.679716879324406664e-02 7.679716879324406664e-02
3.692292199999999802e+00 5.856370077243224469e-03 7.652692387155793363e-02 7.652692387155793363e-02
3.698489900000000219e+00 5.815254135019652312e-03 7.625781359978564544e-02 7.625781359978564544e-02
3.704687499999999911e+00 5.774482583275693422e-03 7.599001633948826440e-02 7.599001633948826440e-02
3.710885100000000048e+00 5.734051439137488951e-03 7.572351972232596595e-02 7.572351972232596595e-02
3.717078599999999788e+00 5.693984067216734807e-03 7.545849234656583360e-02 7.545849234656583360e-02
3.723276300000000205e+00 5.654223985493377763e-03 7.519457417588969184e-02 7.519457417588969184e-02
3.729473899999999897e+00 5.614796546080345029e-03 7.493194609831206610e-02 7.493194609831206610e-02
3.735671500000000034e+00 5.575698744418386768e-03 7.467060160744914965e-02 7.467060160744914965e-02
3.741865000000000219e+00 5.536953938506334987e-03 7.441071118129657935e-02 7.441071118129657935e-02
3.748062700000000191e+00 5.498508179423296574e-03 7.415192633656456089e-02 7.415192633656456089e-02
3.754260299999999884e+00 5.460386543892825108e-03 7.389442836840152962e-02 7.389442836840152962e-02
3.760457900000000020e+00 5.422586570502836885e-03 7.363821406377830947e-02 7.363821406377830947e-02
3.766651400000000205e+00 5.385131159081075168e-03 7.338345289696496243e-02 7.338345289696496243e-02
3.772848999999999897e+00 5.347968947536178679e-03 7.312980888486020348e-02 7.312980888486020348e-02
3.779046699999999870e+00 5.311122456521588479e-03 7.287744820259274559e-02 7.287744820259274559e-02
3.785244300000000006e+00 5.274591043727396185e-03 7.262637980601398258e-02 7.262637980601398258e-02
3.791437800000000191e+00 5.238396068772795816e-03 7.237676470230480774e-02 7.237676470230480774e-02
3.797635399999999883e+00 5.202487618582236212e-03 7.212827197834588422e-02 7.212827197834588422e-02
3.803833099999999856e+00 5.166887080393087368e-03 7.188106204274591349e-02 7.188106204274591349e-02
3.810030699999999992e+00 5.131593372127722999e-03 7.163514062335414601e-02 7.163514062335414601e-02
3.816224200000000177e+00 5.096626596447795601e-03 7.139066182945634498e-02 7.139066182945634498e-02
3.822421799999999870e+00 5.061937948641005887e-03 7.114729754980864129e-02 7.114729754980864129e-02
3.828619400000000006e+00 5.027548020155346749e-03 7.090520446451971381e-02 7.090520446451971381e-02
3.834817099999999979e+00 4.993453464368398896e-03 7.066437195906009883e-02 7.066437195906009883e-02
3.841010600000000164e+00 4.959674711370250753e-03 7.042495801468574845e-02 7.042495801468574845e-02
3.847208199999999856e+00 4.926163427990255979e-03 7.018663282983630958e-02 7.018663282983630958e-02
3.853405799999999992e+00 4.892938899877752497e-03 6.994954538721286086e-02 6.994954538721286086e-02
3.859603499999999965e+00 4.859997331114770600e-03 6.971368108997523516e-02 6.971368108997523516e-02
3.865797000000000150e+00 4.827357957463597124e-03 6.947919082332203178e-02 6.947919082332203178e-02
3.871994599999999842e+00 4.794973637336665331e-03 6.924574815349072987e-02 6.924574815349072987e-02
3.878192199999999978e+00 4.762862642070994981e-03 6.901349608642497191e-02 6.901349608642497191e-02
3.884389800000000115e+00 4.731021535653454936e-03 6.878242170535620037e-02 6.878242170535620037e-02
3.890583400000000136e+00 4.699467190535859366e-03 6.855265998147598572e-02 6.855265998147598572e-02
3.896780999999999828e+00 4.668155468085868898e-03 6.832390114803069125e-02 6.832390114803069125e-02
3.902978599999999965e+00 4.637103509135660773e-03 6.809628116964729083e-02 6.809628116964729083e-02
3.909176200000000101e+00 4.606308070022489473e-03 6.786978760849697589e-02 6.786978760849697589e-02
3.915369800000000122e+00 4.575785636128268732e-03 6.764455363241203556e-02 6.764455363241203556e-02
3.921567399999999814e+00 4.545493752352474867e-03 6.742027701183431199e-02 6.742027701183431199e-02
3.927764999999999951e+00 4.515449306449768711e-03 6.719709299106449429e-02 6.719709299106449429e-02
3.933962600000000087e+00 4.485649528651563037e-03 6.697499181524073364e-02 6.697499181524073364e-02
3.940156200000000108e+00 4.456110791279204592e-03 6.675410692443727034e-02 6.675410692443727034e-02
3.946353799999999801e+00 4.426792460656562081e-03 6.653414507346255835e-02 6.653414507346255835e-02
3.952551399999999937e+00 4.397711356325325477e-03 6.631524226243409870e-02 6.631524226243409870e-02
3.958749000000000073e+00 4.368865285740996390e-03 6.609739242769714640e-02 6.609739242769714640e-02
3.964942600000000095e+00 4.340270585244349749e-03 6.588072999932795271e-02 6.588072999932795271e-02
3.971140199999999787e+00 4.311888392443541038e-03 6.566497081735087060e-02 6.566497081735087060e-02
3.977337799999999923e+00 4.283735436269187763e-03 6.545025161349028731e-02 6.545025161349028731e-02
3.983535400000000060e+00 4.255810005305065043e-03 6.523656953967663097e-02 6.523656953967663097e-02
3.989729000000000081e+00 4.228128279548983189e-03 6.502405923617028682e-02 6.502405923617028682e-02
3.995926600000000217e+00 4.200652948968710935e-03 6.481244439896331755e-02 6.481244439896331755e-02
4.002124199999999909e+00 4.173400460079492585e-03 6.460186111931677522e-02 6.460186111931677522e-02
4.008321800000000046e+00 4.146369342699835966e-03 6.439230810197624222e-02 6.439230810197624222e-02
4.014515300000000231e+00 4.119575806745511860e-03 6.418392171522017964e-02 6.418392171522017964e-02
4.020712999999999759e+00 4.092982495422707416e-03 6.397642140212836392e-02 6.397642140212836392e-02
4.026910599999999896e+00 4.066606601426485390e-03 6.376995061489765249e-02 6.376995061489765249e-02
4.033108200000000032e+00 4.040446185268396599e-03 6.356450412980814424e-02 6.356450412980814424e-02
4.039301700000000217e+00 4.014516785494111686e-03 6.336021453162947459e-02 6.336021453162947459e-02
4.045499399999999746e+00 3.988782045055181552e-03 6.315680521571037653e-02 6.315680521571037653e-02
4.051696999999999882e+00 3.963258347009643995e-03 6.295441483335099953e-02 6.295441483335099953e-02
4.057894600000000018e+00 3.937943516524980078e-03 6.275303591480638210e-02 6.275303591480638210e-02
4.064088100000000203e+00 3.912852258186925482e-03 6.255279576635185135e-02 6.255279576635185135e-02
4.070285700000000340e+00 3.887949434345642271e-03 6.235342359763128978e-02 6.235342359763128978e-02
4.076491500000000379e+00 3.863217177664111240e-03 6.215478402877860215e-02 6.215478402877860215e-02
4.082685099999999956e+00 3.838734515929317827e-03 6.195752186723834515e-02 6.195752186723834515e-02
4.088878600000000141e+00 3.814450874717942655e-03 6.176124087741390739e-02 6.176124087741390739e-02
4.095072100000000326e+00 3.790363648466711036e-03 6.156592928289730121e-02 6.156592928289730121e-02
4.101265699999999903e+00 3.766470189574489848e-03 6.137157476857254407e-02 6.137157476857254407e-02
4.107459200000000088e+00 3.742768962499100870e-03 6.117817390621511919e-02 6.117817390621511919e-02
4.113652799999999665e+00 3.719256863348908634e-03 6.098571032093427075e-02 6.098571032093427075e-02
4.119846299999999850e+00 3.695932294704885358e-03 6.079417977656154798e-02 6.079417977656154798e-02
4.126039800000000035e+00 3.672792514394094404e-03 6.060356849554401210e-02 6.060356849554401210e-02
4.132233399999999612e+00 3.649834801735332007e-03 6.041386266193655985e-02 6.041386266193655985e-02
4.138467699999999638e+00 3.626908115762202643e-03 6.022381684817230962e-02 6.022381684817230962e-02
4.144661199999999823e+00 3.604309865017113479e-03 6.003590479885444198e-02 6.003590479885444198e-02
4.150854800000000289e+00 3.581886813802173490e-03 5.984886643706940901e-02 5.984886643706940901e-02
4.157048299999999585e+00 3.559637504476800655e-03 5.966269776398650665e-02 5.966269776398650665e-02
4.163241799999999770e+00 3.537559462188946419e-03 5.947738614119610356e-02 5.947738614119610356e-02
4.169435400000000236e+00 3.515650301673745384e-03 5.929291949022029440e-02 5.929291949022029440e-02
4.175628900000000421e+00 3.493908782471519432e-03 5.910929522902061417e-02 5.910929522902061417e-02
4.181822499999999998e+00 3.472332344027633053e-03 5.892649950597467212e-02 5.892649950597467212e-02
4.188016000000000183e+00 3.450919916667478677e-03 5.874453095112325968e-02 5.874453095112325968e-02
4.194209599999999760e+00 3.429669135052951668e-03 5.856337708033026307e-02 5.856337708033026307e-02
4.200403099999999945e+00 3.408579102648500499e-03 5.838303779907740021e-02 5.838303779907740021e-02
4.206596600000000130e+00 3.387647980064035710e-03 5.820350487783391286e-02 5.820350487783391286e-02
4.212790199999999707e+00 3.366874020821634950e-03 5.802477075199552470e-02 5.802477075199552470e-02
4.219024499999999733e+00 3.346121255655879357e-03 5.784566756167552198e-02 5.784566756167552198e-02
4.225217999999999918e+00 3.325659703060553692e-03 5.766853304065010927e-02 5.766853304065010927e-02
4.231411600000000384e+00 3.305351498783189439e-03 5.749218641505286775e-02 5.749218641505286775e-02
4.237605099999999680e+00 3.285196137664799908e-03 5.731663055051997718e-02 5.731663055051997718e-02
4.243798599999999865e+00 3.265192167541384506e-03 5.714186002871611547e-02 5.714186002871611547e-02
4.249992200000000331e+00 3.245338172975138508e-03 5.696786965452665247e-02 5.696786965452665247e-02
4.256185699999999628e+00 3.225633714995226105e-03 5.679466273335220805e-02 5.679466273335220805e-02
4.262379300000000093e+00 3.206077082590992958e-03 5.662223134592094670e-02 5.662223134592094670e-02
4.268572800000000278e+00 3.186667827922200213e-03 5.645057863230633355e-02 5.645057863230633355e-02
4.274766299999999575e+00 3.167404540831153265e-03 5.627969918923832887e-02 5.627969918923832887e-02
4.280959900000000040e+00 3.148285798567150139e-03 5.610958740328741978e-02 5.610958740328741978e-02
4.287153400000000225e+00 3.129311074357114721e-03 5.594024556933151898e-02 5.594024556933151898e-02
4.293346999999999802e+00 3.110478576950254787e-03 5.577166464209450808e-02 5.577166464209450808e-02
4.299581299999999828e+00 3.091665036355878762e-03 5.560274306503123348e-02 5.560274306503123348e-02
4.305774800000000013e+00 3.073115131238717337e-03 5.543568463759347698e-02 5.543568463759347698e-02
4.311968300000000198e+00 3.054703974831956236e-03 5.526937646501863671e-02 5.526937646501863671e-02
4.318161899999999775e+00 3.036429934565719729e-03 5.510381052672963520e-02 5.510381052672963520e-02
4.324355399999999960e+00 3.018292224572640542e-03 5.493898638100852549e-02 5.493898638100852549e-02
4.330549000000000426e+00 3.000288850059445404e-03 5.477489251527058178e-02 5.477489251527058178e-02
4.336742499999999723e+00 2.982418955828547956e-03 5.461152768261063467e-02 5.461152768261063467e-02
4.342936100000000188e+00 2.964680507587789862e-03 5.444887976430543702e-02 5.444887976430543702e-02
4.349129600000000373e+00 2.947072608136139336e-03 5.428694694064254561e-02 5.428694694064254561e-02
4.355323099999999670e+00 2.929593495912591675e-03 5.412571935699877351e-02 5.412571935699877351e-02
4.361516700000000135e+00 2.912241422792366963e-03 5.396518713756458946e-02 5.396518713756458946e-02
4.367710200000000320e+00 2.895015494769747223e-03 5.380534819857359791e-02 5.380534819857359791e-02
4.373903799999999897e+00 2.877913725516222793e-03 5.364619022368898038e-02 5.364619022368898038e-02
4.380097300000000082e+00 2.860935270935644360e-03 5.348771140117741102e-02 5.348771140117741102e-02
4.386331600000000108e+00 2.843967855932058499e-03 5.332886512885923191e-02 5.332886512885923191e-02
4.392525100000000293e+00 2.827232255267451110e-03 5.317172420814893219e-02 5.317172420814893219e-02
4.398718699999999870e+00 2.810615516070029841e-03 5.301523852695590872e-02 5.301523852695590872e-02
4.404912200000000055e+00 2.794116995521933686e-03 5.285940782417008349e-02 5.285940782417008349e-02
4.411105799999999633e+00 2.777735051043526970e-03 5.270422232652263728e-02 5.270422232652263728e-02
4.417299299999999818e+00 2.761469175047135977e-03 5.254968292051947348e-02 5.254968292051947348e-02
4.423492800000000003e+00 2.745318140827358953e-03 5.239578361688428110e-02 5.239578361688428110e-02
4.429686399999999580e+00 2.729280804948544612e-03 5.224251912904415845e-02 5.224251912904415845e-02
4.435879899999999765e+00 2.713356874678475150e-03 5.208989225059382916e-02 5.208989225059382916e-02
4.442073500000000230e+00 2.697545097442939546e-03 5.193789654426659436e-02 5.193789654426659436e-02
4.448267000000000415e+00 2.681845313674816132e-03 5.178653602699079955e-02 5.178653602699079955e-02
4.454460599999999992e+00 2.666256408967299357e-03 5.163580549354584298e-02 5.163580549354584298e-02
4.460654100000000177e+00 2.650778335300532466e-03 5.148571001064793096e-02 5.148571001064793096e-02
4.466888400000000203e+00 2.635309463290153812e-03 5.133526529872182997e-02 5.133526529872182997e-02
4.473081900000000388e+00 2.620051796909700099e-03 5.118644153396190166e-02 5.118644153396190166e-02
4.479275499999999965e+00 2.604903061684590588e-03 5.103825096615861173e-02 5.103825096615861173e-02
4.485469000000000150e+00 2.589863333114718943e-03 5.089069986858815731e-02 5.089069986858815731e-02
4.491662599999999728e+00 2.574931721636106695e-03 5.074378505429119612e-02 5.074378505429119612e-02
4.497856099999999913e+00 2.560108305097855575e-03 5.059751283509749537e-02 5.059751283509749537e-02
4.504049600000000098e+00 2.545392426847077269e-03 5.045188229240884364e-02 5.045188229240884364e-02
4.510243199999999675e+00 2.530783417277550611e-03 5.030689234366947371e-02 5.030689234366947371e-02
4.516436699999999860e+00 2.516281284807119715e-03 5.016254862750815086e-02 5.016254862750815086e-02
4.522630300000000325e+00 2.501885061124031751e-03 5.001884705912394008e-02 5.001884705912394008e-02
4.528823799999999622e+00 2.487594667545397088e-03 4.987579240017542964e-02 4.987579240017542964e-02
4.535017299999999807e+00 2.473409277997213555e-03 4.973338192800901697e-02 4.973338192800901697e-02
4.541210900000000272e+00 2.459328019611749499e-03 4.959161239173162650e-02 4.959161239173162650e-02
4.547445200000000298e+00 2.445258909563000072e-03 4.944955924538660397e-02 4.944955924538660397e-02
4.553638699999999595e+00 2.431385103372963284e-03 4.930907729184316746e-02 4.930907729184316746e-02
4.559832300000000060e+00 2.417613145387519612e-03 4.916922966030197462e-02 4.916922966030197462e-02
4.566025800000000245e+00 2.403942604864903881e-03 4.903001738593312092e-02 4.903001738593312092e-02
4.572219300000000430e+00 2.390372329746435869e-03 4.889143411423350905e-02 4.889143411423350905e-02
4.578412900000000008e+00 2.376901125282135634e-03 4.875347295610986398e-02 4.875347295610986398e-02
4.584606400000000193e+00 2.363528404729251138e-03 4.861613317335358730e-02 4.861613317335358730e-02
4.590799999999999770e+00 2.350252677335200237e-03 4.847940467183152469e-02 4.847940467183152469e-02
4.596993499999999955e+00 2.337073283166597217e-03 4.834328581268134556e-02 4.834328581268134556e-02
4.603187100000000420e+00 2.323988686383027160e-03 4.820776583065250476e-02 4.820776583065250476e-02
4.609380599999999717e+00 2.310998186284878887e-03 4.807284250265297931e-02 4.807284250265297931e-02
4.615574099999999902e+00 2.298100443538177075e-03 4.793850689725512315e-02 4.793850689725512315e-02
4.621767700000000367e+00 2.285294129630687041e-03 4.780475007392766262e-02 4.780475007392766262e-02
4.627961199999999664e+00 2.272578549200605924e-03 4.767156961125368353e-02 4.767156961125368353e-02
4.634195499999999690e+00 2.259869526660306365e-03 4.753808501254869201e-02 4.753808501254869201e-02
4.640389100000000155e+00 2.247332144342617175e-03 4.740603489369910745e-02 4.740603489369910745e-02
4.646582600000000340e+00 2.234882320209975824e-03 4.727454198836807120e-02 4.727454198836807120e-02
4.652776099999999637e+00 2.222518874017343458e-03 4.714359844154181189e-02 4.714359844154181189e-02
4.658969700000000103e+00 2.210240679038984798e-03 4.701319686044531238e-02 4.701319686044531238e-02
4.665163200000000288e+00 2.198047254325295914e-03 4.688333663814144708e-02 4.688333663814144708e-02
4.671356799999999865e+00 2.185937382974330410e-03 4.675400927165851428e-02 4.675400927165851428e-02
4.677550300000000050e+00 2.173910688409113820e-03 4.662521515670586120e-02 4.662521515670586120e-02
4.683743800000000235e+00 2.161966262215701817e-03 4.649694895598744521e-02 4.649694895598744521e-02
4.689937399999999812e+00 2.150103255249047156e-03 4.636920589409578020e-02 4.636920589409578020e-02
4.696130899999999997e+00 2.138321443554408799e-03 4.624198788497753398e-02 4.624198788497753398e-02
4.702324499999999574e+00 2.126619886981579496e-03 4.611528908053791342e-02 4.611528908053791342e-02
4.708517999999999759e+00 2.114998446080831873e-03 4.598911225584629420e-02 4.598911225584629420e-02
4.714752299999999785e+00 2.103380679321336343e-03 4.586262835164744978e-02 4.586262835164744978e-02
4.720945799999999970e+00 2.091918196764396779e-03 4.573749224393917900e-02 4.573749224393917900e-02
4.727139400000000435e+00 2.080534093803885869e-03 4.561287201880501879e-02 4.561287201880501879e-02
4.733332899999999732e+00 2.069228324244844729e-03 4.548877140839093641e-02 4.548877140839093641e-02
4.739526500000000198e+00 2.058000115980182856e-03 4.536518616715005947e-02 4.536518616715005947e-02
4.745720000000000383e+00 2.046849423447146595e-03 4.524212001495007962e-02 4.524212001495007962e-02
4.751913599999999960e+00 2.035775469589234336e-03 4.511956858824377192e-02 4.511956858824377192e-02
4.758107100000000145e+00 2.024778178891827214e-03 4.499753525352057776e-02 4.499753525352057776e-02
4.764300600000000330e+00 2.013856915985985478e-03 4.487601715823258397e-02 4.487601715823258397e-02
4.770494199999999907e+00 2.003011021613814759e-03 4.475501113410446791e-02 4.475501113410446791e-02
4.776687700000000092e+00 1.992240327417544622e-03 4.463451945991515207e-02 4.463451945991515207e-02
4.782881299999999669e+00 1.981543929176906964e-03 4.451453615592222690e-02 4.451453615592222690e-02
4.789074799999999854e+00 1.970921575239710510e-03 4.439506250969482010e-02 4.439506250969482010e-02
4.795309099999999880e+00 1.960303201416063127e-03 4.427531142088176469e-02 4.427531142088176469e-02
4.801502600000000065e+00 1.949827104500378733e-03 4.415684663220845185e-02 4.415684663220845185e-02
4.807696199999999642e+00 1.939422661407205805e-03 4.403887670464819853e-02 4.403887670464819853e-02
4.813889699999999827e+00 1.929089444705174745e-03 4.392140075982520903e-02 4.392140075982520903e-02
4.820083300000000293e+00 1.918826321174566104e-03 4.380440983707652169e-02 4.380440983707652169e-02
4.826276799999999589e+00 1.908632791085627944e-03 4.368790211357862635e-02 4.368790211357862635e-02
4.832470299999999774e+00 1.898507830928344376e-03 4.357186972036367067e-02 4.357186972036367067e-02
4.838663900000000240e+00 1.888450401886255028e-03 4.345630451253598009e-02 4.345630451253598009e-02
4.844857400000000425e+00 1.878459939095923712e-03 4.334120371074070416e-02 4.334120371074070416e-02
4.851051000000000002e+00 1.868535225274342527e-03 4.322655694447966046e-02 4.322655694447966046e-02
4.857244500000000187e+00 1.858675689204861755e-03 4.311236121119860210e-02 4.311236121119860210e-02
4.863438099999999764e+00 1.848880131863138692e-03 4.299860616186457901e-02 4.299860616186457901e-02
4.869631599999999949e+00 1.839148008090792010e-03 4.288528894726945789e-02 4.288528894726945789e-02
4.875865899999999975e+00 1.829414830418850564e-03 4.277165919646852554e-02 4.277165919646852554e-02
4.882059400000000160e+00 1.819807190834556599e-03 4.265919819727694712e-02 4.265919819727694712e-02
4.888252999999999737e+00 1.810260273999045625e-03 4.254715353580126175e-02 4.254715353580126175e-02
4.894446499999999922e+00 1.800773676544194886e-03 4.243552375715651387e-02 4.243552375715651387e-02
4.900640100000000388e+00 1.791346432563991438e-03 4.232430073331384934e-02 4.232430073331384934e-02
4.906833599999999684e+00 1.781978242960009784e-03 4.221348413670695382e-02 4.221348413670695382e-02
4.913027099999999869e+00 1.772668410332903536e-03 4.210306889447494594e-02 4.210306889447494594e-02
4.919220700000000335e+00 1.763416301376828730e-03 4.199305063194181536e-02 4.199305063194181536e-02
4.925414199999999632e+00 1.754221791028152955e-03 4.188343098443766260e-02 4.188343098443766260e-02
4.931607800000000097e+00 1.745084218067214504e-03 4.177420517576863057e-02 4.177420517576863057e-02
4.937801300000000282e+00 1.736003570467872662e-03 4.166537615896288155e-02 4.166537615896288155e-02
4.943994899999999859e+00 1.726979301589022216e-03 4.155694047435424393e-02 4.155694047435424393e-02
4.950188400000000044e+00 1.718011498463431312e-03 4.144890225884675233e-02 4.144890225884675233e-02
4.956381900000000229e+00 1.709099853914016268e-03 4.134126091345081966e-02 4.134126091345081966e-02
4.962616200000000255e+00 1.700186092479492829e-03 4.123331289721325621e-02 4.123331289721325621e-02
4.968809799999999832e+00 1.691386648508331255e-03 4.112647138411380104e-02 4.112647138411380104e-02
4.975003300000000017e+00 1.682643213151332031e-03 4.102003428998240303e-02 4.102003428998240303e-02
4.981196800000000202e+00 1.673955584275904325e-03 4.091400230087377521e-02 4.091400230087377521e-02
4.987390399999999779e+00 1.665323568326998113e-03 4.080837620301741575e-02 4.080837620301741575e-02
4.993583899999999964e+00 1.656747386013554535e-03 4.070316186752025167e-02 4.070316186752025167e-02
4.999777500000000430e+00 1.648226690823154138e-03 4.059835822817413342e-02 4.059835822817413342e-02
5.005970999999999727e+00 1.639761669067246047e-03 4.049397077426769576e-02 4.049397077426769576e-02
5.012164600000000192e+00 1.631351932167977425e-03 4.038999792235668795e-02 4.038999792235668795e-02
5.018358100000000377e+00 1.622997603715318560e-03 4.028644441639542967e-02 4.028644441639542967e-02
5.024551599999999674e+00 1.614698361319036237e-03 4.018330948688816212e-02 4.018330948688816212e-02
5.030745200000000139e+00 1.606453843550033301e-03 4.008059185628417426e-02 4.008059185628417426e-02
5.036938700000000324e+00 1.598264042015981688e-03 3.997829463616452833e-02 3.997829463616452833e-02
5.043173000000000350e+00 1.590075086439593586e-03 3.987574559101802335e-02 3.987574559101802335e-02
5.049366599999999927e+00 1.581993657589534112e-03 3.977428387274287852e-02 3.977428387274287852e-02
5.055560100000000112e+00 1.573965826173649761e-03 3.967323816092719474e-02 3.967323816092719474e-02
5.061753600000000297e+00 1.565990994978444864e-03 3.957260409650147082e-02 3.957260409650147082e-02
5.067947199999999874e+00 1.558068526616120412e-03 3.947237675408107882e-02 3.947237675408107882e-02
5.074140700000000059e+00 1.550198127448293916e-03 3.937255551076528776e-02 3.937255551076528776e-02
5.080334299999999637e+00 1.542378959324240770e-03 3.927313279233324295e-02 3.927313279233324295e-02
5.086527799999999822e+00 1.534610662147928338e-03 3.917410703702036562e-02 3.917410703702036562e-02
5.092721400000000287e+00 1.526892350514476781e-03 3.907546993337990271e-02 3.907546993337990271e-02
5.098914899999999584e+00 1.519223624380063161e-03 3.897721930025362103e-02 3.897721930025362103e-02
5.105108399999999769e+00 1.511603702300058204e-03 3.887934801793952594e-02 3.887934801793952594e-02
5.111302000000000234e+00 1.504031806601334627e-03 3.878184893221743590e-02 3.878184893221743590e-02
5.117495500000000419e+00 1.496507534363536712e-03 3.868471964954039305e-02 3.868471964954039305e-02
5.123729799999999557e+00 1.488981027733419192e-03 3.858731692840821487e-02 3.858731692840821487e-02
5.129923400000000022e+00 1.481550069052166643e-03 3.849090891434192585e-02 3.849090891434192585e-02
5.136116900000000207e+00 1.474164909438024484e-03 3.839485524699923213e-02 3.839485524699923213e-02
5.142310400000000392e+00 1.466824885831913934e-03 3.829914993615281260e-02 3.829914993615281260e-02
5.148503999999999969e+00 1.459529378766416226e-03 3.820378749242561711e-02 3.820378749242561711e-02
5.154697500000000154e+00 1.452278166474551798e-03 3.810876758010618010e-02 3.810876758010618010e-02
5.160891099999999732e+00 1.445070605061188340e-03 3.801408429860159838e-02 3.801408429860159838e-02
5.167084599999999917e+00 1.437906566924610852e-03 3.791973848702823863e-02 3.791973848702823863e-02
5.173278100000000101e+00 1.430785624959325132e-03 3.782572702486133170e-02 3.782572702486133170e-02
5.179471699999999679e+00 1.423707404165346991e-03 3.773204744200010785e-02 3.773204744200010785e-02
5.185665199999999864e+00 1.416671919541621439e-03 3.763870241575314329e-02 3.763870241575314329e-02
5.191858800000000329e+00 1.409678774867940357e-03 3.754568916490867020e-02 3.754568916490867020e-02
5.198052299999999626e+00 1.402728067457813862e-03 3.745301146046621510e-02 3.745301146046621510e-02
5.204245900000000091e+00 1.395819479904645069e-03 3.736066755164640929e-02 3.736066755164640929e-02
5.210480099999999837e+00 1.388908190169781294e-03 3.726805857795360832e-02 3.726805857795360832e-02
5.216673700000000302e+00 1.382084177226619451e-03 3.717639274091314588e-02 3.717639274091314588e-02
5.222867199999999599e+00 1.375302379024493336e-03 3.708506948927686037e-02 3.708506948927686037e-02
5.229060800000000064e+00 1.368562561969077209e-03 3.699408820296936490e-02 3.699408820296936490e-02
5.235254300000000249e+00 1.361864930565043815e-03 3.690345418202805455e-02 3.690345418202805455e-02
5.241447899999999827e+00 1.355209249433133667e-03 3.681316679441112155e-02 3.681316679441112155e-02
5.247641400000000012e+00 1.348595701226101883e-03 3.672323108369008465e-02 3.672323108369008465e-02
5.253834900000000196e+00 1.342024125910749963e-03 3.663364745573050030e-02 3.663364745573050030e-02
5.260028499999999774e+00 1.335494339978856703e-03 3.654441598902432448e-02 3.654441598902432448e-02
5.266221999999999959e+00 1.329006444192719696e-03 3.645554065149383960e-02 3.645554065149383960e-02
5.272415600000000424e+00 1.322560082651581728e-03 3.636701916093181691e-02 3.636701916093181691e-02
5.278609099999999721e+00 1.316155277186285269e-03 3.627885440840553088e-02 3.627885440840553088e-02
5.284802599999999906e+00 1.309791694537391395e-03 3.619104439688624469e-02 3.619104439688624469e-02
5.291036899999999932e+00 1.303427546325562712e-03 3.610301298126740444e-02 3.610301298126740444e-02
5.297230500000000397e+00 1.297145712089341901e-03 3.601590915261396186e-02 3.601590915261396186e-02
5.303423999999999694e+00 1.290904249655081600e-03 3.592915598306035269e-02 3.592915598306035269e-02
5.309617600000000159e+00 1.284702555455702680e-03 3.584274759914064801e-02 3.584274759914064801e-02
5.315811100000000344e+00 1.278540389531789088e-03 3.575668314499807349e-02 3.575668314499807349e-02
5.322004599999999641e+00 1.272417177117865159e-03 3.567095705357321844e-02 3.567095705357321844e-02
5.328198200000000107e+00 1.266332316868175366e-03 3.558556332093360669e-02 3.558556332093360669e-02
5.334391700000000291e+00 1.260285478526500420e-03 3.550049969403952510e-02 3.550049969403952510e-02
5.340585299999999869e+00 1.254275923123054351e-03 3.541575811871114365e-02 3.541575811871114365e-02
5.346778800000000054e+00 1.248303290900367899e-03 3.533133582105787984e-02 3.533133582105787984e-02
5.352972399999999631e+00 1.242366832146513762e-03 3.524722446018287159e-02 3.524722446018287159e-02
5.359165899999999816e+00 1.236466185902497473e-03 3.516342113478859721e-02 3.516342113478859721e-02
5.365359400000000001e+00 1.230600714659680055e-03 3.507991896597938142e-02 3.507991896597938142e-02
5.371593700000000027e+00 1.224731598099389413e-03 3.499616547708319508e-02 3.499616547708319508e-02
5.377787299999999604e+00 1.218935061648209091e-03 3.491325051679102648e-02 3.491325051679102648e-02
5.383980799999999789e+00 1.213172300549081924e-03 3.483062302843694530e-02 3.483062302843694530e-02
5.390174400000000254e+00 1.207442695730363271e-03 3.474827615480174242e-02 3.474827615480174242e-02
5.396367900000000439e+00 1.201746038691357040e-03 3.466620888835923731e-02 3.466620888835923731e-02
5.402561399999999736e+00 1.196081885747954680e-03 3.458441680508657357e-02 3.458441680508657357e-02
5.408755000000000202e+00 1.190449840008816953e-03 3.450289611045451177e-02 3.450289611045451177e-02
5.414948500000000386e+00 1.184849822788135122e-03 3.442164758968017935e-02 3.442164758968017935e-02
5.421142099999999964e+00 1.179281438202291199e-03 3.434066741055408212e-02 3.434066741055408212e-02
5.427335600000000149e+00 1.173744695240285484e-03 3.425995760709994731e-02 3.425995760709994731e-02
5.433529100000000334e+00 1.168239374764265580e-03 3.417951688898287349e-02 3.417951688898287349e-02
5.439722699999999911e+00 1.162765298104103968e-03 3.409934454068148241e-02 3.409934454068148241e-02
5.445916200000000096e+00 1.157322585579492356e-03 3.401944422796310957e-02 3.401944422796310957e-02
5.452109799999999673e+00 1.151911033918759765e-03 3.393981487749690024e-02 3.393981487749690024e-02
5.458344099999999699e+00 1.146495474559763644e-03 3.385993908086314813e-02 3.385993908086314813e-02
5.464537599999999884e+00 1.141146715842986884e-03 3.378086316012346435e-02 3.378086316012346435e-02
5.470731100000000069e+00 1.135829235290945240e-03 3.370206574219072188e-02 3.370206574219072188e-02
5.476924699999999646e+00 1.130542972995172068e-03 3.362354789422395546e-02 3.362354789422395546e-02
5.483118199999999831e+00 1.125288120841810846e-03 3.354531443945354963e-02 3.354531443945354963e-02
5.489311800000000297e+00 1.120064519540232275e-03 3.346736499248532254e-02 3.346736499248532254e-02
5.495505299999999593e+00 1.114872330944192665e-03 3.338970396610596580e-02 3.338970396610596580e-02
5.501698900000000059e+00 1.109711357421559134e-03 3.331233041114894933e-02 3.331233041114894933e-02
5.507892400000000244e+00 1.104581707268371786e-03 3.323524796459884773e-02 3.323524796459884773e-02
5.514085900000000429e+00 1.099483205707889799e-03 3.315845602117037383e-02 3.315845602117037383e-02
5.520279500000000006e+00 1.094415643611250941e-03 3.308195344309720204e-02 3.308195344309720204e-02
5.526473000000000191e+00 1.089379018181852203e-03 3.300574220013621080e-02 3.300574220013621080e-02
5.532666599999999768e+00 1.084372960030974536e-03 3.292981870631805225e-02 3.292981870631805225e-02
5.538900899999999794e+00 1.079364706756812987e-03 3.285368634958355655e-02 3.285368634958355655e-02
5.545094399999999979e+00 1.074419440829689227e-03 3.277833798150371625e-02 3.277833798150371625e-02
5.551287900000000164e+00 1.069503960894798269e-03 3.270327140967396046e-02 3.270327140967396046e-02
5.557481499999999741e+00 1.064617828088150258e-03 3.262848185386733879e-02 3.262848185386733879e-02
5.563674999999999926e+00 1.059760809033341274e-03 3.255396763888145778e-02 3.255396763888145778e-02
5.569868600000000392e+00 1.054932329617476938e-03 3.247972182173789607e-02 3.247972182173789607e-02
5.576062099999999688e+00 1.050132107983193846e-03 3.240574189836106789e-02 3.240574189836106789e-02
5.582255599999999873e+00 1.045359613857585251e-03 3.233202149352226024e-02 3.233202149352226024e-02
5.588449200000000339e+00 1.040614311093318676e-03 3.225855407629608235e-02 3.225855407629608235e-02
5.594642699999999635e+00 1.035895892429190227e-03 3.218533660580839839e-02 3.218533660580839839e-02
5.600836300000000101e+00 1.031203751280380422e-03 3.211236134700126005e-02 3.211236134700126005e-02
5.607029800000000286e+00 1.026537598179618361e-03 3.203962543756743581e-02 3.203962543756743581e-02
5.613223399999999863e+00 1.021896861356103199e-03 3.196712156820039757e-02 3.196712156820039757e-02
5.619457599999999609e+00 1.017251047144353141e-03 3.189437328345476330e-02 3.189437328345476330e-02
5.625651200000000074e+00 1.012660301880717335e-03 3.182232395474468567e-02 3.182232395474468567e-02
5.631844700000000259e+00 1.008094035297212813e-03 3.175049661496986281e-02 3.175049661496986281e-02
5.638038299999999836e+00 1.003551814373389132e-03 3.167888593958741172e-02 3.167888593958741172e-02
5.644231800000000021e+00 9.990335439402503459e-04 3.160749189575551288e-02 3.160749189575551288e-02
5.650425399999999598e+00 9.945388819216436759e-04 3.153631053122168265e-02 3.153631053122168265e-02
5.656618899999999783e+00 9.900678238048082978e-04 3.146534321765469266e-02 3.146534321765469266e-02
5.662812399999999968e+00 9.856201933957139255e-04 3.139458860051703298e-02 3.139458860051703298e-02
5.669006000000000434e+00 9.811958607936447242e-04 3.132404604762361461e-02 3.132404604762361461e-02
5.675199499999999730e+00 9.767949524504809106e-04 3.125371901791018647e-02 3.125371901791018647e-02
5.681393100000000196e+00 9.724173484975226663e-04 3.118360704757425217e-02 3.118360704757425217e-02
5.687586600000000381e+00 9.680632466688781582e-04 3.111371476807097899e-02 3.111371476807097899e-02
5.693780099999999678e+00 9.637326612342830617e-04 3.104404389306076109e-02 3.104404389306076109e-02
5.700014399999999704e+00 9.593974062931500194e-04 3.097414092905806382e-02 3.097414092905806382e-02
