6.108177000000000051e-02 1.930876972336656650e+01 4.394174521268650047e+00 4.394174521268650047e+00
6.727816400000000141e-02 1.908387220099156423e+01 4.368509150842145417e+00 4.368509150842145417e+00
7.347496600000000266e-02 1.884139524969530299e+01 4.340667604147466108e+00 4.340667604147466108e+00
7.967135999999999663e-02 1.858244745097418971e+01 4.310736300329003789e+00 4.310736300329003789e+00
8.586816199999999788e-02 1.830813640250314478e+01 4.278800813604571651e+00 4.278800813604571651e+00
9.206455600000000572e-02 1.801969780161240209e+01 4.244961460556786470e+00 4.244961460556786470e+00
9.826135799999999310e-02 1.771834401409410731e+01 4.209316335712262713e+00 4.209316335712262713e+00
1.044577500000000020e-01 1.740540811644639518e+01 4.171978920901493915e+00 4.171978920901493915e+00
1.106545500000000043e-01 1.708217739160426163e+01 4.133059083972096204e+00 4.133059083972096204e+00
1.168509499999999951e-01 1.675004954591951289e+01 4.092682438929205802e+00 4.092682438929205802e+00
1.230477499999999974e-01 1.641035626728273655e+01 4.050969793430054366e+00 4.050969793430054366e+00
1.292441400000000074e-01 1.606452694569745177e+01 4.008057752290683950e+00 4.008057752290683950e+00
1.354409500000000044e-01 1.571390246065176655e+01 3.964076495307799597e+00 3.964076495307799597e+00
1.416373400000000005e-01 1.535991115335245816e+01 3.919172253595452737e+00 3.919172253595452737e+00
1.478341400000000028e-01 1.500387191845254620e+01 3.873483176477283685e+00 3.873483176477283685e+00
1.540305399999999936e-01 1.464717461156464928e+01 3.827162736488304962e+00 3.827162736488304962e+00
1.602273399999999959e-01 1.429108568982525895e+01 3.780355233284996341e+00 3.780355233284996341e+00
1.664237299999999919e-01 1.393692533773104358e+01 3.733219165509981785e+00 3.733219165509981785e+00
1.726205299999999943e-01 1.358587415721018665e+01 3.685902081880389147e+00 3.685902081880389147e+00
1.788169300000000128e-01 1.323915196574424158e+01 3.638564547420347850e+00 3.638564547420347850e+00
1.850137299999999874e-01 1.289782784042188624e+01 3.591354596864793969e+00 3.591354596864793969e+00
1.912101200000000112e-01 1.256299370247518787e+01 3.544431365180483962e+00 3.544431365180483962e+00
1.974069300000000082e-01 1.223558000743291174e+01 3.497939394476826891e+00 3.497939394476826891e+00
2.036037300000000105e-01 1.191650832373222713e+01 3.452029594851734107e+00 3.452029594851734107e+00
2.098001200000000066e-01 1.160661479812107189e+01 3.406848220587625597e+00 3.406848220587625597e+00
2.159969200000000089e-01 1.130658953693111357e+01 3.362527254451793013e+00 3.362527254451793013e+00
2.221933199999999997e-01 1.101711455277259866e+01 3.319203903464293059e+00 3.319203903464293059e+00
2.283901200000000020e-01 1.073870484092604194e+01 3.276996313840777386e+00 3.276996313840777386e+00
2.345865099999999981e-01 1.047185727592407467e+01 3.236024918928170901e+00 3.236024918928170901e+00
2.407833100000000004e-01 1.021690474032106977e+01 3.196389328652107231e+00 3.196389328652107231e+00
2.469797099999999912e-01 9.974156695134631434e+00 3.158188831456192780e+00 3.158188831456192780e+00
2.531765100000000213e-01 9.743766968998871292e+00 3.121500755886320810e+00 3.121500755886320810e+00
2.593729000000000173e-01 9.525861745232480970e+00 3.086399479204284813e+00 3.086399479204284813e+00
2.655697100000000144e-01 9.320421572489099304e+00 3.052936549044067416e+00 3.052936549044067416e+00
2.717661000000000104e-01 9.127400992862762408e+00 3.021158882426206116e+00 3.021158882426206116e+00
2.779629000000000127e-01 8.946621836967480590e+00 2.991090409360352531e+00 2.991090409360352531e+00
2.841593000000000035e-01 8.777881178110584770e+00 2.962748922556649234e+00 2.962748922556649234e+00
2.903561000000000059e-01 8.620861487009307211e+00 2.936130359335107354e+00 2.936130359335107354e+00
2.965524900000000019e-01 8.475224051451826668e+00 2.911223806486170407e+00 2.911223806486170407e+00
3.027492900000000042e-01 8.340532879546715961e+00 2.887998074713125085e+00 2.887998074713125085e+00
3.089456899999999950e-01 8.216337755600299886e+00 2.866415489003696582e+00 2.866415489003696582e+00
3.151424899999999973e-01 8.102110106336287032e+00 2.846420577907679217e+00 2.846420577907679217e+00
3.213392899999999996e-01 7.997307707448327641e+00 2.827951150117046897e+00 2.827951150117046897e+00
3.275356899999999905e-01 7.901354584560428052e+00 2.810934823961670492e+00 2.810934823961670492e+00
3.337324899999999928e-01 7.813631820575082543e+00 2.795287430761831615e+00 2.795287430761831615e+00
3.399288799999999888e-01 7.733526273386124750e+00 2.780921838776869492e+00 2.780921838776869492e+00
3.461256799999999911e-01 7.660390960376234126e+00 2.767741129581347437e+00 2.767741129581347437e+00
3.523220799999999819e-01 7.593593538283742284e+00 2.755647571494537651e+00 2.755647571494537651e+00
3.585188799999999842e-01 7.532483677373138065e+00 2.744537060666723427e+00 2.744537060666723427e+00
3.647152699999999803e-01 7.476433506935875606e+00 2.734306768988417069e+00 2.734306768988417069e+00
3.709120799999999774e-01 7.424810603065916226e+00 2.724850565272509684e+00 2.724850565272509684e+00
3.771084699999999734e-01 7.377012839023744384e+00 2.716065691220251654e+00 2.716065691220251654e+00
3.833052699999999757e-01 7.332444732134418608e+00 2.707848727705153724e+00 2.707848727705153724e+00
3.895016700000000220e-01 7.290547123650769734e+00 2.700101317293625236e+00 2.700101317293625236e+00
3.956984700000000243e-01 7.250777072527089473e+00 2.692726698446592959e+00 2.692726698446592959e+00
4.018948600000000204e-01 7.212632823666818460e+00 2.685634529057670861e+00 2.685634529057670861e+00
4.080932899999999974e-01 7.175625832478833566e+00 2.678735864634442354e+00 2.678735864634442354e+00
4.142868399999999895e-01 7.139358303580442211e+00 2.671957766054778638e+00 2.671957766054778638e+00
4.204844500000000096e-01 7.103376067269547178e+00 2.665215951338567812e+00 2.665215951338567812e+00
4.266820700000000244e-01 7.067339341341969394e+00 2.658446791143649790e+00 2.658446791143649790e+00
4.328796899999999837e-01 7.030923533067365838e+00 2.651588869539802218e+00 2.651588869539802218e+00
4.390732299999999810e-01 6.993868129755462348e+00 2.644592242625592782e+00 2.644592242625592782e+00
4.452708400000000011e-01 6.955878770410451217e+00 2.637400001973619901e+00 2.637400001973619901e+00
4.514684600000000159e-01 6.916772856633994770e+00 2.629975828146333683e+00 2.629975828146333683e+00
4.576660799999999751e-01 6.876382195777492434e+00 2.622285681571993265e+00 2.622285681571993265e+00
4.638596199999999725e-01 6.834603858298596180e+00 2.614307529404028774e+00 2.614307529404028774e+00
4.700572399999999873e-01 6.791287817818543182e+00 2.606009942003012281e+00 2.606009942003012281e+00
4.762548500000000073e-01 6.746400360533523433e+00 2.597383368032821327e+00 2.597383368032821327e+00
4.824524700000000221e-01 6.699912748480977065e+00 2.588418966952795497e+00 2.588418966952795497e+00
4.886460100000000195e-01 6.651858643583779873e+00 2.579119742001867444e+00 2.579119742001867444e+00
4.948436299999999788e-01 6.602203677668119219e+00 2.569475370122881408e+00 2.569475370122881408e+00
5.010412400000000543e-01 6.551032927158872532e+00 2.559498569477793861e+00 2.559498569477793861e+00
5.072388599999999581e-01 6.498422198081595269e+00 2.549200305602052019e+00 2.549200305602052019e+00
5.134324000000000110e-01 6.444502668736611817e+00 2.538602503098232432e+00 2.538602503098232432e+00
5.196300200000000258e-01 6.389314574033947203e+00 2.527709353156321281e+00 2.527709353156321281e+00
5.258276400000000406e-01 6.333017465803716384e+00 2.516548721126558252e+00 2.516548721126558252e+00
5.320252500000000051e-01 6.275745980867247553e+00 2.505143904223317897e+00 2.505143904223317897e+00
5.382187899999999470e-01 6.217680034995858307e+00 2.493527628681073693e+00 2.493527628681073693e+00
5.444164099999999618e-01 6.158888869249695475e+00 2.481710875434464558e+00 2.481710875434464558e+00
5.506140299999999765e-01 6.099557509751724282e+00 2.469728225888776496e+00 2.469728225888776496e+00
5.568116400000000521e-01 6.039831719577197333e+00 2.457606909083956293e+00 2.457606909083956293e+00
5.630051900000000442e-01 5.979892563258018434e+00 2.445381884953353957e+00 2.445381884953353957e+00
5.692028000000000088e-01 5.919797087140329594e+00 2.433063313426169216e+00 2.433063313426169216e+00
5.754004200000000235e-01 5.859711988853472775e+00 2.420684198497084605e+00 2.420684198497084605e+00
5.815980400000000383e-01 5.799755047332280533e+00 2.408268059691919039e+00 2.408268059691919039e+00
5.877915799999999802e-01 5.740071801406035235e+00 2.395844694759248217e+00 2.395844694759248217e+00
5.939891899999999447e-01 5.680677448974974730e+00 2.383417178962796257e+00 2.383417178962796257e+00
6.001868099999999595e-01 5.621691577994154088e+00 2.371010665938505291e+00 2.371010665938505291e+00
6.063844299999999743e-01 5.563180666760803916e+00 2.358639579664685293e+00 2.358639579664685293e+00
6.125779700000000272e-01 5.505234811763682679e+00 2.346323680092685660e+00 2.346323680092685660e+00
6.187755900000000420e-01 5.447815488604674350e+00 2.334055588156519256e+00 2.334055588156519256e+00
6.249732000000000065e-01 5.390984985591186884e+00 2.321849475222540704e+00 2.321849475222540704e+00
6.311708200000000213e-01 5.334753493707751204e+00 2.309708530033118823e+00 2.309708530033118823e+00
6.373643599999999632e-01 5.279155193642888655e+00 2.297641223873494454e+00 2.297641223873494454e+00
6.435619799999999779e-01 5.224102744602530990e+00 2.285629616670761255e+00 2.285629616670761255e+00
6.497595900000000535e-01 5.169608337310190649e+00 2.273677272022172957e+00 2.273677272022172957e+00
6.559572099999999573e-01 5.115637736332543817e+00 2.261777561196622877e+00 2.261777561196622877e+00
6.621507500000000102e-01 5.062184090656739244e+00 2.249929796828500805e+00 2.249929796828500805e+00
6.683483700000000249e-01 5.009128537888257071e+00 2.238108249814619199e+00 2.238108249814619199e+00
6.745459900000000397e-01 4.956453055238937644e+00 2.226309290111986527e+00 2.226309290111986527e+00
6.807436000000000043e-01 4.904100968034145858e+00 2.214520482640462085e+00 2.214520482640462085e+00
6.869371499999999964e-01 4.852047660000868845e+00 2.202736402750194777e+00 2.202736402750194777e+00
6.931347599999999609e-01 4.800166031529897737e+00 2.190928121032248210e+00 2.190928121032248210e+00
6.993323799999999757e-01 4.748432452495654488e+00 2.179089822034799617e+00 2.179089822034799617e+00
7.055299999999999905e-01 4.696791754694872090e+00 2.167208285951046420e+00 2.167208285951046420e+00
7.117235400000000434e-01 4.645226395151961896e+00 2.155278727949580642e+00 2.155278727949580642e+00
7.179211500000000079e-01 4.593621892008318497e+00 2.143273639087719840e+00 2.143273639087719840e+00
7.241187700000000227e-01 4.541971221331156272e+00 2.131190095071567203e+00 2.131190095071567203e+00
7.303163900000000375e-01 4.490240252996804848e+00 2.119018700483033868e+00 2.119018700483033868e+00
7.365099299999999793e-01 4.438436186799536110e+00 2.106759641439795772e+00 2.106759641439795772e+00
7.427075499999999941e-01 4.386471504822326395e+00 2.094390485277835445e+00 2.094390485277835445e+00
7.489051599999999587e-01 4.334369052918184195e+00 2.081914756400507382e+00 2.081914756400507382e+00
7.551027799999999734e-01 4.282125365964907004e+00 2.069329690011938894e+00 2.069329690011938894e+00
7.612963200000000263e-01 4.229779683143073399e+00 2.056642818562103514e+00 2.056642818562103514e+00
7.674939400000000411e-01 4.177275312290825937e+00 2.043838377242884086e+00 2.043838377242884086e+00
7.736915500000000057e-01 4.124666273908773384e+00 2.030927441812920620e+00 2.030927441812920620e+00
7.798891700000000204e-01 4.071978535377927422e+00 2.017914402391223216e+00 2.017914402391223216e+00
7.860827099999999623e-01 4.019278976472678622e+00 2.004813950588103300e+00 2.004813950588103300e+00
7.922803299999999771e-01 3.966535336859460248e+00 1.991616262451042507e+00 1.991616262451042507e+00
7.984779499999999919e-01 3.913823735837143047e+00 1.978338630224144135e+00 1.978338630224144135e+00
8.046755599999999564e-01 3.861188939226871675e+00 1.964990824209332354e+00 1.964990824209332354e+00
8.108691000000000093e-01 3.808712246568390025e+00 1.951592233682126087e+00 1.951592233682126087e+00
8.170667200000000241e-01 3.756372792742924016e+00 1.938136422634620493e+00 1.938136422634620493e+00
8.232643400000000389e-01 3.704253674673696484e+00 1.924643778644166803e+00 1.924643778644166803e+00
8.294619500000000034e-01 3.652402764193781515e+00 1.911126046129292266e+00 1.911126046129292266e+00
8.356554999999999955e-01 3.600899814894523931e+00 1.897603703330736025e+00 1.897603703330736025e+00
8.418531099999999601e-01 3.549721041297937862e+00 1.884070338734182615e+00 1.884070338734182615e+00
8.480507299999999749e-01 3.498940824704392494e+00 1.870545595462562494e+00 1.870545595462562494e+00
8.542483499999999896e-01 3.448596039680854819e+00 1.857039590229797588e+00 1.857039590229797588e+00
8.604459599999999542e-01 3.398719236751605699e+00 1.843561563048982110e+00 1.843561563048982110e+00
8.666395000000000071e-01 3.349370347766920997e+00 1.830128505806879469e+00 1.830128505806879469e+00
8.728371200000000218e-01 3.300507190045366634e+00 1.816729806560504201e+00 1.816729806560504201e+00
8.790347400000000366e-01 3.252180074381563202e+00 1.803380180212027062e+00 1.803380180212027062e+00
8.852323500000000012e-01 3.204401562756735267e+00 1.790084233424990234e+00 1.790084233424990234e+00
8.914258999999999933e-01 3.157209763068196562e+00 1.776853894688079416e+00 1.776853894688079416e+00
8.976235099999999578e-01 3.110545398469389600e+00 1.763673835625337416e+00 1.763673835625337416e+00
9.038211299999999726e-01 3.064437580052649768e+00 1.750553506766545420e+00 1.750553506766545420e+00
9.100187499999999874e-01 3.018880321604707095e+00 1.737492538575261758e+00 1.737492538575261758e+00
9.162122900000000403e-01 2.973893367279379252e+00 1.724498004428935083e+00 1.724498004428935083e+00
9.224099100000000551e-01 2.929404621182225554e+00 1.711550356017089491e+00 1.711550356017089491e+00
9.286075200000000196e-01 2.885428597235448755e+00 1.698654937659632047e+00 1.698654937659632047e+00
9.348051400000000344e-01 2.841947858421876916e+00 1.685807776237218780e+00 1.685807776237218780e+00
9.409986799999999763e-01 2.798972036300749533e+00 1.673012861965128328e+00 1.673012861965128328e+00
9.471962999999999910e-01 2.756425243587755869e+00 1.660248548738337604e+00 1.660248548738337604e+00
9.533939099999999556e-01 2.714316662199840913e+00 1.647518334404761919e+00 1.647518334404761919e+00
9.595915299999999704e-01 2.672627307768541627e+00 1.634817209283209616e+00 1.634817209283209616e+00
9.657850700000000232e-01 2.631366488466715836e+00 1.622148725754428478e+00 1.622148725754428478e+00
9.719826900000000380e-01 2.590463555993428368e+00 1.609491707339130162e+00 1.609491707339130162e+00
9.781803100000000528e-01 2.549931459097734443e+00 1.596850481133952115e+00 1.596850481133952115e+00
9.843779200000000174e-01 2.509758182514123082e+00 1.584221633015444830e+00 1.584221633015444830e+00
9.905714599999999592e-01 2.469960175071387098e+00 1.571610694501468064e+00 1.571610694501468064e+00
9.967690799999999740e-01 2.430478293288859337e+00 1.558999131907667035e+00 1.558999131907667035e+00
1.002966699999999989e+00 2.391334949280691013e+00 1.546394176554183320e+00 1.546394176554183320e+00
1.009164299999999903e+00 2.352529241863352105e+00 1.533795697563189897e+00 1.533795697563189897e+00
1.015357899999999924e+00 2.314087582867933701e+00 1.521212537046659374e+00 1.521212537046659374e+00
1.021555500000000061e+00 2.275964868128621088e+00 1.508630129663537156e+00 1.508630129663537156e+00
1.027753099999999975e+00 2.238193130122287489e+00 1.496059200072740181e+00 1.496059200072740181e+00
1.033950699999999889e+00 2.200781764970886289e+00 1.483503206929761342e+00 1.483503206929761342e+00
1.040144200000000074e+00 2.163766550682947987e+00 1.470974694100122271e+00 1.470974694100122271e+00
1.046341900000000047e+00 2.127110951290485108e+00 1.458461844303952093e+00 1.458461844303952093e+00
1.052539499999999961e+00 2.090855141835420650e+00 1.445978956221500633e+00 1.445978956221500633e+00
1.058737100000000098e+00 2.055013800790563838e+00 1.433531932253538477e+00 1.433531932253538477e+00
1.064930600000000060e+00 2.019625991294567768e+00 1.421135458460792700e+00 1.421135458460792700e+00
1.071128300000000033e+00 1.984660185775544150e+00 1.408779679643181071e+00 1.408779679643181071e+00
1.077325899999999947e+00 1.950156700541619825e+00 1.396480111044056338e+00 1.396480111044056338e+00
1.083523500000000084e+00 1.916129940598288783e+00 1.384243454237110926e+00 1.384243454237110926e+00
1.089717000000000047e+00 1.882615914589633510e+00 1.372084514375712105e+00 1.372084514375712105e+00
1.095914599999999961e+00 1.849582942995385837e+00 1.359993729027963560e+00 1.359993729027963560e+00
1.102112299999999934e+00 1.817064001213883673e+00 1.347985163573354628e+00 1.347985163573354628e+00
1.108309900000000070e+00 1.785069513862217905e+00 1.336064936244574008e+00 1.336064936244574008e+00
1.114503400000000033e+00 1.753627023982519573e+00 1.324245832155993341e+00 1.324245832155993341e+00
1.120700999999999947e+00 1.722700275610064891e+00 1.312516771553820849e+00 1.312516771553820849e+00
1.126898699999999920e+00 1.692313022998823913e+00 1.300889320041802799e+00 1.300889320041802799e+00
1.133096300000000056e+00 1.662467350761545504e+00 1.289367034928978528e+00 1.289367034928978528e+00
1.139289800000000019e+00 1.633180961901434358e+00 1.277959687119055499e+00 1.277959687119055499e+00
1.145487399999999933e+00 1.604412032364289642e+00 1.266653872359884137e+00 1.266653872359884137e+00
1.151685000000000070e+00 1.576175151371044247e+00 1.255458144013986699e+00 1.255458144013986699e+00
1.157882700000000042e+00 1.548463125280675090e+00 1.244372582983358289e+00 1.244372582983358289e+00
1.164076200000000005e+00 1.521286326442689463e+00 1.233404364530420017e+00 1.233404364530420017e+00
1.170273799999999920e+00 1.494598597937017326e+00 1.222537769533938556e+00 1.222537769533938556e+00
1.176471400000000056e+00 1.468407209056411977e+00 1.211778531356457078e+00 1.211778531356457078e+00
1.182669100000000029e+00 1.442699932467157220e+00 1.201124445037714317e+00 1.201124445037714317e+00
1.188862599999999992e+00 1.417481640047339564e+00 1.190580379498729746e+00 1.190580379498729746e+00
1.195060199999999906e+00 1.392705595105884431e+00 1.180129482347545000e+00 1.180129482347545000e+00
1.201257800000000042e+00 1.368375508634490423e+00 1.169775836916838729e+00 1.169775836916838729e+00
1.207455399999999957e+00 1.344478268793934284e+00 1.159516394361862490e+00 1.159516394361862490e+00
1.213648999999999978e+00 1.321016021117457973e+00 1.149354610691347034e+00 1.149354610691347034e+00
1.219846599999999892e+00 1.297946022423355883e+00 1.139274340281284381e+00 1.139274340281284381e+00
1.226044200000000028e+00 1.275271713208695923e+00 1.129279289285292753e+00 1.129279289285292753e+00
1.232241799999999943e+00 1.252981989238258542e+00 1.119366780478256995e+00 1.119366780478256995e+00
1.238435399999999964e+00 1.231080629726447606e+00 1.109540729187733499e+00 1.109540729187733499e+00
1.244633000000000100e+00 1.209530048248375733e+00 1.099786364821993878e+00 1.099786364821993878e+00
1.250830600000000015e+00 1.188336208175671871e+00 1.090108346989266952e+00 1.090108346989266952e+00
1.257028199999999929e+00 1.167491838754999067e+00 1.080505362668320535e+00 1.080505362668320535e+00
1.263221799999999950e+00 1.147003821659725586e+00 1.070982643024491532e+00 1.070982643024491532e+00
1.269419400000000087e+00 1.126840459289637497e+00 1.061527418058354932e+00 1.061527418058354932e+00
1.275617000000000001e+00 1.107010809288591302e+00 1.052145811800147435e+00 1.052145811800147435e+00
1.281814599999999915e+00 1.087511467843005564e+00 1.042838179126083675e+00 1.042838179126083675e+00
1.288008199999999936e+00 1.068352088593905291e+00 1.033611188307240303e+00 1.033611188307240303e+00
1.294205800000000073e+00 1.049505992735020543e+00 1.024453997373732994e+00 1.024453997373732994e+00
1.300403399999999987e+00 1.030984290685276861e+00 1.015373965928453748e+00 1.015373965928453748e+00
1.306600999999999901e+00 1.012786051057767978e+00 1.006372719750375566e+00 1.006372719750375566e+00
1.312794599999999923e+00 9.949220817450443732e-01 9.974578095062689442e-01 9.974578095062689442e-01
1.318992200000000059e+00 9.773688581974167011e-01 9.886196731794368864e-01 9.886196731794368864e-01
1.325189799999999973e+00 9.601376160559537132e-01 9.798661214961734700e-01 9.798661214961734700e-01
1.331387400000000110e+00 9.432278714561871391e-01 9.711991924709303392e-01 9.711991924709303392e-01
1.337580900000000073e+00 9.266498158093678938e-01 9.626265193777739926e-01 9.626265193777739926e-01
1.343778600000000045e+00 9.103802669674049275e-01 9.541384946470847783e-01 9.541384946470847783e-01
1.349976199999999960e+00 8.944294691100549421e-01 9.457428134065068992e-01 9.457428134065068992e-01
1.356173800000000096e+00 8.787953327385620295e-01 9.374408422607594105e-01 9.374408422607594105e-01
1.362367300000000059e+00 8.634855421076917947e-01 9.292392275984111549e-01 9.292392275984111549e-01
1.368565000000000031e+00 8.484766766749409772e-01 9.211279371916482051e-01 9.211279371916482051e-01
1.374762599999999946e+00 8.337759549602365983e-01 9.131133308413784677e-01 9.131133308413784677e-01
1.380960200000000082e+00 8.193790271829068939e-01 9.051955739965297232e-01 9.051955739965297232e-01
1.387153700000000045e+00 8.052904231657959100e-01 8.973797541541684852e-01 8.973797541541684852e-01
1.393351400000000018e+00 7.914860026262151571e-01 8.896549907836268645e-01 8.896549907836268645e-01
1.399548999999999932e+00 7.779698311502256658e-01 8.820259809950190544e-01 8.820259809950190544e-01
1.405746600000000068e+00 7.647353930546864076e-01 8.744915054216858552e-01 8.744915054216858552e-01
1.411940100000000031e+00 7.517844553134465091e-01 8.670550474528398999e-01 8.670550474528398999e-01
1.418137699999999946e+00 7.390928004792366446e-01 8.597050659843971099e-01 8.597050659843971099e-01
1.424335399999999918e+00 7.266615361927611927e-01 8.524444475699054502e-01 8.524444475699054502e-01
1.430533000000000055e+00 7.144835031907090794e-01 8.452712601234642076e-01 8.452712601234642076e-01
1.436726500000000017e+00 7.025586325186734538e-01 8.381877072104275683e-01 8.381877072104275683e-01
1.442924099999999932e+00 6.908634215668968404e-01 8.311819425173389009e-01 8.311819425173389009e-01
1.449121799999999904e+00 6.793979862936274650e-01 8.242560198710273678e-01 8.242560198710273678e-01
1.455319400000000041e+00 6.681551427399571308e-01 8.174075744327043980e-01 8.174075744327043980e-01
1.461512900000000004e+00 6.571345704045470359e-01 8.106383721515698637e-01 8.106383721515698637e-01
1.467710499999999918e+00 6.463145832610751595e-01 8.039369274147538658e-01 8.039369274147538658e-01
1.473908100000000054e+00 6.356957670748195621e-01 7.973053160959229224e-01 7.973053160959229224e-01
1.480105800000000027e+00 6.252715440164746674e-01 7.907411359076209623e-01 7.907411359076209623e-01
1.486299299999999990e+00 6.150429581694619730e-01 7.842467457181202528e-01 7.842467457181202528e-01
1.492496899999999904e+00 6.049907371556195734e-01 7.778115049005250858e-01 7.778115049005250858e-01
1.498694500000000041e+00 5.951166090674042675e-01 7.714380137557419470e-01 7.714380137557419470e-01
1.504892200000000013e+00 5.854157818761682730e-01 7.651246838758819502e-01 7.651246838758819502e-01
1.511089799999999927e+00 5.758843989432672617e-01 7.588704757356602437e-01 7.588704757356602437e-01
1.517283299999999890e+00 5.665247315801212880e-01 7.526783719359294578e-01 7.526783719359294578e-01
1.523480900000000027e+00 5.573211145153994517e-01 7.465394259618171047e-01 7.465394259618171047e-01
1.529678499999999941e+00 5.482769332015814401e-01 7.404572460321942051e-01 7.404572460321942051e-01
1.535876199999999914e+00 5.393895567679718450e-01 7.344314513744436557e-01 7.344314513744436557e-01
1.542069700000000099e+00 5.306628454486056468e-01 7.284660908021770576e-01 7.284660908021770576e-01
1.548267300000000013e+00 5.220832401903625630e-01 7.225532784441314194e-01 7.225532784441314194e-01
1.554464899999999927e+00 5.136549504785509201e-01 7.166972516192251508e-01 7.166972516192251508e-01
1.560662599999999900e+00 5.053764185249670637e-01 7.108983179927823581e-01 7.108983179927823581e-01
1.566856100000000085e+00 4.972519575462320263e-01 7.051609444277469052e-01 7.051609444277469052e-01
1.573053699999999999e+00 4.892694852925978943e-01 6.994780091558260304e-01 6.994780091558260304e-01
1.579251299999999913e+00 4.814332804347906114e-01 6.938539330686183115e-01 6.938539330686183115e-01
1.585448900000000050e+00 4.737421913614970337e-01 6.882893224229887918e-01 6.882893224229887918e-01
1.591642500000000071e+00 4.661998460443612657e-01 6.827882878640796349e-01 6.827882878640796349e-01
1.597840099999999985e+00 4.587952230886147564e-01 6.773442426776909997e-01 6.773442426776909997e-01
1.604037699999999900e+00 4.515318442465250937e-01 6.719611925152561005e-01 6.719611925152561005e-01
1.610235300000000036e+00 4.444081713055882954e-01 6.666394612574237932e-01 6.666394612574237932e-01
1.616428900000000057e+00 4.374269670953567779e-01 6.613826177753364677e-01 6.613826177753364677e-01
1.622626499999999972e+00 4.305773355576138495e-01 6.561839190026024227e-01 6.561839190026024227e-01
1.628824100000000108e+00 4.238617634664387235e-01 6.510466676563506638e-01 6.510466676563506638e-01
1.635021700000000022e+00 4.172779957857100097e-01 6.459705843037358841e-01 6.459705843037358841e-01
1.641215300000000044e+00 4.108277168241039612e-01 6.409584361127513841e-01 6.409584361127513841e-01
1.647412899999999958e+00 4.044999800467823925e-01 6.360031289598994109e-01 6.360031289598994109e-01
1.653610500000000094e+00 3.982962141702188763e-01 6.311071336708363733e-01 6.311071336708363733e-01
1.659808100000000008e+00 3.922134968638248953e-01 6.262695081702643884e-01 6.262695081702643884e-01
1.666001700000000030e+00 3.862525963847276977e-01 6.214922335675062692e-01 6.214922335675062692e-01
1.672199299999999944e+00 3.804026743066480365e-01 6.167679258089285854e-01 6.167679258089285854e-01
1.678396900000000080e+00 3.746644080401430044e-01 6.120983646769063702e-01 6.120983646769063702e-01
1.684594499999999995e+00 3.690345468516151306e-01 6.074821370638112672e-01 6.074821370638112672e-01
1.690788100000000016e+00 3.635133612228201305e-01 6.029206923160127518e-01 6.029206923160127518e-01
1.696985699999999930e+00 3.580904774108881194e-01 5.984066154471290311e-01 5.984066154471290311e-01
1.703183300000000067e+00 3.527662972285917076e-01 5.939413247355261882e-01 5.939413247355261882e-01
1.709380899999999981e+00 3.475376967601864764e-01 5.895232792351685625e-01 5.895232792351685625e-01
1.715574399999999944e+00 3.424050184840488065e-01 5.851538417237375223e-01 5.851538417237375223e-01
1.721772099999999917e+00 3.373584834914329367e-01 5.808256911427325253e-01 5.808256911427325253e-01
1.727969700000000053e+00 3.323989188240985548e-01 5.765404745758085925e-01 5.765404745758085925e-01
1.734167299999999967e+00 3.275236351693956993e-01 5.722968068838019118e-01 5.722968068838019118e-01
1.740360799999999930e+00 3.227333390793248880e-01 5.680962410360809178e-01 5.680962410360809178e-01
1.746558499999999903e+00 3.180193541219606401e-01 5.639320474329869715e-01 5.639320474329869715e-01
1.752756100000000039e+00 3.133829532297714993e-01 5.598061746977890385e-01 5.598061746977890385e-01
1.758953699999999953e+00 3.088221669592838281e-01 5.557177043781166281e-01 5.557177043781166281e-01
1.765147199999999916e+00 3.043382287712468326e-01 5.516685859927560331e-01 5.516685859927560331e-01
1.771344800000000053e+00 2.999236684139089393e-01 5.476528721863046512e-01 5.476528721863046512e-01
1.777542500000000025e+00 2.955800418325868484e-01 5.436727341265026325e-01 5.436727341265026325e-01
1.783740099999999940e+00 2.913062779337464714e-01 5.397279666033125700e-01 5.397279666033125700e-01
1.789933599999999903e+00 2.871039960107947819e-01 5.358208618659736633e-01 5.358208618659736633e-01
1.796131200000000039e+00 2.829666894086123041e-01 5.319461339352061779e-01 5.319461339352061779e-01
1.802328900000000012e+00 2.788962624557774217e-01 5.281062984435779262e-01 5.281062984435779262e-01
1.808526499999999926e+00 2.748921016037608189e-01 5.243015369076852172e-01 5.243015369076852172e-01
1.814720000000000111e+00 2.709560509658643923e-01 5.205343898013505832e-01 5.205343898013505832e-01
1.820917600000000025e+00 2.670822780526683204e-01 5.168000368156607793e-01 5.168000368156607793e-01
1.827115199999999939e+00 2.632728219357275412e-01 5.131011809923337053e-01 5.131011809923337053e-01
1.833312899999999912e+00 2.595270502152143832e-01 5.094379748460202695e-01 5.094379748460202695e-01
1.839506400000000097e+00 2.558469256996518948e-01 5.058131331822571797e-01 5.058131331822571797e-01
1.845704000000000011e+00 2.522269257534912046e-01 5.022219885205059242e-01 5.022219885205059242e-01
1.851901599999999926e+00 2.486688882120380584e-01 4.986671116206061183e-01 4.986671116206061183e-01
1.858099299999999898e+00 2.451720970302700420e-01 4.951485605656852362e-01 4.951485605656852362e-01
1.864292800000000083e+00 2.417382080699414237e-01 4.916687991625474652e-01 4.916687991625474652e-01
1.870490399999999998e+00 2.383618511024773456e-01 4.882231570731537240e-01 4.882231570731537240e-01
1.876687999999999912e+00 2.350444901346951110e-01 4.848138716401327319e-01 4.848138716401327319e-01
1.882885600000000048e+00 2.317852318820922686e-01 4.814407875139914417e-01 4.814407875139914417e-01
1.889079200000000069e+00 2.285851672224931408e-01 4.781058117430629362e-01 4.781058117430629362e-01
1.895276799999999984e+00 2.254391433918289389e-01 4.748043211596003621e-01 4.748043211596003621e-01
1.901474399999999898e+00 2.223481670167700708e-01 4.715380864964887064e-01 4.715380864964887064e-01
1.907672000000000034e+00 2.193111068121520180e-01 4.683066375913884083e-01 4.683066375913884083e-01
1.913865600000000056e+00 2.163286950696642064e-01 4.651114867100835104e-01 4.651114867100835104e-01
1.920063199999999970e+00 2.133958656739614046e-01 4.619479036362881819e-01 4.619479036362881819e-01
1.926260800000000106e+00 2.105133189638868085e-01 4.588173045601994238e-01 4.588173045601994238e-01
1.932458400000000021e+00 2.076797940602924109e-01 4.557189858457648124e-01 4.557189858457648124e-01
1.938652000000000042e+00 2.048958050756757021e-01 4.526541782372893175e-01 4.526541782372893175e-01
1.944849599999999956e+00 2.021564906138356155e-01 4.496181609030440729e-01 4.496181609030440729e-01
1.951047200000000093e+00 1.994624106998457991e-01 4.466121479537315531e-01 4.466121479537315531e-01
1.957244800000000007e+00 1.968123348783942517e-01 4.436353625201605033e-01 4.436353625201605033e-01
1.963438400000000028e+00 1.942067338993962722e-01 4.406889309925951514e-01 4.406889309925951514e-01
1.969635999999999942e+00 1.916410847450551180e-01 4.377683002971493598e-01 4.377683002971493598e-01
1.975833600000000079e+00 1.891159734763160349e-01 4.348746641002623758e-01 4.348746641002623758e-01
1.982031199999999993e+00 1.866303436062190235e-01 4.320073420744363069e-01 4.320073420744363069e-01
1.988224800000000014e+00 1.841847646915681092e-01 4.291675252061461499e-01 4.291675252061461499e-01
1.994422399999999929e+00 1.817751431462130973e-01 4.263509624079827032e-01 4.263509624079827032e-01
2.000620000000000065e+00 1.794022001087636209e-01 4.235589688682835918e-01 4.235589688682835918e-01
2.006817600000000201e+00 1.770651305222510907e-01 4.207910770468535899e-01 4.207910770468535899e-01
2.013011099999999942e+00 1.747647058104921103e-01 4.180486883252859664e-01 4.180486883252859664e-01
2.019208799999999915e+00 1.724971677886709687e-01 4.153277835501388293e-01 4.153277835501388293e-01
2.025406400000000051e+00 1.702635080169466186e-01 4.126299892360547061e-01 4.126299892360547061e-01
2.031604000000000187e+00 1.680631303538642207e-01 4.099550345511861482e-01 4.099550345511861482e-01
2.037797499999999928e+00 1.658969507185462100e-01 4.073044938599943987e-01 4.073044938599943987e-01
2.043995199999999901e+00 1.637616063481678041e-01 4.046746920035497186e-01 4.046746920035497186e-01
2.050192800000000037e+00 1.616581904424455318e-01 4.020673953983903148e-01 4.020673953983903148e-01
2.056390400000000174e+00 1.595862817860941862e-01 3.994825174974421800e-01 3.994825174974421800e-01
2.062583899999999915e+00 1.575468610101771194e-01 3.969217315922335954e-01 3.969217315922335954e-01
2.068781500000000051e+00 1.555368895395695117e-01 3.943816546691408798e-01 3.943816546691408798e-01
2.074979200000000024e+00 1.535573713521657668e-01 3.918639704695568993e-01 3.918639704695568993e-01
2.081176800000000160e+00 1.516080533182846135e-01 3.893687883206415901e-01 3.893687883206415901e-01
2.087370299999999901e+00 1.496898479948454708e-01 3.868977229124584416e-01 3.868977229124584416e-01
2.093567900000000037e+00 1.477998969768761495e-01 3.844475217463056427e-01 3.844475217463056427e-01
2.099765600000000010e+00 1.459391227809408442e-01 3.820197937030761492e-01 3.820197937030761492e-01
2.105963200000000146e+00 1.441072456295722781e-01 3.796146014441123540e-01 3.796146014441123540e-01
2.112156699999999887e+00 1.423050633758287664e-01 3.772334335339708189e-01 3.772334335339708189e-01
2.118354300000000023e+00 1.405298164499548530e-01 3.748730671173308715e-01 3.748730671173308715e-01
2.124551900000000160e+00 1.387823136981420902e-01 3.725349831870050088e-01 3.725349831870050088e-01
2.130749600000000132e+00 1.370621133872628739e-01 3.702190073284499228e-01 3.702190073284499228e-01
2.136943099999999873e+00 1.353699475654535078e-01 3.679265518625334241e-01 3.679265518625334241e-01
2.143140700000000010e+00 1.337030933749405737e-01 3.656543359170523755e-01 3.656543359170523755e-01
2.149338300000000146e+00 1.320622065994620786e-01 3.634036414229528389e-01 3.634036414229528389e-01
2.155536000000000119e+00 1.304467716606798611e-01 3.611741569668016072e-01 3.611741569668016072e-01
2.161729499999999859e+00 1.288573810616946425e-01 3.589671030354935621e-01 3.589671030354935621e-01
2.167927099999999996e+00 1.272913899703579099e-01 3.567791893739850617e-01 3.567791893739850617e-01
2.174124700000000132e+00 1.257493365918476158e-01 3.546115291299024030e-01 3.546115291299024030e-01
2.180322299999999824e+00 1.242306946977933535e-01 3.524637494804158666e-01 3.524637494804158666e-01
2.186519999999999797e+00 1.227349136801732660e-01 3.503354302381836982e-01 3.503354302381836982e-01
2.192713499999999982e+00 1.212624858239874925e-01 3.482276350664712528e-01 3.482276350664712528e-01
2.198911100000000118e+00 1.198109210412526132e-01 3.461371419556887319e-01 3.461371419556887319e-01
2.205108699999999811e+00 1.183806950020283993e-01 3.440649575327722753e-01 3.440649575327722753e-01
2.211306399999999783e+00 1.169712920996040934e-01 3.420106607981746594e-01 3.420106607981746594e-01
2.217499899999999968e+00 1.155831932212576935e-01 3.399752832504999711e-01 3.399752832504999711e-01
2.223697500000000105e+00 1.142140796634217997e-01 3.379557362487309313e-01 3.379557362487309313e-01
2.229895099999999797e+00 1.128644393616954622e-01 3.359530314816275842e-01 3.359530314816275842e-01
2.236092699999999933e+00 1.115338568032316208e-01 3.339668498567359700e-01 3.339668498567359700e-01
2.242286299999999954e+00 1.102227804467136169e-01 3.319981633182834679e-01 3.319981633182834679e-01
2.248483900000000091e+00 1.089291484374671770e-01 3.300441613443073630e-01 3.300441613443073630e-01
2.254681499999999783e+00 1.076534687054049588e-01 3.281058803273799174e-01 3.281058803273799174e-01
2.260879099999999919e+00 1.063954199012230872e-01 3.261831079336008354e-01 3.261831079336008354e-01
2.267072699999999941e+00 1.051554985355497712e-01 3.242768856017180790e-01 3.242768856017180790e-01
2.273270300000000077e+00 1.039318258759309443e-01 3.223845931119087016e-01 3.223845931119087016e-01
2.279467900000000213e+00 1.027249507859739341e-01 3.205073334355610926e-01 3.205073334355610926e-01
2.285665499999999906e+00 1.015346338184954789e-01 3.186449965376758620e-01 3.186449965376758620e-01
2.291859099999999927e+00 1.003614039717549700e-01 3.167986805082290136e-01 3.167986805082290136e-01
2.298056700000000063e+00 9.920353620637088754e-02 3.149659286436723438e-01 3.149659286436723438e-01
2.304254300000000200e+00 9.806159514743811867e-02 3.131478806369893397e-01 3.131478806369893397e-01
2.310451899999999892e+00 9.693539152713832874e-02 3.113444901184832525e-01 3.113444901184832525e-01
2.316645499999999913e+00 9.582545464993177942e-02 3.095568682002254879e-01 3.095568682002254879e-01
2.322843100000000049e+00 9.473017288473337127e-02 3.077826715147124470e-01 3.077826715147124470e-01
2.329040700000000186e+00 9.365009234610187361e-02 3.060230258429941785e-01 3.060230258429941785e-01
2.335238299999999878e+00 9.258503774139728582e-02 3.042778955846074940e-01 3.042778955846074940e-01
2.341431899999999899e+00 9.153550554680964235e-02 3.025483524113288802e-01 3.025483524113288802e-01
2.347629500000000036e+00 9.049996087810101286e-02 3.008321141070231519e-01 3.008321141070231519e-01
2.353827100000000172e+00 8.947890302965620657e-02 2.991302442576748155e-01 2.991302442576748155e-01
2.360024699999999864e+00 8.847214385211930876e-02 2.974426732197639756e-01 2.974426732197639756e-01
2.366218200000000049e+00 8.748014180148307173e-02 2.957704207683437003e-01 2.957704207683437003e-01
2.372415900000000022e+00 8.650136853722206753e-02 2.941111499709286314e-01 2.941111499709286314e-01
2.378613500000000158e+00 8.553631177363708871e-02 2.924659155758788653e-01 2.924659155758788653e-01
2.384811099999999850e+00 8.458474482058474242e-02 2.908345660690708767e-01 2.908345660690708767e-01
2.391004600000000035e+00 8.364706816479371143e-02 2.892180287685982010e-01 2.892180287685982010e-01
2.397202300000000008e+00 8.272180532413102305e-02 2.876139866629073283e-01 2.876139866629073283e-01
2.403399900000000144e+00 8.180938736290353785e-02 2.860234035230395655e-01 2.860234035230395655e-01
2.409597499999999837e+00 8.090957281006842805e-02 2.844460806727145408e-01 2.844460806727145408e-01
2.415791000000000022e+00 8.002271683373715638e-02 2.828828676921548158e-01 2.828828676921548158e-01
2.421988600000000158e+00 7.914741726349276696e-02 2.813315077688469112e-01 2.813315077688469112e-01
2.428186300000000131e+00 7.828402424791400249e-02 2.797928237963118181e-01 2.797928237963118181e-01
2.434383899999999823e+00 7.743234063782736265e-02 2.782666718057111299e-01 2.782666718057111299e-01
2.440577400000000008e+00 7.659268281141991264e-02 2.767538307077607729e-01 2.767538307077607729e-01
2.446775000000000144e+00 7.576372191837017767e-02 2.752521061106893430e-01 2.752521061106893430e-01
2.452972700000000117e+00 7.494579254696014103e-02 2.737622920472433385e-01 2.737622920472433385e-01
2.459170299999999809e+00 7.413871540079647326e-02 2.722842547794427359e-01 2.722842547794427359e-01
2.465363799999999994e+00 7.334280183708587197e-02 2.708187619739184093e-01 2.708187619739184093e-01
2.471561400000000130e+00 7.255680689628724034e-02 2.693637074594260050e-01 2.693637074594260050e-01
2.477758999999999823e+00 7.178107748893179652e-02 2.679199087207440044e-01 2.679199087207440044e-01
2.483956699999999795e+00 7.101542590068718463e-02 2.664871965042358015e-01 2.664871965042358015e-01
2.490150199999999980e+00 7.026020614636328820e-02 2.650664183678560493e-01 2.650664183678560493e-01
2.496347800000000117e+00 6.951424651552469414e-02 2.636555452015464374e-01 2.636555452015464374e-01
2.502545399999999809e+00 6.877789835891287562e-02 2.622554067296094527e-01 2.622554067296094527e-01
2.508743099999999782e+00 6.805100535897341818e-02 2.608658761873108856e-01 2.608658761873108856e-01
2.514936599999999967e+00 6.733392459014823916e-02 2.594878120262071874e-01 2.594878120262071874e-01
2.521134200000000103e+00 6.662556290474776211e-02 2.581192803816633741e-01 2.581192803816633741e-01
2.527331799999999795e+00 6.592627132402656409e-02 2.567611172355085403e-01 2.567611172355085403e-01
2.533529399999999931e+00 6.523592761251773009e-02 2.554132487020157050e-01 2.554132487020157050e-01
2.539722999999999953e+00 6.455485028543442305e-02 2.540764654300638470e-01 2.540764654300638470e-01
2.545920600000000089e+00 6.388204408888775720e-02 2.527489744566489005e-01 2.527489744566489005e-01
2.552118199999999781e+00 6.321783826932604600e-02 2.514315777091772897e-01 2.514315777091772897e-01
2.558315799999999918e+00 6.256212080099990414e-02 2.501242107453812702e-01 2.501242107453812702e-01
2.564509399999999939e+00 6.191519554161353800e-02 2.488276422377818098e-01 2.488276422377818098e-01
2.570707000000000075e+00 6.127611585955045070e-02 2.475401297962624425e-01 2.475401297962624425e-01
2.576904600000000212e+00 6.064519085393511172e-02 2.462624430438695722e-01 2.462624430438695722e-01
2.583102199999999904e+00 6.002230843970655233e-02 2.449945069582306900e-01 2.449945069582306900e-01
2.589295799999999925e+00 5.940774993556703631e-02 2.437370508059187868e-01 2.437370508059187868e-01
2.595493400000000062e+00 5.880060744263813227e-02 2.424883655820174178e-01 2.424883655820174178e-01
2.601691000000000198e+00 5.820116508689444912e-02 2.412491763444891968e-01 2.412491763444891968e-01
2.607888599999999890e+00 5.760930645940503386e-02 2.400193876740065180e-01 2.400193876740065180e-01
2.614082199999999911e+00 5.702528902484231554e-02 2.387996838876515759e-01 2.387996838876515759e-01
2.620279800000000048e+00 5.644824051932636338e-02 2.375883846473273164e-01 2.375883846473273164e-01
2.626477400000000184e+00 5.587842223050135115e-02 2.363861718258945810e-01 2.363861718258945810e-01
2.632674999999999876e+00 5.531571597974659776e-02 2.351929335242591845e-01 2.351929335242591845e-01
2.638868599999999898e+00 5.476036058728803863e-02 2.340093173087089695e-01 2.340093173087089695e-01
2.645066200000000034e+00 5.421152223637275974e-02 2.328336793429437723e-01 2.328336793429437723e-01
2.651263800000000170e+00 5.366944685342029536e-02 2.316666718658950685e-01 2.316666718658950685e-01
2.657461399999999863e+00 5.313402153213054452e-02 2.305081810524965691e-01 2.305081810524965691e-01
2.663654999999999884e+00 5.260547519140402334e-02 2.293588349974860219e-01 2.293588349974860219e-01
2.669852600000000020e+00 5.208301785691960006e-02 2.282170411185799330e-01 2.282170411185799330e-01
2.676050200000000157e+00 5.156688905732242922e-02 2.270834407378099218e-01 2.270834407378099218e-01
2.682247799999999849e+00 5.105698862281202177e-02 2.259579355163522929e-01 2.259579355163522929e-01
2.688441300000000034e+00 5.055355165713754789e-02 2.248411698447095874e-01 2.248411698447095874e-01
2.694639000000000006e+00 5.005581173254628619e-02 2.237315617711240212e-01 2.237315617711240212e-01
2.700836600000000143e+00 4.956403252479489596e-02 2.226298105034339170e-01 2.226298105034339170e-01
2.707034199999999835e+00 4.907812258153124163e-02 2.215358268577144740e-01 2.215358268577144740e-01
2.713227700000000020e+00 4.859831846858980731e-02 2.204502630268102281e-01 2.204502630268102281e-01
2.719425399999999993e+00 4.812390225719931358e-02 2.193716076824877292e-01 2.193716076824877292e-01
2.725623000000000129e+00 4.765513746161710584e-02 2.183005667917907733e-01 2.183005667917907733e-01
2.731820599999999821e+00 4.719194852565360143e-02 2.172370790764173443e-01 2.172370790764173443e-01
2.738014100000000006e+00 4.673457164020813209e-02 2.161818022873528700e-01 2.161818022873528700e-01
2.744211700000000143e+00 4.628233914752329092e-02 2.151333055282777240e-01 2.151333055282777240e-01
2.750409400000000115e+00 4.583548848985961183e-02 2.140922429464916787e-01 2.140922429464916787e-01
2.756606999999999807e+00 4.539397575296824638e-02 2.130586204615252111e-01 2.130586204615252111e-01
2.762800499999999992e+00 4.495802334333339617e-02 2.120330713434425418e-01 2.120330713434425418e-01
2.768998100000000129e+00 4.452699751822022933e-02 2.110142116498797127e-01 2.110142116498797127e-01
2.775195800000000101e+00 4.410112530994350633e-02 2.100026792922973784e-01 2.100026792922973784e-01
2.781393399999999794e+00 4.368036364110087361e-02 2.089984776047444648e-01 2.089984776047444648e-01
2.787586899999999979e+00 4.326492136460752258e-02 2.080022148069763377e-01 2.080022148069763377e-01
2.793784500000000115e+00 4.285418974192901909e-02 2.070125352289783893e-01 2.070125352289783893e-01
2.799982099999999807e+00 4.244838526370896259e-02 2.060300591265967762e-01 2.060300591265967762e-01
2.806179799999999780e+00 4.204743962637728233e-02 2.050547234919919692e-01 2.050547234919919692e-01
2.812373299999999965e+00 4.165156254259960028e-02 2.040871444814680025e-01 2.040871444814680025e-01
2.818570900000000101e+00 4.126015777692094294e-02 2.031259652947425276e-01 2.031259652947425276e-01
2.824768499999999793e+00 4.087342142579561410e-02 2.021717621869968673e-01 2.021717621869968673e-01
2.830966200000000210e+00 4.049127797996265876e-02 2.012244467751437560e-01 2.012244467751437560e-01
2.837159699999999951e+00 4.011391704530901936e-02 2.002845901344110502e-01 2.002845901344110502e-01
2.843357300000000087e+00 3.974076035733624390e-02 1.993508473955810378e-01 1.993508473955810378e-01
2.849554899999999780e+00 3.937198558373258828e-02 1.984237525694254878e-01 1.984237525694254878e-01
2.855752499999999916e+00 3.900751830413822646e-02 1.975032108704520006e-01 1.975032108704520006e-01
2.861950199999999889e+00 3.864727792353353508e-02 1.965891093716372051e-01 1.965891093716372051e-01
2.868143700000000074e+00 3.829143548514424289e-02 1.956819753711216137e-01 1.956819753711216137e-01
2.874341300000000210e+00 3.793943975632250304e-02 1.947804912108050401e-01 1.947804912108050401e-01
2.880538899999999902e+00 3.759145430121726972e-02 1.938851575062342791e-01 1.938851575062342791e-01
2.886736599999999875e+00 3.724740162539071087e-02 1.929958590887138892e-01 1.929958590887138892e-01
2.892930100000000060e+00 3.690744646260122469e-02 1.921131085131913274e-01 1.921131085131913274e-01
2.899127700000000196e+00 3.657106526076132902e-02 1.912356275926672955e-01 1.912356275926672955e-01
2.905325299999999888e+00 3.623841901867364684e-02 1.903639120702073917e-01 1.903639120702073917e-01
2.911522900000000025e+00 3.590944533522962001e-02 1.894978768620630694e-01 1.894978768620630694e-01
2.917716500000000046e+00 3.558429382429102034e-02 1.886379967670644697e-01 1.886379967670644697e-01
2.923914100000000182e+00 3.526248867921966818e-02 1.877830894389046767e-01 1.877830894389046767e-01
2.930111699999999875e+00 3.494418869694883995e-02 1.869336478458301642e-01 1.869336478458301642e-01
2.936309300000000011e+00 3.462934507625545222e-02 1.860896157131167183e-01 1.860896157131167183e-01
2.942502900000000032e+00 3.431811246223237521e-02 1.852514843725479310e-01 1.852514843725479310e-01
2.948700500000000169e+00 3.401004704950917612e-02 1.844181310216248260e-01 1.844181310216248260e-01
2.954898099999999861e+00 3.370531239844710980e-02 1.835900661758340102e-01 1.835900661758340102e-01
2.961095699999999997e+00 3.340387303129453006e-02 1.827672646599891870e-01 1.827672646599891870e-01
2.967289300000000019e+00 3.310588764935885886e-02 1.819502339909428723e-01 1.819502339909428723e-01
2.973486900000000155e+00 3.281094111848257416e-02 1.811379063544750478e-01 1.811379063544750478e-01
2.979684499999999847e+00 3.251919874855752762e-02 1.803308036597117969e-01 1.803308036597117969e-01
2.985882099999999983e+00 3.223063401547106299e-02 1.795289225040663517e-01 1.795289225040663517e-01
2.992075700000000005e+00 3.194540482665406134e-02 1.787327749089518969e-01 1.787327749089518969e-01
2.998273300000000141e+00 3.166311828366655950e-02 1.779413338256925492e-01 1.779413338256925492e-01
3.004470899999999833e+00 3.138393547502491693e-02 1.771551169879801158e-01 1.771551169879801158e-01
3.010668499999999970e+00 3.110783219867890512e-02 1.763741256496510756e-01 1.763741256496510756e-01
3.016862099999999991e+00 3.083495903093363272e-02 1.755988582848238000e-01 1.755988582848238000e-01
3.023059700000000127e+00 3.056493801354551523e-02 1.748283101032138687e-01 1.748283101032138687e-01
3.029257299999999820e+00 3.029791967357247512e-02 1.740629761711906254e-01 1.740629761711906254e-01
3.035454899999999956e+00 3.003387587230466060e-02 1.733028443860765433e-01 1.733028443860765433e-01
3.041648400000000141e+00 2.977294855331877668e-02 1.725483948152482239e-01 1.725483948152482239e-01
3.047846100000000114e+00 2.951475646596819422e-02 1.717985927357037201e-01 1.717985927357037201e-01
3.054043699999999806e+00 2.925944802522993313e-02 1.710539330890404608e-01 1.710539330890404608e-01
3.060241299999999942e+00 2.900698343352192329e-02 1.703143664918550515e-01 1.703143664918550515e-01
3.066434800000000127e+00 2.875748935749349033e-02 1.695803330504262463e-01 1.695803330504262463e-01
3.072632500000000100e+00 2.851059208138600337e-02 1.688507982847164413e-01 1.688507982847164413e-01
3.078830099999999792e+00 2.826642447155545274e-02 1.681262158961399356e-01 1.681262158961399356e-01
3.085027699999999928e+00 2.802493980511350236e-02 1.674065106413532011e-01 1.674065106413532011e-01
3.091221200000000113e+00 2.778625122873587192e-02 1.666920850812535493e-01 1.666920850812535493e-01
3.097418799999999806e+00 2.754999776273212020e-02 1.659819199874857376e-01 1.659819199874857376e-01
3.103616499999999778e+00 2.731628887877432174e-02 1.652764014576016960e-01 1.652764014576016960e-01
3.109814099999999915e+00 2.708508614729191605e-02 1.645754724960311888e-01 1.645754724960311888e-01
3.116007600000000100e+00 2.685649037766152727e-02 1.638794995649593966e-01 1.638794995649593966e-01
3.122205199999999792e+00 2.663015343408998287e-02 1.631874794035681475e-01 1.631874794035681475e-01
3.128402900000000209e+00 2.640617913042451678e-02 1.624997819396214460e-01 1.624997819396214460e-01
3.134600499999999901e+00 2.618453110245925683e-02 1.618163499231745073e-01 1.618163499231745073e-01
3.140794000000000086e+00 2.596530796742871003e-02 1.611375436309884501e-01 1.611375436309884501e-01
3.146991599999999778e+00 2.574817913975523120e-02 1.604623916678148965e-01 1.604623916678148965e-01
3.153189199999999914e+00 2.553325215429637363e-02 1.597912768404344819e-01 1.597912768404344819e-01
3.159386899999999887e+00 2.532048750379044255e-02 1.591241260896362197e-01 1.591241260896362197e-01
3.165580400000000072e+00 2.510999702132863873e-02 1.584613423561994083e-01 1.584613423561994083e-01
3.171778000000000208e+00 2.490146744869659035e-02 1.578019881012168724e-01 1.578019881012168724e-01
3.177975599999999901e+00 2.469501028359237169e-02 1.571464612506192349e-01 1.571464612506192349e-01
3.184173299999999873e+00 2.449059630466680210e-02 1.564947165391432637e-01 1.564947165391432637e-01
3.190366800000000058e+00 2.428834195235425250e-02 1.558471749899697500e-01 1.558471749899697500e-01
3.196564400000000195e+00 2.408795522288604760e-02 1.552029484993311947e-01 1.552029484993311947e-01
3.202761999999999887e+00 2.388955205835914530e-02 1.545624535854653869e-01 1.545624535854653869e-01
3.208959600000000023e+00 2.369311595841022342e-02 1.539256832319097490e-01 1.539256832319097490e-01
3.215153200000000044e+00 2.349875719537149535e-02 1.532930435322213125e-01 1.532930435322213125e-01
3.221350800000000181e+00 2.330621171596788943e-02 1.526637210209678130e-01 1.526637210209678130e-01
3.227548399999999873e+00 2.311559396590140425e-02 1.520381332623542969e-01 1.520381332623542969e-01
3.233746000000000009e+00 2.292689323459707121e-02 1.514162911796385069e-01 1.514162911796385069e-01
3.239939600000000031e+00 2.274021942421933229e-02 1.507986055115209945e-01 1.507986055115209945e-01
3.246137200000000167e+00 2.255532171363271512e-02 1.501842924996908968e-01 1.501842924996908968e-01
3.252334799999999859e+00 2.237231157760734626e-02 1.495737663415859509e-01 1.495737663415859509e-01
3.258532399999999996e+00 2.219117901259871906e-02 1.489670400209345547e-01 1.489670400209345547e-01
3.264726000000000017e+00 2.201202851608509772e-02 1.483645123204504757e-01 1.483645123204504757e-01
3.270923600000000153e+00 2.183461722351948131e-02 1.477654128120632904e-01 1.477654128120632904e-01
3.277121199999999845e+00 2.165904886396938234e-02 1.471701357747874916e-01 1.471701357747874916e-01
3.283318799999999982e+00 2.148530956339358977e-02 1.465786804531736542e-01 1.465786804531736542e-01
3.289512400000000003e+00 2.131349437068009653e-02 1.459914188254915757e-01 1.459914188254915757e-01
3.295710000000000139e+00 2.114336446597471497e-02 1.454075804969421626e-01 1.454075804969421626e-01
3.301907599999999832e+00 2.097501285630902837e-02 1.448275279645034608e-01 1.448275279645034608e-01
3.308105199999999968e+00 2.080841934532613388e-02 1.442512368935744416e-01 1.442512368935744416e-01
3.314298799999999989e+00 2.064366795252736350e-02 1.436790449318458007e-01 1.436790449318458007e-01
3.320496400000000126e+00 2.048052250457237100e-02 1.431101761041903286e-01 1.431101761041903286e-01
3.326693999999999818e+00 2.031906513283927504e-02 1.425449582862869102e-01 1.425449582862869102e-01
3.332891599999999954e+00 2.015926971802954951e-02 1.419833431006241320e-01 1.419833431006241320e-01
3.339085100000000139e+00 2.000121313211541269e-02 1.414256452419977994e-01 1.414256452419977994e-01
3.345282800000000112e+00 1.984465550154325755e-02 1.408710598438985828e-01 1.408710598438985828e-01
3.351480399999999804e+00 1.968967828199504055e-02 1.403199140606743722e-01 1.403199140606743722e-01
3.357677999999999940e+00 1.953624977419459591e-02 1.397721351850739757e-01 1.397721351850739757e-01
3.363871500000000125e+00 1.938444068721484684e-02 1.392280168903329840e-01 1.392280168903329840e-01
3.370069200000000098e+00 1.923401848132355943e-02 1.386867639009705944e-01 1.386867639009705944e-01
3.376266799999999790e+00 1.908506026139911854e-02 1.381486889601168666e-01 1.381486889601168666e-01
3.382464399999999927e+00 1.893753550945360617e-02 1.376137184638712152e-01 1.376137184638712152e-01
3.388657900000000112e+00 1.879151325865668215e-02 1.370821405532342829e-01 1.370821405532342829e-01
3.394855499999999804e+00 1.864677415108936115e-02 1.365531916547151337e-01 1.365531916547151337e-01
3.401053200000000221e+00 1.850338829205060848e-02 1.360271601263902397e-01 1.360271601263902397e-01
3.407250799999999913e+00 1.836133708134107465e-02 1.355040113108872957e-01 1.355040113108872957e-01
3.413444300000000098e+00 1.822068927027802737e-02 1.349840333901681511e-01 1.349840333901681511e-01
3.419641899999999790e+00 1.808123877691072620e-02 1.344664968566918750e-01 1.344664968566918750e-01
3.425839600000000207e+00 1.794305882287792336e-02 1.339517033220478381e-01 1.339517033220478381e-01
3.432037199999999899e+00 1.780613757595395086e-02 1.334396401971841006e-01 1.334396401971841006e-01
3.438230700000000084e+00 1.767054764649272219e-02 1.329306121496953152e-01 1.329306121496953152e-01
3.444428300000000220e+00 1.753609676269715298e-02 1.324239282104905380e-01 1.324239282104905380e-01
3.450625899999999913e+00 1.740286398238799839e-02 1.319199150332807102e-01 1.319199150332807102e-01
3.456823599999999885e+00 1.727083760965533732e-02 1.314185588478862243e-01 1.314185588478862243e-01
3.463017100000000070e+00 1.714009986840653310e-02 1.309202042024321389e-01 1.309202042024321389e-01
3.469214700000000207e+00 1.701046855918382852e-02 1.304241870175307239e-01 1.304241870175307239e-01
3.475412299999999899e+00 1.688202467994430467e-02 1.299308457601361932e-01 1.299308457601361932e-01
3.481609999999999872e+00 1.675476106294851789e-02 1.294401833394426271e-01 1.294401833394426271e-01
3.487803500000000057e+00 1.662876031813249195e-02 1.289525506460903193e-01 1.289525506460903193e-01
3.494001100000000193e+00 1.650384943005949595e-02 1.284673087990072793e-01 1.284673087990072793e-01
3.500198699999999885e+00 1.638010823003084940e-02 1.279847968706863681e-01 1.279847968706863681e-01
3.506396300000000021e+00 1.625753270127039060e-02 1.275050301018371135e-01 1.275050301018371135e-01
3.512593999999999994e+00 1.613611662530356830e-02 1.270280151199079666e-01 1.270280151199079666e-01
3.518787500000000179e+00 1.601593838536333192e-02 1.265540927246658898e-01 1.265540927246658898e-01
3.524985099999999871e+00 1.589683158400365809e-02 1.260826379165809474e-01 1.260826379165809474e-01
3.531182700000000008e+00 1.577887008182130360e-02 1.256139724784679501e-01 1.256139724784679501e-01
3.537380399999999980e+00 1.566204504480575924e-02 1.251480924537236306e-01 1.251480924537236306e-01
3.543573900000000165e+00 1.554642847300611447e-02 1.246853177924574785e-01 1.246853177924574785e-01
3.549771499999999858e+00 1.543185642799506721e-02 1.242250233567901846e-01 1.242250233567901846e-01
3.555969099999999994e+00 1.531839576291199427e-02 1.237675068946288287e-01 1.237675068946288287e-01
3.562166700000000130e+00 1.520603533356611539e-02 1.233127541398946897e-01 1.233127541398946897e-01
3.568360300000000151e+00 1.509483439690560182e-02 1.228610369356599591e-01 1.228610369356599591e-01
3.574557899999999844e+00 1.498463609658239916e-02 1.224117481967413046e-01 1.224117481967413046e-01
3.580755499999999980e+00 1.487549842381819497e-02 1.219651524978269952e-01 1.219651524978269952e-01
3.586953100000000116e+00 1.476740635469329932e-02 1.215212177139996380e-01 1.215212177139996380e-01
3.593146700000000138e+00 1.466041290382593537e-02 1.210801920374506846e-01 1.210801920374506846e-01
3.599344299999999830e+00 1.455436352707047305e-02 1.206414668638875337e-01 1.206414668638875337e-01
3.605541899999999966e+00 1.444931084838494556e-02 1.202052862747098327e-01 1.202052862747098327e-01
3.611739500000000103e+00 1.434523776566968938e-02 1.197716066756628617e-01 1.197716066756628617e-01
3.617933100000000124e+00 1.424219328413268287e-02 1.193406606489702815e-01 1.193406606489702815e-01
3.624130699999999816e+00 1.414002710581678014e-02 1.189118459440302311e-01 1.189118459440302311e-01
3.630328299999999953e+00 1.403878906708296188e-02 1.184853960076218127e-01 1.184853960076218127e-01
3.636525900000000089e+00 1.393846248848613217e-02 1.180612658262062409e-01 1.180612658262062409e-01
3.642719500000000110e+00 1.383909506566511835e-02 1.176396832096428119e-01 1.176396832096428119e-01
3.648917099999999802e+00 1.374054288323368032e-02 1.172200617779809856e-01 1.172200617779809856e-01
3.655114699999999939e+00 1.364285556151764722e-02 1.168026350795119961e-01 1.168026350795119961e-01
3.661312300000000075e+00 1.354601909232823476e-02 1.163873665495024218e-01 1.163873665495024218e-01
3.667505900000000096e+00 1.345008207066375125e-02 1.159744888786484462e-01 1.159744888786484462e-01
3.673703499999999789e+00 1.335490845938018707e-02 1.155634391119448601e-01 1.155634391119448601e-01
3.679901099999999925e+00 1.326054936710027200e-02 1.151544587373857231e-01 1.151544587373857231e-01
3.686098700000000061e+00 1.316699469686291937e-02 1.147475258855846503e-01 1.147475258855846503e-01
3.692292199999999802e+00 1.307429647100604581e-02 1.143428899014103384e-01 1.143428899014103384e-01
3.698489900000000219e+00 1.298232239383769956e-02 1.139399947070285773e-01 1.139399947070285773e-01
3.704687499999999911e+00 1.289112990893832161e-02 1.135391118026661400e-01 1.135391118026661400e-01
3.710885100000000048e+00 1.280071125228154916e-02 1.131402282668792780e-01 1.131402282668792780e-01
3.717078599999999788e+00 1.271112000239039107e-02 1.127436029333389322e-01 1.127436029333389322e-01
3.723276300000000205e+00 1.262223134470014108e-02 1.123487042413046366e-01 1.123487042413046366e-01
3.729473899999999897e+00 1.253410353478599630e-02 1.119558106343123000e-01 1.119558106343123000e-01
3.735671500000000034e+00 1.244673144394431788e-02 1.115649203107514364e-01 1.115649203107514364e-01
3.741865000000000219e+00 1.236016880661487162e-02 1.111762960644708254e-01 1.111762960644708254e-01
3.748062700000000191e+00 1.227429656537286015e-02 1.107894244292877417e-01 1.107894244292877417e-01
3.754260299999999884e+00 1.218917209637169867e-02 1.104045836746450487e-01 1.104045836746450487e-01
3.760457900000000020e+00 1.210479107114496855e-02 1.100217754407961240e-01 1.100217754407961240e-01
3.766651400000000205e+00 1.202120553900994440e-02 1.096412583793616585e-01 1.096412583793616585e-01
3.772848999999999897e+00 1.193830159297416989e-02 1.092625351754853286e-01 1.092625351754853286e-01
3.779046699999999870e+00 1.185612994708341687e-02 1.088858574245682997e-01 1.088858574245682997e-01
3.785244300000000006e+00 1.177468932976675521e-02 1.085112405687390369e-01 1.085112405687390369e-01
3.791437800000000191e+00 1.169402719584009334e-02 1.081389254424145463e-01 1.081389254424145463e-01
3.797635399999999883e+00 1.161403188033741270e-02 1.077684178242281354e-01 1.077684178242281354e-01
3.803833099999999856e+00 1.153475033247260313e-02 1.073999549928797842e-01 1.073999549928797842e-01
3.810030699999999992e+00 1.145617913348726327e-02 1.070335420953976574e-01 1.070335420953976574e-01
3.816224200000000177e+00 1.137836173379910658e-02 1.066694039253951454e-01 1.066694039253951454e-01
3.822421799999999870e+00 1.130118799935431184e-02 1.063070458594081724e-01 1.063070458594081724e-01
3.828619400000000006e+00 1.122470202539178202e-02 1.059466942636332620e-01 1.059466942636332620e-01
3.834817099999999979e+00 1.114889443947960149e-02 1.055883252991522830e-01 1.055883252991522830e-01
3.841010600000000164e+00 1.107380856241480145e-02 1.052321650561975352e-01 1.052321650561975352e-01
3.847208199999999856e+00 1.099933475055389978e-02 1.048777133167666797e-01 1.048777133167666797e-01
3.853405799999999992e+00 1.092551359199030528e-02 1.045251816166339193e-01 1.045251816166339193e-01
3.859603499999999965e+00 1.085233431727438552e-02 1.041745377588707416e-01 1.041745377588707416e-01
3.865797000000000150e+00 1.077983730314005517e-02 1.038259953149501674e-01 1.038259953149501674e-01
3.871994599999999842e+00 1.070791552378836699e-02 1.034790583827876059e-01 1.034790583827876059e-01
3.878192199999999978e+00 1.063660730974534847e-02 1.031339289940286785e-01 1.031339289940286785e-01
3.884389800000000115e+00 1.056590286636784233e-02 1.027905777120055042e-01 1.027905777120055042e-01
3.890583400000000136e+00 1.049583761517005470e-02 1.024491952880551143e-01 1.024491952880551143e-01
3.896780999999999828e+00 1.042631165397809104e-02 1.021093122784503537e-01 1.021093122784503537e-01
3.902978599999999965e+00 1.035736131854267557e-02 1.017711222230681528e-01 1.017711222230681528e-01
3.909176200000000101e+00 1.028897786863007882e-02 1.014345989720966956e-01 1.014345989720966956e-01
3.915369800000000122e+00 1.022119657949783524e-02 1.010999336275639482e-01 1.010999336275639482e-01
3.921567399999999814e+00 1.015392204745519875e-02 1.007666713127668978e-01 1.007666713127668978e-01
3.927764999999999951e+00 1.008719086695235648e-02 1.004350081742036577e-01 1.004350081742036577e-01
3.933962600000000087e+00 1.002099619973998573e-02 1.001049259514235207e-01 1.001049259514235207e-01
3.940156200000000108e+00 9.955373953054945727e-03 9.977662027276201773e-02 9.977662027276201773e-02
3.946353799999999801e+00 9.890233601615667017e-03 9.944965360229097995e-02 9.944965360229097995e-02
3.952551399999999937e+00 9.825612457783509945e-03 9.912422740068903282e-02 9.912422740068903282e-02
3.958749000000000073e+00 9.761505792909245388e-03 9.880033295950599315e-02 9.880033295950599315e-02
3.964942600000000095e+00 9.697950243079801400e-03 9.847817140402131963e-02 9.847817140402131963e-02
3.971140199999999787e+00 9.634859919008720644e-03 9.815732228931635384e-02 9.815732228931635384e-02
3.977337799999999923e+00 9.572272634970310431e-03 9.783799177707150352e-02 9.783799177707150352e-02
3.983535400000000060e+00 9.510185349527317672e-03 9.752017919142333402e-02 9.752017919142333402e-02
3.989729000000000081e+00 9.448634912741959296e-03 9.720408897130798642e-02 9.720408897130798642e-02
3.995926600000000217e+00 9.387539325781074293e-03 9.688931481737846074e-02 9.688931481737846074e-02
4.002124199999999909e+00 9.326936184787349565e-03 9.657606424361757369e-02 9.657606424361757369e-02
4.008321800000000046e+00 9.266823297447884453e-03 9.626434073657745560e-02 9.626434073657745560e-02
4.014515300000000231e+00 9.207237817843114472e-03 9.595435278215946884e-02 9.595435278215946884e-02
4.020712999999999759e+00 9.148097782448637999e-03 9.564568878129656171e-02 9.564568878129656171e-02
4.026910599999999896e+00 9.089442529736245849e-03 9.533856790269217008e-02 9.533856790269217008e-02
4.033108200000000032e+00 9.031268823667681217e-03 9.503298808133774089e-02 9.503298808133774089e-02
4.039301700000000217e+00 8.973612247740701819e-03 9.472915204804011058e-02 9.472915204804011058e-02
4.045499399999999746e+00 8.916392933141134222e-03 9.442665372203515317e-02 9.442665372203515317e-02
4.051696999999999882e+00 8.859648213633185276e-03 9.412570431945349592e-02 9.412570431945349592e-02
4.057894600000000018e+00 8.803374072766691205e-03 9.382629734123952570e-02 9.382629734123952570e-02
4.064088100000000203e+00 8.747603915377393305e-03 9.352862618138572948e-02 9.352862618138572948e-02
4.070285700000000340e+00 8.692260261336558561e-03 9.323229194510107565e-02 9.323229194510107565e-02
4.076491500000000379e+00 8.637303936180618091e-03 9.293709666317652440e-02 9.293709666317652440e-02
4.082685099999999956e+00 8.582910928556918007e-03 9.264400103923037255e-02 9.264400103923037255e-02
4.088878600000000141e+00 8.528969123707869429e-03 9.235241807179642159e-02 9.235241807179642159e-02
4.095072100000000326e+00 8.475472883607781949e-03 9.206233151299060558e-02 9.206233151299060558e-02
4.101265699999999903e+00 8.422416355871778504e-03 9.177372366789841862e-02 9.177372366789841862e-02
4.107459200000000088e+00 8.369796037231687011e-03 9.148658938462886359e-02 9.148658938462886359e-02
4.113652799999999665e+00 8.317604825062446458e-03 9.120090364169888830e-02 9.120090364169888830e-02
4.119846299999999850e+00 8.265838848762351379e-03 9.091665880773638908e-02 9.091665880773638908e-02
4.126039800000000035e+00 8.214491590716455766e-03 9.063383248388239000e-02 9.063383248388239000e-02
4.132233399999999612e+00 8.163556483692768762e-03 9.035240164872634927e-02 9.035240164872634927e-02
4.138467699999999638e+00 8.112697875010106349e-03 9.007051612492350534e-02 9.007051612492350534e-02
4.144661199999999823e+00 8.062574808607931784e-03 8.979184154814918994e-02 8.979184154814918994e-02
4.150854800000000289e+00 8.012846572090663588e-03 8.951450481397225933e-02 8.951450481397225933e-02
4.157048299999999585e+00 7.963509116668055984e-03 8.923849571047270945e-02 8.923849571047270945e-02
4.163241799999999770e+00 7.914556100422697610e-03 8.896379095127802950e-02 8.896379095127802950e-02
4.169435400000000236e+00 7.865981358525725789e-03 8.869036790162573847e-02 8.869036790162573847e-02
4.175628900000000421e+00 7.817781258373754025e-03 8.841821790996329256e-02 8.841821790996329256e-02
4.181822499999999998e+00 7.769949251169800189e-03 8.814731562089568595e-02 8.814731562089568595e-02
4.188016000000000183e+00 7.722482120389440735e-03 8.787765427222918313e-02 8.787765427222918313e-02
4.194209599999999760e+00 7.675373820839086897e-03 8.760921082191693021e-02 8.760921082191693021e-02
4.200403099999999945e+00 7.628621623151149965e-03 8.734198087489858375e-02 8.734198087489858375e-02
4.206596600000000130e+00 7.582220783168430907e-03 8.707594836215354350e-02 8.707594836215354350e-02
4.212790199999999707e+00 7.536166852540408453e-03 8.681109867142799974e-02 8.681109867142799974e-02
4.219024499999999733e+00 7.490157906305412554e-03 8.654569836973650954e-02 8.654569836973650954e-02
4.225217999999999918e+00 7.444792216747696603e-03 8.628320935586307472e-02 8.628320935586307472e-02
4.231411600000000384e+00 7.399763913300081569e-03 8.602188043341113532e-02 8.602188043341113532e-02
4.237605099999999680e+00 7.355071777428152588e-03 8.576171510311668411e-02 8.576171510311668411e-02
4.243798599999999865e+00 7.310712629870794871e-03 8.550270539503879164e-02 8.550270539503879164e-02
4.249992200000000331e+00 7.266683514892625408e-03 8.524484450623759368e-02 8.524484450623759368e-02
4.256185699999999628e+00 7.222983785134844820e-03 8.498813908502082792e-02 8.498813908502082792e-02
4.262379300000000093e+00 7.179610113040816623e-03 8.473257999754767178e-02 8.473257999754767178e-02
4.268572800000000278e+00 7.136562108400657314e-03 8.447817533777973731e-02 8.447817533777973731e-02
4.274766299999999575e+00 7.093837374909721730e-03 8.422492134107173456e-02 8.422492134107173456e-02
4.280959900000000040e+00 7.051433606007928047e-03 8.397281468432464535e-02 8.397281468432464535e-02
4.287153400000000225e+00 7.009350586920888755e-03 8.372186444962205487e-02 8.372186444962205487e-02
4.293346999999999802e+00 6.967585387410073737e-03 8.347206351474770192e-02 8.347206351474770192e-02
4.299581299999999828e+00 6.925865779980330122e-03 8.322178669062765821e-02 8.322178669062765821e-02
4.305774800000000013e+00 6.884735518048255669e-03 8.297430637280588106e-02 8.297430637280588106e-02
4.311968300000000198e+00 6.843918842877136192e-03 8.272798101535620841e-02 8.272798101535620841e-02
4.318161899999999775e+00 6.803413336037108204e-03 8.248280630553926629e-02 8.248280630553926629e-02
4.324355399999999960e+00 6.763218439324723830e-03 8.223878914067694890e-02 8.223878914067694890e-02
4.330549000000000426e+00 6.723330874845369343e-03 8.199591986706027125e-02 8.199591986706027125e-02
4.336742499999999723e+00 6.683749825764718870e-03 8.175420371922607898e-02 8.175420371922607898e-02
4.342936100000000188e+00 6.644471776100525744e-03 8.151362938859074703e-02 8.151362938859074703e-02
4.349129600000000373e+00 6.605495618921815998e-03 8.127420020475019380e-02 8.127420020475019380e-02
4.355323099999999670e+00 6.566818203700084886e-03 8.103590687898842848e-02 8.103590687898842848e-02
4.361516700000000135e+00 6.528436262648715585e-03 8.079873923922771539e-02 8.079873923922771539e-02
4.367710200000000320e+00 6.490348253423644000e-03 8.056269765483058121e-02 8.056269765483058121e-02
4.373903799999999897e+00 6.452550041296231664e-03 8.032776631586509286e-02 8.032776631586509286e-02
4.380097300000000082e+00 6.415039830126179586e-03 8.009394377932815834e-02 8.009394377932815834e-02
4.386331600000000108e+00 6.377569599806977990e-03 7.985968695034421916e-02 7.985968695034421916e-02
4.392525100000000293e+00 6.340626577771182708e-03 7.962805145029723530e-02 7.962805145029723530e-02
4.398718699999999870e+00 6.303960755750896705e-03 7.939748582764379059e-02 7.939748582764379059e-02
4.404912200000000055e+00 6.267570006930883036e-03 7.916798599769279965e-02 7.916798599769279965e-02
4.411105799999999633e+00 6.231449818238546379e-03 7.893953267051019573e-02 7.893953267051019573e-02
4.417299299999999818e+00 6.195598011317007305e-03 7.871212112068259881e-02 7.871212112068259881e-02
4.423492800000000003e+00 6.160010669595068246e-03 7.848573545297940490e-02 7.848573545297940490e-02
4.429686399999999580e+00 6.124683927097545992e-03 7.826035987073881595e-02 7.826035987073881595e-02
4.435879899999999765e+00 6.089615679695647467e-03 7.803598964385373427e-02 7.803598964385373427e-02
4.442073500000000230e+00 6.054801621144402686e-03 7.781260579844632985e-02 7.781260579844632985e-02
4.448267000000000415e+00 6.020239789845145163e-03 7.759020421319398619e-02 7.759020421319398619e-02
4.454460599999999992e+00 5.985926086930549485e-03 7.736876686965192540e-02 7.736876686965192540e-02
4.460654100000000177e+00 5.951858753836150595e-03 7.714829067345660429e-02 7.714829067345660429e-02
4.466888400000000203e+00 5.917812475943560330e-03 7.692731943817852913e-02 7.692731943817852913e-02
4.473081900000000388e+00 5.884230262758326224e-03 7.670873654779047923e-02 7.670873654779047923e-02
4.479275499999999965e+00 5.850885504197525858e-03 7.649108120688009882e-02 7.649108120688009882e-02
4.485469000000000150e+00 5.817776959204787844e-03 7.627435322049468114e-02 7.627435322049468114e-02
4.491662599999999728e+00 5.784901385678639478e-03 7.605853920289712411e-02 7.605853920289712411e-02
4.497856099999999913e+00 5.752257815080244821e-03 7.584364057111343815e-02 7.584364057111343815e-02
4.504049600000000098e+00 5.719843822755430254e-03 7.562964909845497352e-02 7.562964909845497352e-02
4.510243199999999675e+00 5.687657129978989853e-03 7.541655739941321990e-02 7.541655739941321990e-02
4.516436699999999860e+00 5.655697137061191718e-03 7.520436913545111568e-02 7.520436913545111568e-02
4.522630300000000325e+00 5.623961283523995318e-03 7.499307490378025187e-02 7.499307490378025187e-02
4.528823799999999622e+00 5.592449163501113894e-03 7.478267956887553469e-02 7.478267956887553469e-02
4.535017299999999807e+00 5.561158915565425631e-03 7.457317825844239634e-02 7.457317825844239634e-02
4.541210900000000272e+00 5.530088760663362871e-03 7.436456656676862509e-02 7.436456656676862509e-02
4.547445200000000298e+00 5.499035971637239624e-03 7.415548510823215256e-02 7.415548510823215256e-02
4.553638699999999595e+00 5.468405293029855556e-03 7.394866660751805987e-02 7.394866660751805987e-02
4.559832300000000060e+00 5.437991118535628887e-03 7.374273603912204211e-02 7.374273603912204211e-02
4.566025800000000245e+00 5.407793260347365343e-03 7.353769958563678710e-02 7.353769958563678710e-02
4.572219300000000430e+00 5.377810043117774337e-03 7.333355332395788406e-02 7.333355332395788406e-02
4.578412900000000008e+00 5.348039778334684642e-03 7.313029316456132189e-02 7.313029316456132189e-02
4.584606400000000193e+00 5.318482177635869800e-03 7.292792453947849474e-02 7.292792453947849474e-02
4.590799999999999770e+00 5.289134985238951210e-03 7.272643938237971506e-02 7.272643938237971506e-02
4.596993499999999955e+00 5.259997786237010156e-03 7.252584219598563753e-02 7.252584219598563753e-02
4.603187100000000420e+00 5.231068208145644126e-03 7.232612396738570537e-02 7.232612396738570537e-02
4.609380599999999717e+00 5.202345679012353868e-03 7.212728803311790893e-02 7.212728803311790893e-02
4.615574099999999902e+00 5.173828146014787174e-03 7.192932744030620940e-02 7.192932744030620940e-02
4.621767700000000367e+00 5.145513490475887332e-03 7.173223466807573945e-02 7.173223466807573945e-02
4.627961199999999664e+00 5.117400885526034691e-03 7.153601110997198642e-02 7.153601110997198642e-02
4.634195499999999690e+00 5.089304837417573876e-03 7.133936387028955162e-02 7.133936387028955162e-02
4.640389100000000155e+00 5.061590749980168606e-03 7.114485750902990735e-02 7.114485750902990735e-02
4.646582600000000340e+00 5.034073040971177859e-03 7.095120182894140703e-02 7.095120182894140703e-02
4.652776099999999637e+00 5.006749259473115311e-03 7.075838649568766403e-02 7.075838649568766403e-02
4.658969700000000103e+00 4.979616923746141288e-03 7.056640081332007930e-02 7.056640081332007930e-02
4.665163200000000288e+00 4.952674832724501125e-03 7.037524303847554619e-02 7.037524303847554619e-02
4.671356799999999865e+00 4.925920019408078741e-03 7.018489879887324090e-02 7.018489879887324090e-02
4.677550300000000050e+00 4.899351243856839809e-03 6.999536587415512712e-02 6.999536587415512712e-02
4.683743800000000235e+00 4.872965974802863365e-03 6.980663274218906755e-02 6.980663274218906755e-02
4.689937399999999812e+00 4.846761711855716512e-03 6.961868794982936648e-02 6.961868794982936648e-02
4.696130899999999997e+00 4.820737253984338187e-03 6.943152924993326036e-02 6.943152924993326036e-02
4.702324499999999574e+00 4.794889757017240656e-03 6.924514247957931634e-02 6.924514247957931634e-02
4.708517999999999759e+00 4.769218106225745629e-03 6.905952581813565305e-02 6.905952581813565305e-02
4.714752299999999785e+00 4.743552598788293960e-03 6.887345351286150441e-02 6.887345351286150441e-02
4.720945799999999970e+00 4.718227344813866880e-03 6.868935394086821133e-02 6.868935394086821133e-02
4.727139400000000435e+00 4.693071670293664371e-03 6.850599733084443421e-02 6.850599733084443421e-02
4.733332899999999732e+00 4.668084738292027636e-03 6.832338353954689469e-02 6.832338353954689469e-02
4.739526500000000198e+00 4.643264179886885147e-03 6.814150115668780872e-02 6.814150115668780872e-02
4.745720000000000383e+00 4.618609323099785724e-03 6.796035111077476654e-02 6.796035111077476654e-02
4.751913599999999960e+00 4.594117986288220358e-03 6.777992318001120620e-02 6.777992318001120620e-02
4.758107100000000145e+00 4.569789660535852026e-03 6.760021938230564853e-02 6.760021938230564853e-02
4.764300600000000330e+00 4.545622730999848357e-03 6.742123353217328863e-02 6.742123353217328863e-02
4.770494199999999907e+00 4.521615669354003310e-03 6.724295999845636418e-02 6.724295999845636418e-02
4.776687700000000092e+00 4.497768177937001149e-03 6.706540224241558379e-02 6.706540224241558379e-02
4.782881299999999669e+00 4.474078474766720118e-03 6.688855264368276377e-02 6.688855264368276377e-02
4.789074799999999854e+00 4.450546364865356347e-03 6.671241537274269495e-02 6.671241537274269495e-02
4.795309099999999880e+00 4.427017073488469755e-03 6.653583300364150632e-02 6.653583300364150632e-02
4.801502600000000065e+00 4.403797682081060996e-03 6.636111573866929070e-02 6.636111573866929070e-02
4.807696199999999642e+00 4.380732455552755270e-03 6.618710188210959189e-02 6.618710188210959189e-02
4.813889699999999827e+00 4.357821285870050292e-03 6.601379617829934709e-02 6.601379617829934709e-02
4.820083300000000293e+00 4.335062581726895591e-03 6.584119213476390120e-02 6.584119213476390120e-02
4.826276799999999589e+00 4.312456218718725524e-03 6.566929433699379703e-02 6.566929433699379703e-02
4.832470299999999774e+00 4.290000952541418548e-03 6.549809884677125493e-02 6.549809884677125493e-02
4.838663900000000240e+00 4.267695524918154251e-03 6.532760155491822152e-02 6.532760155491822152e-02
4.844857400000000425e+00 4.245539726801589829e-03 6.515780633816327383e-02 6.515780633816327383e-02
4.851051000000000002e+00 4.223531878517525207e-03 6.498870577660033343e-02 6.498870577660033343e-02
4.857244500000000187e+00 4.201671688130411732e-03 6.482030305491028044e-02 6.482030305491028044e-02
4.863438099999999764e+00 4.179957406635455980e-03 6.465259009997555151e-02 6.465259009997555151e-02
4.869631599999999949e+00 4.158388651041046435e-03 6.448556932400494046e-02 6.448556932400494046e-02
4.875865899999999975e+00 4.136823283784328911e-03 6.431814117171243128e-02 6.431814117171243128e-02
4.882059400000000160e+00 4.115542402184196348e-03 6.415249334347182530e-02 6.415249334347182530e-02
4.888252999999999737e+00 4.094402861924106331e-03 6.398752114220479514e-02 6.398752114220479514e-02
4.894446499999999922e+00 4.073404117559152604e-03 6.382322553396335696e-02 6.382322553396335696e-02
4.900640100000000388e+00 4.052544237917977792e-03 6.365959658934368381e-02 6.365959658934368381e-02
4.906833599999999684e+00 4.031822624646843808e-03 6.349663475056645245e-02 6.349663475056645245e-02
4.913027099999999869e+00 4.011237655608948169e-03 6.333433236096318308e-02 6.333433236096318308e-02
4.919220700000000335e+00 3.990787712107045186e-03 6.317268169159075131e-02 6.317268169159075131e-02
4.925414199999999632e+00 3.970472166468945463e-03 6.301168277763216641e-02 6.301168277763216641e-02
4.931607800000000097e+00 3.950289083036562926e-03 6.285132522896047513e-02 6.285132522896047513e-02
4.937801300000000282e+00 3.930237848857102284e-03 6.269160907854497145e-02 6.269160907854497145e-02
4.943994899999999859e+00 3.910316572566702002e-03 6.253252411798761179e-02 6.253252411798761179e-02
4.950188400000000044e+00 3.890524679678751888e-03 6.237407057166264451e-02 6.237407057166264451e-02
4.956381900000000229e+00 3.870860660180283110e-03 6.221624112866577794e-02 6.221624112866577794e-02
4.962616200000000255e+00 3.851195075243790764e-03 6.205799767349725465e-02 6.205799767349725465e-02
4.968809799999999832e+00 3.831783889574870428e-03 6.190140458483046892e-02 6.190140458483046892e-02
4.975003300000000017e+00 3.812497533908558184e-03 6.174542520631434023e-02 6.174542520631434023e-02
4.981196800000000202e+00 3.793334651627226772e-03 6.159005318740377877e-02 6.159005318740377877e-02
4.987390399999999779e+00 3.774293930631486549e-03 6.143528245748924865e-02 6.143528245748924865e-02
4.993583899999999964e+00 3.755375014662411942e-03 6.128111466563260917e-02 6.128111466563260917e-02
4.999777500000000430e+00 3.736576353317143471e-03 6.112754169208135108e-02 6.112754169208135108e-02
5.005970999999999727e+00 3.717897642132651261e-03 6.097456553459525141e-02 6.097456553459525141e-02
5.012164600000000192e+00 3.699337390033730598e-03 6.082217843873836960e-02 6.082217843873836960e-02
5.018358100000000377e+00 3.680895327271023216e-03 6.067038262011393429e-02 6.067038262011393429e-02
5.024551599999999674e+00 3.662570297845049380e-03 6.051917297720656869e-02 6.051917297720656869e-02
5.030745200000000139e+00 3.644361161825857443e-03 6.036854447330875645e-02 6.036854447330875645e-02
5.036938700000000324e+00 3.626267663767508264e-03 6.021849934835231399e-02 6.021849934835231399e-02
5.043173000000000350e+00 3.608170604103939135e-03 6.006804977776404597e-02 6.006804977776404597e-02
5.049366599999999927e+00 3.590305710417646384e-03 5.991915979398948489e-02 5.991915979398948489e-02
5.055560100000000112e+00 3.572553888513010142e-03 5.977084480340737194e-02 5.977084480340737194e-02
5.061753600000000297e+00 3.554913977140479030e-03 5.962309935872571465e-02 5.962309935872571465e-02
5.067947199999999874e+00 3.537384808229119236e-03 5.947591788471296576e-02 5.947591788471296576e-02
5.074140700000000059e+00 3.519966046903355572e-03 5.932930175641169118e-02 5.932930175641169118e-02
5.080334299999999637e+00 3.502656214919429734e-03 5.918324268675576733e-02 5.918324268675576733e-02
5.086527799999999822e+00 3.485454941888805908e-03 5.903774167334659845e-02 5.903774167334659845e-02
5.092721400000000287e+00 3.468360731638153033e-03 5.889279014988297450e-02 5.889279014988297450e-02
5.098914899999999584e+00 3.451373187386261223e-03 5.874838880672610814e-02 5.874838880672610814e-02
5.105108399999999769e+00 3.434491079577345167e-03 5.860453122052376729e-02 5.860453122052376729e-02
5.111302000000000234e+00 3.417713186464416564e-03 5.846121095619228464e-02 5.846121095619228464e-02
5.117495500000000419e+00 3.401039104664907182e-03 5.831842851676395656e-02 5.831842851676395656e-02
5.123729799999999557e+00 3.384358802524041216e-03 5.817524217847349494e-02 5.817524217847349494e-02
5.129923400000000022e+00 3.367889422559763868e-03 5.803351981880613270e-02 5.803351981880613270e-02
5.136116900000000207e+00 3.351521107649463229e-03 5.789232339135701871e-02 5.789232339135701871e-02
5.142310400000000392e+00 3.335252733312730773e-03 5.775164701818235463e-02 5.775164701818235463e-02
5.148503999999999969e+00 3.319083218122746443e-03 5.761148512339138439e-02 5.761148512339138439e-02
5.154697500000000154e+00 3.303012304589677400e-03 5.747183923096316899e-02 5.747183923096316899e-02
5.160891099999999732e+00 3.287038739744947528e-03 5.733270218422421155e-02 5.733270218422421155e-02
5.167084599999999917e+00 3.271162354105911895e-03 5.719407621516332807e-02 5.719407621516332807e-02
5.173278100000000101e+00 3.255382254285821373e-03 5.705595721995926350e-02 5.705595721995926350e-02
5.179471699999999679e+00 3.239697604287229780e-03 5.691834154547398272e-02 5.691834154547398272e-02
5.185665199999999864e+00 3.224108377421124137e-03 5.678123261625379892e-02 5.678123261625379892e-02
5.191858800000000329e+00 3.208613585237204968e-03 5.664462538703213257e-02 5.664462538703213257e-02
5.198052299999999626e+00 3.193213287522194289e-03 5.650852402533793062e-02 5.650852402533793062e-02
5.204245900000000091e+00 3.177906585824433541e-03 5.637292422630241218e-02 5.637292422630241218e-02
5.210480099999999837e+00 3.162593944080803118e-03 5.623694465456674507e-02 5.623694465456674507e-02
5.216673700000000302e+00 3.147474464020884582e-03 5.610235702732002672e-02 5.610235702732002672e-02
5.222867199999999599e+00 3.132448033146850632e-03 5.596827702499738988e-02 5.596827702499738988e-02
5.229060800000000064e+00 3.117513848580738371e-03 5.583470111481513704e-02 5.583470111481513704e-02
5.235254300000000249e+00 3.102672072794982611e-03 5.570163438172153619e-02 5.570163438172153619e-02
5.241447899999999827e+00 3.087921894480624534e-03 5.556907318356699849e-02 5.556907318356699849e-02
5.247641400000000012e+00 3.073263435524273886e-03 5.543702224618737157e-02 5.543702224618737157e-02
5.253834900000000196e+00 3.058696070401142018e-03 5.530547956939838028e-02 5.530547956939838028e-02
5.260028499999999774e+00 3.044219137996609717e-03 5.517444279733697138e-02 5.517444279733697138e-02
5.266221999999999959e+00 3.029832627826732107e-03 5.504391544781977313e-02 5.504391544781977313e-02
5.272415600000000424e+00 3.015535540251511239e-03 5.491389205157026082e-02 5.491389205157026082e-02
5.278609099999999721e+00 3.001327738934348420e-03 5.478437495248392880e-02 5.478437495248392880e-02
5.284802599999999906e+00 2.987208327118791567e-03 5.465535954614873099e-02 5.465535954614873099e-02
5.291036899999999932e+00 2.973084423893563449e-03 5.452599768819973991e-02 5.452599768819973991e-02
5.297230500000000397e+00 2.959139861150925262e-03 5.439797662736110817e-02 5.439797662736110817e-02
5.303423999999999694e+00 2.945281494009004391e-03 5.427044770415114655e-02 5.427044770415114655e-02
5.309617600000000159e+00 2.931507935406518165e-03 5.414340158695718497e-02 5.414340158695718497e-02
5.315811100000000344e+00 2.917818630839540302e-03 5.401683654972345983e-02 5.401683654972345983e-02
5.322004599999999641e+00 2.904212305666922529e-03 5.389074415580956401e-02 5.389074415580956401e-02
5.328198200000000107e+00 2.890687647504176869e-03 5.376511552581447750e-02 5.376511552581447750e-02
5.334391700000000291e+00 2.877243966101780421e-03 5.363994748414450259e-02 5.363994748414450259e-02
5.340585299999999869e+00 2.863879680210743364e-03 5.351522848882123151e-02 5.351522848882123151e-02
5.346778800000000054e+00 2.850594067398803683e-03 5.339095492121117420e-02 5.339095492121117420e-02
5.352972399999999631e+00 2.837385551749711451e-03 5.326711510631781249e-02 5.326711510631781249e-02
5.359165899999999816e+00 2.824253434413080254e-03 5.314370550133929588e-02 5.314370550133929588e-02
5.365359400000000001e+00 2.811196412071780958e-03 5.302071681967135408e-02 5.302071681967135408e-02
5.371593700000000027e+00 2.798128162640089751e-03 5.289733606373850372e-02 5.289733606373850372e-02
5.377787299999999604e+00 2.785218545744023652e-03 5.277516978413260978e-02 5.277516978413260978e-02
5.383980799999999789e+00 2.772381310999645285e-03 5.265340740160740635e-02 5.265340740160740635e-02
5.390174400000000254e+00 2.759615230108308694e-03 5.253204003375757519e-02 5.253204003375757519e-02
5.396367900000000439e+00 2.746919996850622891e-03 5.241106750344456250e-02 5.241106750344456250e-02
5.402561399999999736e+00 2.734294788245988407e-03 5.229048468168934899e-02 5.229048468168934899e-02
5.408755000000000202e+00 2.721738892549275830e-03 5.217028744936408335e-02 5.217028744936408335e-02
5.414948500000000386e+00 2.709252314392863407e-03 5.205047852222747379e-02 5.205047852222747379e-02
5.421142099999999964e+00 2.696834357959669668e-03 5.193105388839773517e-02 5.193105388839773517e-02
5.427335600000000149e+00 2.684485236649275606e-03 5.181201826458100429e-02 5.181201826458100429e-02
5.433529100000000334e+00 2.672204660951571758e-03 5.169337153786326272e-02 5.169337153786326272e-02
5.439722699999999911e+00 2.659992436487851851e-03 5.157511450775317113e-02 5.157511450775317113e-02
5.445916200000000096e+00 2.647849039715491175e-03 5.145725449064972312e-02 5.145725449064972312e-02
5.452109799999999673e+00 2.635774227454601611e-03 5.133979185246665550e-02 5.133979185246665550e-02
5.458344099999999699e+00 2.623689731949261413e-03 5.122196532689136939e-02 5.122196532689136939e-02
5.464537599999999884e+00 2.611753767876639955e-03 5.110532034804830120e-02 5.110532034804830120e-02
5.470731100000000069e+00 2.599887275694942081e-03 5.098908977119460256e-02 5.098908977119460256e-02
5.476924699999999646e+00 2.588090318940643349e-03 5.087327706115110648e-02 5.087327706115110648e-02
5.483118199999999831e+00 2.576363512607625101e-03 5.075789113633095984e-02 5.075789113633095984e-02
5.489311800000000297e+00 2.564706674198873743e-03 5.064293311212210436e-02 5.064293311212210436e-02
5.495505299999999593e+00 2.553120320624677284e-03 5.052841102414241947e-02 5.052841102414241947e-02
5.501698900000000059e+00 2.541604145879838850e-03 5.041432480833040602e-02 5.041432480833040602e-02
5.507892400000000244e+00 2.530158502541335168e-03 5.030068093516563282e-02 5.030068093516563282e-02
5.514085900000000429e+00 2.518783084303394260e-03 5.018747935793741594e-02 5.018747935793741594e-02
5.520279500000000006e+00 2.507477478199518755e-03 5.007471895277614687e-02 5.007471895277614687e-02
5.526473000000000191e+00 2.496241699126965259e-03 4.996240285581714236e-02 4.996240285581714236e-02
5.532666599999999768e+00 2.485074909864961028e-03 4.985052567290500225e-02 4.985052567290500225e-02
5.538900899999999794e+00 2.473903987415817032e-03 4.973835529463974114e-02 4.973835529463974114e-02
5.545094399999999979e+00 2.462874236184355806e-03 4.962735370926356360e-02 4.962735370926356360e-02
5.551287900000000164e+00 2.451911477555207379e-03 4.951677975752469263e-02 4.951677975752469263e-02
5.557481499999999741e+00 2.441014577851488478e-03 4.940662483768232943e-02 4.940662483768232943e-02
5.563674999999999926e+00 2.430182829412941455e-03 4.929688458120798367e-02 4.929688458120798367e-02
5.569868600000000392e+00 2.419414735423861505e-03 4.918754654812396154e-02 4.918754654812396154e-02
5.576062099999999688e+00 2.408709425434141672e-03 4.907860455874984984e-02 4.907860455874984984e-02
5.582255599999999873e+00 2.398065454262786247e-03 4.897004650051688807e-02 4.897004650051688807e-02
5.588449200000000339e+00 2.387481348258622786e-03 4.886185985263580278e-02 4.886185985263580278e-02
5.594642699999999635e+00 2.376956134987871956e-03 4.875403711476488516e-02 4.875403711476488516e-02
5.600836300000000101e+00 2.366488171588688062e-03 4.864656382098007936e-02 4.864656382098007936e-02
5.607029800000000286e+00 2.356076526765377762e-03 4.853943269925368315e-02 4.853943269925368315e-02
5.613223399999999863e+00 2.345719650578741503e-03 4.843263001922094163e-02 4.843263001922094163e-02
5.619457599999999609e+00 2.335349211379812977e-03 4.832545096923372696e-02 4.832545096923372696e-02
5.625651200000000074e+00 2.325099237132753280e-03 4.821928283511434793e-02 4.821928283511434793e-02
5.631844700000000259e+00 2.314901253409066152e-03 4.811342072030490996e-02 4.811342072030490996e-02
5.638038299999999836e+00 2.304754133236509503e-03 4.800785491184238890e-02 4.800785491184238890e-02
5.644231800000000021e+00 2.294657547466180322e-03 4.790258393308424040e-02 4.790258393308424040e-02
5.650425399999999598e+00 2.284610662861582316e-03 4.779760101575791786e-02 4.779760101575791786e-02
5.656618899999999783e+00 2.274613451547583595e-03 4.769290776989366237e-02 4.769290776989366237e-02
5.662812399999999968e+00 2.264665555027382902e-03 4.758850234066400176e-02 4.758850234066400176e-02
5.669006000000000434e+00 2.254766772128941141e-03 4.748438450826693996e-02 4.748438450826693996e-02
5.675199499999999730e+00 2.244917528792266838e-03 4.738056066354921075e-02 4.738056066354921075e-02
5.681393100000000196e+00 2.235117751500459958e-03 4.727703196585483769e-02 4.727703196585483769e-02
5.687586600000000381e+00 2.225368126139334359e-03 4.717380762816728718e-02 4.717380762816728718e-02
5.693780099999999678e+00 2.215668971866383875e-03 4.707089304300890453e-02 4.707089304300890453e-02
5.700014399999999704e+00 2.205957468528734183e-03 4.696762149107333584e-02 4.696762149107333584e-02
