3.577503900000000153e-02 5.484122677212518511e+02 2.341820376803592296e+01 2.341820376803592296e+01
4.190623799999999843e-02 4.943761433376313335e+02 2.223457090518347101e+01 2.223457090518347101e+01
4.803784500000000263e-02 4.618205617763533724e+02 2.149001074397947875e+01 2.149001074397947875e+01
5.416904399999999953e-02 4.513956485469638551e+02 2.124607372073635148e+01 2.124607372073635148e+01
6.030024300000000337e-02 4.715000153572254931e+02 2.171405110423261320e+01 2.171405110423261320e+01
6.643184900000000115e-02 4.757843226984483636e+02 2.181248089279273827e+01 2.181248089279273827e+01
7.256304800000000499e-02 4.594431420254272211e+02 2.143462483985729250e+01 2.143462483985729250e+01
7.869424699999999495e-02 4.584963088371924869e+02 2.141252691386965878e+01 2.141252691386965878e+01
8.482544599999999879e-02 4.667130188191867433e+02 2.160354181191562617e+01 2.160354181191562617e+01
9.095705299999999605e-02 4.565052904427570866e+02 2.136598442484588745e+01 2.136598442484588745e+01
9.708825199999999989e-02 4.320176692783452950e+02 2.078503474325567169e+01 2.078503474325567169e+01
1.032198599999999966e-01 4.170509167679557549e+02 2.042182452103523005e+01 2.042182452103523005e+01
1.093510599999999999e-01 4.119395674230625559e+02 2.029629442590599098e+01 2.029629442590599098e+01
1.154822600000000032e-01 4.043797642176704130e+02 2.010919601122009936e+01 2.010919601122009936e+01
1.216134600000000066e-01 3.905800758346377393e+02 1.976309884189819499e+01 1.976309884189819499e+01
1.277450599999999936e-01 3.716226745383823413e+02 1.927751733337003870e+01 1.927751733337003870e+01
1.338762599999999969e-01 3.494306094199611152e+02 1.869306313636053218e+01 1.869306313636053218e+01
1.400074600000000002e-01 3.266161638135334329e+02 1.807252510894737796e+01 1.807252510894737796e+01
1.461390700000000098e-01 3.059530664392700601e+02 1.749151412654919469e+01 1.749151412654919469e+01
1.522702700000000131e-01 2.898281548074731404e+02 1.702434006966123547e+01 1.702434006966123547e+01
1.584014599999999939e-01 2.784590878452460174e+02 1.668709345108506525e+01 1.668709345108506525e+01
1.645330700000000035e-01 2.707220460983460271e+02 1.645363321878624063e+01 1.645363321878624063e+01
1.706642700000000068e-01 2.651934284361987579e+02 1.628476061955467458e+01 1.628476061955467458e+01
1.767954700000000101e-01 2.605213673982187288e+02 1.614067431671362129e+01 1.614067431671362129e+01
1.829270799999999919e-01 2.556464928183275731e+02 1.598894908423713623e+01 1.598894908423713623e+01
1.890582799999999952e-01 2.499080306477090119e+02 1.580847970703410255e+01 1.580847970703410255e+01
1.951894700000000038e-01 2.428687293428702674e+02 1.558424619103761088e+01 1.558424619103761088e+01
2.013210800000000134e-01 2.342972960527680470e+02 1.530677288172683603e+01 1.530677288172683603e+01
2.074522799999999889e-01 2.245356022193446961e+02 1.498451207812068553e+01 1.498451207812068553e+01
2.135834799999999922e-01 2.141238470237171612e+02 1.463297123019508916e+01 1.463297123019508916e+01
2.197146799999999955e-01 2.035439635683058555e+02 1.426688345674365799e+01 1.426688345674365799e+01
2.258462800000000104e-01 1.931310849864720467e+02 1.389716104053169765e+01 1.389716104053169765e+01
2.319774800000000137e-01 1.829949905479195138e+02 1.352756410252487029e+01 1.352756410252487029e+01
2.381086799999999892e-01 1.731311171765309496e+02 1.315792982108245468e+01 1.315792982108245468e+01
2.442402899999999988e-01 1.634751839547093653e+02 1.278574143155997689e+01 1.278574143155997689e+01
2.503714899999999743e-01 1.539823354286235997e+02 1.240896189971681629e+01 1.240896189971681629e+01
2.565026899999999777e-01 1.446384261404638778e+02 1.202657167028342577e+01 1.202657167028342577e+01
2.626342899999999925e-01 1.354360947164368270e+02 1.163770143612718933e+01 1.163770143612718933e+01
2.687654899999999958e-01 1.263766463323214708e+02 1.124173680230601491e+01 1.124173680230601491e+01
2.748966899999999991e-01 1.174916400888475607e+02 1.083935607353349972e+01 1.083935607353349972e+01
2.810283000000000087e-01 1.088306203775116785e+02 1.043219154240908608e+01 1.043219154240908608e+01
2.871595000000000120e-01 1.004656501497712497e+02 1.002325546665210254e+01 1.002325546665210254e+01
2.932907000000000153e-01 9.246356889835703896e+01 9.615797881525850244e+00 9.615797881525850244e+00
2.994222999999999746e-01 8.488117536888093184e+01 9.213098033174341950e+00 9.213098033174341950e+00
3.055534999999999779e-01 7.776765049580841094e+01 8.818596855271728430e+00 8.818596855271728430e+00
3.116846999999999812e-01 7.116114300952484939e+01 8.435706432156399259e+00 8.435706432156399259e+00
3.178163099999999908e-01 6.507394506019467428e+01 8.066842322755210404e+00 8.066842322755210404e+00
3.239475099999999941e-01 5.949996719684962443e+01 7.713622183958041667e+00 7.713622183958041667e+00
3.300787099999999974e-01 5.442582116876530307e+01 7.377385795033719162e+00 7.377385795033719162e+00
3.362103100000000122e-01 4.983371891424852862e+01 7.059300171706011540e+00 7.059300171706011540e+00
3.423415100000000155e-01 4.570212771351356196e+01 6.760334881757970926e+00 6.760334881757970926e+00
3.484727100000000188e-01 4.200408372846368366e+01 6.481055757240766546e+00 6.481055757240766546e+00
3.546039100000000222e-01 3.871354276044039011e+01 6.222020793957570461e+00 6.222020793957570461e+00
3.607355199999999762e-01 3.580702705631583882e+01 5.983897313316450806e+00 5.983897313316450806e+00
3.668667099999999848e-01 3.325693856160691553e+01 5.766882915545183508e+00 5.766882915545183508e+00
3.729979099999999881e-01 3.103214789729448952e+01 5.570650581152482239e+00 5.570650581152482239e+00
3.791295199999999976e-01 2.909988564219108298e+01 5.394430984097496662e+00 5.394430984097496662e+00
3.852607200000000010e-01 2.742766741959916743e+01 5.237143058920499250e+00 5.237143058920499250e+00
3.913919200000000043e-01 2.598398331853037391e+01 5.097448706807197638e+00 5.097448706807197638e+00
3.975235200000000191e-01 2.473679505163324777e+01 4.973609861220846362e+00 4.973609861220846362e+00
4.036547200000000224e-01 2.365369730174851171e+01 4.863506687745839940e+00 4.863506687745839940e+00
4.097842899999999955e-01 2.270552334006301010e+01 4.765031305255297944e+00 4.765031305255297944e+00
4.159167100000000228e-01 2.186609875796385793e+01 4.676120053844197599e+00 4.676120053844197599e+00
4.220491399999999893e-01 2.111251076098779222e+01 4.594835226750551449e+00 4.594835226750551449e+00
4.281815600000000166e-01 2.042455564303010362e+01 4.519353454093860023e+00 4.519353454093860023e+00
4.343099000000000265e-01 1.978515871691558559e+01 4.448051114467501677e+00 4.448051114467501677e+00
4.404423299999999930e-01 1.918018865090881775e+01 4.379519226000590848e+00 4.379519226000590848e+00
4.465747500000000203e-01 1.859951869042427575e+01 4.312715929715783325e+00 4.312715929715783325e+00
4.527071699999999921e-01 1.803627320575447612e+01 4.246913373940476077e+00 4.246913373940476077e+00
4.588355199999999967e-01 1.748542681568313739e+01 4.181557941208412288e+00 4.181557941208412288e+00
4.649679400000000240e-01 1.694393388154682611e+01 4.116300995013220110e+00 4.116300995013220110e+00
4.711003599999999958e-01 1.640984989199279553e+01 4.050907292446075836e+00 4.050907292446075836e+00
4.772287100000000004e-01 1.588242044112965345e+01 3.985275453607900253e+00 3.985275453607900253e+00
4.833611300000000277e-01 1.536207319064886256e+01 3.919448072197010635e+00 3.919448072197010635e+00
4.894935499999999995e-01 1.484977931869711121e+01 3.853541140132944243e+00 3.853541140132944243e+00
4.956259700000000268e-01 1.434677782172086857e+01 3.787714062824815375e+00 3.787714062824815375e+00
5.017543199999999759e-01 1.385419810171205945e+01 3.722122795087778879e+00 3.722122795087778879e+00
5.078867400000000032e-01 1.337342984768774379e+01 3.656970036476610897e+00 3.656970036476610897e+00
5.140191600000000305e-01 1.290557583549345999e+01 3.592433135841704317e+00 3.592433135841704317e+00
5.201515799999999468e-01 1.245151891553961221e+01 3.528670984314011161e+00 3.528670984314011161e+00
5.262799299999999514e-01 1.201207125128397912e+01 3.465843512232480883e+00 3.465843512232480883e+00
5.324123499999999787e-01 1.158787921874318982e+01 3.404097416165288159e+00 3.404097416165288159e+00
5.385447700000000060e-01 1.117912136768766729e+01 3.343519308705674042e+00 3.343519308705674042e+00
5.446771900000000333e-01 1.078602616200775621e+01 3.284208605129667280e+00 3.284208605129667280e+00
5.508055400000000379e-01 1.040815182246664783e+01 3.226166738168789738e+00 3.226166738168789738e+00
5.569379599999999542e-01 1.004491445459046872e+01 3.169371302733472451e+00 3.169371302733472451e+00
5.630703799999999815e-01 9.695078909803644507e+00 3.113692166834037600e+00 3.113692166834037600e+00
5.691987299999999861e-01 9.357439769149593189e+00 3.058993260723140928e+00 3.058993260723140928e+00
5.753311500000000134e-01 9.030805930604056897e+00 3.005129935727248736e+00 3.005129935727248736e+00
5.814635700000000407e-01 8.713941632540779025e+00 2.951938622759758157e+00 2.951938622759758157e+00
5.875959899999999569e-01 8.405662545832004895e+00 2.899252066625460866e+00 2.899252066625460866e+00
5.937243399999999616e-01 8.104886666906795156e+00 2.846908264575238157e+00 2.846908264575238157e+00
5.998567599999999889e-01 7.810664437659477599e+00 2.794756597211907057e+00 2.794756597211907057e+00
6.059891800000000162e-01 7.522195902070793139e+00 2.742662192482113515e+00 2.742662192482113515e+00
6.121216000000000435e-01 7.238826288870265913e+00 2.690506697421559235e+00 2.690506697421559235e+00
6.182499500000000481e-01 6.960138917796956370e+00 2.638207519850733096e+00 2.638207519850733096e+00
6.243823699999999643e-01 6.686181814310026894e+00 2.585765227995385107e+00 2.585765227995385107e+00
6.305147899999999916e-01 6.417530885950943897e+00 2.533284604214643743e+00 2.533284604214643743e+00
6.366472100000000189e-01 6.154948857767817749e+00 2.480916938909446312e+00 2.480916938909446312e+00
6.427755600000000236e-01 5.899304902884810353e+00 2.428848472606887299e+00 2.428848472606887299e+00
6.489079800000000509e-01 5.651387412019224676e+00 2.377264691198526236e+00 2.377264691198526236e+00
6.550403999999999671e-01 5.411997997804562921e+00 2.326370133449224387e+00 2.326370133449224387e+00
6.611687499999999718e-01 5.181837792262354192e+00 2.276365039325273454e+00 2.276365039325273454e+00
6.673011699999999990e-01 4.961481098798179445e+00 2.227438236808863881e+00 2.227438236808863881e+00
6.734335900000000263e-01 4.751387283368758929e+00 2.179767713167795051e+00 2.179767713167795051e+00
6.795660199999999929e-01 4.551895972573843707e+00 2.133517277308492499e+00 2.133517277308492499e+00
6.856943599999999472e-01 4.363225149601751340e+00 2.088833442283455799e+00 2.088833442283455799e+00
6.918267799999999745e-01 4.185474862701443755e+00 2.045843313331068281e+00 2.045843313331068281e+00
6.979592100000000521e-01 4.018583216006910597e+00 2.004640420625831698e+00 2.004640420625831698e+00
7.040916299999999683e-01 3.862132433868616932e+00 1.965230885638788560e+00 1.965230885638788560e+00
7.102199700000000337e-01 3.715608625435637080e+00 1.927591405209007736e+00 1.927591405209007736e+00
7.163523899999999500e-01 3.578444156048665725e+00 1.891677603622949677e+00 1.891677603622949677e+00
7.224848200000000276e-01 3.450040962141153855e+00 1.857428588705674510e+00 1.857428588705674510e+00
7.286131599999999819e-01 3.329717625427869532e+00 1.824751387293038762e+00 1.824751387293038762e+00
7.347455800000000092e-01 3.216789325757666518e+00 1.793541001972819737e+00 1.793541001972819737e+00
7.408780099999999758e-01 3.110556232686535694e+00 1.763676907113810310e+00 1.763676907113810310e+00
7.470104300000000030e-01 3.010336807732012510e+00 1.735032220949228599e+00 1.735032220949228599e+00
7.531387699999999574e-01 2.915459331827176648e+00 1.707471619625689829e+00 1.707471619625689829e+00
7.592712000000000350e-01 2.825340723285791888e+00 1.680874987405604815e+00 1.680874987405604815e+00
7.654036199999999512e-01 2.739392013002830861e+00 1.655110876347210436e+00 1.655110876347210436e+00
7.715360399999999785e-01 2.657057200386628626e+00 1.630048220264243897e+00 1.630048220264243897e+00
7.776643899999999832e-01 2.577821849118202557e+00 1.605559668501361781e+00 1.605559668501361781e+00
7.837968100000000105e-01 2.501308105082075794e+00 1.581552435135198387e+00 1.581552435135198387e+00
7.899292300000000377e-01 2.427270746276342983e+00 1.557970072330127520e+00 1.557970072330127520e+00
7.960616499999999540e-01 2.355521904952323275e+00 1.534770961724362115e+00 1.534770961724362115e+00
8.021899999999999586e-01 2.285926732458498201e+00 1.511928150560898354e+00 1.511928150560898354e+00
8.083224199999999859e-01 2.218371967335228678e+00 1.489420010384991722e+00 1.489420010384991722e+00
8.144548400000000132e-01 2.152804411232500659e+00 1.467243814514990863e+00 1.467243814514990863e+00
8.205831900000000179e-01 2.089158492708618642e+00 1.445392158795881565e+00 1.445392158795881565e+00
8.267156100000000452e-01 2.027412578301262869e+00 1.423872388348500495e+00 1.423872388348500495e+00
8.328480299999999614e-01 1.967553642452074092e+00 1.402695135249307778e+00 1.402695135249307778e+00
8.389804499999999887e-01 1.909596264319446624e+00 1.381881421945981181e+00 1.381881421945981181e+00
8.451087999999999933e-01 1.853576851341482978e+00 1.361461292634308817e+00 1.361461292634308817e+00
8.512412200000000206e-01 1.799541978723781410e+00 1.341470081188463004e+00 1.341470081188463004e+00
8.573736400000000479e-01 1.747483318338300284e+00 1.321924097041240920e+00 1.321924097041240920e+00
8.635060599999999642e-01 1.697378978713262487e+00 1.302834977544455652e+00 1.302834977544455652e+00
8.696344099999999688e-01 1.649214197491988942e+00 1.284217348228869238e+00 1.284217348228869238e+00
8.757668299999999961e-01 1.602919826389175961e+00 1.266064700712082880e+00 1.266064700712082880e+00
8.818992500000000234e-01 1.558457186079900580e+00 1.248381827038466785e+00 1.248381827038466785e+00
8.880316700000000507e-01 1.515767635790864043e+00 1.231165153742934670e+00 1.231165153742934670e+00
8.941600200000000553e-01 1.474796047658622600e+00 1.214411811396209462e+00 1.214411811396209462e+00
9.002924399999999716e-01 1.435435216769103572e+00 1.198096497269357519e+00 1.198096497269357519e+00
9.064248599999999989e-01 1.397607029483103114e+00 1.182204309534990339e+00 1.182204309534990339e+00
9.125532100000000035e-01 1.361206332563489108e+00 1.166707475146829154e+00 1.166707475146829154e+00
9.186856300000000308e-01 1.326125802665323095e+00 1.151575356919955606e+00 1.151575356919955606e+00
9.248180499999999471e-01 1.292255314659350063e+00 1.136774082506876171e+00 1.136774082506876171e+00
9.309504699999999744e-01 1.259506022496779565e+00 1.122277159393694212e+00 1.122277159393694212e+00
9.370788199999999790e-01 1.227763283566547514e+00 1.108044802147705399e+00 1.108044802147705399e+00
9.432112400000000063e-01 1.196930451618459568e+00 1.094043167164102215e+00 1.094043167164102215e+00
9.493436600000000336e-01 1.166946687568753971e+00 1.080253066447281141e+00 1.080253066447281141e+00
9.554760799999999499e-01 1.137752189263442126e+00 1.066654671983131575e+00 1.066654671983131575e+00
9.616044299999999545e-01 1.109288556930156489e+00 1.053227685227727140e+00 1.053227685227727140e+00
9.677368499999999818e-01 1.081539522527825037e+00 1.039970923885771503e+00 1.039970923885771503e+00
9.738692700000000091e-01 1.054460245554507347e+00 1.026869147240536906e+00 1.026869147240536906e+00
9.799976200000000137e-01 1.028046422323669606e+00 1.013926241066710698e+00 1.013926241066710698e+00
9.861300400000000410e-01 1.002293025529672921e+00 1.001145856271538959e+00 1.001145856271538959e+00
9.922624599999999573e-01 9.772159884303663890e-01 9.885423554053546225e-01 9.885423554053546225e-01
9.983948900000000348e-01 9.528257912472830604e-01 9.761279584395086140e-01 9.761279584395086140e-01
1.004523199999999949e+00 9.291404522140082056e-01 9.639193183114488361e-01 9.639193183114488361e-01
1.010655700000000046e+00 9.061774739005366008e-01 9.519335448971932845e-01 9.519335448971932845e-01
1.016788100000000084e+00 8.839491279238305133e-01 9.401856880020194041e-01 9.401856880020194041e-01
1.022920499999999899e+00 8.624670968254415371e-01 9.286910664076840627e-01 9.286910664076840627e-01
1.029048799999999986e+00 8.417359460305476881e-01 9.174616864101452496e-01 9.174616864101452496e-01
1.035181300000000082e+00 8.217541581887675139e-01 9.065065681994629587e-01 9.065065681994629587e-01
1.041313699999999898e+00 8.025125931555154857e-01 8.958306721448621168e-01 8.958306721448621168e-01
1.047446099999999936e+00 7.839972047054097892e-01 8.854361663640184510e-01 8.854361663640184510e-01
1.053574500000000080e+00 7.661866725841280923e-01 8.753208969195972466e-01 8.753208969195972466e-01
1.059706899999999896e+00 7.490530651207887303e-01 8.654785180007581458e-01 8.654785180007581458e-01
1.065839299999999934e+00 7.325664371681633869e-01 8.559009505592124478e-01 8.559009505592124478e-01
1.071967600000000020e+00 7.166884107987344654e-01 8.465745157980687496e-01 8.465745157980687496e-01
1.078100099999999895e+00 7.013799209355252584e-01 8.374842810080229683e-01 8.374842810080229683e-01
1.084232499999999932e+00 6.865996557262308286e-01 8.286130916937233248e-01 8.286130916937233248e-01
1.090364899999999970e+00 6.723029217700280391e-01 8.199408038206343896e-01 8.199408038206343896e-01
1.096493299999999893e+00 6.584448335391983598e-01 8.114461371768296738e-01 8.114461371768296738e-01
1.102625699999999931e+00 6.449827300550424747e-01 8.031081683403814564e-01 8.031081683403814564e-01
1.108758099999999969e+00 6.318780147796095870e-01 7.949075510898166996e-01 7.949075510898166996e-01
1.114890500000000007e+00 6.190945594705745680e-01 7.868256220221698793e-01 7.868256220221698793e-01
1.121018899999999929e+00 6.066050941981012690e-01 7.788485694909513812e-01 7.788485694909513812e-01
1.127151299999999967e+00 5.943890272148623088e-01 7.709662944739298363e-01 7.709662944739298363e-01
1.133283700000000005e+00 5.824256521202725301e-01 7.631681676539401327e-01 7.631681676539401327e-01
1.139416100000000043e+00 5.707054820241330706e-01 7.554505159334614639e-01 7.554505159334614639e-01
1.145544499999999966e+00 5.592171336361335676e-01 7.478082198238620304e-01 7.478082198238620304e-01
1.151676900000000003e+00 5.479608806957221301e-01 7.402437981474225825e-01 7.402437981474225825e-01
1.157809300000000041e+00 5.369360658177649848e-01 7.327592140790623043e-01 7.327592140790623043e-01
1.163937699999999964e+00 5.261464454860076412e-01 7.253595284312515101e-01 7.253595284312515101e-01
1.170070100000000002e+00 5.155995259699202027e-01 7.180525927603912395e-01 7.180525927603912395e-01
1.176202500000000040e+00 5.053023293394206528e-01 7.108462065309349986e-01 7.108462065309349986e-01
1.182334900000000077e+00 4.952628011792771789e-01 7.037491038568199908e-01 7.037491038568199908e-01
1.188463300000000000e+00 4.854872015307841182e-01 6.967691163726935644e-01 6.967691163726935644e-01
1.194595700000000038e+00 4.759814500458774411e-01 6.899140888877958178e-01 6.899140888877958178e-01
1.200728100000000076e+00 4.667488119255805423e-01 6.831901725914831802e-01 6.831901725914831802e-01
1.206860499999999892e+00 4.577906083521646186e-01 6.766022526951596117e-01 6.766022526951596117e-01
1.212988900000000037e+00 4.491072921343721713e-01 6.701546777680300604e-01 6.701546777680300604e-01
1.219121300000000074e+00 4.406921118706211837e-01 6.638464520283445802e-01 6.638464520283445802e-01
1.225253699999999890e+00 4.325387256937995306e-01 6.576767638390453863e-01 6.576767638390453863e-01
1.231382100000000035e+00 4.246379805681833597e-01 6.516425251379650563e-01 6.516425251379650563e-01
1.237514500000000073e+00 4.169773844328218959e-01 6.457378604610557460e-01 6.457378604610557460e-01
1.243646900000000111e+00 4.095423518040787747e-01 6.399549607621451974e-01 6.399549607621451974e-01
1.249779299999999926e+00 4.023195433008555089e-01 6.342866412757370842e-01 6.342866412757370842e-01
1.255907700000000071e+00 3.952941069155539444e-01 6.287241898603503909e-01 6.287241898603503909e-01
1.262040100000000109e+00 3.884515611043869443e-01 6.232588235271017130e-01 6.232588235271017130e-01
1.268172499999999925e+00 3.817754735697729274e-01 6.178798213000429307e-01 6.178798213000429307e-01
1.274305000000000021e+00 3.752512837098180287e-01 6.125775736262453197e-01 6.125775736262453197e-01
1.280433300000000107e+00 3.688624906231722789e-01 6.073405063250534308e-01 6.073405063250534308e-01
1.286565699999999923e+00 3.625967208256904994e-01 6.021600458563242109e-01 6.021600458563242109e-01
1.292698099999999961e+00 3.564422553715772546e-01 5.970278514203313236e-01 5.970278514203313236e-01
1.298830600000000057e+00 3.503880564311101509e-01 5.919358549970682448e-01 5.919358549970682448e-01
1.304958899999999922e+00 3.444259574504852650e-01 5.868781453167984941e-01 5.868781453167984941e-01
1.311091299999999960e+00 3.385502145755063252e-01 5.818506806522669716e-01 5.818506806522669716e-01
1.317223800000000056e+00 3.327561037640814900e-01 5.768501571154172058e-01 5.768501571154172058e-01
1.323352099999999920e+00 3.270432868010277883e-01 5.718769857242270716e-01 5.718769857242270716e-01
1.329484499999999958e+00 3.214114869109354622e-01 5.669316421853127785e-01 5.669316421853127785e-01
1.335616899999999996e+00 3.158621889441601271e-01 5.620161821016901316e-01 5.620161821016901316e-01
1.341749400000000092e+00 3.104001771308542712e-01 5.571356900530195499e-01 5.571356900530195499e-01
1.347877699999999956e+00 3.050291873245798424e-01 5.522944751892597814e-01 5.522944751892597814e-01
1.354010099999999994e+00 2.997540617154667020e-01 5.474980015629890007e-01 5.474980015629890007e-01
1.360142600000000090e+00 2.945787594249814068e-01 5.427511026474118871e-01 5.427511026474118871e-01
1.366274999999999906e+00 2.895086182203142622e-01 5.380600507567108171e-01 5.380600507567108171e-01
1.372403299999999993e+00 2.845461724361370570e-01 5.334286948000989126e-01 5.334286948000989126e-01
1.378535700000000030e+00 2.796936609609866342e-01 5.288607198128696396e-01 5.288607198128696396e-01
1.384668199999999905e+00 2.749522454690703777e-01 5.243588899494986411e-01 5.243588899494986411e-01
1.390800599999999942e+00 2.703216814916424293e-01 5.199246882882582188e-01 5.199246882882582188e-01
1.396928900000000029e+00 2.658033463724533418e-01 5.155611955650398759e-01 5.155611955650398759e-01
1.403061399999999903e+00 2.613923410693959615e-01 5.112654311308324484e-01 5.112654311308324484e-01
1.409193799999999941e+00 2.570875960891122469e-01 5.070380617755556596e-01 5.070380617755556596e-01
1.415322100000000027e+00 2.528849383313868104e-01 5.028766631405625631e-01 5.028766631405625631e-01
1.421454500000000065e+00 2.487783991264457539e-01 4.987769031605671088e-01 4.987769031605671088e-01
1.427586999999999939e+00 2.447641611402772144e-01 4.947364562474421135e-01 4.947364562474421135e-01
1.433719399999999977e+00 2.408349064081523327e-01 4.907493315412180257e-01 4.907493315412180257e-01
1.439847700000000064e+00 2.369848700801822639e-01 4.868109182014945802e-01 4.868109182014945802e-01
1.445980199999999938e+00 2.332092990525865550e-01 4.829174867951941952e-01 4.829174867951941952e-01
1.452112599999999976e+00 2.295023329803543843e-01 4.790640176222321633e-01 4.790640176222321633e-01
1.458245000000000013e+00 2.258574469517677652e-01 4.752446180145207810e-01 4.752446180145207810e-01
1.464373300000000100e+00 2.222695601337020266e-01 4.714547275547271710e-01 4.714547275547271710e-01
1.470505799999999974e+00 2.187335280355480749e-01 4.676895637445292464e-01 4.676895637445292464e-01
1.476638200000000012e+00 2.152468669527839717e-01 4.639470518850011826e-01 4.639470518850011826e-01
1.482766500000000098e+00 2.118062198078034808e-01 4.602240973784439970e-01 4.602240973784439970e-01
1.488898999999999972e+00 2.084093693727917807e-01 4.565187502970625699e-01 4.565187502970625699e-01
1.495031400000000010e+00 2.050570964248009664e-01 4.528323049703951719e-01 4.528323049703951719e-01
1.501163800000000048e+00 2.017492097915745963e-01 4.491650139888174742e-01 4.491650139888174742e-01
1.507292099999999913e+00 1.984853680720113367e-01 4.455169672100169898e-01 4.455169672100169898e-01
1.513424600000000009e+00 1.952707992678431315e-01 4.418945567302715038e-01 4.418945567302715038e-01
1.519557000000000047e+00 1.921061918434974480e-01 4.382992035624722060e-01 4.382992035624722060e-01
1.525689400000000084e+00 1.889963672096936498e-01 4.347371242598148111e-01 4.347371242598148111e-01
1.531817800000000007e+00 1.859441433079015715e-01 4.312124108927078980e-01 4.312124108927078980e-01
1.537950200000000045e+00 1.829509858897434837e-01 4.277277006341107524e-01 4.277277006341107524e-01
1.544082600000000083e+00 1.800209989901312424e-01 4.242888155374016645e-01 4.242888155374016645e-01
1.550214999999999899e+00 1.771557673588919357e-01 4.208987614128745780e-01 4.208987614128745780e-01
1.556343400000000043e+00 1.743552549884160030e-01 4.175586844844877410e-01 4.175586844844877410e-01
1.562475800000000081e+00 1.716216922464570138e-01 4.142724855049596533e-01 4.142724855049596533e-01
1.568608199999999897e+00 1.689527643736558060e-01 4.110386409738819302e-01 4.110386409738819302e-01
1.574736600000000042e+00 1.663474353461348865e-01 4.078571261436226281e-01 4.078571261436226281e-01
1.580869000000000080e+00 1.638051144900990463e-01 4.047284453681246341e-01 4.047284453681246341e-01
1.587001399999999895e+00 1.613236651413167133e-01 4.016511734594045979e-01 4.016511734594045979e-01
1.593133799999999933e+00 1.588994950140966977e-01 3.986219951458984667e-01 3.986219951458984667e-01
1.599262200000000078e+00 1.565295749544317883e-01 3.956381869264287698e-01 3.956381869264287698e-01
1.605394599999999894e+00 1.542106734350995878e-01 3.926966684797562612e-01 3.926966684797562612e-01
1.611526999999999932e+00 1.519392361310724082e-01 3.897938379849948398e-01 3.897938379849948398e-01
1.617659399999999970e+00 1.497116590424342475e-01 3.869259089831466047e-01 3.869259089831466047e-01
1.623787799999999892e+00 1.475232721103174049e-01 3.840875839054386787e-01 3.840875839054386787e-01
1.629920199999999930e+00 1.453726490208651356e-01 3.812776534506908677e-01 3.812776534506908677e-01
1.636052599999999968e+00 1.432545506205368524e-01 3.784898289525583381e-01 3.784898289525583381e-01
1.642180999999999891e+00 1.411660777092814123e-01 3.757207443158833704e-01 3.757207443158833704e-01
1.648313399999999929e+00 1.391069155366954913e-01 3.729703949869151436e-01 3.729703949869151436e-01
1.654445799999999966e+00 1.370722541508245795e-01 3.702327027030764550e-01 3.702327027030764550e-01
1.660578200000000004e+00 1.350628783810926825e-01 3.675090180949205920e-01 3.675090180949205920e-01
1.666706599999999927e+00 1.330772148211246120e-01 3.647974983756393508e-01 3.647974983756393508e-01
1.672838999999999965e+00 1.311152618993117747e-01 3.620984146600365605e-01 3.620984146600365605e-01
1.678971400000000003e+00 1.291764654414035984e-01 3.594112761745290596e-01 3.594112761745290596e-01
1.685103800000000041e+00 1.272636464076217500e-01 3.567403066764698316e-01 3.567403066764698316e-01
1.691232199999999963e+00 1.253769228616953280e-01 3.540860387839308010e-01 3.540860387839308010e-01
1.697364600000000001e+00 1.235164416001831023e-01 3.514490597514568493e-01 3.514490597514568493e-01
1.703497000000000039e+00 1.216844022829201150e-01 3.488329145635774564e-01 3.488329145635774564e-01
1.709629499999999913e+00 1.198818437885351418e-01 3.462395757110026673e-01 3.462395757110026673e-01
1.715757800000000000e+00 1.181096244582450633e-01 3.436708082718767376e-01 3.436708082718767376e-01
1.721890200000000037e+00 1.163692169203567189e-01 3.411293257994051920e-01 3.411293257994051920e-01
1.728022600000000075e+00 1.146598562019588152e-01 3.386146130957121136e-01 3.386146130957121136e-01
1.734150999999999998e+00 1.129833404007164060e-01 3.361299457065918816e-01 3.361299457065918816e-01
1.740283400000000036e+00 1.113381459947864055e-01 3.336737118725213724e-01 3.336737118725213724e-01
1.746415800000000074e+00 1.097243511182894454e-01 3.312466620485245428e-01 3.312466620485245428e-01
1.752548299999999948e+00 1.081417027154532445e-01 3.288490576472026805e-01 3.288490576472026805e-01
1.758676600000000034e+00 1.065886352649295099e-01 3.264791498165380834e-01 3.264791498165380834e-01
1.764809000000000072e+00 1.050653371557552090e-01 3.241378366617436724e-01 3.241378366617436724e-01
1.770941400000000110e+00 1.035697357616772868e-01 3.218225221479648068e-01 3.218225221479648068e-01
1.777073899999999984e+00 1.020995908927282841e-01 3.195302660042210752e-01 3.195302660042210752e-01
1.783202200000000071e+00 1.006535040117775281e-01 3.172593639465626780e-01 3.172593639465626780e-01
1.789334600000000108e+00 9.923104103012403421e-02 3.150095887907605197e-01 3.150095887907605197e-01
1.795467099999999983e+00 9.782891600519666442e-02 3.127761435998542838e-01 3.127761435998542838e-01
1.801599500000000020e+00 9.644688862774056237e-02 3.105589937962521252e-01 3.105589937962521252e-01
1.807727800000000107e+00 9.508224524715776227e-02 3.083540906930825054e-01 3.083540906930825054e-01
1.813860299999999981e+00 9.373470363652676440e-02 3.061612379719659272e-01 3.061612379719659272e-01
1.819992700000000019e+00 9.240199373497670621e-02 3.039769625069911330e-01 3.039769625069911330e-01
1.826121000000000105e+00 9.108434540168476590e-02 3.018018313424966070e-01 3.018018313424966070e-01
1.832253399999999921e+00 8.978155661631456730e-02 2.996357065109473417e-01 2.996357065109473417e-01
1.838385900000000017e+00 8.849273569700635833e-02 2.974772860186242207e-01 2.974772860186242207e-01
1.844518300000000055e+00 8.721871711410168759e-02 2.953281515773626409e-01 2.953281515773626409e-01
1.850646599999999919e+00 8.596022286643689725e-02 2.931897386786189719e-01 2.931897386786189719e-01
1.856779100000000016e+00 8.471738469972599217e-02 2.910625099522884396e-01 2.910625099522884396e-01
1.862911500000000053e+00 8.349209643878466314e-02 2.889499895116535155e-01 2.889499895116535155e-01
1.869043900000000091e+00 8.228493430544141229e-02 2.868535066988748272e-01 2.868535066988748272e-01
1.875172199999999956e+00 8.109709799769888872e-02 2.847755221182096119e-01 2.847755221182096119e-01
1.881304700000000052e+00 7.992889811158468416e-02 2.827169929657301073e-01 2.827169929657301073e-01
1.887437100000000090e+00 7.878236426585540075e-02 2.806819628438125824e-01 2.806819628438125824e-01
1.893569499999999906e+00 7.765757370058216924e-02 2.786710851534155431e-01 2.786710851534155431e-01
1.899697900000000050e+00 7.655483123084610986e-02 2.766854373306374404e-01 2.766854373306374404e-01
1.905830300000000088e+00 7.547521246360092140e-02 2.747275240371829241e-01 2.747275240371829241e-01
1.911962699999999904e+00 7.441822772357664650e-02 2.727970449318992130e-01 2.727970449318992130e-01
1.918090999999999990e+00 7.338436468862839790e-02 2.708954866523774485e-01 2.708954866523774485e-01
1.924223500000000087e+00 7.237273336784780242e-02 2.690218083498953083e-01 2.690218083498953083e-01
1.930355899999999902e+00 7.138405831124720879e-02 2.671779525171326664e-01 2.671779525171326664e-01
1.936488299999999940e+00 7.041671871373809954e-02 2.653614868697756202e-01 2.653614868697756202e-01
1.942616700000000085e+00 6.947053949926043637e-02 2.635726455823146352e-01 2.635726455823146352e-01
1.948749099999999901e+00 6.854466993105932937e-02 2.618103701747876433e-01 2.618103701747876433e-01
1.954881499999999939e+00 6.763795015015908185e-02 2.600729708181130362e-01 2.600729708181130362e-01
1.961013899999999976e+00 6.674977299620248050e-02 2.583597743384261625e-01 2.583597743384261625e-01
1.967142299999999899e+00 6.587831242227952522e-02 2.566677081798166560e-01 2.566677081798166560e-01
1.973274699999999937e+00 6.502299575600861692e-02 2.549960700795379509e-01 2.549960700795379509e-01
1.979407099999999975e+00 6.418267955376738554e-02 2.533430077064835473e-01 2.533430077064835473e-01
1.985535499999999898e+00 6.335653008313409107e-02 2.517072308916334933e-01 2.517072308916334933e-01
1.991667899999999936e+00 6.254347930315530546e-02 2.500869434879703923e-01 2.500869434879703923e-01
1.997800299999999973e+00 6.174280358001021929e-02 2.484809923917928598e-01 2.484809923917928598e-01
2.003932700000000011e+00 6.095456978247965063e-02 2.468897927871455122e-01 2.468897927871455122e-01
2.010061100000000156e+00 6.017824228968297884e-02 2.453125400171849713e-01 2.453125400171849713e-01
2.016193499999999972e+00 5.941346430606904427e-02 2.437487729324376295e-01 2.437487729324376295e-01
2.022325899999999788e+00 5.866023921542531938e-02 2.421987597313935980e-01 2.421987597313935980e-01
2.028458300000000047e+00 5.791949605854531530e-02 2.406646963277857265e-01 2.406646963277857265e-01
2.034586700000000192e+00 5.719106837761525619e-02 2.391465416384172815e-01 2.391465416384172815e-01
2.040719100000000008e+00 5.647541501157201521e-02 2.376455659413236610e-01 2.376455659413236610e-01
2.046851499999999824e+00 5.577282746170262456e-02 2.361627139531188302e-01 2.361627139531188302e-01
2.052983900000000084e+00 5.508376399040607052e-02 2.346993054749120233e-01 2.346993054749120233e-01
2.059112299999999784e+00 5.440842901506084961e-02 2.332561446458824850e-01 2.332561446458824850e-01
2.065244700000000044e+00 5.374672839798998875e-02 2.318334065616730610e-01 2.318334065616730610e-01
2.071377099999999860e+00 5.309928433590233726e-02 2.304328195720009298e-01 2.304328195720009298e-01
2.077505500000000005e+00 5.246600309670469003e-02 2.290545854085979383e-01 2.290545854085979383e-01
2.083637899999999821e+00 5.184646747691110807e-02 2.276981938376128334e-01 2.276981938376128334e-01
2.089770300000000081e+00 5.124035356237614802e-02 2.263633220342380070e-01 2.263633220342380070e-01
2.095902699999999896e+00 5.064761731791235511e-02 2.250502550940841617e-01 2.250502550940841617e-01
2.102031100000000041e+00 5.006750722381293067e-02 2.237576975744363650e-01 2.237576975744363650e-01
2.108163499999999857e+00 4.949978441652462535e-02 2.224854701245108923e-01 2.224854701245108923e-01
2.114295900000000117e+00 4.894391497949675957e-02 2.212327167927401195e-01 2.212327167927401195e-01
2.120428400000000213e+00 4.839849986415088040e-02 2.199965905739243166e-01 2.199965905739243166e-01
2.126556700000000077e+00 4.786366426124610135e-02 2.187776594198916347e-01 2.187776594198916347e-01
2.132689099999999893e+00 4.733772983046231897e-02 2.175723553911717012e-01 2.175723553911717012e-01
2.138821500000000153e+00 4.682076885774376362e-02 2.163810732428873007e-01 2.163810732428873007e-01
2.144949899999999854e+00 4.631146724029400197e-02 2.152009926563862308e-01 2.152009926563862308e-01
2.151082300000000114e+00 4.580956091570045213e-02 2.140316820372639428e-01 2.140316820372639428e-01
2.157214699999999930e+00 4.531343120813977748e-02 2.128695168598354615e-01 2.128695168598354615e-01
2.163347200000000026e+00 4.482354255022572703e-02 2.117157116281777607e-01 2.117157116281777607e-01
2.169475499999999890e+00 4.433926478514312736e-02 2.105689074510838643e-01 2.105689074510838643e-01
2.175607900000000150e+00 4.385970223725934453e-02 2.094270809548262335e-01 2.094270809548262335e-01
2.181740299999999966e+00 4.338486241887268974e-02 2.082903320340929454e-01 2.082903320340929454e-01
2.187872800000000062e+00 4.291508154558330151e-02 2.071595557670060650e-01 2.071595557670060650e-01
2.194001099999999926e+00 4.244960457487741146e-02 2.060330181666943650e-01 2.060330181666943650e-01
2.200133500000000186e+00 4.198935565874514081e-02 2.049130441400574820e-01 2.049130441400574820e-01
2.206265999999999838e+00 4.153413240285042107e-02 2.037992453441631879e-01 2.037992453441631879e-01
2.212398400000000098e+00 4.108436608339331719e-02 2.026927874478845759e-01 2.026927874478845759e-01
2.218526699999999963e+00 4.064070495227753432e-02 2.015953991346963736e-01 2.015953991346963736e-01
2.224659099999999778e+00 4.020237667527587488e-02 2.005053033594769440e-01 2.005053033594769440e-01
2.230791599999999875e+00 3.977098087273003152e-02 1.994266302997922957e-01 1.994266302997922957e-01
2.236919900000000183e+00 3.934607452020998097e-02 1.983584495810803150e-01 1.983584495810803150e-01
2.243052299999999999e+00 3.892793427356050495e-02 1.973016327189425489e-01 1.973016327189425489e-01
2.249184800000000095e+00 3.851638471564883953e-02 1.962559163838095422e-01 1.962559163838095422e-01
2.255317199999999911e+00 3.811156731423080007e-02 1.952218412837836148e-01 1.952218412837836148e-01
2.261445500000000219e+00 3.771394305153280557e-02 1.942007802546961981e-01 1.942007802546961981e-01
2.267577900000000035e+00 3.732231132283082148e-02 1.931898323484722568e-01 1.931898323484722568e-01
2.273710400000000131e+00 3.693719107369160259e-02 1.921905072413609139e-01 1.921905072413609139e-01
2.279842799999999947e+00 3.655863578252589730e-02 1.912031270207835698e-01 1.912031270207835698e-01
2.285971099999999812e+00 3.618604412054669123e-02 1.902262971319861606e-01 1.902262971319861606e-01
2.292103599999999908e+00 3.581857432402713731e-02 1.892579570956717805e-01 1.892579570956717805e-01
2.298236000000000168e+00 3.545652935224271468e-02 1.882990423561487769e-01 1.882990423561487769e-01
2.304368399999999983e+00 3.509918892785313105e-02 1.873477753480225771e-01 1.873477753480225771e-01
2.310496699999999848e+00 3.474621452866624022e-02 1.864033651216260579e-01 1.864033651216260579e-01
2.316629199999999944e+00 3.439688253755495556e-02 1.854639656039818174e-01 1.854639656039818174e-01
2.322761600000000204e+00 3.405146901248531921e-02 1.845304013231568174e-01 1.845304013231568174e-01
2.328889900000000068e+00 3.370908992789579950e-02 1.836003538337979413e-01 1.836003538337979413e-01
2.335022400000000165e+00 3.336952339617537538e-02 1.826732695173964860e-01 1.826732695173964860e-01
2.341154799999999980e+00 3.303299930070199147e-02 1.817498261366485846e-01 1.817498261366485846e-01
2.347287199999999796e+00 3.269863144944475108e-02 1.808276291097263566e-01 1.808276291097263566e-01
2.353415500000000105e+00 3.236700963927977015e-02 1.799083367698111058e-01 1.799083367698111058e-01
2.359548000000000201e+00 3.203760374676499489e-02 1.789905130077150130e-01 1.789905130077150130e-01
2.365680400000000017e+00 3.171075455809666682e-02 1.780751373945747285e-01 1.780751373945747285e-01
2.371812799999999832e+00 3.138706090389185854e-02 1.771639379328983355e-01 1.771639379328983355e-01
2.377941199999999977e+00 3.106577190055724580e-02 1.762548492965718139e-01 1.762548492965718139e-01
2.384073599999999793e+00 3.074775596408168069e-02 1.753503805644050506e-01 1.753503805644050506e-01
2.390206000000000053e+00 3.043329813315698643e-02 1.744514205535655227e-01 1.744514205535655227e-01
2.396338399999999869e+00 3.012228219574773769e-02 1.735577200695714861e-01 1.735577200695714861e-01
2.402466800000000013e+00 2.981497259767054014e-02 1.726701265351668624e-01 1.726701265351668624e-01
2.408599199999999829e+00 2.951179234810253141e-02 1.717899657957429327e-01 1.717899657957429327e-01
2.414731600000000089e+00 2.921254070335047373e-02 1.709167654250175472e-01 1.709167654250175472e-01
2.420859999999999790e+00 2.891796208587894129e-02 1.700528214581544240e-01 1.700528214581544240e-01
2.426992400000000050e+00 2.862696034141887225e-02 1.691950363971085058e-01 1.691950363971085058e-01
2.433124799999999865e+00 2.834117947162611423e-02 1.683483871963913914e-01 1.683483871963913914e-01
2.439257200000000125e+00 2.805942629262712582e-02 1.675094812021908353e-01 1.675094812021908353e-01
2.445385599999999826e+00 2.778165514880281614e-02 1.666782983738519519e-01 1.666782983738519519e-01
2.451518000000000086e+00 2.750857439688593475e-02 1.658570902822243953e-01 1.658570902822243953e-01
2.457650399999999902e+00 2.723906154525729262e-02 1.650426052425775780e-01 1.650426052425775780e-01
2.463782800000000162e+00 2.697414863005626051e-02 1.642380851996766977e-01 1.642380851996766977e-01
2.469911199999999862e+00 2.671224826388561568e-02 1.634388211652470779e-01 1.634388211652470779e-01
2.476043600000000122e+00 2.645375413482008164e-02 1.626461008903074823e-01 1.626461008903074823e-01
2.482175999999999938e+00 2.619864155616520238e-02 1.618599442609727490e-01 1.618599442609727490e-01
2.488304400000000083e+00 2.594588861609737826e-02 1.610772752938706143e-01 1.610772752938706143e-01
2.494436799999999899e+00 2.569608948290565478e-02 1.602999983871043477e-01 1.602999983871043477e-01
2.500569200000000158e+00 2.544865271727600811e-02 1.595263386318259702e-01 1.595263386318259702e-01
2.506701599999999974e+00 2.520322747234718039e-02 1.587552439207826072e-01 1.587552439207826072e-01
2.512830000000000119e+00 2.495990121031000514e-02 1.579870286140922508e-01 1.579870286140922508e-01
2.518962399999999935e+00 2.471821824751380126e-02 1.572202857379218777e-01 1.572202857379218777e-01
2.525094800000000195e+00 2.447856926442622955e-02 1.564562854743337950e-01 1.564562854743337950e-01
2.531227200000000011e+00 2.424060114298045784e-02 1.556939341881386774e-01 1.556939341881386774e-01
2.537355600000000155e+00 2.400440971840051008e-02 1.549335654995408484e-01 1.549335654995408484e-01
2.543487999999999971e+00 2.377012497457248533e-02 1.541756302875797735e-01 1.541756302875797735e-01
2.549620399999999787e+00 2.353831269134856394e-02 1.534220084973096920e-01 1.534220084973096920e-01
2.555752899999999883e+00 2.330855611306599864e-02 1.526713991324701314e-01 1.526713991324701314e-01
2.561881200000000192e+00 2.308125061599999861e-02 1.519251480696991174e-01 1.519251480696991174e-01
2.568013600000000007e+00 2.285618117426967480e-02 1.511826087030835597e-01 1.511826087030835597e-01
2.574145999999999823e+00 2.263432435043176080e-02 1.504470815616965051e-01 1.504470815616965051e-01
2.580274399999999968e+00 2.241464307867627875e-02 1.497152065712640812e-01 1.497152065712640812e-01
2.586406799999999784e+00 2.219806268672936192e-02 1.489901429180110759e-01 1.489901429180110759e-01
2.592539200000000044e+00 2.198448843464255106e-02 1.482716710455593001e-01 1.482716710455593001e-01
2.598671700000000140e+00 2.177378854350249873e-02 1.475594407128954233e-01 1.475594407128954233e-01
2.604800000000000004e+00 2.156600018663131640e-02 1.468536692991745385e-01 1.468536692991745385e-01
2.610932399999999820e+00 2.136132665290660024e-02 1.461551458310879903e-01 1.461551458310879903e-01
2.617064800000000080e+00 2.115953854770034198e-02 1.454631862283386756e-01 1.454631862283386756e-01
2.623197300000000176e+00 2.096038018998976418e-02 1.447770015920683551e-01 1.447770015920683551e-01
2.629325600000000041e+00 2.076376284436366043e-02 1.440963665203382482e-01 1.440963665203382482e-01
2.635457999999999856e+00 2.056977929564964697e-02 1.434216834918961847e-01 1.434216834918961847e-01
2.641590499999999953e+00 2.037809888306176681e-02 1.427518787374154607e-01 1.427518787374154607e-01
2.647722900000000212e+00 2.018857659081836967e-02 1.420865109389992942e-01 1.420865109389992942e-01
2.653851200000000077e+00 2.000105644857401790e-02 1.414250912977397245e-01 1.414250912977397245e-01
2.659983599999999893e+00 1.981538804618403204e-02 1.407671412162086744e-01 1.407671412162086744e-01
2.666116099999999989e+00 1.963142038271647322e-02 1.401121707158820284e-01 1.401121707158820284e-01
2.672244399999999853e+00 1.944881836825602950e-02 1.394590203904216008e-01 1.394590203904216008e-01
2.678376800000000113e+00 1.926767541681723150e-02 1.388080524206619371e-01 1.388080524206619371e-01
2.684509300000000209e+00 1.908750730531257045e-02 1.381575452348244859e-01 1.381575452348244859e-01
2.690641700000000025e+00 1.890846901364134566e-02 1.375080689037604942e-01 1.375080689037604942e-01
2.696769999999999889e+00 1.873054921683519128e-02 1.368595967290390236e-01 1.368595967290390236e-01
2.702902400000000149e+00 1.855397734507608851e-02 1.362129852292948140e-01 1.362129852292948140e-01
2.709034899999999801e+00 1.837821459238615437e-02 1.355662738013631297e-01 1.355662738013631297e-01
2.715167300000000061e+00 1.820374938927412853e-02 1.349212710778924240e-01 1.349212710778924240e-01
2.721295599999999926e+00 1.803049785466260754e-02 1.342776893406444072e-01 1.342776893406444072e-01
2.727428100000000022e+00 1.785858327695069928e-02 1.336360104049454933e-01 1.336360104049454933e-01
2.733560499999999838e+00 1.768814029888202480e-02 1.329967680016398979e-01 1.329967680016398979e-01
2.739688800000000146e+00 1.751930296020496117e-02 1.323605037773918358e-01 1.323605037773918358e-01
2.745821199999999962e+00 1.735239260326287836e-02 1.317284806078885817e-01 1.317284806078885817e-01
2.751953700000000058e+00 1.718672495588119756e-02 1.310981500856560344e-01 1.310981500856560344e-01
2.758086099999999874e+00 1.702319241464277100e-02 1.304729566409942587e-01 1.304729566409942587e-01
2.764214400000000182e+00 1.686127163914061255e-02 1.298509593308444232e-01 1.298509593308444232e-01
2.770346899999999835e+00 1.670141182833304386e-02 1.292339422455766607e-01 1.292339422455766607e-01
2.776479300000000094e+00 1.654344469080551785e-02 1.286213228465852565e-01 1.286213228465852565e-01
2.782611699999999910e+00 1.638777315109263277e-02 1.280147380229816889e-01 1.280147380229816889e-01
2.788740000000000219e+00 1.623358407983228544e-02 1.274110830337466527e-01 1.274110830337466527e-01
2.794872499999999871e+00 1.608144061720375925e-02 1.268126201022743704e-01 1.268126201022743704e-01
2.801004900000000131e+00 1.593108479468633570e-02 1.262184011730711763e-01 1.262184011730711763e-01
2.807137299999999946e+00 1.578244530400908785e-02 1.256282026616996894e-01 1.256282026616996894e-01
2.813265700000000091e+00 1.563543103571659806e-02 1.250417171815734474e-01 1.250417171815734474e-01
2.819398099999999907e+00 1.549014786875925129e-02 1.244594225792456932e-01 1.244594225792456932e-01
2.825530500000000167e+00 1.534608831894452435e-02 1.238793296678042388e-01 1.238793296678042388e-01
2.831658899999999868e+00 1.520354500285262846e-02 1.233026561062357251e-01 1.233026561062357251e-01
2.837791300000000128e+00 1.506181821157527231e-02 1.227265994459851017e-01 1.227265994459851017e-01
2.843923699999999943e+00 1.492180971251699795e-02 1.221548595534250464e-01 1.221548595534250464e-01
2.850056100000000203e+00 1.478224547805749925e-02 1.215822580727035918e-01 1.215822580727035918e-01
2.856184499999999904e+00 1.464366414315711878e-02 1.210110083552612958e-01 1.210110083552612958e-01
2.862316900000000164e+00 1.450583254849044205e-02 1.204401616923957835e-01 1.204401616923957835e-01
2.868449299999999980e+00 1.436973833786568677e-02 1.198738434266028163e-01 1.198738434266028163e-01
2.874581699999999795e+00 1.423340049047165309e-02 1.193038159090967776e-01 1.193038159090967776e-01
2.880710099999999940e+00 1.409885517490112525e-02 1.187386001892439535e-01 1.187386001892439535e-01
2.886842500000000200e+00 1.396476328135138299e-02 1.181725995370812854e-01 1.181725995370812854e-01
2.892974900000000016e+00 1.383239781585099241e-02 1.176112146687168236e-01 1.176112146687168236e-01
2.899103300000000161e+00 1.370064738322482496e-02 1.170497645586048435e-01 1.170497645586048435e-01
2.905235699999999976e+00 1.356980040540421359e-02 1.164894862440564310e-01 1.164894862440564310e-01
2.911368099999999792e+00 1.344054706383176687e-02 1.159333733824379209e-01 1.159333733824379209e-01
2.917500500000000052e+00 1.331297317390819739e-02 1.153818580796313747e-01 1.153818580796313747e-01
2.923628900000000197e+00 1.318635979130624268e-02 1.148318761986681230e-01 1.148318761986681230e-01
2.929761300000000013e+00 1.306136767318128063e-02 1.142863407113084567e-01 1.142863407113084567e-01
2.935893699999999829e+00 1.293844985856295454e-02 1.137473070387292895e-01 1.137473070387292895e-01
2.942026100000000088e+00 1.281624710627741158e-02 1.132088649632943395e-01 1.132088649632943395e-01
2.948154499999999789e+00 1.269617825361753390e-02 1.126773191623652998e-01 1.126773191623652998e-01
2.954286900000000049e+00 1.257784777879657548e-02 1.121510043592859468e-01 1.121510043592859468e-01
2.960419299999999865e+00 1.246084826164078375e-02 1.116281696599956963e-01 1.116281696599956963e-01
2.966551700000000125e+00 1.234495682670790073e-02 1.111078612282132838e-01 1.111078612282132838e-01
2.972680099999999825e+00 1.223093073317464349e-02 1.105935383879846912e-01 1.105935383879846912e-01
2.978812500000000085e+00 1.211832447625964954e-02 1.100832615625992883e-01 1.100832615625992883e-01
2.984944899999999901e+00 1.200707524385946287e-02 1.095768006644630144e-01 1.095768006644630144e-01
2.991073300000000046e+00 1.189751510495658769e-02 1.090757310539635511e-01 1.090757310539635511e-01
2.997205699999999862e+00 1.178897256805465192e-02 1.085770351780460663e-01 1.085770351780460663e-01
3.003338100000000122e+00 1.168137411886445952e-02 1.080804058044956550e-01 1.080804058044956550e-01
3.009470600000000218e+00 1.157484638587525164e-02 1.075864600490008260e-01 1.075864600490008260e-01
3.015598900000000082e+00 1.146972141979080324e-02 1.070967852915800794e-01 1.070967852915800794e-01
3.021731299999999898e+00 1.136514924792325978e-02 1.066074539979417202e-01 1.066074539979417202e-01
3.027863700000000158e+00 1.126148603489609927e-02 1.061201490523646929e-01 1.061201490523646929e-01
3.033996199999999810e+00 1.115890562358178711e-02 1.056357213426489944e-01 1.056357213426489944e-01
3.040124500000000118e+00 1.105720305166066689e-02 1.051532360493992041e-01 1.051532360493992041e-01
3.046256899999999934e+00 1.095618829947705292e-02 1.046718123444752985e-01 1.046718123444752985e-01
3.052389400000000030e+00 1.085588815972849362e-02 1.041915935175602020e-01 1.041915935175602020e-01
3.058521799999999846e+00 1.075674232509289154e-02 1.037147160488466613e-01 1.037147160488466613e-01
3.064650100000000155e+00 1.065880570892266399e-02 1.032414921866332963e-01 1.032414921866332963e-01
3.070782499999999970e+00 1.056153684572127410e-02 1.027693380620955110e-01 1.027693380620955110e-01
3.076915000000000067e+00 1.046559892990089370e-02 1.023015099101713815e-01 1.023015099101713815e-01
3.083043299999999931e+00 1.037045755961634765e-02 1.018354435332627511e-01 1.018354435332627511e-01
3.089175700000000191e+00 1.027657129554298242e-02 1.013734249966083689e-01 1.013734249966083689e-01
3.095308199999999843e+00 1.018439503482851394e-02 1.009177637228873270e-01 1.009177637228873270e-01
3.101440600000000103e+00 1.009297690973496274e-02 1.004638089549413915e-01 1.004638089549413915e-01
3.107568899999999967e+00 1.000315527264893090e-02 1.000157751189727634e-01 1.000157751189727634e-01
3.113701299999999783e+00 9.914357198337279270e-03 9.957086520833932641e-02 9.957086520833932641e-02
3.119833799999999879e+00 9.827596439949319237e-03 9.913423444980709598e-02 9.913423444980709598e-02
3.125966200000000139e+00 9.741481722689576336e-03 9.869894489147072736e-02 9.869894489147072736e-02
3.132094500000000004e+00 9.657004955933929519e-03 9.827006134084749489e-02 9.827006134084749489e-02
3.138227000000000100e+00 9.573751217762672613e-03 9.784554776668519249e-02 9.784554776668519249e-02
3.144359399999999916e+00 9.491694716797484388e-03 9.742532892835149838e-02 9.742532892835149838e-02
3.150487699999999780e+00 9.410999657668181820e-03 9.701030696615789428e-02 9.701030696615789428e-02
3.156620100000000040e+00 9.331225925138009886e-03 9.659827081857112752e-02 9.659827081857112752e-02
3.162752600000000136e+00 9.252724048003587581e-03 9.619108091711822683e-02 9.619108091711822683e-02
3.168884999999999952e+00 9.175042582660296320e-03 9.578644258275957613e-02 9.578644258275957613e-02
3.175013299999999816e+00 9.098926014944276955e-03 9.538829076435051402e-02 9.538829076435051402e-02
3.181145799999999912e+00 9.023125173898747728e-03 9.499013198168927696e-02 9.499013198168927696e-02
3.187278200000000172e+00 8.948390031979475134e-03 9.459593031404403551e-02 9.459593031404403551e-02
3.193410599999999988e+00 8.874679425256961490e-03 9.420551695764405042e-02 9.420551695764405042e-02
3.199538899999999852e+00 8.801761737585313966e-03 9.381770481942794393e-02 9.381770481942794393e-02
3.205671399999999949e+00 8.729218179682496706e-03 9.343028513112060229e-02 9.343028513112060229e-02
3.211803800000000209e+00 8.657840166567412621e-03 9.304751563887889154e-02 9.304751563887889154e-02
3.217936200000000024e+00 8.587233385366774621e-03 9.266732641749611532e-02 9.266732641749611532e-02
3.224064600000000169e+00 8.517216044063217681e-03 9.228876445192674138e-02 9.228876445192674138e-02
3.230196999999999985e+00 8.447815781849887795e-03 9.191200020590285791e-02 9.191200020590285791e-02
3.236329399999999801e+00 8.379269034571137573e-03 9.153834734454810440e-02 9.153834734454810440e-02
3.242457700000000109e+00 8.311418951509788600e-03 9.116698388950787713e-02 9.116698388950787713e-02
3.248590200000000205e+00 8.244509878808358241e-03 9.079928347078713990e-02 9.079928347078713990e-02
3.254722600000000021e+00 8.178788188807550527e-03 9.043665290581884286e-02 9.043665290581884286e-02
3.260854999999999837e+00 8.113699260860241652e-03 9.007607485265019254e-02 9.007607485265019254e-02
3.266983399999999982e+00 8.049883105585653800e-03 8.972114079516406437e-02 8.972114079516406437e-02
3.273115799999999798e+00 7.986775221148975645e-03 8.936875976060636162e-02 8.936875976060636162e-02
3.279248200000000057e+00 7.924804080081835830e-03 8.902136867113331908e-02 8.902136867113331908e-02
3.285380599999999873e+00 7.864190559535086736e-03 8.868027153507755667e-02 8.868027153507755667e-02
3.291509000000000018e+00 7.803950258125842351e-03 8.833996976525315681e-02 8.833996976525315681e-02
3.297641399999999834e+00 7.745086711786648703e-03 8.800617428218686367e-02 8.800617428218686367e-02
3.303773800000000094e+00 7.687397872151220495e-03 8.767780718147107077e-02 8.767780718147107077e-02
3.309906199999999910e+00 7.630474523274002191e-03 8.735258738740371565e-02 8.735258738740371565e-02
3.316034600000000054e+00 7.574298950767902050e-03 8.703044841185125780e-02 8.703044841185125780e-02
3.322166999999999870e+00 7.519447018696159488e-03 8.671474510540960745e-02 8.671474510540960745e-02
3.328299400000000130e+00 7.465689037351999277e-03 8.640421886315505229e-02 8.640421886315505229e-02
3.334427799999999831e+00 7.412390885438917103e-03 8.609524310575419892e-02 8.609524310575419892e-02
3.340560200000000091e+00 7.360115339506636753e-03 8.579111457200352953e-02 8.579111457200352953e-02
3.346692599999999906e+00 7.308622953247283921e-03 8.549048457721644678e-02 8.549048457721644678e-02
3.352825000000000166e+00 7.257475519435169567e-03 8.519081828128645395e-02 8.519081828128645395e-02
3.358953399999999867e+00 7.207635574127802154e-03 8.489779487199772268e-02 8.489779487199772268e-02
3.365085800000000127e+00 7.158073942229156716e-03 8.460540137738935262e-02 8.460540137738935262e-02
3.371218199999999943e+00 7.109165399684825790e-03 8.431586683231588608e-02 8.431586683231588608e-02
3.377350600000000203e+00 7.060693740052150467e-03 8.402793428409477405e-02 8.402793428409477405e-02
3.383478999999999903e+00 7.013051843150387363e-03 8.374396601039615917e-02 8.374396601039615917e-02
3.389611400000000163e+00 6.965842420945421616e-03 8.346162244376406636e-02 8.346162244376406636e-02
3.395743799999999979e+00 6.919476683355050423e-03 8.318339187214626729e-02 8.318339187214626729e-02
3.401876300000000075e+00 6.873374323652948863e-03 8.290581598207057146e-02 8.290581598207057146e-02
3.408004599999999940e+00 6.827761677534545728e-03 8.263027095159827806e-02 8.263027095159827806e-02
3.414137000000000199e+00 6.783268057912702695e-03 8.236059772678136492e-02 8.236059772678136492e-02
3.420269400000000015e+00 6.738928002874786279e-03 8.209097394278366822e-02 8.209097394278366822e-02
3.426397800000000160e+00 6.695175722508328597e-03 8.182405344706608630e-02 8.182405344706608630e-02
3.432530199999999976e+00 6.652443151136373453e-03 8.156251069662075193e-02 8.156251069662075193e-02
3.438662599999999792e+00 6.610361858716633753e-03 8.130413186743115639e-02 8.130413186743115639e-02
3.444795099999999888e+00 6.569158587521729473e-03 8.105034600494762098e-02 8.105034600494762098e-02
3.450923400000000196e+00 6.528656257449702918e-03 8.080010060296770324e-02 8.080010060296770324e-02
3.457055800000000012e+00 6.488272066470651689e-03 8.054981108898177922e-02 8.054981108898177922e-02
3.463188199999999828e+00 6.449415563231958477e-03 8.030825339423064424e-02 8.030825339423064424e-02
3.469320699999999924e+00 6.411093582205691296e-03 8.006930486900515342e-02 8.006930486900515342e-02
3.475448999999999788e+00 6.373704441859221956e-03 7.983548360133620181e-02 7.983548360133620181e-02
3.481581400000000048e+00 6.336842514904873595e-03 7.960428703848099197e-02 7.960428703848099197e-02
3.487713900000000145e+00 6.300495246313111974e-03 7.937565902915774685e-02 7.937565902915774685e-02
3.493842200000000009e+00 6.264844635232984585e-03 7.915077153908851859e-02 7.915077153908851859e-02
3.499974599999999825e+00 6.230268614576861368e-03 7.893205061682397050e-02 7.893205061682397050e-02
3.506107000000000085e+00 6.195742069235629125e-03 7.871303620897639186e-02 7.871303620897639186e-02
3.512239500000000181e+00 6.161835431459133233e-03 7.849735939163261789e-02 7.849735939163261789e-02
3.518367800000000045e+00 6.128717820823879892e-03 7.828612789520171533e-02 7.828612789520171533e-02
3.524500199999999861e+00 6.096160203053845213e-03 7.807791110841685867e-02 7.807791110841685867e-02
3.530632699999999957e+00 6.064133794349818758e-03 7.787254840025346903e-02 7.787254840025346903e-02
3.536765100000000217e+00 6.032413855137372730e-03 7.766861563809009106e-02 7.766861563809009106e-02
3.542893400000000081e+00 6.000780498452705156e-03 7.746470485616469004e-02 7.746470485616469004e-02
3.549025799999999897e+00 5.969820381594938621e-03 7.726461273827067711e-02 7.726461273827067711e-02
3.555158299999999993e+00 5.939327011065570656e-03 7.706702933852822845e-02 7.706702933852822845e-02
3.561290699999999809e+00 5.909301425289102162e-03 7.687198075559847910e-02 7.687198075559847910e-02
3.567419000000000118e+00 5.879352259378135305e-03 7.667693433737511610e-02 7.667693433737511610e-02
3.573551500000000214e+00 5.849893461589792537e-03 7.648459623734567281e-02 7.648459623734567281e-02
3.579683900000000030e+00 5.820745283262555338e-03 7.629380894451760764e-02 7.629380894451760764e-02
3.585812199999999894e+00 5.792131458849569293e-03 7.610605402232840933e-02 7.610605402232840933e-02
3.591944600000000154e+00 5.763877878425268872e-03 7.592020731284437884e-02 7.592020731284437884e-02
3.598077099999999806e+00 5.735612022390878389e-03 7.573382350304834476e-02 7.573382350304834476e-02
3.604209500000000066e+00 5.708359795998864568e-03 7.555368816939954379e-02 7.555368816939954379e-02
3.610337799999999930e+00 5.681746360324502546e-03 7.537735973304253434e-02 7.537735973304253434e-02
3.616470300000000027e+00 5.655194004816093377e-03 7.520102396122071986e-02 7.520102396122071986e-02
3.622602699999999842e+00 5.628921312049612984e-03 7.502613752586236029e-02 7.502613752586236029e-02
3.628735100000000102e+00 5.603741622916290355e-03 7.485814333067772330e-02 7.485814333067772330e-02
3.634863399999999967e+00 5.578865984642853923e-03 7.469180667678922136e-02 7.469180667678922136e-02
3.640995900000000063e+00 5.554499088503547441e-03 7.452851191660508912e-02 7.452851191660508912e-02
3.647128299999999879e+00 5.530241884497134365e-03 7.436559610799294007e-02 7.436559610799294007e-02
3.653260700000000138e+00 5.506489450515112891e-03 7.420572383930441884e-02 7.420572383930441884e-02
3.659389099999999839e+00 5.483432171684986429e-03 7.405020034871605261e-02 7.405020034871605261e-02
3.665521500000000099e+00 5.460657709387350782e-03 7.389626316253990190e-02 7.389626316253990190e-02
3.671653899999999915e+00 5.438548012462713667e-03 7.374651186641109635e-02 7.374651186641109635e-02
3.677782199999999779e+00 5.416482603623738908e-03 7.359675674663754275e-02 7.359675674663754275e-02
3.683914699999999876e+00 5.394838572458576093e-03 7.344956482143767673e-02 7.344956482143767673e-02
3.690047100000000135e+00 5.373790769727783932e-03 7.330614414718444882e-02 7.330614414718444882e-02
3.696179499999999951e+00 5.352714815843149718e-03 7.316224993699380064e-02 7.316224993699380064e-02
3.702307900000000096e+00 5.331786332694029261e-03 7.301908197652193233e-02 7.301908197652193233e-02
3.708440299999999912e+00 5.310984906727725385e-03 7.287650449032063993e-02 7.287650449032063993e-02
3.714572700000000172e+00 5.290492975698887941e-03 7.273577507457308633e-02 7.273577507457308633e-02
3.720705099999999987e+00 5.270298432118252288e-03 7.259682108824223878e-02 7.259682108824223878e-02
3.726833500000000132e+00 5.250194959552089390e-03 7.245822906718110690e-02 7.245822906718110690e-02
3.732965899999999948e+00 5.230182494915868591e-03 7.232000065622143370e-02 7.232000065622143370e-02
3.739098300000000208e+00 5.210066482325964067e-03 7.218079025839191365e-02 7.218079025839191365e-02
3.745226699999999909e+00 5.190258168377121818e-03 7.204344639436068010e-02 7.204344639436068010e-02
3.751359100000000169e+00 5.170572960674699528e-03 7.190669621582332360e-02 7.190669621582332360e-02
3.757491499999999984e+00 5.151030147546860165e-03 7.177067749120709383e-02 7.177067749120709383e-02
3.763623899999999800e+00 5.131450932894836975e-03 7.163414641701844332e-02 7.163414641701844332e-02
3.769752299999999945e+00 5.112057870182272305e-03 7.149865642221728268e-02 7.149865642221728268e-02
3.775884700000000205e+00 5.093072449573948952e-03 7.136576524899000684e-02 7.136576524899000684e-02
3.782017100000000021e+00 5.074115832676834303e-03 7.123282833551419779e-02 7.123282833551419779e-02
3.788149499999999836e+00 5.055406809084199080e-03 7.110138401665749841e-02 7.110138401665749841e-02
3.794277899999999981e+00 5.036561592547403668e-03 7.096873672644457565e-02 7.096873672644457565e-02
3.800410299999999797e+00 5.018192001154056330e-03 7.083919819671914697e-02 7.083919819671914697e-02
3.806542700000000057e+00 5.000107389341220884e-03 7.071143747189150008e-02 7.071143747189150008e-02
3.812675099999999873e+00 4.982312549781414864e-03 7.058549815494266633e-02 7.058549815494266633e-02
3.818803500000000017e+00 4.964408967426810551e-03 7.045856205903446023e-02 7.045856205903446023e-02
3.824935899999999833e+00 4.946793128437660357e-03 7.033344246116253473e-02 7.033344246116253473e-02
3.831068300000000093e+00 4.929258433963594824e-03 7.020867776823314088e-02 7.020867776823314088e-02
3.837196699999999794e+00 4.912193537459900831e-03 7.008704257892396650e-02 7.008704257892396650e-02
3.843329100000000054e+00 4.894785332828268873e-03 6.996274246217246140e-02 6.996274246217246140e-02
3.849461499999999869e+00 4.877616361679107219e-03 6.983993386078703181e-02 6.983993386078703181e-02
3.855593900000000129e+00 4.860267468926225687e-03 6.971561854366800648e-02 6.971561854366800648e-02
3.861722299999999830e+00 4.843517587092567578e-03 6.959538481172848623e-02 6.959538481172848623e-02
3.867854700000000090e+00 4.826546787413650910e-03 6.947335307449649389e-02 6.947335307449649389e-02
3.873987099999999906e+00 4.809334640203392214e-03 6.934936654507661835e-02 6.934936654507661835e-02
3.880119600000000002e+00 4.792263324383739219e-03 6.922617513905950093e-02 6.922617513905950093e-02
3.886247899999999866e+00 4.775517816840987168e-03 6.910512149501646384e-02 6.910512149501646384e-02
3.892380300000000126e+00 4.757888337424084381e-03 6.897744803502145472e-02 6.897744803502145472e-02
3.898512699999999942e+00 4.740568679441941637e-03 6.885178777230073488e-02 6.885178777230073488e-02
3.904641100000000087e+00 4.723358197728336726e-03 6.872669203248718550e-02 6.872669203248718550e-02
3.910773499999999903e+00 4.705861501359524628e-03 6.859928207612324413e-02 6.859928207612324413e-02
3.916905900000000162e+00 4.688487380616331718e-03 6.847253011694785785e-02 6.847253011694785785e-02
3.923038399999999815e+00 4.671248635745986477e-03 6.834653345814976910e-02 6.834653345814976910e-02
3.929166700000000123e+00 4.653761242050217725e-03 6.821848167505795146e-02 6.821848167505795146e-02
3.935299099999999939e+00 4.636242680921158488e-03 6.808996020648828973e-02 6.808996020648828973e-02
3.941431500000000199e+00 4.619111475626159515e-03 6.796404546248081824e-02 6.796404546248081824e-02
3.947563999999999851e+00 4.601586454889193545e-03 6.783499432364679949e-02 6.783499432364679949e-02
3.953692300000000159e+00 4.584484903548322748e-03 6.770882441416571640e-02 6.770882441416571640e-02
3.959824699999999975e+00 4.567222719744556611e-03 6.758123052848739876e-02 6.758123052848739876e-02
3.965957200000000071e+00 4.550213294252087107e-03 6.745526883981774191e-02 6.745526883981774191e-02
3.972089599999999887e+00 4.533667216933953345e-03 6.733251233196302366e-02 6.733251233196302366e-02
3.978217900000000196e+00 4.516792749422925135e-03 6.720708853553265805e-02 6.720708853553265805e-02
3.984350300000000011e+00 4.500593359311224652e-03 6.708646181839689193e-02 6.708646181839689193e-02
3.990482800000000108e+00 4.483871229302709149e-03 6.696171465324576855e-02 6.696171465324576855e-02
3.996611099999999972e+00 4.468022767417176126e-03 6.684327017297385376e-02 6.684327017297385376e-02
4.002743500000000232e+00 4.452043195765026731e-03 6.672363296287925349e-02 6.672363296287925349e-02
4.008875999999999884e+00 4.436123435811573611e-03 6.660422986426292602e-02 6.660422986426292602e-02
4.015008400000000144e+00 4.420651493917401170e-03 6.648798007096771989e-02 6.648798007096771989e-02
4.021136699999999564e+00 4.405013192678347393e-03 6.637027341120682600e-02 6.637027341120682600e-02
4.027269200000000104e+00 4.389792549421191702e-03 6.625550957785467099e-02 6.625550957785467099e-02
4.033401600000000364e+00 4.374972006703001411e-03 6.614357116684131677e-02 6.614357116684131677e-02
4.039533999999999736e+00 4.359534108675514746e-03 6.602676812229654746e-02 6.602676812229654746e-02
4.045662300000000045e+00 4.344661345992846015e-03 6.591404513449956870e-02 6.591404513449956870e-02
4.051794799999999697e+00 4.329538986543055544e-03 6.579923241606285000e-02 6.579923241606285000e-02
4.057927199999999957e+00 4.314554112557499738e-03 6.568526556662079852e-02 6.568526556662079852e-02
4.064059600000000216e+00 4.299697600824513299e-03 6.557207943038342868e-02 6.557207943038342868e-02
4.070187999999999917e+00 4.284964345868530478e-03 6.545963906002331967e-02 6.545963906002331967e-02
