6.108177000000000051e-02 1.686990310708814111e-01
6.727816400000000141e-02 1.687700645249007314e-01
7.347496600000000266e-02 1.688468787406565697e-01
7.967135999999999663e-02 1.689292215835190847e-01
8.586816199999999788e-02 1.690168677568069100e-01
9.206455600000000572e-02 1.691095834626398509e-01
9.826135799999999310e-02 1.692071814397700380e-01
1.044577500000000020e-01 1.693094820897506347e-01
1.106545500000000043e-01 1.694163758679586851e-01
1.168509499999999951e-01 1.695277813953810220e-01
1.230477499999999974e-01 1.696437140257317511e-01
1.292441400000000074e-01 1.697642416572644475e-01
1.354409500000000044e-01 1.698895600092960867e-01
1.416373400000000005e-01 1.700199430774779197e-01
1.478341400000000028e-01 1.701558260798721467e-01
1.540305399999999936e-01 1.702977511713811287e-01
1.602273399999999959e-01 1.704464540732813504e-01
1.664237299999999919e-01 1.706028048636972216e-01
1.726205299999999943e-01 1.707678999706132295e-01
1.788169300000000128e-01 1.709429922622867914e-01
1.850137299999999874e-01 1.711295886978425052e-01
1.912101200000000112e-01 1.713293678184810986e-01
1.974069300000000082e-01 1.715442847366115409e-01
2.036037300000000105e-01 1.717764831921369806e-01
2.098001200000000066e-01 1.720283324136298309e-01
2.159969200000000089e-01 1.723024776334645403e-01
2.221933199999999997e-01 1.726017133987134411e-01
2.283901200000000020e-01 1.729291164922711344e-01
2.345865099999999981e-01 1.732878743562709656e-01
2.407833100000000004e-01 1.736814383725630850e-01
2.469797099999999912e-01 1.741133111473225359e-01
2.531765100000000213e-01 1.745872265867116357e-01
2.593729000000000173e-01 1.751068947154029165e-01
2.655697100000000144e-01 1.756762197089371813e-01
2.717661000000000104e-01 1.762989863332578844e-01
2.779629000000000127e-01 1.769791324794229015e-01
2.841593000000000035e-01 1.777203799208660895e-01
2.903561000000000059e-01 1.785265556437201917e-01
2.965524900000000019e-01 1.794011706253542948e-01
3.027492900000000042e-01 1.803478098180812950e-01
3.089456899999999950e-01 1.813696401671523739e-01
3.151424899999999973e-01 1.824698781057601804e-01
3.213392899999999996e-01 1.836513140431554891e-01
3.275356899999999905e-01 1.849164659577989256e-01
3.337324899999999928e-01 1.862678311825459176e-01
3.399288799999999888e-01 1.877072856243932331e-01
3.461256799999999911e-01 1.892367828218274040e-01
3.523220799999999819e-01 1.908575910361506589e-01
3.585188799999999842e-01 1.925710910837406531e-01
3.647152699999999803e-01 1.943779352463766152e-01
3.709120799999999774e-01 1.962789515724060740e-01
3.771084699999999734e-01 1.982741838480434893e-01
3.833052699999999757e-01 2.003639245442127848e-01
3.895016700000000220e-01 2.025476596604535162e-01
3.956984700000000243e-01 2.048251738932572730e-01
4.018948600000000204e-01 2.071954268559592638e-01
4.080932899999999974e-01 2.096584150798838642e-01
4.142868399999999895e-01 2.122101262741104277e-01
4.204844500000000096e-01 2.148528126107231428e-01
4.266820700000000244e-01 2.175832188207720563e-01
4.328796899999999837e-01 2.203995307616457566e-01
4.390732299999999810e-01 2.232978178915317191e-01
4.452708400000000011e-01 2.262797254817211778e-01
4.514684600000000159e-01 2.293410448168710092e-01
4.576660799999999751e-01 2.324792760358624366e-01
4.638596199999999725e-01 2.356896351991395189e-01
4.700572399999999873e-01 2.389735669088891012e-01
4.762548500000000073e-01 2.423260564825840402e-01
4.824524700000000221e-01 2.457440743226398938e-01
4.886460100000000195e-01 2.492221528622941829e-01
4.948436299999999788e-01 2.527616265465803536e-01
5.010412400000000543e-01 2.563568838142485928e-01
5.072388599999999581e-01 2.600045314183059841e-01
5.134324000000000110e-01 2.636986560331922025e-01
5.196300200000000258e-01 2.674406316499792768e-01
5.258276400000000406e-01 2.712245282213976427e-01
5.320252500000000051e-01 2.750468299768488722e-01
5.382187899999999470e-01 2.789015132606448288e-01
5.444164099999999618e-01 2.827902114719562099e-01
5.506140299999999765e-01 2.867070223780524008e-01
5.568116400000000521e-01 2.906486540088767945e-01
5.630051900000000442e-01 2.946093339170817726e-01
5.692028000000000088e-01 2.985912099395531261e-01
5.754004200000000235e-01 3.025888007053830764e-01
5.815980400000000383e-01 3.065993663871299790e-01
5.877915799999999802e-01 3.106177027503800314e-01
5.939891899999999447e-01 3.146467351137233193e-01
6.001868099999999595e-01 3.186816679121791118e-01
6.063844299999999743e-01 3.227205340131210631e-01
6.125779700000000272e-01 3.267589174535712737e-01
6.187755900000000420e-01 3.308005871709669976e-01
6.249732000000000065e-01 3.348415209823109029e-01
6.311708200000000213e-01 3.388805626977645646e-01
6.373643599999999632e-01 3.429140537958129120e-01
6.435619799999999779e-01 3.469464690727921408e-01
6.497595900000000535e-01 3.509744406553128027e-01
6.559572099999999573e-01 3.549973926186952289e-01
6.621507500000000102e-01 3.590121768128116120e-01
6.683483700000000249e-01 3.630236485866129015e-01
6.745459900000000397e-01 3.670287649784692574e-01
6.807436000000000043e-01 3.710271346479313004e-01
6.869371499999999964e-01 3.750157523446736030e-01
6.931347599999999609e-01 3.789994084560240895e-01
6.993323799999999757e-01 3.829749905433676993e-01
7.055299999999999905e-01 3.869419067116682265e-01
7.117235400000000434e-01 3.908968678033548638e-01
7.179211500000000079e-01 3.948442752535370470e-01
7.241187700000000227e-01 3.987806027877479620e-01
7.303163900000000375e-01 4.027047792893871936e-01
7.365099299999999793e-01 4.066130331492257000e-01
7.427075499999999941e-01 4.105091771146216484e-01
7.489051599999999587e-01 4.143891592033852600e-01
7.551027799999999734e-01 4.182514058629442921e-01
7.612963200000000263e-01 4.220916964795359827e-01
7.674939400000000411e-01 4.259133130450616922e-01
7.736915500000000057e-01 4.297118686545030597e-01
7.798891700000000204e-01 4.334854897015297803e-01
7.860827099999999623e-01 4.372298122939647924e-01
7.922803299999999771e-01 4.409478844552696675e-01
7.984779499999999919e-01 4.446353887590261400e-01
8.046755599999999564e-01 4.482905526438392130e-01
8.108691000000000093e-01 4.519093546876967182e-01
8.170667200000000241e-01 4.554950324696968589e-01
8.232643400000000389e-01 4.590438299184768089e-01
8.294619500000000034e-01 4.625545713995304897e-01
8.356554999999999955e-01 4.660240458871312552e-01
8.418531099999999601e-01 4.694560819587076939e-01
8.480507299999999749e-01 4.728479290871901997e-01
8.542483499999999896e-01 4.761993771099029549e-01
8.604459599999999542e-01 4.795104882215741049e-01
8.666395000000000071e-01 4.827794754026573099e-01
8.728371200000000218e-01 4.860112558120483484e-01
8.790347400000000366e-01 4.892045453571658431e-01
8.852323500000000012e-01 4.923604763722782551e-01
8.914258999999999933e-01 4.954783976380966459e-01
8.976235099999999578e-01 4.985639899121226404e-01
9.038211299999999726e-01 5.016169898128244320e-01
9.100187499999999874e-01 5.046393448529248316e-01
9.162122900000000403e-01 5.076311799684614101e-01
9.224099100000000551e-01 5.105986237391851867e-01
9.286075200000000196e-01 5.135419458176628815e-01
9.348051400000000344e-01 5.164634408912760488e-01
9.409986799999999763e-01 5.193634798736364022e-01
9.471962999999999910e-01 5.222481221788626282e-01
9.533939099999999556e-01 5.251176120794687208e-01
9.595915299999999704e-01 5.279740177351940345e-01
9.657850700000000232e-01 5.308173872703535467e-01
9.719826900000000380e-01 5.336532253385004587e-01
9.781803100000000528e-01 5.364812284089462979e-01
9.843779200000000174e-01 5.393027588216954271e-01
9.905714599999999592e-01 5.421171184639812513e-01
9.967690799999999740e-01 5.449289224949309673e-01
1.002966699999999989e+00 5.477369877276473398e-01
1.009164299999999903e+00 5.505417349556140927e-01
1.015357899999999924e+00 5.533415549709639336e-01
1.021555500000000061e+00 5.561400180660638348e-01
1.027753099999999975e+00 5.589350435095762348e-01
1.033950699999999889e+00 5.617261475673777094e-01
1.040144200000000074e+00 5.645108091058191890e-01
1.046341900000000047e+00 5.672919044897543062e-01
1.052539499999999961e+00 5.700664886356008321e-01
1.058737100000000098e+00 5.728334651669345634e-01
1.064930600000000060e+00 5.755897654773556305e-01
1.071128300000000033e+00 5.783377567242112827e-01
1.077325899999999947e+00 5.810741419473923752e-01
1.083523500000000084e+00 5.837975578205173433e-01
1.089717000000000047e+00 5.865048080675308029e-01
1.095914599999999961e+00 5.891980918687722557e-01
1.102112299999999934e+00 5.918743158468321441e-01
1.108309900000000070e+00 5.945321222898097835e-01
1.114503400000000033e+00 5.971686318680723415e-01
1.120700999999999947e+00 5.997862558839924807e-01
1.126898699999999920e+00 6.023823224117628161e-01
1.133096300000000056e+00 6.049559155404381494e-01
1.139289800000000019e+00 6.075047036842615711e-01
1.145487399999999933e+00 6.100315107735236886e-01
1.151685000000000070e+00 6.125342366348054401e-01
1.157882700000000042e+00 6.150126611274417954e-01
1.164076200000000005e+00 6.174649710848266748e-01
1.170273799999999920e+00 6.198944717980204855e-01
1.176471400000000056e+00 6.222996782441069241e-01
1.182669100000000029e+00 6.246808931572216395e-01
1.188862599999999992e+00 6.270368585045827947e-01
1.195060199999999906e+00 6.293711954636290740e-01
1.201257800000000042e+00 6.316828788676155382e-01
1.207455399999999957e+00 6.339725146453820681e-01
1.213648999999999978e+00 6.362392999663775139e-01
1.219846599999999892e+00 6.384868499368123729e-01
1.226044200000000028e+00 6.407143997040130046e-01
1.232241799999999943e+00 6.429226594117914972e-01
1.238435399999999964e+00 6.451109228352941427e-01
1.244633000000000100e+00 6.472826963152409352e-01
1.250830600000000015e+00 6.494372094182571109e-01
1.257028199999999929e+00 6.515750704078435707e-01
1.263221799999999950e+00 6.536954754713093507e-01
1.269419400000000087e+00 6.558016704701850053e-01
1.275617000000000001e+00 6.578927312252272896e-01
1.281814599999999915e+00 6.599690492316556689e-01
1.288008199999999936e+00 6.620296306944034592e-01
1.294205800000000073e+00 6.640774117392659326e-01
1.300403399999999987e+00 6.661112768604311452e-01
1.306600999999999901e+00 6.681313952961516200e-01
1.312794599999999923e+00 6.701366002938994315e-01
1.318992200000000059e+00 6.721295666143760617e-01
1.325189799999999973e+00 6.741090474205405636e-01
1.331387400000000110e+00 6.760750704414143497e-01
1.337580900000000073e+00 6.780263589135178126e-01
1.343778600000000045e+00 6.799655283879660894e-01
1.349976199999999960e+00 6.818912188853550882e-01
1.356173800000000096e+00 6.838034654360378717e-01
1.362367300000000059e+00 6.857010312599580715e-01
1.368565000000000031e+00 6.875864909187199281e-01
1.374762599999999946e+00 6.894585767486481886e-01
1.380960200000000082e+00 6.913173987442212676e-01
1.387153700000000045e+00 6.931618481804813214e-01
1.393351400000000018e+00 6.949945345651820094e-01
1.399548999999999932e+00 6.968143423175079398e-01
1.405746600000000068e+00 6.986215002842358635e-01
1.411940100000000031e+00 7.004150531207937735e-01
1.418137699999999946e+00 7.021976294054553813e-01
1.424335399999999918e+00 7.039683431473658937e-01
1.430533000000000055e+00 7.057274327846647655e-01
1.436726500000000017e+00 7.074740838312071345e-01
1.442924099999999932e+00 7.092109266530672862e-01
1.449121799999999904e+00 7.109371500844154923e-01
1.455319400000000041e+00 7.126530166635609564e-01
1.461512900000000004e+00 7.143577387531208078e-01
1.467710499999999918e+00 7.160538686710173906e-01
1.473908100000000054e+00 7.177405505842293643e-01
1.480105800000000027e+00 7.194180629786594006e-01
1.486299299999999990e+00 7.210854735230823875e-01
1.492496899999999904e+00 7.227452070137169171e-01
1.498694500000000041e+00 7.243963113905357298e-01
1.504892200000000013e+00 7.260389301269571938e-01
1.511089799999999927e+00 7.276730882951676360e-01
1.517283299999999890e+00 7.292977783974710082e-01
1.523480900000000027e+00 7.309151511772900012e-01
1.529678499999999941e+00 7.325240903347958188e-01
1.535876199999999914e+00 7.341245479524123319e-01
1.542069700000000099e+00 7.357153156471991640e-01
1.548267300000000013e+00 7.372983895374906060e-01
1.554464899999999927e+00 7.388725522941480550e-01
1.560662599999999900e+00 7.404376467093842784e-01
1.566856100000000085e+00 7.419923975981616016e-01
1.573053699999999999e+00 7.435386790973949056e-01
1.579251299999999913e+00 7.450752430841740548e-01
1.585448900000000050e+00 7.466018727850481929e-01
1.591642500000000071e+00 7.481173799797044000e-01
1.597840099999999985e+00 7.496235182089607818e-01
1.604037699999999900e+00 7.511191143998188213e-01
1.610235300000000036e+00 7.526039945312296142e-01
1.616428900000000057e+00 7.540770571925994314e-01
1.622626499999999972e+00 7.555400748009135636e-01
1.628824100000000108e+00 7.569919876364795686e-01
1.635021700000000022e+00 7.584327179365892846e-01
1.641215300000000044e+00 7.598612969768000491e-01
1.647412899999999958e+00 7.612795485624128666e-01
1.653610500000000094e+00 7.626865529687846257e-01
1.659808100000000008e+00 7.640823437525201545e-01
1.666001700000000030e+00 7.654660899563200394e-01
1.672199299999999944e+00 7.668396615907597802e-01
1.678396900000000080e+00 7.682022653909701404e-01
1.684594499999999995e+00 7.695540239349011324e-01
1.690788100000000016e+00 7.708942133667026075e-01
1.696985699999999930e+00 7.722247155299157839e-01
1.703183300000000067e+00 7.735448218027369816e-01
1.709380899999999981e+00 7.748546989347782077e-01
1.715574399999999944e+00 7.761536604939467399e-01
1.721772099999999917e+00 7.774436177090467970e-01
1.727969700000000053e+00 7.787238346658067467e-01
1.734167299999999967e+00 7.799944970678237555e-01
1.740360799999999930e+00 7.812549324727868783e-01
1.746558499999999903e+00 7.825069812052989349e-01
1.752756100000000039e+00 7.837499085140692268e-01
1.758953699999999953e+00 7.849838688624843908e-01
1.765147199999999916e+00 7.862081797887497947e-01
1.771344800000000053e+00 7.874245785107168993e-01
1.777542500000000025e+00 7.886323792916649644e-01
1.783740099999999940e+00 7.898316443140279697e-01
1.789933599999999903e+00 7.910217035173966460e-01
1.796131200000000039e+00 7.922042237128832376e-01
1.802328900000000012e+00 7.933785220699117735e-01
1.808526499999999926e+00 7.945446490365596359e-01
1.814720000000000111e+00 7.957019498952090375e-01
1.820917600000000025e+00 7.968520498447756450e-01
1.827115199999999939e+00 7.979942782047667604e-01
1.833312899999999912e+00 7.991287580052643946e-01
1.839506400000000097e+00 8.002548225850242281e-01
1.845704000000000011e+00 8.013741031980997631e-01
1.851901599999999926e+00 8.024859839534383976e-01
1.858099299999999898e+00 8.035906250885230806e-01
1.864292800000000083e+00 8.046874201181094532e-01
1.870490399999999998e+00 8.057780019140424743e-01
1.876687999999999912e+00 8.068618143038092105e-01
1.882885600000000048e+00 8.079390375855445283e-01
1.889079200000000069e+00 8.090091694677842282e-01
1.895276799999999984e+00 8.100737834794348169e-01
1.901474399999999898e+00 8.111323802010453887e-01
1.907672000000000034e+00 8.121851532523211015e-01
1.913865600000000056e+00 8.132316193794081327e-01
1.920063199999999970e+00 8.142733153292485149e-01
1.926260800000000106e+00 8.153097401198180494e-01
1.932458400000000021e+00 8.163410589993937982e-01
1.938652000000000042e+00 8.173667621495362967e-01
1.944849599999999956e+00 8.183883085385947886e-01
1.951047200000000093e+00 8.194051490529770110e-01
1.957244800000000007e+00 8.204173771490703704e-01
1.963438400000000028e+00 8.214244141191560100e-01
1.969635999999999942e+00 8.224276062465489812e-01
1.975833600000000079e+00 8.234263216419320797e-01
1.982031199999999993e+00 8.244205541176269358e-01
1.988224800000000014e+00 8.254096340371938068e-01
1.994422399999999929e+00 8.263947810114744552e-01
2.000620000000000065e+00 8.273752721819109812e-01
2.006817600000000201e+00 8.283510017508781687e-01
2.013011099999999942e+00 8.293212020821846275e-01
2.019208799999999915e+00 8.302870274408866713e-01
2.025406400000000051e+00 8.312476408143385509e-01
2.031604000000000187e+00 8.322028828860010830e-01
2.037797499999999928e+00 8.331519427179870929e-01
2.043995199999999901e+00 8.340959015384351583e-01
2.050192800000000037e+00 8.350339058603605258e-01
2.056390400000000174e+00 8.359657795215426068e-01
2.062583899999999915e+00 8.368907261380207352e-01
2.068781500000000051e+00 8.378097930941926785e-01
2.074979200000000024e+00 8.387222157450566762e-01
2.081176800000000160e+00 8.396278154379620551e-01
2.087370299999999901e+00 8.405258842360452398e-01
2.093567900000000037e+00 8.414175019916282361e-01
2.099765600000000010e+00 8.423020004066595900e-01
2.105963200000000146e+00 8.431792905555818285e-01
2.112156699999999887e+00 8.440487798056791613e-01
2.118354300000000023e+00 8.449116129764886463e-01
2.124551900000000160e+00 8.457672334241838064e-01
2.130749600000000132e+00 8.466157036070312003e-01
2.136943099999999873e+00 8.474565174596383477e-01
2.143140700000000010e+00 8.482909030459788724e-01
2.149338300000000146e+00 8.491184265079554372e-01
2.155536000000000119e+00 8.499392479965839353e-01
2.161729499999999859e+00 8.507529709076532276e-01
2.167927099999999996e+00 8.515608689527969233e-01
2.174124700000000132e+00 8.523625982686801050e-01
2.180322299999999824e+00 8.531583664576327664e-01
2.186519999999999797e+00 8.539484012151176140e-01
2.192713499999999982e+00 8.547323789315249831e-01
2.198911100000000118e+00 8.555115701350257673e-01
2.205108699999999811e+00 8.562856715571991462e-01
2.211306399999999783e+00 8.570549076697278057e-01
2.217499899999999968e+00 8.578189532168685183e-01
2.223697500000000105e+00 8.585790251459723965e-01
2.229895099999999797e+00 8.593347960958028775e-01
2.236092699999999933e+00 8.600864310063704998e-01
2.242286299999999954e+00 8.608335969740911198e-01
2.248483900000000091e+00 8.615773896744619575e-01
2.254681499999999783e+00 8.623174374870166137e-01
2.260879099999999919e+00 8.630538337715437658e-01
2.267072699999999941e+00 8.637861812690049712e-01
2.273270300000000077e+00 8.645154820999325640e-01
2.279467900000000213e+00 8.652413007757181473e-01
2.285665499999999906e+00 8.659636594448421043e-01
2.291859099999999927e+00 8.666821022936901375e-01
2.298056700000000063e+00 8.673975509253645244e-01
2.304254300000000200e+00 8.681095222477177575e-01
2.310451899999999892e+00 8.688179886495662751e-01
2.316645499999999913e+00 8.695224611621357180e-01
2.322843100000000049e+00 8.702238091804850306e-01
2.329040700000000186e+00 8.709215327360879666e-01
2.335238299999999878e+00 8.716155867470412044e-01
2.341431899999999899e+00 8.723054825189546779e-01
2.347629500000000036e+00 8.729920693829116285e-01
2.353827100000000172e+00 8.736748629632694607e-01
2.360024699999999864e+00 8.743538312410000790e-01
2.366218200000000049e+00 8.750285036285037066e-01
2.372415900000000022e+00 8.756997666266765901e-01
2.378613500000000158e+00 8.763671414548522831e-01
2.384811099999999850e+00 8.770306384570429881e-01
2.391004600000000035e+00 8.776898308096201529e-01
2.397202300000000008e+00 8.783456186916458464e-01
2.403399900000000144e+00 8.789975683607434975e-01
2.409597499999999837e+00 8.796457230298421193e-01
2.415791000000000022e+00 8.802896968934366129e-01
2.421988600000000158e+00 8.809303874092985209e-01
2.428186300000000131e+00 8.815674266065753883e-01
2.434383899999999823e+00 8.822008463973658454e-01
2.440577400000000008e+00 8.828302958321869731e-01
2.446775000000000144e+00 8.834566629292263107e-01
2.452972700000000117e+00 8.840795935736601718e-01
2.459170299999999809e+00 8.846991190956781104e-01
2.465363799999999994e+00 8.853148909422031698e-01
2.471561400000000130e+00 8.859277675977925703e-01
2.477758999999999823e+00 8.865373779325366188e-01
2.483956699999999795e+00 8.871437628447710333e-01
2.490150199999999980e+00 8.877465288470787197e-01
2.496347800000000117e+00 8.883465003011241645e-01
2.502545399999999809e+00 8.889432858929052772e-01
2.508743099999999782e+00 8.895368961786482842e-01
2.514936599999999967e+00 8.901269159164058031e-01
2.521134200000000103e+00 8.907141221640820783e-01
2.527331799999999795e+00 8.912981029916166031e-01
2.533529399999999931e+00 8.918788323041217936e-01
2.539722999999999953e+00 8.924559074944299342e-01
2.545920600000000089e+00 8.930300391405198157e-01
2.552118199999999781e+00 8.936008159700161713e-01
2.558315799999999918e+00 8.941681989866913094e-01
2.564509399999999939e+00 8.947317861114455484e-01
2.570707000000000075e+00 8.952922671606724503e-01
2.576904600000000212e+00 8.958492411759684249e-01
2.583102199999999904e+00 8.964026757897621822e-01
2.589295799999999925e+00 8.969521895194217942e-01
2.595493400000000062e+00 8.974984700483432665e-01
2.601691000000000198e+00 8.980411457488984839e-01
2.607888599999999890e+00 8.985802083173298760e-01
2.614082199999999911e+00 8.991153128961654195e-01
2.620279800000000048e+00 8.996471584966676538e-01
2.626477400000000184e+00 9.001754147328094868e-01
2.632674999999999876e+00 9.007001065525324091e-01
2.638868599999999898e+00 9.012209321348192415e-01
2.645066200000000034e+00 9.017386057666546550e-01
2.651263800000000170e+00 9.022528392480350101e-01
2.657461399999999863e+00 9.027636889964255618e-01
2.663654999999999884e+00 9.032708913063023370e-01
2.669852600000000020e+00 9.037751696128895063e-01
2.676050200000000157e+00 9.042762682307847744e-01
2.682247799999999849e+00 9.047742637074379646e-01
2.688441300000000034e+00 9.052689086832171883e-01
2.694639000000000006e+00 9.057609465228577683e-01
2.700836600000000143e+00 9.062501139468213118e-01
2.707034199999999835e+00 9.067364993634943193e-01
2.713227700000000020e+00 9.072198625502473357e-01
2.719425399999999993e+00 9.077009275724173820e-01
2.725623000000000129e+00 9.081794311651408824e-01
2.731820599999999821e+00 9.086554502351728013e-01
2.738014100000000006e+00 9.091287367901659255e-01
2.744211700000000143e+00 9.095999768777164318e-01
2.750409400000000115e+00 9.100689180001618750e-01
2.756606999999999807e+00 9.105355934605042778e-01
2.762800499999999992e+00 9.109997470368534911e-01
2.768998100000000129e+00 9.114620303047070715e-01
2.775195800000000101e+00 9.119221742491551153e-01
2.781393399999999794e+00 9.123801903491567389e-01
2.787586899999999979e+00 9.128358065679612610e-01
2.793784500000000115e+00 9.132896431091140910e-01
2.799982099999999807e+00 9.137414107041562650e-01
2.806179799999999780e+00 9.141911262067511368e-01
2.812373299999999965e+00 9.146384863940664189e-01
2.818570900000000101e+00 9.150840952989229837e-01
2.824768499999999793e+00 9.155276588449096087e-01
2.830966200000000210e+00 9.159691856970769708e-01
2.837159699999999951e+00 9.164083724097223937e-01
2.843357300000000087e+00 9.168458081972773455e-01
2.849554899999999780e+00 9.172812023708570850e-01
2.855752499999999916e+00 9.177145560678446889e-01
2.861950199999999889e+00 9.181458780029325695e-01
2.868143700000000074e+00 9.185748734823431239e-01
2.874341300000000210e+00 9.190021208149209420e-01
2.880538899999999902e+00 9.194273394818716083e-01
2.886736599999999875e+00 9.198505411108319763e-01
2.892930100000000060e+00 9.202714393889626088e-01
2.899127700000000196e+00 9.206906039642551720e-01
2.905325299999999888e+00 9.211077610409164063e-01
2.911522900000000025e+00 9.215229157335818044e-01
2.917716500000000046e+00 9.219358064018120524e-01
2.923914100000000182e+00 9.223469696187002187e-01
2.930111699999999875e+00 9.227561398744290599e-01
2.936309300000000011e+00 9.231633171469897370e-01
2.942502900000000032e+00 9.235682384305545778e-01
2.948700500000000169e+00 9.239714222297125135e-01
2.954898099999999861e+00 9.243725993013717224e-01
2.961095699999999997e+00 9.247717598569311637e-01
2.967289300000000019e+00 9.251686357068779065e-01
2.973486900000000155e+00 9.255637242478212956e-01
2.979684499999999847e+00 9.259567506960326710e-01
2.985882099999999983e+00 9.263476948818141210e-01
2.992075700000000005e+00 9.267362843120368066e-01
2.998273300000000141e+00 9.271229970584771163e-01
3.004470899999999833e+00 9.275075564380093063e-01
3.010668499999999970e+00 9.278899367812933896e-01
3.016862099999999991e+00 9.282698677410871069e-01
3.023059700000000127e+00 9.286478150032326795e-01
3.029257299999999820e+00 9.290235087255971358e-01
3.035454899999999956e+00 9.293969271606841165e-01
3.041648400000000141e+00 9.297678065179568740e-01
3.047846100000000114e+00 9.301366281271032932e-01
3.054043699999999806e+00 9.305031222075025310e-01
3.060241299999999942e+00 9.308672877705091997e-01
3.066434800000000127e+00 9.312288844336835680e-01
3.072632500000000100e+00 9.315884005667161016e-01
3.078830099999999792e+00 9.319455942621309719e-01
3.085027699999999928e+00 9.323004874231844985e-01
3.091221200000000113e+00 9.326528700014486972e-01
3.097418799999999806e+00 9.330032374162445796e-01
3.103616499999999778e+00 9.333513964566927390e-01
3.109814099999999915e+00 9.336973772030926488e-01
3.116007600000000100e+00 9.340410055842734982e-01
3.122205199999999792e+00 9.343827889088390792e-01
3.128402900000000209e+00 9.347225615949174005e-01
3.134600499999999901e+00 9.350603738851686053e-01
3.140794000000000086e+00 9.353960741969891135e-01
3.146991599999999778e+00 9.357301739946338737e-01
3.153189199999999914e+00 9.360625191059862571e-01
3.159386899999999887e+00 9.363931842403516725e-01
3.165580400000000072e+00 9.367220107315102906e-01
3.171778000000000208e+00 9.370495072435619521e-01
3.177975599999999901e+00 9.373755214805375990e-01
3.184173299999999873e+00 9.377001216015606877e-01
3.190366800000000058e+00 9.380231428573629904e-01
3.196564400000000195e+00 9.383450726855809831e-01
3.202761999999999887e+00 9.386657461048293349e-01
3.208959600000000023e+00 9.389852065789786595e-01
3.215153200000000044e+00 9.393032862161498908e-01
3.221350800000000181e+00 9.396204263570853144e-01
3.227548399999999873e+00 9.399364448302119923e-01
3.233746000000000009e+00 9.402513582858373908e-01
3.239939600000000031e+00 9.405649742378782152e-01
3.246137200000000167e+00 9.408777006863349168e-01
3.252334799999999859e+00 9.411893311499947012e-01
3.258532399999999996e+00 9.414998559331035910e-01
3.264726000000000017e+00 9.418090604063189542e-01
3.270923600000000153e+00 9.421173236554674091e-01
3.277121199999999845e+00 9.424244209808032569e-01
3.283318799999999982e+00 9.427303241467031025e-01
3.289512400000000003e+00 9.430348058744616457e-01
3.295710000000000139e+00 9.433382264477983004e-01
3.301907599999999832e+00 9.436403546578603363e-01
3.308105199999999968e+00 9.439411560192779715e-01
3.314298799999999989e+00 9.442404037205834877e-01
3.320496400000000126e+00 9.445384515689199123e-01
3.326693999999999818e+00 9.448350750993360636e-01
3.332891599999999954e+00 9.451302461774385710e-01
3.339085100000000139e+00 9.454237460644902002e-01
3.345282800000000112e+00 9.457159467915061679e-01
3.351480399999999804e+00 9.460066269305229536e-01
3.357677999999999940e+00 9.462957783250548482e-01
3.363871500000000125e+00 9.465832028326076619e-01
3.370069200000000098e+00 9.468692817810765439e-01
3.376266799999999790e+00 9.471538158596674029e-01
3.382464399999999927e+00 9.474368147726325295e-01
3.388657900000000112e+00 9.477181020242965159e-01
3.394855499999999804e+00 9.479980630373888717e-01
3.401053200000000221e+00 9.482765319951684813e-01
3.407250799999999913e+00 9.485535192544439775e-01
3.413444300000000098e+00 9.488288692681920988e-01
3.419641899999999790e+00 9.491029701714293054e-01
3.425839600000000207e+00 9.493756684493945830e-01
3.432037199999999899e+00 9.496469808214823560e-01
3.438230700000000084e+00 9.499167591502822861e-01
3.444428300000000220e+00 9.501853857085500454e-01
3.450625899999999913e+00 9.504527055477431929e-01
3.456823599999999885e+00 9.507187455263009790e-01
3.463017100000000070e+00 9.509833429497484003e-01
3.469214700000000207e+00 9.512468707629689879e-01
3.475412299999999899e+00 9.515091691332537849e-01
3.481609999999999872e+00 9.517702552057638599e-01
3.487803500000000057e+00 9.520299590506714482e-01
3.494001100000000193e+00 9.522886357818575176e-01
3.500198699999999885e+00 9.525461172209999106e-01
3.506396300000000021e+00 9.528024047196056445e-01
3.512593999999999994e+00 9.530575011538842123e-01
3.518787500000000179e+00 9.533112271929883308e-01
3.524985099999999871e+00 9.535639173953516234e-01
3.531182700000000008e+00 9.538153963388965595e-01
3.537380399999999980e+00 9.540656598601159333e-01
3.543573900000000165e+00 9.543145266941185367e-01
3.549771499999999858e+00 9.545623213640527238e-01
3.555969099999999994e+00 9.548088700201269319e-01
3.562166700000000130e+00 9.550541647807314627e-01
3.568360300000000151e+00 9.552980419562567826e-01
3.574557899999999844e+00 9.555408116880121927e-01
3.580755499999999980e+00 9.557823133284767403e-01
3.586953100000000116e+00 9.560225466210090506e-01
3.593146700000000138e+00 9.562613602567382465e-01
3.599344299999999830e+00 9.564990682119129950e-01
3.605541899999999966e+00 9.567355245130685359e-01
3.611739500000000103e+00 9.569707410615859722e-01
3.617933100000000124e+00 9.572045823670956022e-01
3.624130699999999816e+00 9.574373687661987820e-01
3.630328299999999953e+00 9.576689701655907161e-01
3.636525900000000089e+00 9.578994106869037628e-01
3.642719500000000110e+00 9.581285693310863660e-01
3.648917099999999802e+00 9.583567708877609448e-01
3.655114699999999939e+00 9.585838975870552003e-01
3.661312300000000075e+00 9.588099813632764423e-01
3.667505900000000096e+00 9.590349100806544458e-01
3.673703499999999789e+00 9.592590074497445718e-01
3.679901099999999925e+00 9.594821609688755082e-01
3.686098700000000061e+00 9.597044031135036901e-01
3.692292199999999802e+00 9.599256191043651354e-01
3.698489900000000219e+00 9.601461351753362017e-01
3.704687499999999911e+00 9.603658253028358738e-01
3.710885100000000048e+00 9.605847184858807841e-01
3.717078599999999788e+00 9.608026933841677941e-01
3.723276300000000205e+00 9.610200617676480928e-01
3.729473899999999897e+00 9.612366885170966491e-01
3.735671500000000034e+00 9.614525901849866329e-01
3.741865000000000219e+00 9.616676341897937297e-01
3.748062700000000191e+00 9.618821147081196843e-01
3.754260299999999884e+00 9.620958847553282567e-01
3.760457900000000020e+00 9.623089469448685707e-01
3.766651400000000205e+00 9.625211569663761901e-01
3.772848999999999897e+00 9.627327887245961113e-01
3.779046699999999870e+00 9.629436951237717590e-01
3.785244300000000006e+00 9.631538571771273149e-01
3.791437800000000191e+00 9.633631257807361292e-01
3.797635399999999883e+00 9.635717621000287059e-01
3.803833099999999856e+00 9.637796135098994910e-01
3.810030699999999992e+00 9.639866552379122711e-01
3.816224200000000177e+00 9.641927359613975401e-01
3.822421799999999870e+00 9.643981099197596052e-01
3.828619400000000006e+00 9.646026221005870038e-01
3.834817099999999979e+00 9.648062581204852606e-01
3.841010600000000164e+00 9.650088609016739261e-01
3.847208199999999856e+00 9.652106865593906848e-01
3.853405799999999992e+00 9.654115867537250706e-01
3.859603499999999965e+00 9.656115524846587972e-01
3.865797000000000150e+00 9.658104355926356854e-01
3.871994599999999842e+00 9.660084942232759486e-01
3.878192199999999978e+00 9.662055900075626758e-01
3.884389800000000115e+00 9.664017185683900779e-01
3.890583400000000136e+00 9.665967518672666792e-01
3.896780999999999828e+00 9.667909413325420642e-01
3.902978599999999965e+00 9.669841619979140379e-01
3.909176200000000101e+00 9.671764168168028863e-01
3.915369800000000122e+00 9.673675870676170518e-01
3.921567399999999814e+00 9.675579253957508064e-01
3.927764999999999951e+00 9.677473148393908042e-01
3.933962600000000087e+00 9.679357630913828503e-01
3.940156200000000108e+00 9.681231577941508126e-01
3.946353799999999801e+00 9.683097498355424104e-01
3.952551399999999937e+00 9.684954270216354910e-01
3.958749000000000073e+00 9.686801986015386445e-01
3.964942600000000095e+00 9.688639554070507254e-01
3.971140199999999787e+00 9.690469438526726487e-01
3.977337799999999923e+00 9.692290537996300914e-01
3.983535400000000060e+00 9.694102937658629626e-01
3.989729000000000081e+00 9.695905557889806792e-01
3.995926600000000217e+00 9.697700805416283876e-01
4.002124199999999909e+00 9.699487588584959630e-01
4.008321800000000046e+00 9.701265980159885505e-01
4.014515300000000231e+00 9.703034882928245342e-01
4.020712999999999759e+00 9.704796737511002247e-01
4.026910599999999896e+00 9.706550384120653518e-01
4.033108200000000032e+00 9.708295923813641259e-01
4.039301700000000217e+00 9.710032285468771507e-01
4.045499399999999746e+00 9.711761875938691446e-01
4.051696999999999882e+00 9.713483573275651928e-01
4.057894600000000018e+00 9.715197498408476573e-01
4.064088100000000203e+00 9.716902626091740158e-01
4.070285700000000340e+00 9.718601323702461547e-01
4.076491500000000379e+00 9.720294812155086950e-01
4.082685099999999956e+00 9.721977660939592480e-01
4.088878600000000141e+00 9.723653318333901341e-01
4.095072100000000326e+00 9.725321959793028492e-01
4.101265699999999903e+00 9.726983769129049495e-01
4.107459200000000088e+00 9.728638857530452766e-01
4.113652799999999665e+00 9.730287449785783860e-01
4.119846299999999850e+00 9.731929668853667170e-01
4.126039800000000035e+00 9.733565720537513677e-01
4.132233399999999612e+00 9.735195811028402035e-01
4.138467699999999638e+00 9.736830747035435385e-01
4.144661199999999823e+00 9.738449330666532067e-01
4.150854800000000289e+00 9.740062474171270468e-01
4.157048299999999585e+00 9.741670283734018554e-01
4.163241799999999770e+00 9.743272931832948069e-01
4.169435400000000236e+00 9.744870576240299842e-01
4.175628900000000421e+00 9.746463280684929398e-01
4.181822499999999998e+00 9.748051193113841384e-01
4.188016000000000183e+00 9.749634338131650813e-01
4.194209599999999760e+00 9.751212820612247256e-01
4.200403099999999945e+00 9.752786620080217128e-01
4.206596600000000130e+00 9.754355768588163222e-01
4.212790199999999707e+00 9.755920273646704333e-01
4.219024499999999733e+00 9.757490302275526606e-01
4.225217999999999918e+00 9.759045264238033202e-01
4.231411600000000384e+00 9.760595387417273505e-01
4.237605099999999680e+00 9.762140513372001838e-01
4.243798599999999865e+00 9.763680540014866294e-01
4.249992200000000331e+00 9.765215348521821825e-01
4.256185699999999628e+00 9.766744732069033708e-01
4.262379300000000093e+00 9.768268572077468681e-01
4.268572800000000278e+00 9.769786643911728685e-01
4.274766299999999575e+00 9.771298792729702365e-01
4.280959900000000040e+00 9.772804862742333620e-01
4.287153400000000225e+00 9.774304628221917035e-01
4.293346999999999802e+00 9.775797966945247719e-01
4.299581299999999828e+00 9.777294441323250984e-01
4.305774800000000013e+00 9.778774339725495590e-01
4.311968300000000198e+00 9.780247345842215667e-01
4.318161899999999775e+00 9.781713369957217852e-01
4.324355399999999960e+00 9.783172272144263770e-01
4.330549000000000426e+00 9.784624029480206708e-01
4.336742499999999723e+00 9.786068548961744940e-01
4.342936100000000188e+00 9.787505855891258655e-01
4.349129600000000373e+00 9.788935907666725944e-01
4.355323099999999670e+00 9.790358756386491335e-01
4.361516700000000135e+00 9.791774478078125732e-01
4.367710200000000320e+00 9.793183103536683420e-01
4.373903799999999897e+00 9.794584776479411392e-01
4.380097300000000082e+00 9.795979569606659831e-01
4.386331600000000108e+00 9.797376762978069475e-01
4.392525100000000293e+00 9.798758219818055615e-01
4.398718699999999870e+00 9.800133290013527398e-01
4.404912200000000055e+00 9.801502099726913109e-01
4.411105799999999633e+00 9.802864869154930272e-01
4.417299299999999818e+00 9.804221732436505521e-01
4.423492800000000003e+00 9.805572888675427867e-01
4.429686399999999580e+00 9.806918532376013298e-01
4.435879899999999765e+00 9.808258785709154104e-01
4.442073500000000230e+00 9.809593847647570808e-01
4.448267000000000415e+00 9.810923818398902263e-01
4.454460599999999992e+00 9.812248869770096027e-01
4.460654100000000177e+00 9.813569071668565291e-01
4.466888400000000203e+00 9.814893190994701255e-01
4.473081900000000388e+00 9.816203973865431642e-01
4.479275499999999965e+00 9.817510180686656041e-01
4.485469000000000150e+00 9.818811808991975143e-01
4.491662599999999728e+00 9.820108922553654196e-01
4.497856099999999913e+00 9.821401484244161040e-01
4.504049600000000098e+00 9.822689504216950418e-01
4.510243199999999675e+00 9.823972978512124365e-01
4.516436699999999860e+00 9.825251829302896756e-01
4.522630300000000325e+00 9.826526052116265619e-01
4.528823799999999622e+00 9.827795553203442225e-01
4.535017299999999807e+00 9.829060296432331478e-01
4.541210900000000272e+00 9.830320243985707362e-01
4.547445200000000298e+00 9.831583549904711061e-01
4.553638699999999595e+00 9.832833646395089389e-01
4.559832300000000060e+00 9.834078791314359025e-01
4.566025800000000245e+00 9.835318907538671551e-01
4.572219300000000430e+00 9.836553989434208001e-01
4.578412900000000008e+00 9.837784043979473925e-01
4.584606400000000193e+00 9.839009032996132165e-01
4.590799999999999770e+00 9.840229013022896432e-01
4.596993499999999955e+00 9.841443977725989889e-01
4.603187100000000420e+00 9.842654015689743519e-01
4.609380599999999717e+00 9.843859153249294724e-01
4.615574099999999902e+00 9.845059490785464940e-01
4.621767700000000367e+00 9.846255142683933981e-01
4.627961199999999664e+00 9.847446178294425589e-01
4.634195499999999690e+00 9.848640537863262434e-01
4.640389100000000155e+00 9.849822736156376157e-01
4.646582600000000340e+00 9.851000700310491576e-01
4.652776099999999637e+00 9.852174587522477545e-01
4.658969700000000103e+00 9.853344555741380129e-01
4.665163200000000288e+00 9.854510704437675628e-01
4.671356799999999865e+00 9.855673203808529292e-01
4.677550300000000050e+00 9.856832141320741592e-01
4.683743800000000235e+00 9.857987650546755631e-01
4.689937399999999812e+00 9.859139852092411171e-01
4.696130899999999997e+00 9.860288795765486114e-01
4.702324499999999574e+00 9.861434588692457037e-01
4.708517999999999759e+00 9.862577245277489579e-01
4.714752299999999785e+00 9.863724312364400282e-01
4.720945799999999970e+00 9.864860786962315053e-01
4.727139400000000435e+00 9.865994194010662133e-01
4.733332899999999732e+00 9.867124465483559925e-01
4.739526500000000198e+00 9.868251585916104629e-01
4.745720000000000383e+00 9.869375447354407083e-01
4.751913599999999960e+00 9.870495996295441943e-01
4.758107100000000145e+00 9.871613090278068547e-01
4.764300600000000330e+00 9.872726626766122893e-01
4.770494199999999907e+00 9.873836491026445339e-01
4.776687700000000092e+00 9.874942505298507367e-01
4.782881299999999669e+00 9.876044556944300057e-01
4.789074799999999854e+00 9.877142458604789566e-01
4.795309099999999880e+00 9.878243265716274424e-01
4.801502600000000065e+00 9.879332419775750385e-01
4.807696199999999642e+00 9.880417013159197293e-01
4.813889699999999827e+00 9.881496876001351071e-01
4.820083300000000293e+00 9.882571919756477641e-01
4.826276799999999589e+00 9.883642000210973722e-01
4.832470299999999774e+00 9.884707041376573633e-01
4.838663900000000240e+00 9.885766984917624400e-01
4.844857400000000425e+00 9.886821740672748771e-01
4.851051000000000002e+00 9.887871307341734584e-01
4.857244500000000187e+00 9.888915636933840458e-01
4.863438099999999764e+00 9.889954770597045863e-01
4.869631599999999949e+00 9.890988703563018403e-01
4.875865899999999975e+00 9.892024262610008556e-01
4.882059400000000160e+00 9.893047963266513589e-01
4.888252999999999737e+00 9.894066703928193762e-01
4.894446499999999922e+00 9.895080556486661738e-01
4.900640100000000388e+00 9.896089673306741608e-01
4.906833599999999684e+00 9.897094154053451831e-01
4.913027099999999869e+00 9.898094157536166948e-01
4.919220700000000335e+00 9.899089849970805766e-01
4.925414199999999632e+00 9.900081354464380645e-01
4.931607800000000097e+00 9.901068860748578615e-01
4.937801300000000282e+00 9.902052494503089664e-01
4.943994899999999859e+00 9.903032442417938341e-01
4.950188400000000044e+00 9.904008822772067955e-01
4.956381900000000229e+00 9.904981794174306797e-01
4.962616200000000255e+00 9.905957867633791158e-01
4.968809799999999832e+00 9.906924406578159203e-01
4.975003300000000017e+00 9.907887889025278616e-01
4.981196800000000202e+00 9.908848428184811041e-01
4.987390399999999779e+00 9.909806123224095264e-01
4.993583899999999964e+00 9.910761012729063513e-01
4.999777500000000430e+00 9.911713182798129740e-01
5.005970999999999727e+00 9.912662643986697164e-01
5.012164600000000192e+00 9.913609454889517059e-01
5.018358100000000377e+00 9.914553600366193820e-01
5.024551599999999674e+00 9.915495099768316667e-01
5.030745200000000139e+00 9.916433962202343411e-01
5.036938700000000324e+00 9.917370142725961957e-01
5.043173000000000350e+00 9.918309775355488300e-01
5.049366599999999927e+00 9.919240549250271100e-01
5.055560100000000112e+00 9.920168562008682134e-01
5.061753600000000297e+00 9.921093796135362908e-01
5.067947199999999874e+00 9.922016233610002622e-01
5.074140700000000059e+00 9.922935812902139441e-01
5.080334299999999637e+00 9.923852534454598029e-01
5.086527799999999822e+00 9.924766343068280872e-01
5.092721400000000287e+00 9.925677247262100211e-01
5.098914899999999584e+00 9.926585201961874994e-01
5.105108399999999769e+00 9.927490212044588480e-01
5.111302000000000234e+00 9.928392288226461915e-01
5.117495500000000419e+00 9.929291403553185402e-01
5.123729799999999557e+00 9.930193474408182119e-01
5.129923400000000022e+00 9.931086721295929731e-01
5.136116900000000207e+00 9.931977046224635952e-01
5.142310400000000392e+00 9.932864484861430032e-01
5.148503999999999969e+00 9.933749075210432933e-01
5.154697500000000154e+00 9.934630813796169191e-01
5.160891099999999732e+00 9.935509754266679261e-01
5.167084599999999917e+00 9.936385892201913261e-01
5.173278100000000101e+00 9.937259263271177590e-01
5.179471699999999679e+00 9.938129899210014218e-01
5.185665199999999864e+00 9.938997784687894077e-01
5.191858800000000329e+00 9.939862954558998931e-01
5.198052299999999626e+00 9.940725380880959250e-01
5.204245900000000091e+00 9.941585083977479975e-01
5.210480099999999837e+00 9.942447642695959598e-01
5.216673700000000302e+00 9.943301798368349154e-01
5.222867199999999599e+00 9.944153131683228786e-01
5.229060800000000064e+00 9.945001630174156171e-01
5.235254300000000249e+00 9.945847219067540657e-01
5.241447899999999827e+00 9.946689871648771719e-01
5.247641400000000012e+00 9.947529501049138245e-01
5.253834900000000196e+00 9.948366056818587211e-01
5.260028499999999774e+00 9.949199485288635625e-01
5.266221999999999959e+00 9.950029690980886077e-01
5.272415600000000424e+00 9.950856632340089325e-01
5.278609099999999721e+00 9.951680216246837629e-01
5.284802599999999906e+00 9.952500393384433597e-01
5.291036899999999932e+00 9.953322475078429932e-01
5.297230500000000397e+00 9.954135664021718233e-01
5.303423999999999694e+00 9.954945284297676000e-01
5.309617600000000159e+00 9.955751331097869583e-01
5.315811100000000344e+00 9.956553758945145827e-01
5.322004599999999641e+00 9.957352573979771915e-01
5.328198200000000107e+00 9.958147795445213557e-01
5.334391700000000291e+00 9.958939417946327533e-01
5.340585299999999869e+00 9.959727501400545968e-01
5.346778800000000054e+00 9.960512068697198185e-01
5.352972399999999631e+00 9.961293207098929070e-01
5.359165899999999816e+00 9.962070966195372135e-01
5.365359400000000001e+00 9.962845445331077743e-01
5.371593700000000027e+00 9.963621812467624572e-01
5.377787299999999604e+00 9.964390025247384930e-01
5.383980799999999789e+00 9.965155263955158826e-01
5.390174400000000254e+00 9.965917672570060448e-01
5.396367900000000439e+00 9.966677349111758843e-01
5.402561399999999736e+00 9.967434429773877058e-01
5.408755000000000202e+00 9.968189049614293307e-01
5.414948500000000386e+00 9.968941304007203907e-01
5.421142099999999964e+00 9.969691331708558923e-01
5.427335600000000149e+00 9.970439215660559240e-01
5.433529100000000334e+00 9.971185065985550544e-01
5.439722699999999911e+00 9.971928981842163031e-01
5.445916200000000096e+00 9.972671014111362808e-01
5.452109799999999673e+00 9.973411248241540461e-01
5.458344099999999699e+00 9.974154566414481504e-01
5.464537599999999884e+00 9.974891283922668883e-01
5.470731100000000069e+00 9.975626288417325238e-01
5.476924699999999646e+00 9.976359594137982345e-01
5.483118199999999831e+00 9.977091165418673357e-01
5.489311800000000297e+00 9.977821000295616916e-01
5.495505299999999593e+00 9.978549037119472942e-01
5.501698900000000059e+00 9.979275250207538805e-01
5.507892400000000244e+00 9.979999557440772939e-01
5.514085900000000429e+00 9.980721904253946342e-01
5.520279500000000006e+00 9.981442230320132225e-01
5.526473000000000191e+00 9.982160436920116675e-01
5.532666599999999768e+00 9.982876470448751594e-01
5.538900899999999794e+00 9.983594926123701141e-01
5.545094399999999979e+00 9.984306338419355331e-01
5.551287900000000164e+00 9.985015348909902499e-01
5.557481499999999741e+00 9.985721908110620770e-01
5.563674999999999926e+00 9.986425941016392471e-01
5.569868600000000392e+00 9.987127428331331602e-01
5.576062099999999688e+00 9.987826316736915233e-01
5.582255599999999873e+00 9.988522599177133143e-01
5.588449200000000339e+00 9.989216281266163344e-01
5.594642699999999635e+00 9.989907348111587426e-01
5.600836300000000101e+00 9.990595842496231560e-01
5.607029800000000286e+00 9.991281775154221556e-01
5.613223399999999863e+00 9.991965212909038607e-01
5.619457599999999609e+00 9.992650655961945461e-01
5.625651200000000074e+00 9.993329241310886513e-01
5.631844700000000259e+00 9.994005501990000928e-01
5.638038299999999836e+00 9.994679537534982838e-01
5.644231800000000021e+00 9.995351407486500195e-01
5.650425399999999598e+00 9.996021216297091838e-01
5.656618899999999783e+00 9.996689024314772132e-01
5.662812399999999968e+00 9.997354921333748701e-01
5.669006000000000434e+00 9.998018991824152435e-01
5.675199499999999730e+00 9.998681280820950201e-01
5.681393100000000196e+00 9.999341866978296300e-01
5.687586600000000381e+00 1.000000077529863640e+00
5.693780099999999678e+00 1.000065805039456412e+00
5.700014399999999704e+00 1.000131802650755075e+00
