6.367979799999999579e-02 4.252965644100124010e-01
6.972053899999999804e-02 4.246501317398254649e-01
7.576168699999999423e-02 4.239198982540164917e-01
8.180283500000000430e-02 4.231016813102241314e-01
8.784357600000000654e-02 4.221919672804843593e-01
9.388472400000000273e-02 4.211879416937852616e-01
9.992587199999999892e-02 4.200881072012906392e-01
1.059666100000000027e-01 4.188923829462169457e-01
1.120077599999999979e-01 4.176020796432972637e-01
1.180485000000000007e-01 4.162207180179884891e-01
1.240896499999999958e-01 4.147535345937157780e-01
1.301307999999999909e-01 4.132082900637618628e-01
1.361715400000000076e-01 4.115951260397155420e-01
1.422126900000000027e-01 4.099262620712829652e-01
1.482538399999999978e-01 4.082166266034764623e-01
1.542945799999999867e-01 4.064834287214159070e-01
1.603357199999999871e-01 4.047455944338076983e-01
1.663768700000000100e-01 4.030241724215153365e-01
1.724176099999999989e-01 4.013416196315363615e-01
1.784587599999999941e-01 3.997210070918080227e-01
1.844999099999999892e-01 3.981862108068899286e-01
1.905406500000000058e-01 3.967610107911268003e-01
1.965818000000000010e-01 3.954682870054311850e-01
2.026229499999999961e-01 3.943300799671585199e-01
2.086636900000000128e-01 3.933667742423332947e-01
2.147048400000000079e-01 3.925965347854158960e-01
2.207455799999999968e-01 3.920353989582718301e-01
2.267867199999999972e-01 3.916966238480478757e-01
2.328278699999999923e-01 3.915908433754680118e-01
2.388686100000000090e-01 3.917258398217203230e-01
2.449097600000000041e-01 3.921066812641368360e-01
2.509509100000000270e-01 3.927357860971958936e-01
2.569916500000000159e-01 3.936130549905703657e-01
2.630328000000000110e-01 3.947363509617111688e-01
2.690739500000000062e-01 3.961013974139745430e-01
2.751146899999999951e-01 3.977021533898404404e-01
2.811558399999999902e-01 3.995314854874736921e-01
2.871965799999999791e-01 4.015806328930774383e-01
2.932377299999999742e-01 4.038404460519089412e-01
2.992788699999999746e-01 4.063006737088818987e-01
3.053196100000000190e-01 4.089505398145155124e-01
3.113607600000000142e-01 4.117795002624650147e-01
3.174019100000000093e-01 4.147763364076031967e-01
3.234426499999999982e-01 4.179297765873853376e-01
3.294837999999999933e-01 4.212293087451058904e-01
3.355245399999999822e-01 4.246637620634563515e-01
3.415656899999999774e-01 4.282231875120666720e-01
3.476068399999999725e-01 4.318973326130765011e-01
3.536475800000000169e-01 4.356763820112310448e-01
3.596887300000000121e-01 4.395518330829597531e-01
3.657298700000000125e-01 4.435150162492931813e-01
3.717706100000000013e-01 4.475579269479852962e-01
3.778117599999999965e-01 4.516740951269749282e-01
3.838529099999999916e-01 4.558570180092908486e-01
3.898936499999999805e-01 4.601010036524610936e-01
3.959347999999999757e-01 4.644020944829718167e-01
4.019755400000000201e-01 4.687560696205399502e-01
4.080158700000000027e-01 4.731601931093060709e-01
4.140586499999999726e-01 4.776147608442492531e-01
4.200973599999999752e-01 4.821140270160914620e-01
4.261401300000000059e-01 4.866639853007603267e-01
4.321788400000000085e-01 4.912592563264126522e-01
4.382216099999999837e-01 4.959074740396797742e-01
4.442643900000000090e-01 5.006076482629624458e-01
4.503031000000000117e-01 5.053591243458189775e-01
4.563458699999999868e-01 5.101712331296257563e-01
4.623845799999999895e-01 5.150406484717801048e-01
4.684273600000000148e-01 5.199771160715991325e-01
4.744660600000000228e-01 5.249770443458070535e-01
4.805088399999999926e-01 5.300499710670188991e-01
4.865516200000000180e-01 5.351948744813777026e-01
4.925903200000000259e-01 5.404099394504051634e-01
4.986330999999999958e-01 5.457032124890999203e-01
5.046718000000000037e-01 5.510676994737360168e-01
5.107145800000000291e-01 5.565098701069619569e-01
5.167532799999999815e-01 5.620206048324313253e-01
5.227960600000000069e-01 5.676045547461340268e-01
5.288388400000000322e-01 5.732541996360999148e-01
5.348775399999999847e-01 5.789608486207238336e-01
5.409203200000000100e-01 5.847264636391820147e-01
5.469590199999999625e-01 5.905366631419713963e-01
5.530017999999999878e-01 5.963919508650920021e-01
5.590405000000000513e-01 6.022764598807240910e-01
5.650832799999999656e-01 6.081896959112259582e-01
5.711219899999999683e-01 6.141149189850938495e-01
5.771647600000000544e-01 6.200511651748089603e-01
5.832075399999999687e-01 6.259855102080329470e-01
5.892462499999999714e-01 6.319051536613152775e-01
5.952890199999999465e-01 6.378095617650624272e-01
6.013277299999999492e-01 6.436827403632592315e-01
6.073705000000000354e-01 6.495250789167551497e-01
6.134092100000000380e-01 6.553218891212190256e-01
6.194519899999999524e-01 6.610748795162356695e-01
6.254947600000000385e-01 6.667748294492790162e-01
6.315334700000000412e-01 6.724135348082581620e-01
6.375762499999999555e-01 6.779950050173026987e-01
6.436149500000000190e-01 6.835089796628394110e-01
6.496577300000000443e-01 6.889609866557309115e-01
6.556964299999999968e-01 6.943424986016223377e-01
6.617392100000000221e-01 6.996603046294822548e-01
6.677779099999999746e-01 7.049073359396604843e-01
6.738206899999999999e-01 7.100912908715263372e-01
6.798634700000000253e-01 7.152095996534375555e-01
6.859021699999999777e-01 7.202601494099354351e-01
6.919449500000000031e-01 7.252512134553897871e-01
6.979836499999999555e-01 7.301775664753915596e-01
7.040264299999999809e-01 7.350473524000220582e-01
7.100651300000000443e-01 7.398553667751850416e-01
7.161079099999999587e-01 7.446092925411392782e-01
7.221506899999999840e-01 7.493068028306764106e-01
7.281893900000000475e-01 7.539454347744615204e-01
7.342321699999999618e-01 7.585317919714356094e-01
7.402708799999999645e-01 7.630596942498010238e-01
7.463136500000000506e-01 7.675349143079226444e-01
7.523523600000000533e-01 7.719508000278968440e-01
7.583951399999999676e-01 7.763123662045050555e-01
7.644338400000000311e-01 7.806125440849195352e-01
7.704766199999999454e-01 7.848557412960981416e-01
7.765193999999999708e-01 7.890374601577911928e-01
7.825581000000000342e-01 7.931532520686251919e-01
7.886008799999999486e-01 7.972069268827809418e-01
7.946395800000000120e-01 8.011912520920476677e-01
8.006823600000000374e-01 8.051098976476193103e-01
8.067210599999999898e-01 8.089559584976412365e-01
8.127638400000000152e-01 8.127331665233381575e-01
8.188066200000000405e-01 8.164376301166098582e-01
8.248453199999999930e-01 8.200658934667259814e-01
8.308881000000000183e-01 8.236221077552525749e-01
8.369267999999999708e-01 8.271010287604020350e-01
8.429695799999999961e-01 8.305072497200796100e-01
8.490082799999999486e-01 8.338364157901460016e-01
8.550510599999999739e-01 8.370936337784871117e-01
8.610938399999999993e-01 8.402776028127100227e-01
8.671325399999999517e-01 8.433875774509981271e-01
8.731753199999999770e-01 8.464294328306134485e-01
8.792140200000000405e-01 8.494010481075658925e-01
8.852567999999999548e-01 8.523087084285196902e-01
8.912955099999999575e-01 8.551509969404396116e-01
8.973382800000000437e-01 8.579344336328255105e-01
9.033769900000000463e-01 8.606580967767021306e-01
9.094197699999999607e-01 8.633285385678483026e-01
9.154625400000000468e-01 8.659467843769680373e-01
9.215012500000000495e-01 8.685139425505739030e-01
9.275440299999999638e-01 8.710361438201225104e-01
9.335827300000000273e-01 8.735124578307802423e-01
9.396255100000000526e-01 8.759484456265375085e-01
9.456642100000000051e-01 8.783427230882371317e-01
9.517069900000000304e-01 8.807000863063425555e-01
9.577497699999999448e-01 8.830200930456072461e-01
9.637884700000000082e-01 8.853020169484858704e-01
9.698312500000000336e-01 8.875493608564452019e-01
9.758699499999999860e-01 8.897591423956261458e-01
9.819127300000000114e-01 8.919340639582041819e-01
9.879514299999999638e-01 8.940706134672392613e-01
9.939942099999999892e-01 8.961708661328952052e-01
1.000032899999999891e+00 8.982310005233816730e-01
1.006075700000000017e+00 9.002527324462172853e-01
1.012118499999999921e+00 9.022335420634933767e-01
1.018157200000000095e+00 9.041710790574229994e-01
1.024199999999999999e+00 9.060670559865735552e-01
1.030238699999999952e+00 9.079181823572836096e-01
1.036281400000000019e+00 9.097264857024105478e-01
1.042320099999999972e+00 9.114894281363163930e-01
1.048362900000000097e+00 9.132095797318305896e-01
1.054405700000000001e+00 9.148863089889993638e-01
1.060444399999999954e+00 9.165194832524115043e-01
1.066487200000000080e+00 9.181126546239593011e-01
1.072525900000000032e+00 9.196653428568946076e-01
1.078568699999999936e+00 9.211816495557545448e-01
1.084607400000000110e+00 9.226617664523274476e-01
1.090650099999999956e+00 9.241101265695148559e-01
1.096692900000000082e+00 9.255283341769157124e-01
1.102731600000000034e+00 9.269180519247387506e-01
1.108774399999999938e+00 9.282837579221996371e-01
1.114813099999999890e+00 9.296260820491990540e-01
1.120855900000000016e+00 9.309491550058502929e-01
1.126894599999999969e+00 9.322532458426973090e-01
1.132937400000000094e+00 9.335418959874434153e-01
1.138976100000000047e+00 9.348147884260122886e-01
1.145018799999999892e+00 9.360746979182675842e-01
1.151061600000000018e+00 9.373214845830201147e-01
1.157100299999999971e+00 9.385546025692638183e-01
1.163143100000000096e+00 9.397756695052464915e-01
1.169181800000000049e+00 9.409826347507069810e-01
1.175224599999999953e+00 9.421764447513850671e-01
1.181263299999999905e+00 9.433545373387929311e-01
1.187306100000000031e+00 9.445173735667143911e-01
1.193348800000000098e+00 9.456628538806157724e-01
1.199387500000000051e+00 9.467889076285904704e-01
1.205430299999999955e+00 9.478956808625020880e-01
1.211468999999999907e+00 9.489803532686743592e-01
1.217511800000000033e+00 9.500431760554508553e-01
1.223550499999999985e+00 9.510816316182654218e-01
1.229593299999999889e+00 9.520962389052609609e-01
1.235632000000000064e+00 9.530849470577996696e-01
1.241674799999999967e+00 9.540486628833387828e-01
1.247717500000000035e+00 9.549865074188760294e-01
1.253756199999999987e+00 9.558979744417673841e-01
1.259798999999999891e+00 9.567846109843340940e-01
1.265837700000000066e+00 9.576457787721004422e-01
1.271880499999999969e+00 9.584834341791448331e-01
1.277919199999999922e+00 9.592974237648744795e-01
1.283962000000000048e+00 9.600900051082654763e-01
1.290004799999999952e+00 9.608619065032968365e-01
1.296043499999999904e+00 9.616140133331976259e-01
1.302086300000000030e+00 9.623488012055559926e-01
1.308124999999999982e+00 9.630667554740878211e-01
1.314167700000000050e+00 9.637703178611372046e-01
1.320206400000000002e+00 9.644599952339825144e-01
1.326249199999999906e+00 9.651380824685166226e-01
1.332287900000000080e+00 9.658049310128269394e-01
1.338330699999999984e+00 9.664625973981328944e-01
1.344373500000000110e+00 9.671116346480073123e-01
1.350412200000000063e+00 9.677524606278813391e-01
1.356454999999999966e+00 9.683866247796807381e-01
1.362493699999999919e+00 9.690137670418480509e-01
1.368536399999999986e+00 9.696350484091680322e-01
1.374575099999999939e+00 9.702497861209157248e-01
1.380617900000000065e+00 9.708587708893184898e-01
1.386660699999999968e+00 9.714613864047904057e-01
1.392699399999999921e+00 9.720568855375655293e-01
1.398742200000000047e+00 9.726456025291354557e-01
1.404780899999999999e+00 9.732261576572623918e-01
1.410823699999999903e+00 9.737986764803111539e-01
1.416862400000000077e+00 9.743616666610811494e-01
1.422905099999999923e+00 9.749151442104532217e-01
1.428947900000000049e+00 9.754580099391494397e-01
1.434986600000000001e+00 9.759892048501093154e-01
1.441029399999999905e+00 9.765088270075261700e-01
1.447068100000000079e+00 9.770156466509576365e-01
1.453110899999999983e+00 9.775099509264492115e-01
1.459149599999999936e+00 9.779908144163435013e-01
1.465192400000000061e+00 9.784587988415378579e-01
1.471231100000000014e+00 9.789133534189145003e-01
1.477273800000000081e+00 9.793553539185392287e-01
1.483316599999999985e+00 9.797849484924635588e-01
1.489355299999999938e+00 9.802024697823291666e-01
1.495398100000000063e+00 9.806092626481305308e-01
1.501436800000000016e+00 9.810056898112493595e-01
1.507479599999999920e+00 9.813933160409576972e-01
1.513518300000000094e+00 9.817727199388862624e-01
1.519561099999999998e+00 9.821455658462654448e-01
1.525603800000000065e+00 9.825127427806173985e-01
1.531642500000000018e+00 9.828751396378275773e-01
1.537685299999999922e+00 9.832342910926116231e-01
1.543724000000000096e+00 9.835906491791294171e-01
1.549766800000000000e+00 9.839454971481631507e-01
1.555805499999999952e+00 9.842989841395999306e-01
1.561848300000000078e+00 9.846520325094360038e-01
1.567887000000000031e+00 9.850044030527657091e-01
1.573929799999999934e+00 9.853566067102937920e-01
1.579972500000000002e+00 9.857082258736986624e-01
1.586011300000000013e+00 9.860586740964805141e-01
1.592054000000000080e+00 9.864078627011007017e-01
1.598092700000000033e+00 9.867546447460719961e-01
1.604135499999999936e+00 9.870986756027201325e-01
1.610174200000000111e+00 9.874385962890964707e-01
1.616217000000000015e+00 9.877739304748477389e-01
1.622259799999999919e+00 9.881035019694576205e-01
1.628298500000000093e+00 9.884261836557983738e-01
1.634341299999999997e+00 9.887415741591956131e-01
1.640379999999999949e+00 9.890485105311471736e-01
1.646422700000000017e+00 9.893468017071861409e-01
1.652461399999999969e+00 9.896356057363524528e-01
1.658504200000000095e+00 9.899150341838028888e-01
1.664546999999999999e+00 9.901847932004717023e-01
1.670585699999999951e+00 9.904447980640727067e-01
1.676628500000000077e+00 9.906956681696768019e-01
1.682667200000000030e+00 9.909374947951967716e-01
1.688709999999999933e+00 9.911711860690290976e-01
1.694748700000000108e+00 9.913971283391953548e-01
1.700791399999999953e+00 9.916164258792093955e-01
1.706830099999999906e+00 9.918296552667932309e-01
1.712872900000000032e+00 9.920380048892973868e-01
1.718915699999999935e+00 9.922422338468852576e-01
1.724954400000000110e+00 9.924430841749837251e-01
1.730997200000000014e+00 9.926416485868171380e-01
1.737035899999999966e+00 9.928383944753297330e-01
1.743078700000000092e+00 9.930342227600658100e-01
1.749117400000000044e+00 9.932293807615669712e-01
1.755160099999999890e+00 9.934245122574804077e-01
1.761202900000000016e+00 9.936197357567837507e-01
1.767241599999999968e+00 9.938150218329073748e-01
1.773284400000000094e+00 9.940106082935528109e-01
1.779323100000000046e+00 9.942060775617898027e-01
1.785365899999999950e+00 9.944014305548651844e-01
1.791404599999999903e+00 9.945960416782485547e-01
1.797447400000000028e+00 9.947897363160038697e-01
1.803486099999999981e+00 9.949817549822445040e-01
1.809528800000000048e+00 9.951718206106932030e-01
1.815571599999999952e+00 9.953592566300010214e-01
1.821610299999999905e+00 9.955433872926925387e-01
1.827653100000000030e+00 9.957239361995774418e-01
1.833691799999999983e+00 9.959001716132904747e-01
1.839734600000000109e+00 9.960719001432800646e-01
1.845773300000000061e+00 9.962385237946946859e-01
1.851816099999999965e+00 9.963999814306240266e-01
1.857858800000000032e+00 9.965559539764199393e-01
1.863897499999999985e+00 9.967062360617239269e-01
1.869940300000000111e+00 9.968510127786077701e-01
1.875979000000000063e+00 9.969901655493106363e-01
1.882021799999999967e+00 9.971240534911006703e-01
1.888060499999999919e+00 9.972527526674611620e-01
1.894103300000000045e+00 9.973767770897382645e-01
1.900146099999999949e+00 9.974964498609688590e-01
1.906184799999999901e+00 9.976121681236571614e-01
1.912227600000000027e+00 9.977246134375828968e-01
1.918266299999999980e+00 9.978341937788832716e-01
1.924309000000000047e+00 9.979416391721195323e-01
1.930347700000000000e+00 9.980473961149606277e-01
1.936390499999999903e+00 9.981521858421532611e-01
1.942429200000000078e+00 9.982564188952751660e-01
1.948471999999999982e+00 9.983607478401930191e-01
1.954514800000000108e+00 9.984655555993082743e-01
1.960553500000000060e+00 9.985711523350775387e-01
1.966596299999999964e+00 9.986779796670098852e-01
1.972634999999999916e+00 9.987860968680103424e-01
1.978677699999999984e+00 9.988957521894642477e-01
1.984716399999999936e+00 9.990067982843652272e-01
1.990759200000000062e+00 9.991192755953569593e-01
1.996801999999999966e+00 9.992328967909290816e-01
2.002840700000000140e+00 9.993472739477474720e-01
2.008883500000000044e+00 9.994621646577193097e-01
2.014922199999999997e+00 9.995769409139152462e-01
2.020964999999999900e+00 9.996912271883696688e-01
2.027003699999999853e+00 9.998042970616071168e-01
2.033046399999999920e+00 9.999157101376534573e-01
2.039085099999999873e+00 1.000024728417146402e+00
2.045127900000000221e+00 1.000130929768590082e+00
2.051170700000000124e+00 1.000233714635596627e+00
2.057209400000000077e+00 1.000332556504778037e+00
2.063252199999999981e+00 1.000427210665602251e+00
2.069290899999999933e+00 1.000517266607909628e+00
2.075333699999999837e+00 1.000602672437530094e+00
2.081372399999999789e+00 1.000683253831952557e+00
2.087415099999999857e+00 1.000759179443313940e+00
2.093457900000000205e+00 1.000830573624680531e+00
2.099496600000000157e+00 1.000897680916222221e+00
2.105539400000000061e+00 1.000960983860152531e+00
2.111578100000000013e+00 1.001020874830901075e+00
2.117620899999999917e+00 1.001077983430283203e+00
2.123659599999999870e+00 1.001132828961634358e+00
2.129702400000000218e+00 1.001186109847674643e+00
2.135741100000000170e+00 1.001238380300199626e+00
2.141783799999999793e+00 1.001290317133224139e+00
2.147826600000000141e+00 1.001342450372691095e+00
2.153865300000000094e+00 1.001395243375994060e+00
2.159908099999999997e+00 1.001449186452223472e+00
2.165946799999999950e+00 1.001504528864561427e+00
2.171989599999999854e+00 1.001561562365063329e+00
2.178028299999999806e+00 1.001620314090983399e+00
2.184071100000000154e+00 1.001680855277935933e+00
2.190113800000000222e+00 1.001743027209790027e+00
2.196152600000000010e+00 1.001806568927027463e+00
2.202195300000000078e+00 1.001871251676121899e+00
2.208234000000000030e+00 1.001936604865975022e+00
2.214276799999999934e+00 1.002002271785802590e+00
2.220315499999999886e+00 1.002067680566873342e+00
2.226358299999999790e+00 1.002132418171512995e+00
2.232401100000000138e+00 1.002195939459023633e+00
2.238439800000000091e+00 1.002257723549428992e+00
2.244482599999999994e+00 1.002317413907443555e+00
2.250521299999999947e+00 1.002374544136170886e+00
2.256564000000000014e+00 1.002428872984983288e+00
2.262602699999999967e+00 1.002480088630862687e+00
2.268645499999999871e+00 1.002528104158482369e+00
2.274684199999999823e+00 1.002572786850681741e+00
2.280727000000000171e+00 1.002614217648613248e+00
2.286769800000000075e+00 1.002652470079230307e+00
2.292808500000000027e+00 1.002687704761448639e+00
2.298851299999999931e+00 1.002720222856175125e+00
2.304889999999999883e+00 1.002750292341378913e+00
2.310932699999999951e+00 1.002778312703857866e+00
2.316971399999999903e+00 1.002804638896744205e+00
2.323014199999999807e+00 1.002829717968567680e+00
2.329057000000000155e+00 1.002853948962995290e+00
2.335095700000000107e+00 1.002877725180318036e+00
2.341138500000000011e+00 1.002901467428852555e+00
2.347177199999999964e+00 1.002925499736706971e+00
2.353219999999999867e+00 1.002950169569868821e+00
2.359258699999999820e+00 1.002975708277121125e+00
2.365301399999999887e+00 1.003002359234941521e+00
2.371340099999999840e+00 1.003030236046755563e+00
2.377382900000000188e+00 1.003059462760301557e+00
2.383425700000000091e+00 1.003090044720947649e+00
2.389464400000000044e+00 1.003121922197363958e+00
2.395507199999999948e+00 1.003155042378993445e+00
2.401545899999999900e+00 1.003189210337936510e+00
2.407588699999999804e+00 1.003224274038364117e+00
2.413627400000000200e+00 1.003259946165526717e+00
2.419670099999999824e+00 1.003296000783184372e+00
2.425712900000000172e+00 1.003332115678349234e+00
2.431751600000000124e+00 1.003367950183644330e+00
2.437794400000000028e+00 1.003403229974529021e+00
2.443833099999999980e+00 1.003437586620802291e+00
2.449875899999999884e+00 1.003470757425029003e+00
2.455914599999999837e+00 1.003502408901036480e+00
2.461957400000000185e+00 1.003532324593065406e+00
2.468000099999999808e+00 1.003560259802934063e+00
2.474038800000000204e+00 1.003586021062671252e+00
2.480081600000000108e+00 1.003609515925813156e+00
2.486120300000000061e+00 1.003630641061385331e+00
2.492163099999999964e+00 1.003649412405636321e+00
2.498201799999999917e+00 1.003665852118869273e+00
2.504244599999999821e+00 1.003680090475447706e+00
2.510283300000000217e+00 1.003692274163203502e+00
2.516326100000000121e+00 1.003702640065133878e+00
2.522368900000000025e+00 1.003711447932761125e+00
2.528407599999999977e+00 1.003719002098275803e+00
2.534450300000000045e+00 1.003725652529485091e+00
2.540488999999999997e+00 1.003731749854487765e+00
2.546531799999999901e+00 1.003737669928272069e+00
2.552570499999999853e+00 1.003743767302901935e+00
2.558613300000000201e+00 1.003750395455414335e+00
2.564656100000000105e+00 1.003757865338956945e+00
2.570694800000000058e+00 1.003766443384696672e+00
2.576737599999999961e+00 1.003776360920348498e+00
2.582776299999999914e+00 1.003787762358684166e+00
2.588818999999999981e+00 1.003800752677673769e+00
2.594857699999999934e+00 1.003815331999846627e+00
2.600900499999999838e+00 1.003831463527351753e+00
2.606939199999999790e+00 1.003848996891935963e+00
2.612982000000000138e+00 1.003867759499362577e+00
2.619024800000000042e+00 1.003887482666423914e+00
2.625063499999999994e+00 1.003907844028517626e+00
2.631106299999999898e+00 1.003928523580037480e+00
2.637144999999999850e+00 1.003949119814650404e+00
2.643187699999999918e+00 1.003969274859377592e+00
2.649226399999999870e+00 1.003988580040446221e+00
2.655269200000000218e+00 1.004006696868669835e+00
2.661312000000000122e+00 1.004023279434441474e+00
2.667350700000000074e+00 1.004038030867946851e+00
2.673393499999999978e+00 1.004050739780188550e+00
2.679432199999999931e+00 1.004061222407582221e+00
2.685474999999999834e+00 1.004069397294031551e+00
2.691513699999999787e+00 1.004075232058550871e+00
2.697556399999999854e+00 1.004078788121790744e+00
2.703599200000000202e+00 1.004080186816289855e+00
2.709637900000000155e+00 1.004079622138263073e+00
2.715680700000000058e+00 1.004077345437818680e+00
2.721719400000000011e+00 1.004073660652795352e+00
2.727762199999999915e+00 1.004068900953510424e+00
2.733800899999999867e+00 1.004063434455698012e+00
2.739843700000000215e+00 1.004057625556106226e+00
2.745882400000000167e+00 1.004051849345440672e+00
2.751925099999999791e+00 1.004046447654923346e+00
2.757967900000000139e+00 1.004041743427115829e+00
2.764006600000000091e+00 1.004038016236009856e+00
2.770049399999999995e+00 1.004035487182249886e+00
2.776088099999999947e+00 1.004034327709263819e+00
2.782130899999999851e+00 1.004034641893743141e+00
2.788169599999999804e+00 1.004036470461220132e+00
2.794212400000000152e+00 1.004039793216216614e+00
2.800255100000000219e+00 1.004044525757291861e+00
2.806293900000000008e+00 1.004050524582603465e+00
2.812336600000000075e+00 1.004057609610676804e+00
2.818375300000000028e+00 1.004065543878725375e+00
2.824418099999999932e+00 1.004074079769210481e+00
2.830456799999999884e+00 1.004082927566677386e+00
2.836499599999999788e+00 1.004091811331011552e+00
2.842538300000000184e+00 1.004100432097767337e+00
2.848581100000000088e+00 1.004108525008656327e+00
2.854623899999999992e+00 1.004115826952028057e+00
2.860662599999999944e+00 1.004122104373541324e+00
2.866705300000000012e+00 1.004127170157915971e+00
2.872743999999999964e+00 1.004130861293916377e+00
2.878786799999999868e+00 1.004133069004679912e+00
2.884825499999999820e+00 1.004133721545359181e+00
2.890868300000000168e+00 1.004132796537766437e+00
2.896911100000000072e+00 1.004130314578608463e+00
2.902949800000000025e+00 1.004126343290109968e+00
2.908992599999999928e+00 1.004120981383742395e+00
2.915031299999999881e+00 1.004114375700980055e+00
2.921073999999999948e+00 1.004106687754547700e+00
2.927112699999999901e+00 1.004098122960068284e+00
2.933155499999999805e+00 1.004088884213869326e+00
2.939198300000000152e+00 1.004079204170388095e+00
2.945237000000000105e+00 1.004069322664157937e+00
2.951279800000000009e+00 1.004059458611858968e+00
2.957318499999999961e+00 1.004049850366356411e+00
2.963361299999999865e+00 1.004040696603851091e+00
2.969399999999999817e+00 1.004032201932802737e+00
2.975442699999999885e+00 1.004024522516301809e+00
2.981481399999999837e+00 1.004017806390473888e+00
2.987524200000000185e+00 1.004012148920070180e+00
2.993567000000000089e+00 1.004007622535459943e+00
2.999605700000000041e+00 1.004004257511676546e+00
3.005648499999999945e+00 1.004002037326595431e+00
3.011687199999999898e+00 1.004000912682277313e+00
3.017729999999999801e+00 1.004000790375760399e+00
3.023768700000000198e+00 1.004001541978594148e+00
3.029811399999999821e+00 1.004003006203882498e+00
3.035854200000000169e+00 1.004004991522245094e+00
3.041892900000000122e+00 1.004007281623483294e+00
3.047935700000000026e+00 1.004009648309668101e+00
3.053974399999999978e+00 1.004011847847712691e+00
3.060017199999999882e+00 1.004013640903336890e+00
3.066055899999999834e+00 1.004014789496320947e+00
3.072098700000000182e+00 1.004015074155197640e+00
3.078137400000000135e+00 1.004014296276795282e+00
3.084180100000000202e+00 1.004012286438288992e+00
3.090222900000000106e+00 1.004008912725467439e+00
3.096261600000000058e+00 1.004004088856934596e+00
3.102304399999999962e+00 1.003997764137794402e+00
3.108343099999999914e+00 1.003989951335062303e+00
3.114385899999999818e+00 1.003980693076528485e+00
3.120424600000000215e+00 1.003970103016136317e+00
3.126467400000000119e+00 1.003958312955980148e+00
3.132510200000000022e+00 1.003945516200978938e+00
3.138548899999999975e+00 1.003931942641855590e+00
3.144591600000000042e+00 1.003917820460191734e+00
3.150630299999999995e+00 1.003903431518898381e+00
3.156673099999999899e+00 1.003889027116306121e+00
3.162711799999999851e+00 1.003874894097014137e+00
3.168754600000000199e+00 1.003861267463652673e+00
3.174797400000000103e+00 1.003848388055570640e+00
3.180836100000000055e+00 1.003836462504915206e+00
3.186878899999999959e+00 1.003825633445728283e+00
3.192917599999999911e+00 1.003816028185770648e+00
3.198960299999999979e+00 1.003807696121044035e+00
3.204998999999999931e+00 1.003800657952413689e+00
3.211041799999999835e+00 1.003794861240694836e+00
3.217080499999999788e+00 1.003790220270214917e+00
3.223123300000000135e+00 1.003786588559128612e+00
3.229166100000000039e+00 1.003783788817182110e+00
3.235204799999999992e+00 1.003781608537354986e+00
3.241247599999999895e+00 1.003779806861304635e+00
3.247286299999999848e+00 1.003778134018108670e+00
3.253328999999999915e+00 1.003776330852448551e+00
3.259367699999999868e+00 1.003774148674661637e+00
3.265410500000000216e+00 1.003771348525530627e+00
3.271453300000000119e+00 1.003767719753164700e+00
3.277492000000000072e+00 1.003763085852228620e+00
3.283534799999999976e+00 1.003757298860682656e+00
3.289573499999999928e+00 1.003750268012587155e+00
3.295616299999999832e+00 1.003741930943695237e+00
3.301654999999999784e+00 1.003732293133830833e+00
3.307697699999999852e+00 1.003721382080362989e+00
3.313736399999999804e+00 1.003709296282676355e+00
3.319779200000000152e+00 1.003696143274100061e+00
3.325822000000000056e+00 1.003682088895134106e+00
3.331860700000000008e+00 1.003667328961337812e+00
3.337903499999999912e+00 1.003652049024041926e+00
3.343942199999999865e+00 1.003636487357056462e+00
3.349985000000000213e+00 1.003620844560675351e+00
3.356023700000000165e+00 1.003605359381672280e+00
3.362066399999999788e+00 1.003590217166154819e+00
3.368109200000000136e+00 1.003575615773713015e+00
3.374147900000000089e+00 1.003561727977257068e+00
3.380190699999999993e+00 1.003548668967936042e+00
3.386229399999999945e+00 1.003536557609977509e+00
3.392272199999999849e+00 1.003525443575345788e+00
3.398310899999999801e+00 1.003515371918948018e+00
3.404353700000000149e+00 1.003506323103900977e+00
3.410392400000000102e+00 1.003498269150008504e+00
3.416435200000000005e+00 1.003491126859922478e+00
3.422477900000000073e+00 1.003484801209650001e+00
3.428516600000000025e+00 1.003479170154325972e+00
3.434559399999999929e+00 1.003474080889365849e+00
3.440598099999999882e+00 1.003469380317617343e+00
3.446640899999999785e+00 1.003464892235126582e+00
3.452679600000000182e+00 1.003460448647568004e+00
3.458722400000000086e+00 1.003455870017550877e+00
3.464765199999999989e+00 1.003450991443419316e+00
3.470803899999999942e+00 1.003445659147146563e+00
3.476846600000000009e+00 1.003439723041340992e+00
3.482885299999999962e+00 1.003433066455561518e+00
3.488928099999999866e+00 1.003425577338274532e+00
3.494966799999999818e+00 1.003417187012388023e+00
3.501009600000000166e+00 1.003407831408284823e+00
3.507052400000000070e+00 1.003397490842031559e+00
3.513091100000000022e+00 1.003386176619270653e+00
3.519133899999999926e+00 1.003373905013530409e+00
3.525172599999999878e+00 1.003360751887578228e+00
3.531215299999999946e+00 1.003346785059897606e+00
3.537253999999999898e+00 1.003332132360921891e+00
3.543296799999999802e+00 1.003316904661670339e+00
3.549335500000000199e+00 1.003301270564509462e+00
3.555378300000000102e+00 1.003285370244557440e+00
3.561421100000000006e+00 1.003269384289200206e+00
3.567459799999999959e+00 1.003253496943398826e+00
3.573502599999999862e+00 1.003237858026661433e+00
3.579541299999999815e+00 1.003222652371623891e+00
3.585583999999999882e+00 1.003208010139655437e+00
3.591622699999999835e+00 1.003194082670993970e+00
3.597665500000000183e+00 1.003180960016718304e+00
3.603708300000000087e+00 1.003168733069675911e+00
3.609747000000000039e+00 1.003157459354585779e+00
3.615789799999999943e+00 1.003147140397541603e+00
3.621828499999999895e+00 1.003137772483837065e+00
3.627871299999999799e+00 1.003129290592806422e+00
3.633910000000000196e+00 1.003121620730195840e+00
3.639952699999999819e+00 1.003114636291857265e+00
3.645991400000000215e+00 1.003108203419432076e+00
3.652034200000000119e+00 1.003102148211708622e+00
3.658077000000000023e+00 1.003096293592063093e+00
3.664115699999999975e+00 1.003090452283961875e+00
3.670158499999999879e+00 1.003084422567168676e+00
3.676197199999999832e+00 1.003078023659928597e+00
3.682240000000000180e+00 1.003071069590164344e+00
3.688278700000000132e+00 1.003063411349175649e+00
3.694321400000000200e+00 1.003054904999517438e+00
3.700364200000000103e+00 1.003045451674227539e+00
3.706402900000000056e+00 1.003034989876848027e+00
3.712445699999999960e+00 1.003023473655250797e+00
3.718484399999999912e+00 1.003010925639018946e+00
3.724527199999999816e+00 1.002997374489640769e+00
3.730565900000000212e+00 1.002982921320848320e+00
3.736608700000000116e+00 1.002967663331301162e+00
3.742651500000000020e+00 1.002951756524292692e+00
3.748690199999999972e+00 1.002935382586757518e+00
3.754732900000000040e+00 1.002918707241827967e+00
3.760771599999999992e+00 1.002901950082152549e+00
3.766814399999999896e+00 1.002885288639280503e+00
3.772853099999999849e+00 1.002868939904529633e+00
3.778895900000000196e+00 1.002853063274674605e+00
3.784934600000000149e+00 1.002837841859254286e+00
3.790977400000000053e+00 1.002823390762646483e+00
3.797020199999999956e+00 1.002809825520728060e+00
3.803058899999999909e+00 1.002797224808836374e+00
3.809101599999999976e+00 1.002785605471586905e+00
3.815140299999999929e+00 1.002774979372501596e+00
3.821183099999999833e+00 1.002765292319810930e+00
3.827221799999999785e+00 1.002756483403895338e+00
3.833264600000000133e+00 1.002748435955451711e+00
3.839307400000000037e+00 1.002741025547810638e+00
3.845346099999999989e+00 1.002734105671850617e+00
3.851388899999999893e+00 1.002727501724891779e+00
3.857427599999999845e+00 1.002721049900029193e+00
3.863470299999999913e+00 1.002714567460393003e+00
3.869508999999999865e+00 1.002707894261763988e+00
3.875551800000000213e+00 1.002700863599439218e+00
3.881590500000000166e+00 1.002693343811130955e+00
3.887633300000000069e+00 1.002685204252140583e+00
3.893676099999999973e+00 1.002676353796444486e+00
3.899714799999999926e+00 1.002666730191332123e+00
3.905757599999999830e+00 1.002656279776012127e+00
3.911796299999999782e+00 1.002645004995837752e+00
3.917838999999999849e+00 1.002632907255488037e+00
3.923877699999999802e+00 1.002620045770728385e+00
3.929920500000000150e+00 1.002606470891219681e+00
3.935963300000000054e+00 1.002592280097868604e+00
3.942002000000000006e+00 1.002577590257385687e+00
3.948044799999999910e+00 1.002562501821172347e+00
3.954083499999999862e+00 1.002547164988499162e+00
3.960126300000000210e+00 1.002531693841829608e+00
3.966165000000000163e+00 1.002516244884321006e+00
3.972207699999999786e+00 1.002500929559666742e+00
3.978246500000000019e+00 1.002485892578968585e+00
3.984289200000000086e+00 1.002471228388349234e+00
3.990331999999999990e+00 1.002457046456287193e+00
3.996370699999999943e+00 1.002443439289473659e+00
4.002413500000000290e+00 1.002430452868428690e+00
4.008452199999999799e+00 1.002418148994602021e+00
4.014495000000000147e+00 1.002406534000338301e+00
4.020533699999999655e+00 1.002395625139874902e+00
4.026576500000000003e+00 1.002385387746519418e+00
4.032619200000000070e+00 1.002375789138312046e+00
4.038657899999999579e+00 1.002366775109794883e+00
4.044700699999999927e+00 1.002358256219186394e+00
4.050739400000000323e+00 1.002350151393673672e+00
4.056782199999999783e+00 1.002342344193508650e+00
4.062820900000000179e+00 1.002334730162728338e+00
4.068863699999999639e+00 1.002327177390423651e+00
4.074902400000000036e+00 1.002319571789077601e+00
4.080932899999999641e+00 1.002311795532589089e+00
4.087004199999999976e+00 1.002303664069151612e+00
4.093034799999999862e+00 1.002295175856685372e+00
4.099065300000000356e+00 1.002286179530064603e+00
4.105095900000000242e+00 1.002276591879686762e+00
4.111167199999999688e+00 1.002266276897042729e+00
4.117197700000000182e+00 1.002255328975833581e+00
4.123228300000000068e+00 1.002243659838041312e+00
4.129258899999999954e+00 1.002231272624171332e+00
4.135330200000000289e+00 1.002218104326558334e+00
4.141360699999999895e+00 1.002204383830568535e+00
4.147391299999999781e+00 1.002190099652458644e+00
4.153421800000000275e+00 1.002175348281373335e+00
4.159493099999999721e+00 1.002160140595205418e+00
4.165523699999999607e+00 1.002144810305225509e+00
4.171554200000000101e+00 1.002129395937463974e+00
4.177584799999999987e+00 1.002114041595926208e+00
4.183656100000000322e+00 1.002098791205003003e+00
4.189686599999999927e+00 1.002083990049358775e+00
4.195717199999999814e+00 1.002069663907237507e+00
4.201747700000000307e+00 1.002055927176060957e+00
4.207818999999999754e+00 1.002042787745646146e+00
4.213849599999999640e+00 1.002030492446849053e+00
4.219880200000000414e+00 1.002018993933956770e+00
4.225910700000000020e+00 1.002008306743133348e+00
4.231982000000000355e+00 1.001998351146746291e+00
4.238012600000000241e+00 1.001989215965517932e+00
4.244043099999999846e+00 1.001980759528198428e+00
4.250073699999999732e+00 1.001972884057684032e+00
4.256145000000000067e+00 1.001965422020461904e+00
4.262175499999999673e+00 1.001958336963450158e+00
4.268206099999999559e+00 1.001951429677437666e+00
4.274277399999999894e+00 1.001944500063158827e+00
4.280307900000000387e+00 1.001937486745104744e+00
4.286338500000000273e+00 1.001930195481596897e+00
4.292368999999999879e+00 1.001922490381485398e+00
4.298440300000000214e+00 1.001914194065353092e+00
4.304470900000000100e+00 1.001905319065639288e+00
4.310501499999999986e+00 1.001895738241761480e+00
4.316531999999999591e+00 1.001885405658168970e+00
4.322603299999999926e+00 1.001874226164929382e+00
4.328633899999999812e+00 1.001862361890356379e+00
4.334664400000000306e+00 1.001849781202843959e+00
4.340695000000000192e+00 1.001836550681853844e+00
4.346766299999999639e+00 1.001822666402116369e+00
4.352796800000000133e+00 1.001808425846369532e+00
4.358827400000000019e+00 1.001793863067108381e+00
4.364857899999999624e+00 1.001779114665009685e+00
4.370929199999999959e+00 1.001764221583336445e+00
4.376959799999999845e+00 1.001749525215960279e+00
4.382990300000000339e+00 1.001735060932939181e+00
4.389020900000000225e+00 1.001720952645926754e+00
4.395092199999999671e+00 1.001707219772801860e+00
4.401122799999999557e+00 1.001694137723919242e+00
4.407153300000000051e+00 1.001681682215659785e+00
4.413183899999999937e+00 1.001669898727101105e+00
4.419255200000000272e+00 1.001658736539817296e+00
4.425285699999999878e+00 1.001648342552442505e+00
4.431316299999999764e+00 1.001638612753876778e+00
4.437346800000000258e+00 1.001629499175592741e+00
4.443418099999999704e+00 1.001620877695489797e+00
4.449448699999999590e+00 1.001612779429392752e+00
4.455479200000000084e+00 1.001605047763898471e+00
4.461509799999999970e+00 1.001597576000407441e+00
4.467581100000000305e+00 1.001590203224247633e+00
4.473611599999999910e+00 1.001582914320675366e+00
4.479642199999999796e+00 1.001575547945033007e+00
4.485672700000000290e+00 1.001567998625881639e+00
4.491743999999999737e+00 1.001560115101264303e+00
4.497774599999999623e+00 1.001551917136117797e+00
4.503805200000000397e+00 1.001543281052340584e+00
4.509876499999999844e+00 1.001534086963394632e+00
4.515907000000000338e+00 1.001524418283146201e+00
4.521937600000000224e+00 1.001514192405109194e+00
4.527968099999999829e+00 1.001503404886404880e+00
4.534039400000000164e+00 1.001491989621017042e+00
4.540070000000000050e+00 1.001480129296915322e+00
4.546100499999999656e+00 1.001467794359969687e+00
4.552131100000000430e+00 1.001455043448295168e+00
4.558202399999999876e+00 1.001441858765322657e+00
4.564232900000000370e+00 1.001428499408215655e+00
4.570263500000000256e+00 1.001414967194211858e+00
4.576293999999999862e+00 1.001401357510738555e+00
4.582365300000000197e+00 1.001387676109639857e+00
4.588395900000000083e+00 1.001374204734600371e+00
4.594426499999999969e+00 1.001360946104348670e+00
4.600456999999999574e+00 1.001347989333405852e+00
4.606528299999999909e+00 1.001335331084489466e+00
4.612558899999999795e+00 1.001323211201858188e+00
4.618589400000000289e+00 1.001311599894083804e+00
4.624620000000000175e+00 1.001300537840638771e+00
4.630691299999999622e+00 1.001289980744249020e+00
4.636721800000000115e+00 1.001280076752926407e+00
4.642752400000000002e+00 1.001270740746469379e+00
4.648782899999999607e+00 1.001261942560459195e+00
4.654854199999999942e+00 1.001253579078042355e+00
4.660884799999999828e+00 1.001245697314884886e+00
4.666915300000000322e+00 1.001238160047489556e+00
4.672945900000000208e+00 1.001230874988235486e+00
4.679017199999999654e+00 1.001223692900400808e+00
4.685047800000000429e+00 1.001216601845684062e+00
4.691078300000000034e+00 1.001209443306400493e+00
4.697108899999999920e+00 1.001202108324345863e+00
4.703180200000000255e+00 1.001194441014897407e+00
4.709210699999999861e+00 1.001186449483751462e+00
4.715241299999999747e+00 1.001178001579749566e+00
4.721271800000000241e+00 1.001169031970735812e+00
4.727343099999999687e+00 1.001159426998305957e+00
4.733373699999999573e+00 1.001149289227933892e+00
4.739404200000000067e+00 1.001138552317385910e+00
4.745475500000000402e+00 1.001127156087902259e+00
4.751506100000000288e+00 1.001115294471821349e+00
4.757536599999999893e+00 1.001102955003483341e+00
4.763567199999999779e+00 1.001090217991275733e+00
4.769638500000000114e+00 1.001077091662249119e+00
4.775669100000000000e+00 1.001063861990714621e+00
4.781699599999999606e+00 1.001050559931174977e+00
4.787730200000000380e+00 1.001037306813216565e+00
4.793801499999999827e+00 1.001024136420834543e+00
4.799832000000000320e+00 1.001011341705588364e+00
4.805862600000000207e+00 1.000998938698787422e+00
4.811893099999999812e+00 1.000987019089634833e+00
4.817964400000000147e+00 1.000975581341689402e+00
4.823995000000000033e+00 1.000964832136975957e+00
4.830025499999999639e+00 1.000954723129797053e+00
4.836056100000000413e+00 1.000945260381752577e+00
4.842127399999999859e+00 1.000936369073650134e+00
4.848157900000000353e+00 1.000928127845000626e+00
4.854188500000000239e+00 1.000920413007170051e+00
4.860218999999999845e+00 1.000913144539283151e+00
4.866290300000000180e+00 1.000906180951950164e+00
4.872320900000000066e+00 1.000899508224472712e+00
4.878351499999999952e+00 1.000892964588472767e+00
4.884381999999999557e+00 1.000886433502410577e+00
4.890453299999999892e+00 1.000879754557142176e+00
4.896483899999999778e+00 1.000872908109430970e+00
4.902514400000000272e+00 1.000865751397891357e+00
4.908545000000000158e+00 1.000858199135199023e+00
4.914616299999999605e+00 1.000850126962636422e+00
4.920646800000000098e+00 1.000841592895220566e+00
4.926677399999999984e+00 1.000832514087788283e+00
4.932707899999999590e+00 1.000822881286375088e+00
4.938779199999999925e+00 1.000812634497259657e+00
4.944809799999999811e+00 1.000801941706232823e+00
4.950840300000000305e+00 1.000790784365446662e+00
4.956870900000000191e+00 1.000779225844896203e+00
4.962942199999999637e+00 1.000767261861215340e+00
4.968972800000000412e+00 1.000755139811516647e+00
4.975003300000000017e+00 1.000742873745146699e+00
4.981074600000000352e+00 1.000730476351539222e+00
4.987105200000000238e+00 1.000718210447355538e+00
4.993135699999999844e+00 1.000706085483782593e+00
4.999166299999999730e+00 1.000694186832748800e+00
5.005237600000000064e+00 1.000682514226334474e+00
5.011268099999999670e+00 1.000671289876219117e+00
5.017298699999999556e+00 1.000660486021524687e+00
5.023329200000000050e+00 1.000650140580670477e+00
5.029400500000000385e+00 1.000640210712553602e+00
5.035431100000000271e+00 1.000630836764863751e+00
5.041461599999999876e+00 1.000621942501572104e+00
5.047492199999999762e+00 1.000613505019990024e+00
5.053563500000000097e+00 1.000605435734079007e+00
5.059594099999999983e+00 1.000597794624323633e+00
5.065624599999999589e+00 1.000590468134846311e+00
5.071655200000000363e+00 1.000583389494636322e+00
5.077726499999999810e+00 1.000576439882884250e+00
5.083757000000000303e+00 1.000569635300669447e+00
5.089787600000000189e+00 1.000562849739537574e+00
5.095818099999999795e+00 1.000556005146323812e+00
5.101889400000000130e+00 1.000548977890463043e+00
5.107920000000000016e+00 1.000541790959594612e+00
5.113950499999999622e+00 1.000534333702631784e+00
5.119981100000000396e+00 1.000526550208509224e+00
5.126052399999999842e+00 1.000518338720372213e+00
5.132082900000000336e+00 1.000509775397083301e+00
5.138113500000000222e+00 1.000500785041841700e+00
5.144143999999999828e+00 1.000491360274874397e+00
5.150215300000000163e+00 1.000481439134713879e+00
5.156245900000000049e+00 1.000471175244310729e+00
5.162276499999999935e+00 1.000460537616073120e+00
5.168307000000000428e+00 1.000449573489030852e+00
5.174378299999999875e+00 1.000438264793152232e+00
5.180408899999999761e+00 1.000426832828767099e+00
5.186439400000000255e+00 1.000415280194671741e+00
5.192470000000000141e+00 1.000403689809159724e+00
5.198541299999999588e+00 1.000392070935967936e+00
5.204571800000000081e+00 1.000380667081029573e+00
5.210602399999999967e+00 1.000369484223643690e+00
5.216673700000000302e+00 1.000358529272065367e+00
5.222704199999999908e+00 1.000348020166438978e+00
5.228734799999999794e+00 1.000337941308878875e+00
5.234765300000000288e+00 1.000328338756232505e+00
5.240836599999999734e+00 1.000319182759325853e+00
5.246867199999999620e+00 1.000310609495416836e+00
5.252897800000000395e+00 1.000302551183091415e+00
5.258928300000000000e+00 1.000294985314173601e+00
5.264999600000000335e+00 1.000287824973133066e+00
5.271030200000000221e+00 1.000281109610568819e+00
5.277060699999999827e+00 1.000274719073305896e+00
5.283091299999999713e+00 1.000268570446289029e+00
5.289162600000000047e+00 1.000262531979170921e+00
5.295193099999999653e+00 1.000256586885413190e+00
5.301223700000000427e+00 1.000250594793968384e+00
5.307254200000000033e+00 1.000244458355806110e+00
5.313325500000000368e+00 1.000238041251985788e+00
5.319356100000000254e+00 1.000231346047788517e+00
5.325386599999999859e+00 1.000224259858790710e+00
5.331417199999999745e+00 1.000216726488650565e+00
5.337488500000000080e+00 1.000208651356892187e+00
5.343519099999999966e+00 1.000200122425878302e+00
5.349549599999999572e+00 1.000191086665634499e+00
5.355580200000000346e+00 1.000181562475561892e+00
5.361651499999999793e+00 1.000171518643572455e+00
5.367682000000000286e+00 1.000161144946233538e+00
5.373712600000000172e+00 1.000150444886565904e+00
5.379743099999999778e+00 1.000139500789520852e+00
5.385814400000000113e+00 1.000128328091934415e+00
5.391844999999999999e+00 1.000117173771150725e+00
5.397875499999999604e+00 1.000106061646205413e+00
5.403906100000000379e+00 1.000095087319260889e+00
5.409977399999999825e+00 1.000084269558953354e+00
5.416007900000000319e+00 1.000073834911197279e+00
5.422038500000000205e+00 1.000063778277142656e+00
5.428069100000000091e+00 1.000054153824477376e+00
5.434140400000000426e+00 1.000044938971505815e+00
5.440170900000000032e+00 1.000036277462512002e+00
5.446201499999999918e+00 1.000028107575749781e+00
5.452272800000000252e+00 1.000020363451951111e+00
5.458303299999999858e+00 1.000013116587468831e+00
5.464333899999999744e+00 1.000006265988191423e+00
5.470364400000000238e+00 9.999997518327813362e-01
5.476435699999999684e+00 9.999934621914499111e-01
5.482466299999999571e+00 9.999874034001077217e-01
