3.577503900000000153e-02 7.344180806328279232e+01 8.569819605060702727e+00 8.569819605060702727e+00
4.190623799999999843e-02 7.221569715641385301e+01 8.497981946110138907e+00 8.497981946110138907e+00
4.803784500000000263e-02 7.082825951849146406e+01 8.415952680385712981e+00 8.415952680385712981e+00
5.416904399999999953e-02 6.929314268206555028e+01 8.324250277476377136e+00 8.324250277476377136e+00
6.030024300000000337e-02 6.762506379892616337e+01 8.223445980787261078e+00 8.223445980787261078e+00
6.643184900000000115e-02 6.583985978640092185e+01 8.114176470006116304e+00 8.114176470006116304e+00
7.256304800000000499e-02 6.395467493581385554e+01 7.997166681757599704e+00 7.997166681757599704e+00
7.869424699999999495e-02 6.198702311006496757e+01 7.873183797553881647e+00 7.873183797553881647e+00
8.482544599999999879e-02 5.995501498362953186e+01 7.743062377614527314e+00 7.743062377614527314e+00
9.095705299999999605e-02 5.787685189641627659e+01 7.607683740562318775e+00 7.607683740562318775e+00
9.708825199999999989e-02 5.577112273773111184e+01 7.468006610718225247e+00 7.468006610718225247e+00
1.032198599999999966e-01 5.365556908985784190e+01 7.324996183607050071e+00 7.324996183607050071e+00
1.093510599999999999e-01 5.154794189956939476e+01 7.179689540611724041e+00 7.179689540611724041e+00
1.154822600000000032e-01 4.946476557618569103e+01 7.033119192519468044e+00 7.033119192519468044e+00
1.216134600000000066e-01 4.742166468313723726e+01 6.886338989850647962e+00 6.886338989850647962e+00
1.277450599999999936e-01 4.543287799853412423e+01 6.740391531545784076e+00 6.740391531545784076e+00
1.338762599999999969e-01 4.351158169593811209e+01 6.596330926806061257e+00 6.596330926806061257e+00
1.400074600000000002e-01 4.166894754759141506e+01 6.455148917537953501e+00 6.455148917537953501e+00
1.461390700000000098e-01 3.991442451955993675e+01 6.317786362291775148e+00 6.317786362291775148e+00
1.522702700000000131e-01 3.825598008476701040e+01 6.185141880730546937e+00 6.185141880730546937e+00
1.584014599999999939e-01 3.669934687466399481e+01 6.057998586551832432e+00 6.057998586551832432e+00
1.645330700000000035e-01 3.524838396690697095e+01 5.937034947421731879e+00 5.937034947421731879e+00
1.706642700000000068e-01 3.390538089503899499e+01 5.822832720853226895e+00 5.822832720853226895e+00
1.767954700000000101e-01 3.267053066474715450e+01 5.715814085915247311e+00 5.715814085915247311e+00
1.829270799999999919e-01 3.154235608427363857e+01 5.616258192451058839e+00 5.616258192451058839e+00
1.890582799999999952e-01 3.051803457079831716e+01 5.524313040623089144e+00 5.524313040623089144e+00
1.951894700000000038e-01 2.959310416701937996e+01 5.439954426924860087e+00 5.439954426924860087e+00
2.013210800000000134e-01 2.876189157366303206e+01 5.363011427702073064e+00 5.363011427702073064e+00
2.074522799999999889e-01 2.801785133448287368e+01 5.293189145919771299e+00 5.293189145919771299e+00
2.135834799999999922e-01 2.735342996197421073e+01 5.230050665335300053e+00 5.230050665335300053e+00
2.197146799999999955e-01 2.676050331067590449e+01 5.173055510109659139e+00 5.173055510109659139e+00
2.258462800000000104e-01 2.623049236257827133e+01 5.121571278677889083e+00 5.121571278677889083e+00
2.319774800000000137e-01 2.575469928679225262e+01 5.074908795908775083e+00 5.074908795908775083e+00
2.381086799999999892e-01 2.532429347988931667e+01 5.032324858342247076e+00 5.032324858342247076e+00
2.442402899999999988e-01 2.493060772098635169e+01 4.993055950115755870e+00 4.993055950115755870e+00
2.503714899999999743e-01 2.456536812646505297e+01 4.956346247636967739e+00 4.956346247636967739e+00
2.565026899999999777e-01 2.422068233721636332e+01 4.921451242998996278e+00 4.921451242998996278e+00
2.626342899999999925e-01 2.388925021288703832e+01 4.887663062536844016e+00 4.887663062536844016e+00
2.687654899999999958e-01 2.356452514586792546e+01 4.854330555892122590e+00 4.854330555892122590e+00
2.748966899999999991e-01 2.324066551981628237e+01 4.820857342819457436e+00 4.820857342819457436e+00
2.810283000000000087e-01 2.291265680705220831e+01 4.786716704281986701e+00 4.786716704281986701e+00
2.871595000000000120e-01 2.257641196974575237e+01 4.751464192198627146e+00 4.751464192198627146e+00
2.932907000000000153e-01 2.222865206101112889e+01 4.714727145976862488e+00 4.714727145976862488e+00
2.994222999999999746e-01 2.186695933695314764e+01 4.676212071426310679e+00 4.676212071426310679e+00
3.055534999999999779e-01 2.148982061014724110e+01 4.635711445953818455e+00 4.635711445953818455e+00
3.116846999999999812e-01 2.109643710357233815e+01 4.593085793186573618e+00 4.593085793186573618e+00
3.178163099999999908e-01 2.068672481716617995e+01 4.548266133062815797e+00 4.548266133062815797e+00
3.239475099999999941e-01 2.026132339655282877e+01 4.501257979337868420e+00 4.501257979337868420e+00
3.300787099999999974e-01 1.982134220587557039e+01 4.452116598414238346e+00 4.452116598414238346e+00
3.362103100000000122e-01 1.936834182535178783e+01 4.400947832609674037e+00 4.400947832609674037e+00
3.423415100000000155e-01 1.890432494117651174e+01 4.347910410895849509e+00 4.347910410895849509e+00
3.484727100000000188e-01 1.843145659596325814e+01 4.293187230480783434e+00 4.293187230480783434e+00
3.546039100000000222e-01 1.795208181878489029e+01 4.236989711904536549e+00 4.236989711904536549e+00
3.607355199999999762e-01 1.746856964092004816e+01 4.179541797963031158e+00 4.179541797963031158e+00
3.668667099999999848e-01 1.698335725646029815e+01 4.121086902318404022e+00 4.121086902318404022e+00
3.729979099999999881e-01 1.649867683495239845e+01 4.061856328694110729e+00 4.061856328694110729e+00
3.791295199999999976e-01 1.601659384312932843e+01 4.002073692865903531e+00 4.002073692865903531e+00
3.852607200000000010e-01 1.553905028773887764e+01 3.941960208796998710e+00 3.941960208796998710e+00
3.913919200000000043e-01 1.506763577494301032e+01 3.881705266367220020e+00 3.881705266367220020e+00
3.975235200000000191e-01 1.460366467747503805e+01 3.821474149785006436e+00 3.821474149785006436e+00
4.036547200000000224e-01 1.414825574083256932e+01 3.761416719911869766e+00 3.761416719911869766e+00
4.097842899999999955e-01 1.370227149961456981e+01 3.701657939304301870e+00 3.701657939304301870e+00
4.159167100000000228e-01 1.326589703684447485e+01 3.642237916013240540e+00 3.642237916013240540e+00
4.220491399999999893e-01 1.283960610777250722e+01 3.583239610711584255e+00 3.583239610711584255e+00
4.281815600000000166e-01 1.242345263827766644e+01 3.524691850116498770e+00 3.524691850116498770e+00
4.343099000000000265e-01 1.201757964620489361e+01 3.466638089879717111e+00 3.466638089879717111e+00
4.404423299999999930e-01 1.162118696046973909e+01 3.408986207139849789e+00 3.408986207139849789e+00
4.465747500000000203e-01 1.123419482315842899e+01 3.351745041490839405e+00 3.351745041490839405e+00
4.527071699999999921e-01 1.085619253861666955e+01 3.294873675669018454e+00 3.294873675669018454e+00
4.588355199999999967e-01 1.048699441867516313e+01 3.238362922631613294e+00 3.238362922631613294e+00
4.649679400000000240e-01 1.012569749076274661e+01 3.182090113551585997e+00 3.182090113551585997e+00
4.711003599999999958e-01 9.772180588788140554e+00 3.126048718236511981e+00 3.126048718236511981e+00
4.772287100000000004e-01 9.426367924319892566e+00 3.070239066313874776e+00 3.070239066313874776e+00
4.833611300000000277e-01 9.087579460765045525e+00 3.014561238516319186e+00 3.014561238516319186e+00
4.894935499999999995e-01 8.755918233070747903e+00 2.959040086425114513e+00 2.959040086425114513e+00
4.956259700000000268e-01 8.431350125513342064e+00 2.903678722846820381e+00 2.903678722846820381e+00
5.017543199999999759e-01 8.114141483009550626e+00 2.848533216062180795e+00 2.848533216062180795e+00
5.078867400000000032e-01 7.804013081964153997e+00 2.793566373287764470e+00 2.793566373287764470e+00
5.140191600000000305e-01 7.501391790516519720e+00 2.738866880758632050e+00 2.738866880758632050e+00
5.201515799999999468e-01 7.206547161106943378e+00 2.684501287223931332e+00 2.684501287223931332e+00
5.262799299999999514e-01 6.919973773102851666e+00 2.630584302603292457e+00 2.630584302603292457e+00
5.324123499999999787e-01 6.641615748344762871e+00 2.577133242256745227e+00 2.577133242256745227e+00
5.385447700000000060e-01 6.371989303787696457e+00 2.524279957490392245e+00 2.524279957490392245e+00
5.446771900000000333e-01 6.111396962414327838e+00 2.472123977961932173e+00 2.472123977961932173e+00
5.508055400000000379e-01 5.860267030382422249e+00 2.420798841370844112e+00 2.420798841370844112e+00
5.569379599999999542e-01 5.618477841557045771e+00 2.370332854591743921e+00 2.370332854591743921e+00
5.630703799999999815e-01 5.386346814457719567e+00 2.320850450687790278e+00 2.320850450687790278e+00
5.691987299999999861e-01 5.164092792033844859e+00 2.272464035366422497e+00 2.272464035366422497e+00
5.753311500000000134e-01 4.951416955131428210e+00 2.225177960328438065e+00 2.225177960328438065e+00
5.814635700000000407e-01 4.748386874651090217e+00 2.179079364009280262e+00 2.179079364009280262e+00
5.875959899999999569e-01 4.554841347954417863e+00 2.134207428521046612e+00 2.134207428521046612e+00
5.937243399999999616e-01 4.370665316690228508e+00 2.090613622047419184e+00 2.090613622047419184e+00
5.998567599999999889e-01 4.195314181626391026e+00 2.048246611525670335e+00 2.048246611525670335e+00
6.059891800000000162e-01 4.028556893041256970e+00 2.007126526415626167e+00 2.007126526415626167e+00
6.121216000000000435e-01 3.869991816339473978e+00 1.967229477295283413e+00 1.967229477295283413e+00
6.182499500000000481e-01 3.719281765303764864e+00 1.928543949539072599e+00 1.928543949539072599e+00
6.243823699999999643e-01 3.575771328790803505e+00 1.890971001573213739e+00 1.890971001573213739e+00
6.305147899999999916e-01 3.439099316217204105e+00 1.854480875128456052e+00 1.854480875128456052e+00
6.366472100000000189e-01 3.308805331479372835e+00 1.819012185632458367e+00 1.819012185632458367e+00
6.427755600000000236e-01 3.184523733757072872e+00 1.784523391204798193e+00 1.784523391204798193e+00
6.489079800000000509e-01 3.065666714335273380e+00 1.750904541754139565e+00 1.750904541754139565e+00
6.550403999999999671e-01 2.951926672374370675e+00 1.718117188195953826e+00 1.718117188195953826e+00
6.611687499999999718e-01 2.843018976623726601e+00 1.686125433241467464e+00 1.686125433241467464e+00
6.673011699999999990e-01 2.738484016733645721e+00 1.654836552875735167e+00 1.654836552875735167e+00
6.734335900000000263e-01 2.638122627283420396e+00 1.624229856665435179e+00 1.624229856665435179e+00
6.795660199999999929e-01 2.541703612844542715e+00 1.594272126346234053e+00 1.594272126346234053e+00
6.856943599999999472e-01 2.449096858944221911e+00 1.564959059830071775e+00 1.564959059830071775e+00
6.918267799999999745e-01 2.360024955601304875e+00 1.536237271908641455e+00 1.536237271908641455e+00
6.979592100000000521e-01 2.274428933349660564e+00 1.508120994267257320e+00 1.508120994267257320e+00
7.040916299999999683e-01 2.192214236037012043e+00 1.480612790717752869e+00 1.480612790717752869e+00
7.102199700000000337e-01 2.113358151295848586e+00 1.453739368420573719e+00 1.453739368420573719e+00
7.163523899999999500e-01 2.037696295227330090e+00 1.427478999925158254e+00 1.427478999925158254e+00
7.224848200000000276e-01 1.965231066424497852e+00 1.401866993128983552e+00 1.401866993128983552e+00
7.286131599999999819e-01 1.895959168914699067e+00 1.376938331558352324e+00 1.376938331558352324e+00
7.347455800000000092e-01 1.829736839449418229e+00 1.352677655411450353e+00 1.352677655411450353e+00
7.408780099999999758e-01 1.766552401066575850e+00 1.329117150994063357e+00 1.329117150994063357e+00
7.470104300000000030e-01 1.706336485665970848e+00 1.306268152281900630e+00 1.306268152281900630e+00
7.531387699999999574e-01 1.649043295138167053e+00 1.284150807007559791e+00 1.284150807007559791e+00
7.592712000000000350e-01 1.594498898117958197e+00 1.262734690312243835e+00 1.262734690312243835e+00
7.654036199999999512e-01 1.542629917612158286e+00 1.242026536597410358e+00 1.242026536597410358e+00
7.715360399999999785e-01 1.493309264290072269e+00 1.222010337227174226e+00 1.222010337227174226e+00
7.776643899999999832e-01 1.446427558577818795e+00 1.202675167523558297e+00 1.202675167523558297e+00
7.837968100000000105e-01 1.401772484896664617e+00 1.183964731272289406e+00 1.183964731272289406e+00
7.899292300000000377e-01 1.359218422696982564e+00 1.165855232306731271e+00 1.165855232306731271e+00
7.960616499999999540e-01 1.318603805904011717e+00 1.148304753061665018e+00 1.148304753061665018e+00
8.021899999999999586e-01 1.279791876856880561e+00 1.131278867855702641e+00 1.131278867855702641e+00
8.083224199999999859e-01 1.242572426116982154e+00 1.114707327560459760e+00 1.114707327560459760e+00
8.144548400000000132e-01 1.206819792295175553e+00 1.098553499969471492e+00 1.098553499969471492e+00
8.205831900000000179e-01 1.172414336059862450e+00 1.082780834730584951e+00 1.082780834730584951e+00
8.267156100000000452e-01 1.139181020257660437e+00 1.067324233894115348e+00 1.067324233894115348e+00
8.328480299999999614e-01 1.107028558244636862e+00 1.052154246412871252e+00 1.052154246412871252e+00
8.389804499999999887e-01 1.075858781211430415e+00 1.037236126063602937e+00 1.037236126063602937e+00
8.451087999999999933e-01 1.045610567573766136e+00 1.022551009766146546e+00 1.022551009766146546e+00
8.512412200000000206e-01 1.016180238325574026e+00 1.008057656250660017e+00 1.008057656250660017e+00
8.573736400000000479e-01 9.875415016454474060e-01 9.937512272422346360e-01 9.937512272422346360e-01
8.635060599999999642e-01 9.596634091508436937e-01 9.796241162562524529e-01 9.796241162562524529e-01
8.696344099999999688e-01 9.325468082291106242e-01 9.656846318695926357e-01 9.656846318695926357e-01
8.757668299999999961e-01 9.061506623901605106e-01 9.519194621343554097e-01 9.519194621343554097e-01
8.818992500000000234e-01 8.804976413720086992e-01 9.383483582188486549e-01 9.383483582188486549e-01
8.880316700000000507e-01 8.555989424329613069e-01 9.249859147213871369e-01 9.249859147213871369e-01
8.941600200000000553e-01 8.314855715391453739e-01 9.118583067226757599e-01 9.118583067226757599e-01
9.002924399999999716e-01 8.081421223289317890e-01 8.989672532016568240e-01 8.989672532016568240e-01
9.064248599999999989e-01 7.856003795871371320e-01 8.863410063779838532e-01 8.863410063779838532e-01
9.125532100000000035e-01 7.638866618129968034e-01 8.740060994140698147e-01 8.740060994140698147e-01
9.186856300000000308e-01 7.429790862462563039e-01 8.619623461881942283e-01 8.619623461881942283e-01
9.248180499999999471e-01 7.228926569232261290e-01 8.502309432873083050e-01 8.502309432873083050e-01
9.309504699999999744e-01 7.036200531510622413e-01 8.388206322874171006e-01 8.388206322874171006e-01
9.370788199999999790e-01 6.851578213297608855e-01 8.277426057233980838e-01 8.277426057233980838e-01
9.432112400000000063e-01 6.674578382831134471e-01 8.169809289592465662e-01 8.169809289592465662e-01
9.493436600000000336e-01 6.505012731222528100e-01 8.065365913101852913e-01 8.065365913101852913e-01
9.554760799999999499e-01 6.342498440671910931e-01 7.963980437364164278e-01 7.963980437364164278e-01
9.616044299999999545e-01 6.186696344638636935e-01 7.865555507806576419e-01 7.865555507806576419e-01
9.677368499999999818e-01 6.036915648848910632e-01 7.769759101058996142e-01 7.769759101058996142e-01
9.738692700000000091e-01 5.892750218720463895e-01 7.676425091616841945e-01 7.676425091616841945e-01
9.799976200000000137e-01 5.753768251835917891e-01 7.585359748776532296e-01 7.585359748776532296e-01
9.861300400000000410e-01 5.619269035989081784e-01 7.496178383675965451e-01 7.496178383675965451e-01
9.922624599999999573e-01 5.488852388049301201e-01 7.408678956500478474e-01 7.408678956500478474e-01
9.983948900000000348e-01 5.362060904180711018e-01 7.322609442118780398e-01 7.322609442118780398e-01
1.004523199999999949e+00 5.238569019841603502e-01 7.237795948934733214e-01 7.237795948934733214e-01
1.010655700000000046e+00 5.117860916684526806e-01 7.153922641938845750e-01 7.153922641938845750e-01
1.016788100000000084e+00 4.999741373263427713e-01 7.070884932781347221e-01 7.070884932781347221e-01
1.022920499999999899e+00 4.883995409687987843e-01 6.988558799701114488e-01 6.988558799701114488e-01
1.029048799999999986e+00 4.770555170689337876e-01 6.906920566134620021e-01 6.906920566134620021e-01
1.035181300000000082e+00 4.659191260062376938e-01 6.825826880358435433e-01 6.825826880358435433e-01
1.041313699999999898e+00 4.549969644143396219e-01 6.745346280320526633e-01 6.745346280320526633e-01
1.047446099999999936e+00 4.442927695180713399e-01 6.665529007648764992e-01 6.665529007648764992e-01
1.053574500000000080e+00 4.338215653912388392e-01 6.586513230771186000e-01 6.586513230771186000e-01
1.059706899999999896e+00 4.235811416114398376e-01 6.508311160442775689e-01 6.508311160442775689e-01
1.065839299999999934e+00 4.135918475294130814e-01 6.431110693569292991e-01 6.431110693569292991e-01
1.071967600000000020e+00 4.038742656427545263e-01 6.355110271606264627e-01 6.355110271606264627e-01
1.078100099999999895e+00 3.944289391465772288e-01 6.280357785561083706e-01 6.280357785561083706e-01
1.084232499999999932e+00 3.852749010665647011e-01 6.207051643627308213e-01 6.207051643627308213e-01
1.090364899999999970e+00 3.764215958266737827e-01 6.135320658504115343e-01 6.135320658504115343e-01
1.096493299999999893e+00 3.678807884570663989e-01 6.065317703608495981e-01 6.065317703608495981e-01
1.102625699999999931e+00 3.596437463870778006e-01 5.997030485057398552e-01 5.997030485057398552e-01
1.108758099999999969e+00 3.517143525277764970e-01 5.930551007518412021e-01 5.930551007518412021e-01
1.114890500000000007e+00 3.440865000052657496e-01 5.865888679520484539e-01 5.865888679520484539e-01
1.121018899999999929e+00 3.367545855385003506e-01 5.803055966803183363e-01 5.803055966803183363e-01
1.127151299999999967e+00 3.296948964416804850e-01 5.741906446831752664e-01 5.741906446831752664e-01
1.133283700000000005e+00 3.228948312422610378e-01 5.682383577709806399e-01 5.682383577709806399e-01
1.139416100000000043e+00 3.163342502169636528e-01 5.624359965515752791e-01 5.624359965515752791e-01
1.145544499999999966e+00 3.099952123538948223e-01 5.567721368332783083e-01 5.567721368332783083e-01
1.151676900000000003e+00 3.038464260109060566e-01 5.512226646382621942e-01 5.512226646382621942e-01
1.157809300000000041e+00 2.978689322378720861e-01 5.457737005736645886e-01 5.457737005736645886e-01
1.163937699999999964e+00 2.920440511395464012e-01 5.404110020526473601e-01 5.404110020526473601e-01
1.170070100000000002e+00 2.863432820836001036e-01 5.351105325851848171e-01 5.351105325851848171e-01
1.176202500000000040e+00 2.807518014001528783e-01 5.298601715548667546e-01 5.298601715548667546e-01
1.182334900000000077e+00 2.752537547877039192e-01 5.246463139942030285e-01 5.246463139942030285e-01
1.188463300000000000e+00 2.698400450420785912e-01 5.194613027378253145e-01 5.194613027378253145e-01
1.194595700000000038e+00 2.644945151984435805e-01 5.142903024542108126e-01 5.142903024542108126e-01
1.200728100000000076e+00 2.592152340071844918e-01 5.091318434425257111e-01 5.091318434425257111e-01
1.206860499999999892e+00 2.540002409818917228e-01 5.039843658109760538e-01 5.039843658109760538e-01
1.212988900000000037e+00 2.488542051878678552e-01 4.988528893249670748e-01 4.988528893249670748e-01
1.219121300000000074e+00 2.437746520783059256e-01 4.937354069522520428e-01 4.937354069522520428e-01
1.225253699999999890e+00 2.387716226468238057e-01 4.886426328584355105e-01 4.886426328584355105e-01
1.231382100000000035e+00 2.338567827212218730e-01 4.835874095975016829e-01 4.835874095975016829e-01
1.237514500000000073e+00 2.290333781531283530e-01 4.785743183175715787e-01 4.785743183175715787e-01
1.243646900000000111e+00 2.243148185464703681e-01 4.736188536644950209e-01 4.736188536644950209e-01
1.249779299999999926e+00 2.197111171180241573e-01 4.687335246363589780e-01 4.687335246363589780e-01
1.255907700000000071e+00 2.152343798728990898e-01 4.639335942491113474e-01 4.639335942491113474e-01
1.262040100000000109e+00 2.108866388103894651e-01 4.592239527838127278e-01 4.592239527838127278e-01
1.268172499999999925e+00 2.066769233211902257e-01 4.546173372422022130e-01 4.546173372422022130e-01
1.274305000000000021e+00 2.026090614496704467e-01 4.501211630768658378e-01 4.501211630768658378e-01
1.280433300000000107e+00 1.986872470279920921e-01 4.457434767082880112e-01 4.457434767082880112e-01
1.286565699999999923e+00 1.949051376932084412e-01 4.414806198387517533e-01 4.414806198387517533e-01
1.292698099999999961e+00 1.912618877063907985e-01 4.373349834010432646e-01 4.373349834010432646e-01
1.298830600000000057e+00 1.877515791904550424e-01 4.333031031396556432e-01 4.333031031396556432e-01
1.304958899999999922e+00 1.843686017219634266e-01 4.293816504253103461e-01 4.293816504253103461e-01
1.311091299999999960e+00 1.810986931317027093e-01 4.255569211418170905e-01 4.255569211418170905e-01
1.317223800000000056e+00 1.779331153103949625e-01 4.218211887878499655e-01 4.218211887878499655e-01
1.323352099999999920e+00 1.748621731584327488e-01 4.181652462345869514e-01 4.181652462345869514e-01
1.329484499999999958e+00 1.718695561001550298e-01 4.145715331521871994e-01 4.145715331521871994e-01
1.335616899999999996e+00 1.689453629702948878e-01 4.110296375813973779e-01 4.110296375813973779e-01
1.341749400000000092e+00 1.660782107142187436e-01 4.075269447707951520e-01 4.075269447707951520e-01
1.347877699999999956e+00 1.632598084524836402e-01 4.040542147441152920e-01 4.040542147441152920e-01
1.354010099999999994e+00 1.604775327373458294e-01 4.005964711993177940e-01 4.005964711993177940e-01
1.360142600000000090e+00 1.577261605530085320e-01 3.971475299595964015e-01 3.971475299595964015e-01
1.366274999999999906e+00 1.550006284188377437e-01 3.937011917925036242e-01 3.937011917925036242e-01
1.372403299999999993e+00 1.522995586832019133e-01 3.902557606022003522e-01 3.902557606022003522e-01
1.378535700000000030e+00 1.496182214189995807e-01 3.868051465777046505e-01 3.868051465777046505e-01
1.384668199999999905e+00 1.469591880208009627e-01 3.833525636027506067e-01 3.833525636027506067e-01
1.390800599999999942e+00 1.443250755085934145e-01 3.799014023514435956e-01 3.799014023514435956e-01
1.396928900000000029e+00 1.417215694143293958e-01 3.764592533254155216e-01 3.764592533254155216e-01
1.403061399999999903e+00 1.391502846892428980e-01 3.730285306638660980e-01 3.730285306638660980e-01
1.409193799999999941e+00 1.366189809893454121e-01 3.696200494958916671e-01 3.696200494958916671e-01
1.415322100000000027e+00 1.341355777415842443e-01 3.662452426197291278e-01 3.662452426197291278e-01
1.421454500000000065e+00 1.317030678398822541e-01 3.629091729894440843e-01 3.629091729894440843e-01
1.427586999999999939e+00 1.293290370088806818e-01 3.596234655982291084e-01 3.596234655982291084e-01
1.433719399999999977e+00 1.270187936767636361e-01 3.563969608130288513e-01 3.563969608130288513e-01
1.439847700000000064e+00 1.247779963529680736e-01 3.532392905000349415e-01 3.532392905000349415e-01
1.445980199999999938e+00 1.226065915188340877e-01 3.501522404880969552e-01 3.501522404880969552e-01
1.452112599999999976e+00 1.205077509420069692e-01 3.471422632610540737e-01 3.471422632610540737e-01
1.458245000000000013e+00 1.184815280428386935e-01 3.442114583258940597e-01 3.442114583258940597e-01
1.464373300000000100e+00 1.165277980459975549e-01 3.413616821583780880e-01 3.413616821583780880e-01
1.470505799999999974e+00 1.146410782085573316e-01 3.385868842831294967e-01 3.385868842831294967e-01
1.476638200000000012e+00 1.128186250673722107e-01 3.358848389960050196e-01 3.358848389960050196e-01
1.482766500000000098e+00 1.110563321995895053e-01 3.332511548360928000e-01 3.332511548360928000e-01
1.488898999999999972e+00 1.093457267477559308e-01 3.306746539239981408e-01 3.306746539239981408e-01
1.495031400000000010e+00 1.076813968949752870e-01 3.281484372886381284e-01 3.281484372886381284e-01
1.501163800000000048e+00 1.060563742624005407e-01 3.256629764993259624e-01 3.256629764993259624e-01
1.507292099999999913e+00 1.044648057106748046e-01 3.232101571898303161e-01 3.232101571898303161e-01
1.513424600000000009e+00 1.028979586117370199e-01 3.207771167208425256e-01 3.207771167208425256e-01
1.519557000000000047e+00 1.013509766570093451e-01 3.183566815020683061e-01 3.183566815020683061e-01
1.525689400000000084e+00 9.981868655299218351e-02 3.159409542192847531e-01 3.159409542192847531e-01
1.531817800000000007e+00 9.829795370247004782e-02 3.135250447770800419e-01 3.135250447770800419e-01
1.537950200000000045e+00 9.678382658080952883e-02 3.111009909672573515e-01 3.111009909672573515e-01
1.544082600000000083e+00 9.527556348513786799e-02 3.086673994530971799e-01 3.086673994530971799e-01
1.550214999999999899e+00 9.377267093530186615e-02 3.062232370923242963e-01 3.062232370923242963e-01
1.556343400000000043e+00 9.227682601784660543e-02 3.037710091793596745e-01 3.037710091793596745e-01
1.562475800000000081e+00 9.078787102316332458e-02 3.013102570825682003e-01 3.013102570825682003e-01
1.568608199999999897e+00 8.930952065639174986e-02 2.988469853560375977e-01 2.988469853560375977e-01
1.574736600000000042e+00 8.784620846463860044e-02 2.963886105514829117e-01 2.963886105514829117e-01
1.580869000000000080e+00 8.640003069574474226e-02 2.939388213484988577e-01 2.939388213484988577e-01
1.587001399999999895e+00 8.497624014930676983e-02 2.915068440865613009e-01 2.915068440865613009e-01
1.593133799999999933e+00 8.357916714495866595e-02 2.891006176834609587e-01 2.891006176834609587e-01
1.599262200000000078e+00 8.221381970188586241e-02 2.867295235965174327e-01 2.867295235965174327e-01
1.605394599999999894e+00 8.088211651883943365e-02 2.843978138432843861e-01 2.843978138432843861e-01
1.611526999999999932e+00 7.958804342122649533e-02 2.821135293126270649e-01 2.821135293126270649e-01
1.617659399999999970e+00 7.833390799353308342e-02 2.798819536760687177e-01 2.798819536760687177e-01
1.623787799999999892e+00 7.712190429282936299e-02 2.777083079290739720e-01 2.777083079290739720e-01
1.629920199999999930e+00 7.595090897006478992e-02 2.755919247185316112e-01 2.755919247185316112e-01
1.636052599999999968e+00 7.482121045770638579e-02 2.735346604321038932e-01 2.735346604321038932e-01
1.642180999999999891e+00 7.373204617174425324e-02 2.715364545908048877e-01 2.715364545908048877e-01
1.648313399999999929e+00 7.267966667948493054e-02 2.695916665616445163e-01 2.695916665616445163e-01
1.654445799999999966e+00 7.166171577286715999e-02 2.676970597015723152e-01 2.676970597015723152e-01
1.660578200000000004e+00 7.067451296466381594e-02 2.658467847551739816e-01 2.658467847551739816e-01
1.666706599999999927e+00 6.971457193233755734e-02 2.640351717713713131e-01 2.640351717713713131e-01
1.672838999999999965e+00 6.877630415582018653e-02 2.622523673026044833e-01 2.622523673026044833e-01
1.678971400000000003e+00 6.785597201243208365e-02 2.604917887620108452e-01 2.604917887620108452e-01
1.685103800000000041e+00 6.694936287695135713e-02 2.587457494857671181e-01 2.587457494857671181e-01
1.691232199999999963e+00 6.605318780775307208e-02 2.570081473567580876e-01 2.570081473567580876e-01
1.697364600000000001e+00 6.516290825711107404e-02 2.552702651252414801e-01 2.552702651252414801e-01
1.703497000000000039e+00 6.427637351299711477e-02 2.535278554971763243e-01 2.535278554971763243e-01
1.709629499999999913e+00 6.339155985317754260e-02 2.517768056298624879e-01 2.517768056298624879e-01
1.715757800000000000e+00 6.250786604306987626e-02 2.500157315911738509e-01 2.500157315911738509e-01
1.721890200000000037e+00 6.162368099818159306e-02 2.482411750660667438e-01 2.482411750660667438e-01
1.728022600000000075e+00 6.073996777383001283e-02 2.464547986423271386e-01 2.464547986423271386e-01
1.734150999999999998e+00 5.985840103061913775e-02 2.446597658598960168e-01 2.446597658598960168e-01
1.740283400000000036e+00 5.897956560502674167e-02 2.428570888506793035e-01 2.428570888506793035e-01
1.746415800000000074e+00 5.810629075789116443e-02 2.410524647413735955e-01 2.410524647413735955e-01
1.752548299999999948e+00 5.724119106653152711e-02 2.392513136150594411e-01 2.392513136150594411e-01
1.758676600000000034e+00 5.638771005469921799e-02 2.374609653284076582e-01 2.374609653284076582e-01
1.764809000000000072e+00 5.554759715127324110e-02 2.356853774659625478e-01 2.356853774659625478e-01
1.770941400000000110e+00 5.472423398105470682e-02 2.339321140439138413e-01 2.339321140439138413e-01
1.777073899999999984e+00 5.392016405245099453e-02 2.322071576253647573e-01 2.322071576253647573e-01
1.783202200000000071e+00 5.313810283831595094e-02 2.305170337270457670e-01 2.305170337270457670e-01
1.789334600000000108e+00 5.237867074118614241e-02 2.288638694534070317e-01 2.288638694534070317e-01
1.795467099999999983e+00 5.164349289047800995e-02 2.272520470545381366e-01 2.272520470545381366e-01
1.801599500000000020e+00 5.093307318763613117e-02 2.256835687143309288e-01 2.256835687143309288e-01
1.807727800000000107e+00 5.024768450841857192e-02 2.241599529541764002e-01 2.241599529541764002e-01
1.813860299999999981e+00 4.958560266332402711e-02 2.226782491922460472e-01 2.226782491922460472e-01
1.819992700000000019e+00 4.894593198748006108e-02 2.212372753120053770e-01 2.212372753120053770e-01
1.826121000000000105e+00 4.832717043623965120e-02 2.198344159503685391e-01 2.198344159503685391e-01
1.832253399999999921e+00 4.772617422818115768e-02 2.184632102395759334e-01 2.184632102395759334e-01
1.838385900000000017e+00 4.714073328660692286e-02 2.171191683997682476e-01 2.171191683997682476e-01
1.844518300000000055e+00 4.656806786043315299e-02 2.157963573845331495e-01 2.157963573845331495e-01
1.850646599999999919e+00 4.600569777020233758e-02 2.144893884792493377e-01 2.144893884792493377e-01
1.856779100000000016e+00 4.545010504523163547e-02 2.131903024183596229e-01 2.131903024183596229e-01
1.862911500000000053e+00 4.489913898027932809e-02 2.118941692927847620e-01 2.118941692927847620e-01
1.869043900000000091e+00 4.435056317164069034e-02 2.105957339825303420e-01 2.105957339825303420e-01
1.875172199999999956e+00 4.380292993427641751e-02 2.092914951312556671e-01 2.092914951312556671e-01
1.881304700000000052e+00 4.325416692909955785e-02 2.079763614671137628e-01 2.079763614671137628e-01
1.887437100000000090e+00 4.270385453562720174e-02 2.066491096898972757e-01 2.066491096898972757e-01
1.893569499999999906e+00 4.215172532024338836e-02 2.053088534872361259e-01 2.053088534872361259e-01
1.899697900000000050e+00 4.159841843430014952e-02 2.039569033749535631e-01 2.039569033749535631e-01
1.905830300000000088e+00 4.104398963485737101e-02 2.025931628531855710e-01 2.025931628531855710e-01
1.911962699999999904e+00 4.049002022085362862e-02 2.012213214866993838e-01 2.012213214866993838e-01
1.918090999999999990e+00 3.993846222937194601e-02 1.998460963576020044e-01 1.998460963576020044e-01
1.924223500000000087e+00 3.939042079568846888e-02 1.984702012789034964e-01 1.984702012789034964e-01
1.930355899999999902e+00 3.884830063344237722e-02 1.970997225605413683e-01 1.970997225605413683e-01
1.936488299999999940e+00 3.831416320044337548e-02 1.957400398499075100e-01 1.957400398499075100e-01
1.942616700000000085e+00 3.779036048872787962e-02 1.943974292235570722e-01 1.943974292235570722e-01
1.948749099999999901e+00 3.727806043864665547e-02 1.930752714322749586e-01 1.930752714322749586e-01
1.954881499999999939e+00 3.677920625640814650e-02 1.917790558335506768e-01 1.917790558335506768e-01
1.961013899999999976e+00 3.629506195979873007e-02 1.905126293971051432e-01 1.905126293971051432e-01
1.967142299999999899e+00 3.582679771965485011e-02 1.892796812118375527e-01 1.892796812118375527e-01
1.973274699999999937e+00 3.537423811947874863e-02 1.880804033371864803e-01 1.880804033371864803e-01
1.979407099999999975e+00 3.493767924244142731e-02 1.869162358984404193e-01 1.869162358984404193e-01
1.985535499999999898e+00 3.451693063440249704e-02 1.857873263557083821e-01 1.857873263557083821e-01
1.991667899999999936e+00 3.411056528285486694e-02 1.846904580178815591e-01 1.846904580178815591e-01
1.997800299999999973e+00 3.371761367513131241e-02 1.836235651411095848e-01 1.836235651411095848e-01
2.003932700000000011e+00 3.333652000498809470e-02 1.825829126862316687e-01 1.825829126862316687e-01
2.010061100000000156e+00 3.296573883691399087e-02 1.815646960092021645e-01 1.815646960092021645e-01
2.016193499999999972e+00 3.260286122175461848e-02 1.805626240996586196e-01 1.805626240996586196e-01
2.022325899999999788e+00 3.224615706929464393e-02 1.795721500380686730e-01 1.795721500380686730e-01
2.028458300000000047e+00 3.189369449471201462e-02 1.785880580965928388e-01 1.785880580965928388e-01
2.034586700000000192e+00 3.154390105706632308e-02 1.776060276484622003e-01 1.776060276484622003e-01
2.040719100000000008e+00 3.119473196225918538e-02 1.766203045016602469e-01 1.766203045016602469e-01
2.046851499999999824e+00 3.084510593075713222e-02 1.756277481799420337e-01 1.756277481799420337e-01
2.052983900000000084e+00 3.049404405851767474e-02 1.746254393223326262e-01 1.746254393223326262e-01
2.059112299999999784e+00 3.014116475176898541e-02 1.736121100377764070e-01 1.736121100377764070e-01
2.065244700000000044e+00 2.978577717259292545e-02 1.725855647862616638e-01 1.725855647862616638e-01
2.071377099999999860e+00 2.942826009980566496e-02 1.715466703256162406e-01 1.715466703256162406e-01
2.077505500000000005e+00 2.906935558864665384e-02 1.704973770726302129e-01 1.704973770726302129e-01
2.083637899999999821e+00 2.870942193150131244e-02 1.694385491306547864e-01 1.694385491306547864e-01
2.089770300000000081e+00 2.834978696883657182e-02 1.683739497928244677e-01 1.683739497928244677e-01
2.095902699999999896e+00 2.799174679910981095e-02 1.673073423347278266e-01 1.673073423347278266e-01
2.102031100000000041e+00 2.763695671896907943e-02 1.662436667033336257e-01 1.662436667033336257e-01
2.108163499999999857e+00 2.728642911072779245e-02 1.651860439344915998e-01 1.651860439344915998e-01
2.114295900000000117e+00 2.694184612399921561e-02 1.641397152550205241e-01 1.641397152550205241e-01
2.120428400000000213e+00 2.660454991149631410e-02 1.631090123552230708e-01 1.631090123552230708e-01
2.126556700000000077e+00 2.627594592145467145e-02 1.620985685361060469e-01 1.620985685361060469e-01
2.132689099999999893e+00 2.595653812279315187e-02 1.611103290381878383e-01 1.611103290381878383e-01
2.138821500000000153e+00 2.564722582465634934e-02 1.601475127020596245e-01 1.601475127020596245e-01
2.144949899999999854e+00 2.534857293661850128e-02 1.592123517087116746e-01 1.592123517087116746e-01
2.151082300000000114e+00 2.506024300950593711e-02 1.583042735036105653e-01 1.583042735036105653e-01
2.157214699999999930e+00 2.478217001734307409e-02 1.574235370500328690e-01 1.574235370500328690e-01
2.163347200000000026e+00 2.451378418867838915e-02 1.565687842089807935e-01 1.565687842089807935e-01
2.169475499999999890e+00 2.425442989201511204e-02 1.557383379005153889e-01 1.557383379005153889e-01
2.175607900000000150e+00 2.400269551478647484e-02 1.549280333406013177e-01 1.549280333406013177e-01
2.181740299999999966e+00 2.375752536817514818e-02 1.541347636588681624e-01 1.541347636588681624e-01
2.187872800000000062e+00 2.351757366906706212e-02 1.533544054439489046e-01 1.533544054439489046e-01
2.194001099999999926e+00 2.328161903425131352e-02 1.525831544904328874e-01 1.525831544904328874e-01
2.200133500000000186e+00 2.304797875608064969e-02 1.518156077486127464e-01 1.518156077486127464e-01
2.206265999999999838e+00 2.281553045997645676e-02 1.510481064428695619e-01 1.510481064428695619e-01
2.212398400000000098e+00 2.258314875611144509e-02 1.502769069288805992e-01 1.502769069288805992e-01
2.218526699999999963e+00 2.235004796692678999e-02 1.494993243025760088e-01 1.494993243025760088e-01
2.224659099999999778e+00 2.211521227128172493e-02 1.487118430767426225e-01 1.487118430767426225e-01
2.230791599999999875e+00 2.187835008420116467e-02 1.479133194955787878e-01 1.479133194955787878e-01
2.236919900000000183e+00 2.163946119696349632e-02 1.471035730258224983e-01 1.471035730258224983e-01
2.243052299999999999e+00 2.139832815639509250e-02 1.462816740278668481e-01 1.462816740278668481e-01
2.249184800000000095e+00 2.115547314039862431e-02 1.454492115495942539e-01 1.454492115495942539e-01
2.255317199999999911e+00 2.091150605005439797e-02 1.446081119787351321e-01 1.446081119787351321e-01
2.261445500000000219e+00 2.066738591969593045e-02 1.437615592559288169e-01 1.437615592559288169e-01
2.267577900000000035e+00 2.042373703571311386e-02 1.429116406585310695e-01 1.429116406585310695e-01
2.273710400000000131e+00 2.018176948467511125e-02 1.420625548294662810e-01 1.420625548294662810e-01
2.279842799999999947e+00 1.994258491461577132e-02 1.412182173609898284e-01 1.412182173609898284e-01
2.285971099999999812e+00 1.970741483751394657e-02 1.403831002560990138e-01 1.403831002560990138e-01
2.292103599999999908e+00 1.947695073091066861e-02 1.395598464133243066e-01 1.395598464133243066e-01
2.298236000000000168e+00 1.925224950038019814e-02 1.387524756549597393e-01 1.387524756549597393e-01
2.304368399999999983e+00 1.903403457892331035e-02 1.379638886771582251e-01 1.379638886771582251e-01
2.310496699999999848e+00 1.882297398844574865e-02 1.371968439449164079e-01 1.371968439449164079e-01
2.316629199999999944e+00 1.861908912640965197e-02 1.364517831558446637e-01 1.364517831558446637e-01
2.322761600000000204e+00 1.842260286221555562e-02 1.357298893472456691e-01 1.357298893472456691e-01
2.328889900000000068e+00 1.823347313666432573e-02 1.350313783409779478e-01 1.350313783409779478e-01
2.335022400000000165e+00 1.805105674651587278e-02 1.343542211711856726e-01 1.343542211711856726e-01
2.341154799999999980e+00 1.787489823943528428e-02 1.336970390077330262e-01 1.336970390077330262e-01
2.347287199999999796e+00 1.770423257832758751e-02 1.330572530090997629e-01 1.330572530090997629e-01
2.353415500000000105e+00 1.753827485979675069e-02 1.324321519110701062e-01 1.324321519110701062e-01
2.359548000000000201e+00 1.737581858240254407e-02 1.318173682881074171e-01 1.318173682881074171e-01
2.365680400000000017e+00 1.721595960941218334e-02 1.312096018186633406e-01 1.312096018186633406e-01
2.371812799999999832e+00 1.705768307479328325e-02 1.306050652723441674e-01 1.306050652723441674e-01
2.377941199999999977e+00 1.690013707436911414e-02 1.300005272080429486e-01 1.300005272080429486e-01
2.384073599999999793e+00 1.674226310939798401e-02 1.293918973869615241e-01 1.293918973869615241e-01
2.390206000000000053e+00 1.658345033899427320e-02 1.287767461112225564e-01 1.287767461112225564e-01
2.396338399999999869e+00 1.642315505171535947e-02 1.281528581488347307e-01 1.281528581488347307e-01
2.402466800000000013e+00 1.626113152599951636e-02 1.275191418023173262e-01 1.275191418023173262e-01
2.408599199999999829e+00 1.609701942999670204e-02 1.268740297696762664e-01 1.268740297696762664e-01
2.414731600000000089e+00 1.593097964913595815e-02 1.262179846501121916e-01 1.262179846501121916e-01
2.420859999999999790e+00 1.576337390589400630e-02 1.255522755902656051e-01 1.255522755902656051e-01
2.426992400000000050e+00 1.559441300587365367e-02 1.248775920887076202e-01 1.248775920887076202e-01
2.433124799999999865e+00 1.542478718857514218e-02 1.241965667342505159e-01 1.241965667342505159e-01
2.439257200000000125e+00 1.525519602370058354e-02 1.235119266455696752e-01 1.235119266455696752e-01
2.445385599999999826e+00 1.508652846657369991e-02 1.228272301510283937e-01 1.228272301510283937e-01
2.451518000000000086e+00 1.491938134285225939e-02 1.221449194311914899e-01 1.221449194311914899e-01
2.457650399999999902e+00 1.475467810251817821e-02 1.214688359313539218e-01 1.214688359313539218e-01
2.463782800000000162e+00 1.459318583223649136e-02 1.208022592182633470e-01 1.208022592182633470e-01
2.469911199999999862e+00 1.443568874162954978e-02 1.201486110682497693e-01 1.201486110682497693e-01
2.476043600000000122e+00 1.428254611611964355e-02 1.195096067942642143e-01 1.195096067942642143e-01
2.482175999999999938e+00 1.413428278497756013e-02 1.188876897957797801e-01 1.188876897957797801e-01
2.488304400000000083e+00 1.399124737054134419e-02 1.182846032691547838e-01 1.182846032691547838e-01
2.494436799999999899e+00 1.385333570975100410e-02 1.177001941789010131e-01 1.177001941789010131e-01
2.500569200000000158e+00 1.372054924043755557e-02 1.171347482194654149e-01 1.171347482194654149e-01
2.506701599999999974e+00 1.359262498826655473e-02 1.165874135070615325e-01 1.165874135070615325e-01
2.512830000000000119e+00 1.346922499073557530e-02 1.160569902708818990e-01 1.160569902708818990e-01
2.518962399999999935e+00 1.334963964028993214e-02 1.155406406434114075e-01 1.155406406434114075e-01
2.525094800000000195e+00 1.323329898515788854e-02 1.150360768852879828e-01 1.150360768852879828e-01
2.531227200000000011e+00 1.311948117483729102e-02 1.145403037137465024e-01 1.145403037137465024e-01
2.537355600000000155e+00 1.300750306710604307e-02 1.140504408895732513e-01 1.140504408895732513e-01
2.543487999999999971e+00 1.289646609594225120e-02 1.135626087052523242e-01 1.135626087052523242e-01
2.549620399999999787e+00 1.278573020441003440e-02 1.130740032209439083e-01 1.130740032209439083e-01
2.555752899999999883e+00 1.267465265611987524e-02 1.125817598730801256e-01 1.125817598730801256e-01
2.561881200000000192e+00 1.256277345154894164e-02 1.120837787173011996e-01 1.120837787173011996e-01
2.568013600000000007e+00 1.244952822731342640e-02 1.115774539381206160e-01 1.115774539381206160e-01
2.574145999999999823e+00 1.233472127172350816e-02 1.110617903318846522e-01 1.110617903318846522e-01
2.580274399999999968e+00 1.221831155459814772e-02 1.105364716037116335e-01 1.105364716037116335e-01
2.586406799999999784e+00 1.210018416960208405e-02 1.100008371313695166e-01 1.100008371313695166e-01
2.592539200000000044e+00 1.198060061577728083e-02 1.094559300165015292e-01 1.094559300165015292e-01
2.598671700000000140e+00 1.185988114771695419e-02 1.089030814427073696e-01 1.089030814427073696e-01
2.604800000000000004e+00 1.173855002749673269e-02 1.083445892857448217e-01 1.083445892857448217e-01
2.610932399999999820e+00 1.161697368712338516e-02 1.077820657026176410e-01 1.077820657026176410e-01
2.617064800000000080e+00 1.149582734206377674e-02 1.072185960645996167e-01 1.072185960645996167e-01
2.623197300000000176e+00 1.137573505988054984e-02 1.066570909967103353e-01 1.066570909967103353e-01
2.629325600000000041e+00 1.125740464568420612e-02 1.061009172707013254e-01 1.061009172707013254e-01
2.635457999999999856e+00 1.114126853258946316e-02 1.055522076158971756e-01 1.055522076158971756e-01
2.641590499999999953e+00 1.102793585953682799e-02 1.050139793529262788e-01 1.050139793529262788e-01
2.647722900000000212e+00 1.091785361716585308e-02 1.044885334243229463e-01 1.044885334243229463e-01
2.653851200000000077e+00 1.081142415896378314e-02 1.039779984369952337e-01 1.039779984369952337e-01
2.659983599999999893e+00 1.070871490040769744e-02 1.034829208150199881e-01 1.034829208150199881e-01
2.666116099999999989e+00 1.060987337024476250e-02 1.030042395741299632e-01 1.030042395741299632e-01
2.672244399999999853e+00 1.051490626847190191e-02 1.025422170058357119e-01 1.025422170058357119e-01
2.678376800000000113e+00 1.042349525860878159e-02 1.020955202670948830e-01 1.020955202670948830e-01
2.684509300000000209e+00 1.033539401740536483e-02 1.016631399151401577e-01 1.016631399151401577e-01
2.690641700000000025e+00 1.025019234797721647e-02 1.012432335910761760e-01 1.012432335910761760e-01
2.696769999999999889e+00 1.016744851515961542e-02 1.008337667409068689e-01 1.008337667409068689e-01
2.702902400000000149e+00 1.008650043069433955e-02 1.004315708863220968e-01 1.004315708863220968e-01
2.709034899999999801e+00 1.000682197365811849e-02 1.000341040528584802e-01 1.000341040528584802e-01
2.715167300000000061e+00 9.927833991702895641e-03 9.963851660729848569e-02 9.963851660729848569e-02
2.721295599999999926e+00 9.849033408845112372e-03 9.924229647103653684e-02 9.924229647103653684e-02
2.727428100000000022e+00 9.769812534884054697e-03 9.884236204626058175e-02 9.884236204626058175e-02
2.733560499999999838e+00 9.689801809249042400e-03 9.843679093331436647e-02 9.843679093331436647e-02
2.739688800000000146e+00 9.608725085559644691e-03 9.802410461493460403e-02 9.802410461493460403e-02
2.745821199999999962e+00 9.526253614055691862e-03 9.760252872777268329e-02 9.760252872777268329e-02
2.751953700000000058e+00 9.442336849837416543e-03 9.717168749094262648e-02 9.717168749094262648e-02
2.758086099999999874e+00 9.356994266677519032e-03 9.673155776000673389e-02 9.673155776000673389e-02
2.764214400000000182e+00 9.270415662954152244e-03 9.628299778753335314e-02 9.628299778753335314e-02
2.770346899999999835e+00 9.182723257785695842e-03 9.582652690036144727e-02 9.582652690036144727e-02
2.776479300000000094e+00 9.094309478036259956e-03 9.536408903794058034e-02 9.536408903794058034e-02
2.782611699999999910e+00 9.005578720153896780e-03 9.489772768698888361e-02 9.489772768698888361e-02
2.788740000000000219e+00 8.917047664939293725e-03 9.443012053862524791e-02 9.443012053862524791e-02
2.794872499999999871e+00 8.829081409246231429e-03 9.396319177872913819e-02 9.396319177872913819e-02
2.801004900000000131e+00 8.742230011213263097e-03 9.349989310803120957e-02 9.349989310803120957e-02
2.807137299999999946e+00 8.656957755672401236e-03 9.304277379610090271e-02 9.304277379610090271e-02
2.813265700000000091e+00 8.573738634566938077e-03 9.259448490362122419e-02 9.259448490362122419e-02
2.819398099999999907e+00 8.492818408288376267e-03 9.215648869335450744e-02 9.215648869335450744e-02
2.825530500000000167e+00 8.414523960350223097e-03 9.173071437828347885e-02 9.173071437828347885e-02
2.831658899999999868e+00 8.339080223911186918e-03 9.131856450859916763e-02 9.131856450859916763e-02
2.837791300000000128e+00 8.266462522709060526e-03 9.092008866421688595e-02 9.092008866421688595e-02
2.843923699999999943e+00 8.196689752279580701e-03 9.053557175099509469e-02 9.053557175099509469e-02
2.850056100000000203e+00 8.129628386116988931e-03 9.016445189827856921e-02 9.016445189827856921e-02
2.856184499999999904e+00 8.065091940970050069e-03 8.980585694134904373e-02 8.980585694134904373e-02
2.862316900000000164e+00 8.002686626887604501e-03 8.945773654015400089e-02 8.945773654015400089e-02
2.868449299999999980e+00 7.942080072801534565e-03 8.911834868758247707e-02 8.911834868758247707e-02
2.874581699999999795e+00 7.882850688767052347e-03 8.878541934781325473e-02 8.878541934781325473e-02
2.880710099999999940e+00 7.824589632677358270e-03 8.845671050111097999e-02 8.845671050111097999e-02
2.886842500000000200e+00 7.766771481322008730e-03 8.812928844216325053e-02 8.812928844216325053e-02
2.892974900000000016e+00 7.709003846889816818e-03 8.780093306389070984e-02 8.780093306389070984e-02
2.899103300000000161e+00 7.650933700490596470e-03 8.746961587025860185e-02 8.746961587025860185e-02
2.905235699999999976e+00 7.592152134640634160e-03 8.713295665040085569e-02 8.713295665040085569e-02
2.911368099999999792e+00 7.532436585352007309e-03 8.678961104505543422e-02 8.678961104505543422e-02
2.917500500000000052e+00 7.471611007690281969e-03 8.643848105843994489e-02 8.643848105843994489e-02
2.923628900000000197e+00 7.409631400511994953e-03 8.607921584512719104e-02 8.607921584512719104e-02
2.929761300000000013e+00 7.346425470333998488e-03 8.571129138178935902e-02 8.571129138178935902e-02
2.935893699999999829e+00 7.282133004276991617e-03 8.533541471321852423e-02 8.533541471321852423e-02
2.942026100000000088e+00 7.216938039093386513e-03 8.495256346393195712e-02 8.495256346393195712e-02
2.948154499999999789e+00 7.151141125417545021e-03 8.456441997328158211e-02 8.456441997328158211e-02
2.954286900000000049e+00 7.084972731813166634e-03 8.417228006780597127e-02 8.417228006780597127e-02
2.960419299999999865e+00 7.018834213903178861e-03 8.377848300072744669e-02 8.377848300072744669e-02
2.966551700000000125e+00 6.953107413636789788e-03 8.338529494843074930e-02 8.338529494843074930e-02
2.972680099999999825e+00 6.888219774867536567e-03 8.299529971551121432e-02 8.299529971551121432e-02
2.978812500000000085e+00 6.824455912253796046e-03 8.261026517481828702e-02 8.261026517481828702e-02
2.984944899999999901e+00 6.762193688115687371e-03 8.223255856481474779e-02 8.223255856481474779e-02
2.991073300000000046e+00 6.701756399699076473e-03 8.186425593443744098e-02 8.186425593443744098e-02
2.997205699999999862e+00 6.643285187243407920e-03 8.150635059456047549e-02 8.150635059456047549e-02
3.003338100000000122e+00 6.586965715858410057e-03 8.116012392707647183e-02 8.116012392707647183e-02
3.009470600000000218e+00 6.532861792061910033e-03 8.082612072877128073e-02 8.082612072877128073e-02
3.015598900000000082e+00 6.480990640298983814e-03 8.050460011886888256e-02 8.050460011886888256e-02
3.021731299999999898e+00 6.431182206856021592e-03 8.019465198413185114e-02 8.019465198413185114e-02
3.027863700000000158e+00 6.383296728111296191e-03 7.989553634660259696e-02 7.989553634660259696e-02
3.033996199999999810e+00 6.337092372275403111e-03 7.960585639433447047e-02 7.960585639433447047e-02
3.040124500000000118e+00 6.292305861100065158e-03 7.932405600509888355e-02 7.932405600509888355e-02
3.046256899999999934e+00 6.248544149158528384e-03 7.904773335876576212e-02 7.904773335876576212e-02
3.052389400000000030e+00 6.205482921274057054e-03 7.877488763098337843e-02 7.877488763098337843e-02
3.058521799999999846e+00 6.162765607553370197e-03 7.850328405584934555e-02 7.850328405584934555e-02
3.064650100000000155e+00 6.120075648581225179e-03 7.823091235938146870e-02 7.823091235938146870e-02
3.070782499999999970e+00 6.077041587143073784e-03 7.795538202807471284e-02 7.795538202807471284e-02
3.076915000000000067e+00 6.033421451635646166e-03 7.767510187721446413e-02 7.767510187721446413e-02
3.083043299999999931e+00 5.989033954624927228e-03 7.738884903282208794e-02 7.738884903282208794e-02
3.089175700000000191e+00 5.943672731771091310e-03 7.709521860511903135e-02 7.709521860511903135e-02
3.095308199999999843e+00 5.897292325459075647e-03 7.679382999602947513e-02 7.679382999602947513e-02
3.101440600000000103e+00 5.849894641514293524e-03 7.648460395082329333e-02 7.648460395082329333e-02
3.107568899999999967e+00 5.801584941768194066e-03 7.616813600035249321e-02 7.616813600035249321e-02
3.113701299999999783e+00 5.752439824484823980e-03 7.584484046054038031e-02 7.584484046054038031e-02
3.119833799999999879e+00 5.702691386383917233e-03 7.551616639093855499e-02 7.551616639093855499e-02
3.125966200000000139e+00 5.652590592626622126e-03 7.518371228282506868e-02 7.518371228282506868e-02
3.132094500000000004e+00 5.602454548429591438e-03 7.484954608031763046e-02 7.484954608031763046e-02
3.138227000000000100e+00 5.552519785312902065e-03 7.451523190135626862e-02 7.451523190135626862e-02
3.144359399999999916e+00 5.503130628806081164e-03 7.418308856340562196e-02 7.418308856340562196e-02
3.150487699999999780e+00 5.454616443432872691e-03 7.385537518307569438e-02 7.385537518307569438e-02
3.156620100000000040e+00 5.407184349956055229e-03 7.353355934507764535e-02 7.353355934507764535e-02
3.162752600000000136e+00 5.361099389515213733e-03 7.321952874414867918e-02 7.321952874414867918e-02
3.168884999999999952e+00 5.316545737900758503e-03 7.291464693668041341e-02 7.291464693668041341e-02
3.175013299999999816e+00 5.273674594588489452e-03 7.262007019129415597e-02 7.262007019129415597e-02
3.181145799999999912e+00 5.232487525808945071e-03 7.233593523145287474e-02 7.233593523145287474e-02
3.187278200000000172e+00 5.193008347584772422e-03 7.206253081584612641e-02 7.206253081584612641e-02
3.193410599999999988e+00 5.155164346379080206e-03 7.179947316226686915e-02 7.179947316226686915e-02
3.199538899999999852e+00 5.118846450004578552e-03 7.154611415027778420e-02 7.154611415027778420e-02
3.205671399999999949e+00 5.083819162363417687e-03 7.130090576117120715e-02 7.130090576117120715e-02
3.211803800000000209e+00 5.049878287615828555e-03 7.106249564725283796e-02 7.106249564725283796e-02
3.217936200000000024e+00 5.016761319292359703e-03 7.082909938219149326e-02 7.082909938219149326e-02
3.224064600000000169e+00 4.984208935490787654e-03 7.059893012993034844e-02 7.059893012993034844e-02
3.230196999999999985e+00 4.951893810514359368e-03 7.036969383558777658e-02 7.036969383558777658e-02
3.236329399999999801e+00 4.919561822014780275e-03 7.013958812264854681e-02 7.013958812264854681e-02
3.242457700000000109e+00 4.886982195690671785e-03 6.990695384359607578e-02 6.990695384359607578e-02
3.248590200000000205e+00 4.853892995647547323e-03 6.966988585929753675e-02 6.966988585929753675e-02
3.254722600000000021e+00 4.820143946863010564e-03 6.942725651257589115e-02 6.942725651257589115e-02
3.260854999999999837e+00 4.785614108076757280e-03 6.917813316414918312e-02 6.917813316414918312e-02
3.266983399999999982e+00 4.750264053236697738e-03 6.892215937734900988e-02 6.892215937734900988e-02
3.273115799999999798e+00 4.714044541942545227e-03 6.865889994707564947e-02 6.865889994707564947e-02
3.279248200000000057e+00 4.677034039739787034e-03 6.838884441003362236e-02 6.838884441003362236e-02
3.285380599999999873e+00 4.639343192014658279e-03 6.811272415646475731e-02 6.811272415646475731e-02
3.291509000000000018e+00 4.601156191240809989e-03 6.783182285064150163e-02 6.783182285064150163e-02
3.297641399999999834e+00 4.562621915840471380e-03 6.754718288604248666e-02 6.754718288604248666e-02
3.303773800000000094e+00 4.523993054261449959e-03 6.726063525020745115e-02 6.726063525020745115e-02
3.309906199999999910e+00 4.485514704026158025e-03 6.697398527806268376e-02 6.697398527806268376e-02
3.316034600000000054e+00 4.447461217076811163e-03 6.668928862326251039e-02 6.668928862326251039e-02
3.322166999999999870e+00 4.410024466963904412e-03 6.640801508074084536e-02 6.640801508074084536e-02
3.328299400000000130e+00 4.373451074643603352e-03 6.613207296496612098e-02 6.613207296496612098e-02
3.334427799999999831e+00 4.337954527084931025e-03 6.586314999364159539e-02 6.586314999364159539e-02
3.340560200000000091e+00 4.303639009662893478e-03 6.560212656357181094e-02 6.560212656357181094e-02
3.346692599999999906e+00 4.270631510044258124e-03 6.535006893679805307e-02 6.535006893679805307e-02
3.352825000000000166e+00 4.238983703917213568e-03 6.510747809520203710e-02 6.510747809520203710e-02
3.358953399999999867e+00 4.208712823786221399e-03 6.487459305295271983e-02 6.487459305295271983e-02
3.365085800000000127e+00 4.179724248327480220e-03 6.465078691189675431e-02 6.465078691189675431e-02
3.371218199999999943e+00 4.151933318346118576e-03 6.443549734692918807e-02 6.443549734692918807e-02
3.377350600000000203e+00 4.125191180424529758e-03 6.422765121366753871e-02 6.422765121366753871e-02
3.383478999999999903e+00 4.099329466660794723e-03 6.402600617452876286e-02 6.402600617452876286e-02
3.389611400000000163e+00 4.074102889360773846e-03 6.382869957441381081e-02 6.382869957441381081e-02
3.395743799999999979e+00 4.049301012165463891e-03 6.363411830272706904e-02 6.363411830272706904e-02
3.401876300000000075e+00 4.024691259378787925e-03 6.344045443862132705e-02 6.344045443862132705e-02
3.408004599999999940e+00 4.000065602045976138e-03 6.324607183095228014e-02 6.324607183095228014e-02
3.414137000000000199e+00 3.975183158371933811e-03 6.304905358823345574e-02 6.304905358823345574e-02
3.420269400000000015e+00 3.949880318828745754e-03 6.284807331039468647e-02 6.284807331039468647e-02
3.426397800000000160e+00 3.924030095860714558e-03 6.264207927472327520e-02 6.264207927472327520e-02
3.432530199999999976e+00 3.897497177304442596e-03 6.242993814913196104e-02 6.242993814913196104e-02
3.438662599999999792e+00 3.870243347864525587e-03 6.221127990858672102e-02 6.221127990858672102e-02
3.444795099999999888e+00 3.842261917997208225e-03 6.198598162485779300e-02 6.198598162485779300e-02
3.450923400000000196e+00 3.813615095056094740e-03 6.175447429179601461e-02 6.175447429179601461e-02
3.457055800000000012e+00 3.784351202532478670e-03 6.151708057549934439e-02 6.151708057549934439e-02
3.463188199999999828e+00 3.754616486461991465e-03 6.127492543008103421e-02 6.127492543008103421e-02
3.469320699999999924e+00 3.724570917280836755e-03 6.102926279483340127e-02 6.102926279483340127e-02
3.475448999999999788e+00 3.694420723698134314e-03 6.078174663250583698e-02 6.078174663250583698e-02
3.481581400000000048e+00 3.664325013525906918e-03 6.053366842944434695e-02 6.053366842944434695e-02
3.487713900000000145e+00 3.634508240066720245e-03 6.028688281928930998e-02 6.028688281928930998e-02
3.493842200000000009e+00 3.605189985733368591e-03 6.004323430440242776e-02 6.004323430440242776e-02
3.499974599999999825e+00 3.576514137103404406e-03 5.980396422565484316e-02 5.980396422565484316e-02
3.506107000000000085e+00 3.548659720678445321e-03 5.957062800305570893e-02 5.957062800305570893e-02
3.512239500000000181e+00 3.521753399982906468e-03 5.934436283239467175e-02 5.934436283239467175e-02
3.518367800000000045e+00 3.495901995647577882e-03 5.912615322890182878e-02 5.912615322890182878e-02
3.524500199999999861e+00 3.471117399027048075e-03 5.891618961734582799e-02 5.891618961734582799e-02
3.530632699999999957e+00 3.447419949657063235e-03 5.871473366759882850e-02 5.871473366759882850e-02
3.536765100000000217e+00 3.424769950021555164e-03 5.852153407098582838e-02 5.852153407098582838e-02
3.542893400000000081e+00 3.403099716117713881e-03 5.833609273955287639e-02 5.833609273955287639e-02
3.549025799999999897e+00 3.382262339663098891e-03 5.815722087293287434e-02 5.815722087293287434e-02
3.555158299999999993e+00 3.362124100349329729e-03 5.798382619618448058e-02 5.798382619618448058e-02
3.561290699999999809e+00 3.342514883767991503e-03 5.781448679844863187e-02 5.781448679844863187e-02
3.567419000000000118e+00 3.323262523219812966e-03 5.764774517029970513e-02 5.764774517029970513e-02
3.573551500000000214e+00 3.304151798657623939e-03 5.748175187533539204e-02 5.748175187533539204e-02
3.579683900000000030e+00 3.285011795752788757e-03 5.731502242652260215e-02 5.731502242652260215e-02
3.585812199999999894e+00 3.265684466913820142e-03 5.714616756103439721e-02 5.714616756103439721e-02
3.591944600000000154e+00 3.245995194243717682e-03 5.697363595772800965e-02 5.697363595772800965e-02
3.598077099999999806e+00 3.225836569902201540e-03 5.679644856768952671e-02 5.679644856768952671e-02
3.604209500000000066e+00 3.205123723987136127e-03 5.661381213084962227e-02 5.661381213084962227e-02
3.610337799999999930e+00 3.183823341947095327e-03 5.642537852728234105e-02 5.642537852728234105e-02
3.616470300000000027e+00 3.161898933357016033e-03 5.623076500775190528e-02 5.623076500775190528e-02
3.622602699999999842e+00 3.139397192492262949e-03 5.603032386567351197e-02 5.603032386567351197e-02
3.628735100000000102e+00 3.116387066434004975e-03 5.582460986369725681e-02 5.582460986369725681e-02
3.634863399999999967e+00 3.092986950850839297e-03 5.561462892846485290e-02 5.561462892846485290e-02
3.640995900000000063e+00 3.069295399087725203e-03 5.540122199994983176e-02 5.540122199994983176e-02
3.647128299999999879e+00 3.045479807630293613e-03 5.518586601323108298e-02 5.518586601323108298e-02
3.653260700000000138e+00 3.021703786042891082e-03 5.497002625106605506e-02 5.497002625106605506e-02
3.659389099999999839e+00 2.998151099114282434e-03 5.475537507052875841e-02 5.475537507052875841e-02
3.665521500000000099e+00 2.974955399414144601e-03 5.454315171874599827e-02 5.454315171874599827e-02
3.671653899999999915e+00 2.952284428009782028e-03 5.433492825070979776e-02 5.433492825070979776e-02
3.677782199999999779e+00 2.930285245835206713e-03 5.413210919440703678e-02 5.413210919440703678e-02
3.683914699999999876e+00 2.909034511282552766e-03 5.393546617284913219e-02 5.393546617284913219e-02
3.690047100000000135e+00 2.888623240627532975e-03 5.374591371097465348e-02 5.374591371097465348e-02
3.696179499999999951e+00 2.869091899316178213e-03 5.356390481766782480e-02 5.356390481766782480e-02
3.702307900000000096e+00 2.850456971541804815e-03 5.338967101923184494e-02 5.338967101923184494e-02
3.708440299999999912e+00 2.832662707663613152e-03 5.322276493816920084e-02 5.322276493816920084e-02
3.714572700000000172e+00 2.815656013271815652e-03 5.306275542479692992e-02 5.306275542479692992e-02
3.720705099999999987e+00 2.799340837904061227e-03 5.290879735832276082e-02 5.290879735832276082e-02
3.726833500000000132e+00 2.783605814837799425e-03 5.275988831335600565e-02 5.275988831335600565e-02
3.732965899999999948e+00 2.768289845138460249e-03 5.261454024448432298e-02 5.261454024448432298e-02
3.739098300000000208e+00 2.753250718783439941e-03 5.247142764194090425e-02 5.247142764194090425e-02
3.745226699999999909e+00 2.738341133123073801e-03 5.232916140282656975e-02 5.232916140282656975e-02
3.751359100000000169e+00 2.723388064636435724e-03 5.218609072000350568e-02 5.218609072000350568e-02
3.757491499999999984e+00 2.708258501512650265e-03 5.204093102080947775e-02 5.204093102080947775e-02
3.763623899999999800e+00 2.692827422149476468e-03 5.189246016667042188e-02 5.189246016667042188e-02
3.769752299999999945e+00 2.677003921832281797e-03 5.173977118071051290e-02 5.173977118071051290e-02
3.775884700000000205e+00 2.660694282191915141e-03 5.158191817092415421e-02 5.158191817092415421e-02
3.782017100000000021e+00 2.643867054982294591e-03 5.141854777200825094e-02 5.141854777200825094e-02
3.788149499999999836e+00 2.626513670691234779e-03 5.124952361428577324e-02 5.124952361428577324e-02
3.794277899999999981e+00 2.608670355839429970e-03 5.107514420772035074e-02 5.107514420772035074e-02
3.800410299999999797e+00 2.590369498808756370e-03 5.089567269236900532e-02 5.089567269236900532e-02
3.806542700000000057e+00 2.571706353272002789e-03 5.071199417565831757e-02 5.071199417565831757e-02
3.812675099999999873e+00 2.552788172477758483e-03 5.052512417082968832e-02 5.052512417082968832e-02
3.818803500000000017e+00 2.533752451272540396e-03 5.033639291082089851e-02 5.033639291082089851e-02
3.824935899999999833e+00 2.514710634150645052e-03 5.014689057310178777e-02 5.014689057310178777e-02
3.831068300000000093e+00 2.495815832676355570e-03 4.995814080484136527e-02 4.995814080484136527e-02
3.837196699999999794e+00 2.477218037446072500e-03 4.977165897823853519e-02 4.977165897823853519e-02
3.843329100000000054e+00 2.459021273963968302e-03 4.958851957826496820e-02 4.958851957826496820e-02
3.849461499999999869e+00 2.441350265567460067e-03 4.941002191425804269e-02 4.941002191425804269e-02
3.855593900000000129e+00 2.424296161230765547e-03 4.923714209040534751e-02 4.923714209040534751e-02
3.861722299999999830e+00 2.407934928125807141e-03 4.907071354816237851e-02 4.907071354816237851e-02
3.867854700000000090e+00 2.392282116061567390e-03 4.891096110343332026e-02 4.891096110343332026e-02
3.873987099999999906e+00 2.377355450886401832e-03 4.875813215132837608e-02 4.875813215132837608e-02
3.880119600000000002e+00 2.363131402100313201e-03 4.861204996809240925e-02 4.861204996809240925e-02
3.886247899999999866e+00 2.349567369408856257e-03 4.847233612493682953e-02 4.847233612493682953e-02
3.892380300000000126e+00 2.336567339768852274e-03 4.833805270973223767e-02 4.833805270973223767e-02
3.898512699999999942e+00 2.324041326401430404e-03 4.820831179787807286e-02 4.820831179787807286e-02
3.904641100000000087e+00 2.311881445719660404e-03 4.808202830288735297e-02 4.808202830288735297e-02
3.910773499999999903e+00 2.299945609305994402e-03 4.795774816759013071e-02 4.795774816759013071e-02
3.916905900000000162e+00 2.288111370838301264e-03 4.783420712041019235e-02 4.783420712041019235e-02
3.923038399999999815e+00 2.276250325666644321e-03 4.771006524483743100e-02 4.771006524483743100e-02
3.929166700000000123e+00 2.264251314145506594e-03 4.758414982056006354e-02 4.758414982056006354e-02
3.935299099999999939e+00 2.251992843999019080e-03 4.745516667338783162e-02 4.745516667338783162e-02
3.941431500000000199e+00 2.239396919474908806e-03 4.732226663500924135e-02 4.732226663500924135e-02
3.947563999999999851e+00 2.226400687770841488e-03 4.718475058502313857e-02 4.718475058502313857e-02
3.953692300000000159e+00 2.212977160866800002e-03 4.704229119491099009e-02 4.704229119491099009e-02
3.959824699999999975e+00 2.199099159991953212e-03 4.689455362824081208e-02 4.689455362824081208e-02
3.965957200000000071e+00 2.184793851243285907e-03 4.674177843475027516e-02 4.674177843475027516e-02
3.972089599999999887e+00 2.170106552687291537e-03 4.658440246141718616e-02 4.658440246141718616e-02
3.978217900000000196e+00 2.155115679385411192e-03 4.642322349197017251e-02 4.642322349197017251e-02
3.984350300000000011e+00 2.139889580423907142e-03 4.625894054584375054e-02 4.625894054584375054e-02
3.990482800000000108e+00 2.124541636776746539e-03 4.609275037114563683e-02 4.609275037114563683e-02
3.996611099999999972e+00 2.109196151979499979e-03 4.592598558528167285e-02 4.592598558528167285e-02
4.002743500000000232e+00 2.093949885170376564e-03 4.575969717087708527e-02 4.575969717087708527e-02
4.008875999999999884e+00 2.078928589179969855e-03 4.559526937281947745e-02 4.559526937281947745e-02
4.015008400000000144e+00 2.064240811162282915e-03 4.543391696917934569e-02 4.543391696917934569e-02
4.021136699999999564e+00 2.049990745572234391e-03 4.527682349251363481e-02 4.527682349251363481e-02
4.027269200000000104e+00 2.036236537930885028e-03 4.512467770445441340e-02 4.512467770445441340e-02
4.033401600000000364e+00 2.023044523649818703e-03 4.497826723707593760e-02 4.497826723707593760e-02
4.039533999999999736e+00 2.010446807298485374e-03 4.483800628148496698e-02 4.483800628148496698e-02
4.045662300000000045e+00 1.998458310596470684e-03 4.470411961549484309e-02 4.470411961549484309e-02
4.051794799999999697e+00 1.987044596634055839e-03 4.457627840717589413e-02 4.457627840717589413e-02
4.057927199999999957e+00 1.976171869631105499e-03 4.445415469482133508e-02 4.445415469482133508e-02
4.064059600000000216e+00 1.965775723829593820e-03 4.433706940957637954e-02 4.433706940957637954e-02
4.070187999999999917e+00 1.955779936078822466e-03 4.422420079638322149e-02 4.422420079638322149e-02
