3.577503900000000153e-02 1.079572875339901111e+04
4.190623799999999843e-02 1.060001074734102986e+04
4.803784500000000263e-02 1.037943751545642954e+04
5.416904399999999953e-02 1.013648468959008824e+04
6.030024300000000337e-02 9.873781450653748834e+03
6.643184900000000115e-02 9.594103013416168324e+03
7.256304800000000499e-02 9.300384664139795859e+03
7.869424699999999495e-02 8.995561781363841874e+03
8.482544599999999879e-02 8.682595107441316941e+03
9.095705299999999605e-02 8.364384567410410455e+03
9.708825199999999989e-02 8.043809638613489369e+03
1.032198599999999966e-01 7.723539068300729923e+03
1.093510599999999999e-01 7.406163013514280465e+03
1.154822600000000032e-01 7.094010401979069684e+03
1.216134600000000066e-01 6.789206188426134759e+03
1.277450599999999936e-01 6.493608273948427268e+03
1.338762599999999969e-01 6.208867026924084712e+03
1.400074600000000002e-01 5.936298312677669855e+03
1.461390700000000098e-01 5.676939276226431502e+03
1.522702700000000131e-01 5.431597777822499665e+03
1.584014599999999939e-01 5.200754676803223447e+03
1.645330700000000035e-01 4.984629874956755884e+03
1.706642700000000068e-01 4.783239359083037016e+03
1.767954700000000101e-01 4.596326760537409427e+03
1.829270799999999919e-01 4.423434613763532070e+03
1.890582799999999952e-01 4.263960548463413943e+03
1.951894700000000038e-01 4.117116005706217948e+03
2.013210800000000134e-01 3.981992757285793232e+03
2.074522799999999889e-01 3.857617099027710083e+03
2.135834799999999922e-01 3.742923954480112116e+03
2.197146799999999955e-01 3.636822255033104739e+03
2.258462800000000104e-01 3.538206074010844986e+03
2.319774800000000137e-01 3.446004578844622301e+03
2.381086799999999892e-01 3.359165763984792193e+03
2.442402899999999988e-01 3.276696577175263428e+03
2.503714899999999743e-01 3.197694279568802813e+03
2.565026899999999777e-01 3.121326445093284292e+03
2.626342899999999925e-01 3.046858078160464174e+03
2.687654899999999958e-01 2.973671604670651504e+03
2.748966899999999991e-01 2.901240914710037487e+03
2.810283000000000087e-01 2.829146160820951536e+03
2.871595000000000120e-01 2.757085455602651109e+03
2.932907000000000153e-01 2.684840877591967910e+03
2.994222999999999746e-01 2.612285808942989206e+03
3.055534999999999779e-01 2.539390160734673827e+03
3.116846999999999812e-01 2.466181771529298658e+03
3.178163099999999908e-01 2.392749298644868304e+03
3.239475099999999941e-01 2.319245560170472345e+03
3.300787099999999974e-01 2.245846352557560749e+03
3.362103100000000122e-01 2.172753867338156851e+03
3.423415100000000155e-01 2.100199934166592811e+03
3.484727100000000188e-01 2.028407309481490756e+03
3.546039100000000222e-01 1.957599757905576780e+03
3.607355199999999762e-01 1.887984854441423067e+03
3.668667099999999848e-01 1.819766167527202924e+03
3.729979099999999881e-01 1.753109802439238365e+03
3.791295199999999976e-01 1.688155853886883278e+03
3.852607200000000010e-01 1.625028255710683652e+03
3.913919200000000043e-01 1.563807866149724987e+03
3.975235200000000191e-01 1.504546404647299823e+03
4.036547200000000224e-01 1.447278681266803460e+03
4.097842899999999955e-01 1.392016019627347987e+03
4.159167100000000228e-01 1.338696092165128221e+03
4.220491399999999893e-01 1.287302502216646189e+03
4.281815600000000166e-01 1.237776788234354626e+03
4.343099000000000265e-01 1.190079193320163768e+03
4.404423299999999930e-01 1.144067051302556365e+03
4.465747500000000203e-01 1.099689226211865844e+03
4.527071699999999921e-01 1.056860994003071028e+03
4.588355199999999967e-01 1.015526765607968173e+03
4.649679400000000240e-01 9.755538020843465574e+02
4.711003599999999958e-01 9.368989273294637314e+02
4.772287100000000004e-01 8.995237530458869060e+02
4.833611300000000277e-01 8.633251122168065876e+02
4.894935499999999995e-01 8.282843466911148198e+02
4.956259700000000268e-01 7.943671342980002237e+02
5.017543199999999759e-01 7.615695919690092524e+02
5.078867400000000032e-01 7.298309430867884657e+02
5.140191600000000305e-01 6.991629537744839809e+02
5.201515799999999468e-01 6.695606364382282436e+02
5.262799299999999514e-01 6.410413891841293434e+02
5.324123499999999787e-01 6.135682988905430193e+02
5.385447700000000060e-01 5.871621731683454755e+02
5.446771900000000333e-01 5.618235602060839256e+02
5.508055400000000379e-01 5.375664483342671929e+02
5.569379599999999542e-01 5.143533952489187868e+02
5.630703799999999815e-01 4.921912863602536277e+02
5.691987299999999861e-01 4.710792443295399039e+02
5.753311500000000134e-01 4.509693499694860179e+02
5.814635700000000407e-01 4.318506720345920940e+02
5.875959899999999569e-01 4.136926894923357736e+02
5.937243399999999616e-01 3.964712076580540270e+02
5.998567599999999889e-01 3.801238430627653884e+02
6.059891800000000162e-01 3.646193802643042545e+02
6.121216000000000435e-01 3.499123261340198496e+02
6.182499500000000481e-01 3.359646328185134507e+02
6.243823699999999643e-01 3.227101309845683090e+02
6.305147899999999916e-01 3.101110225752354381e+02
6.366472100000000189e-01 2.981212705948468624e+02
6.427755600000000236e-01 2.867043191456644422e+02
6.489079800000000509e-01 2.758038300484156480e+02
6.550403999999999671e-01 2.653896800621697594e+02
6.611687499999999718e-01 2.554341469476995030e+02
6.673011699999999990e-01 2.458937564378271645e+02
6.734335900000000263e-01 2.367489896398860196e+02
6.795660199999999929e-01 2.279774630332075276e+02
6.856943599999999472e-01 2.195660079421096498e+02
6.918267799999999745e-01 2.114880827107826917e+02
6.979592100000000521e-01 2.037369708151505847e+02
7.040916299999999683e-01 1.963026932597812504e+02
7.102199700000000337e-01 1.891817469532130360e+02
7.163523899999999500e-01 1.823578423488199292e+02
7.224848200000000276e-01 1.758297744090115771e+02
7.286131599999999819e-01 1.695958476476754413e+02
7.347455800000000092e-01 1.636417937677544785e+02
7.408780099999999758e-01 1.579653195334747693e+02
7.470104300000000030e-01 1.525590443771129685e+02
7.531387699999999574e-01 1.474178217416823884e+02
7.592712000000000350e-01 1.425251401816066448e+02
7.654036199999999512e-01 1.378736519441678468e+02
7.715360399999999785e-01 1.334513325071347936e+02
7.776643899999999832e-01 1.292478875983771047e+02
7.837968100000000105e-01 1.252439314405395407e+02
7.899292300000000377e-01 1.214279803029109814e+02
7.960616499999999540e-01 1.177854446868815899e+02
8.021899999999999586e-01 1.143040628413928488e+02
8.083224199999999859e-01 1.109650692865621266e+02
8.144548400000000132e-01 1.077573485207929735e+02
8.205831900000000179e-01 1.046703726817173674e+02
8.267156100000000452e-01 1.016886702618606506e+02
8.328480299999999614e-01 9.880429254414772799e+01
8.389804499999999887e-01 9.600866457797587827e+01
8.451087999999999933e-01 9.329651034773546314e+01
8.512412200000000206e-01 9.065870371208572465e+01
8.573736400000000479e-01 8.809301429700829544e+01
8.635060599999999642e-01 8.559674483971447501e+01
8.696344099999999688e-01 8.316999407842783398e+01
8.757668299999999961e-01 8.080906419893665316e+01
8.818992500000000234e-01 7.851591341888305919e+01
8.880316700000000507e-01 7.629143235298556647e+01
8.941600200000000553e-01 7.413824741880102920e+01
9.002924399999999716e-01 7.205481611558654720e+01
9.064248599999999989e-01 7.004379340001108289e+01
9.125532100000000035e-01 6.810733569946411592e+01
9.186856300000000308e-01 6.624330045974681980e+01
9.248180499999999471e-01 6.445284164451055631e+01
9.309504699999999744e-01 6.273513542104229401e+01
9.370788199999999790e-01 6.108972102580335672e+01
9.432112400000000063e-01 5.951217938078515601e+01
9.493436600000000336e-01 5.800072774507908946e+01
9.554760799999999499e-01 5.655187740580159073e+01
9.616044299999999545e-01 5.516255736295674694e+01
9.677368499999999818e-01 5.382658854696502004e+01
9.738692700000000091e-01 5.254035581362393970e+01
9.799976200000000137e-01 5.130003879450793391e+01
9.861300400000000410e-01 5.009943621456504559e+01
9.922624599999999573e-01 4.893504336699204771e+01
9.983948900000000348e-01 4.780285484200880575e+01
1.004523199999999949e+00 4.670004721566758832e+01
1.010655700000000046e+00 4.562209776041719778e+01
1.016788100000000084e+00 4.456734203122124427e+01
1.022920499999999899e+00 4.353393048898429640e+01
1.029048799999999986e+00 4.252131523595780749e+01
1.035181300000000082e+00 4.152749255049940302e+01
1.041313699999999898e+00 4.055308000171282856e+01
1.047446099999999936e+00 3.959842400894115144e+01
1.053574500000000080e+00 3.866486217997662322e+01
1.059706899999999896e+00 3.775218168978299360e+01
1.065839299999999934e+00 3.686216876726149394e+01
1.071967600000000020e+00 3.599661946609970187e+01
1.078100099999999895e+00 3.515553723115266394e+01
1.084232499999999932e+00 3.434056719840016569e+01
1.090364899999999970e+00 3.355249772637152716e+01
1.096493299999999893e+00 3.279232339179279876e+01
1.102625699999999931e+00 3.205921642952621653e+01
1.108758099999999969e+00 3.135347598740646191e+01
1.114890500000000007e+00 3.067451789194339540e+01
1.121018899999999929e+00 3.002181014672391512e+01
1.127151299999999967e+00 2.939321687559873197e+01
1.133283700000000005e+00 2.878760016552942602e+01
1.139416100000000043e+00 2.820316006298935463e+01
1.145544499999999966e+00 2.763830147405247928e+01
1.151676900000000003e+00 2.709024775248990835e+01
1.157809300000000041e+00 2.655732822131468751e+01
1.163937699999999964e+00 2.603790311339366781e+01
1.170070100000000002e+00 2.552946091061570755e+01
1.176202500000000040e+00 2.503071201077361962e+01
1.182334900000000077e+00 2.454027549503251748e+01
1.188463300000000000e+00 2.405737194786592426e+01
1.194595700000000038e+00 2.358058945668776474e+01
1.200728100000000076e+00 2.310978100151229242e+01
1.206860499999999892e+00 2.264479186453682757e+01
1.212988900000000037e+00 2.218605268866743785e+01
1.219121300000000074e+00 2.173335137780806647e+01
1.225253699999999890e+00 2.128758556058250306e+01
1.231382100000000035e+00 2.084979167697992253e+01
1.237514500000000073e+00 2.042025105159097365e+01
1.243646900000000111e+00 2.000014594064944262e+01
1.249779299999999926e+00 1.959035242973741475e+01
1.255907700000000071e+00 1.919193013801353231e+01
1.262040100000000109e+00 1.880504040620383677e+01
1.268172499999999925e+00 1.843046657573930958e+01
1.274305000000000021e+00 1.806852922947422257e+01
1.280433300000000107e+00 1.771958249037506050e+01
1.286565699999999923e+00 1.738304477738411435e+01
1.292698099999999961e+00 1.705882597131861189e+01
1.298830600000000057e+00 1.674638757728055438e+01
1.304958899999999922e+00 1.644522187139570946e+01
1.311091299999999960e+00 1.615405446342430906e+01
1.317223800000000056e+00 1.587210628330516826e+01
1.323352099999999920e+00 1.559851667959793886e+01
1.329484499999999958e+00 1.533183875485178405e+01
1.335616899999999996e+00 1.507119928227087868e+01
1.341749400000000092e+00 1.481559513907359538e+01
1.347877699999999956e+00 1.456430029013577077e+01
1.354010099999999994e+00 1.431620304012576916e+01
1.360142600000000090e+00 1.407085146904437067e+01
1.366274999999999906e+00 1.382780716223190609e+01
1.372403299999999993e+00 1.358695901200625755e+01
1.378535700000000030e+00 1.334789516214832794e+01
1.384668199999999905e+00 1.311085260485091197e+01
1.390800599999999942e+00 1.287606994931619830e+01
1.396928900000000029e+00 1.264405677677832074e+01
1.403061399999999903e+00 1.241495749185837028e+01
1.409193799999999941e+00 1.218946179835422683e+01
1.415322100000000027e+00 1.196827147104888844e+01
1.421454500000000065e+00 1.175164776547664225e+01
1.427586999999999939e+00 1.154025963800235566e+01
1.433719399999999977e+00 1.133457221298494133e+01
1.439847700000000064e+00 1.113508116866220554e+01
1.445980199999999938e+00 1.094177346509327720e+01
1.452112599999999976e+00 1.075492338502008849e+01
1.458245000000000013e+00 1.057452813866684949e+01
1.464373300000000100e+00 1.040056996041920101e+01
1.470505799999999974e+00 1.023255515993154674e+01
1.476638200000000012e+00 1.007023529168207077e+01
1.482766500000000098e+00 9.913242107927864311e+00
1.488898999999999972e+00 9.760819949764000469e+00
1.495031400000000010e+00 9.612487398020320484e+00
1.501163800000000048e+00 9.467625836815438234e+00
1.507292099999999913e+00 9.325717385860654574e+00
1.513424600000000009e+00 9.185988454382192359e+00
1.519557000000000047e+00 9.048011825486875992e+00
1.525689400000000084e+00 8.911332469152707603e+00
1.531817800000000007e+00 8.775677291069793995e+00
1.537950200000000045e+00 8.640610872472679560e+00
1.544082600000000083e+00 8.506072793934933429e+00
1.550214999999999899e+00 8.372023996184630334e+00
1.556343400000000043e+00 8.238618039508711632e+00
1.562475800000000081e+00 8.105843761239711398e+00
1.568608199999999897e+00 7.974034199010608503e+00
1.574736600000000042e+00 7.843585275226953257e+00
1.580869000000000080e+00 7.714683446721902094e+00
1.587001399999999895e+00 7.587795548556314884e+00
1.593133799999999933e+00 7.463305279058507935e+00
1.599262200000000078e+00 7.341655970785786245e+00
1.605394599999999894e+00 7.223015140072615914e+00
1.611526999999999932e+00 7.107734097668491735e+00
1.617659399999999970e+00 6.996014430378612481e+00
1.623787799999999892e+00 6.888047595965248959e+00
1.629920199999999930e+00 6.783729697366458922e+00
1.636052599999999968e+00 6.683082925875384106e+00
1.642180999999999891e+00 6.586036338291328285e+00
1.648313399999999929e+00 6.492253463192721341e+00
1.654445799999999966e+00 6.401522657731401722e+00
1.660578200000000004e+00 6.313515034896360234e+00
1.666706599999999927e+00 6.227919818328645718e+00
1.672838999999999965e+00 6.144239537266920514e+00
1.678971400000000003e+00 6.062142445782696676e+00
1.685103800000000041e+00 5.981255041283229268e+00
1.691232199999999963e+00 5.901286691893798952e+00
1.697364600000000001e+00 5.821835544950066499e+00
1.703497000000000039e+00 5.742712947182742056e+00
1.709629499999999913e+00 5.663741545998099092e+00
1.715757800000000000e+00 5.584870745475287279e+00
1.721890200000000037e+00 5.505959481569356662e+00
1.728022600000000075e+00 5.427095989240758200e+00
1.734150999999999998e+00 5.348431470183028225e+00
1.740283400000000036e+00 5.270019310167354476e+00
1.746415800000000074e+00 5.192112582247506047e+00
1.752548299999999948e+00 5.114944616706304181e+00
1.758676600000000034e+00 5.038822135996990248e+00
1.764809000000000072e+00 4.963900280270058474e+00
1.770941400000000110e+00 4.890479351235231142e+00
1.777073899999999984e+00 4.818784562306731800e+00
1.783202200000000071e+00 4.749056206881812514e+00
1.789334600000000108e+00 4.681347628509676895e+00
1.795467099999999983e+00 4.615801693842611186e+00
1.801599500000000020e+00 4.552461337289817500e+00
1.807727800000000107e+00 4.491349026825467661e+00
1.813860299999999981e+00 4.432309374610268193e+00
1.819992700000000019e+00 4.375261147789914595e+00
1.826121000000000105e+00 4.320069400934880122e+00
1.832253399999999921e+00 4.266453136541056068e+00
1.838385900000000017e+00 4.214215042314773285e+00
1.844518300000000055e+00 4.163107398023737638e+00
1.850646599999999919e+00 4.112909608517519189e+00
1.856779100000000016e+00 4.063308771660278040e+00
1.862911500000000053e+00 4.014114293931843491e+00
1.869043900000000091e+00 3.965128125772553691e+00
1.875172199999999956e+00 3.916222743738440926e+00
1.881304700000000052e+00 3.867214841666459790e+00
1.887437100000000090e+00 3.818068624837305691e+00
1.893569499999999906e+00 3.768761732150391452e+00
1.899697900000000050e+00 3.719352537953790616e+00
1.905830300000000088e+00 3.669847051672903593e+00
1.911962699999999904e+00 3.620387208708733873e+00
1.918090999999999990e+00 3.571147718078023559e+00
1.924223500000000087e+00 3.522227369886315351e+00
1.930355899999999902e+00 3.473840670395282437e+00
1.936488299999999940e+00 3.426171202123669879e+00
1.942616700000000085e+00 3.379428228291389225e+00
1.948749099999999901e+00 3.333715147214639352e+00
1.954881499999999939e+00 3.289204383553211208e+00
1.961013899999999976e+00 3.246007645198917047e+00
1.967142299999999899e+00 3.204228208035948100e+00
1.973274699999999937e+00 3.163849286754124357e+00
1.979407099999999975e+00 3.124896209346607279e+00
1.985535499999999898e+00 3.087350992529650728e+00
1.991667899999999936e+00 3.051085451037379492e+00
1.997800299999999973e+00 3.016012400300264851e+00
2.003932700000000011e+00 2.981992543470864732e+00
2.010061100000000156e+00 2.948887743545981266e+00
2.016193499999999972e+00 2.916482997084491213e+00
2.022325899999999788e+00 2.884624133399823265e+00
2.028458300000000047e+00 2.853139169374202311e+00
2.034586700000000192e+00 2.821888401036314331e+00
2.040719100000000008e+00 2.790690044833658234e+00
2.046851499999999824e+00 2.759448472560309007e+00
2.052983900000000084e+00 2.728077229426185468e+00
2.059112299999999784e+00 2.696543206785631419e+00
2.065244700000000044e+00 2.664785584665226192e+00
2.071377099999999860e+00 2.632839010988631046e+00
2.077505500000000005e+00 2.600770446050459039e+00
2.083637899999999821e+00 2.568612394299772284e+00
2.089770300000000081e+00 2.536483811125079590e+00
2.095902699999999896e+00 2.504500630249507420e+00
2.102031100000000041e+00 2.472810691866559551e+00
2.108163499999999857e+00 2.441504245743766788e+00
2.114295900000000117e+00 2.410731216876183414e+00
2.120428400000000213e+00 2.380611033700945622e+00
2.126556700000000077e+00 2.351268671221428352e+00
2.132689099999999893e+00 2.322748531565172136e+00
2.138821500000000153e+00 2.295130271898480956e+00
2.144949899999999854e+00 2.268463583591680433e+00
2.151082300000000114e+00 2.242717779211704787e+00
2.157214699999999930e+00 2.217886360355157738e+00
2.163347200000000026e+00 2.193917919696314556e+00
2.169475499999999890e+00 2.170753482782787458e+00
2.175607900000000150e+00 2.148266671544936557e+00
2.181740299999999966e+00 2.126363026009764567e+00
2.187872800000000062e+00 2.104922311755938136e+00
2.194001099999999926e+00 2.083835548144876260e+00
2.200133500000000186e+00 2.062952649810589456e+00
2.206265999999999838e+00 2.042173712377326478e+00
2.212398400000000098e+00 2.021398647237229618e+00
2.218526699999999963e+00 2.000557789232565664e+00
2.224659099999999778e+00 1.979560916586234232e+00
2.230791599999999875e+00 1.958382550372661068e+00
2.236919900000000183e+00 1.937023227070482356e+00
2.243052299999999999e+00 1.915463996607123409e+00
2.249184800000000095e+00 1.893751957927397367e+00
2.255317199999999911e+00 1.871941955260772117e+00
2.261445500000000219e+00 1.850119937823941463e+00
2.267577900000000035e+00 1.828341823769825458e+00
2.273710400000000131e+00 1.806715788853638927e+00
2.279842799999999947e+00 1.785340211707582281e+00
2.285971099999999812e+00 1.764324981159169692e+00
2.292103599999999908e+00 1.743731645632370153e+00
2.298236000000000168e+00 1.723654340791599182e+00
2.304368399999999983e+00 1.704157350274674965e+00
2.310496699999999848e+00 1.685299970084250365e+00
2.316629199999999944e+00 1.667083705041773278e+00
2.322761600000000204e+00 1.649528061209404761e+00
2.328889900000000068e+00 1.632628894775705053e+00
2.335022400000000165e+00 1.616328386352270385e+00
2.341154799999999980e+00 1.600585545737910564e+00
2.347287199999999796e+00 1.585331787404828496e+00
2.353415500000000105e+00 1.570496831558245709e+00
2.359548000000000201e+00 1.555972796021326321e+00
2.365680400000000017e+00 1.541678911174471089e+00
2.371812799999999832e+00 1.527524590300082696e+00
2.377941199999999977e+00 1.513433891377668150e+00
2.384073599999999793e+00 1.499312449476889242e+00
2.390206000000000053e+00 1.485105976167546027e+00
2.396338399999999869e+00 1.470766208703938815e+00
2.402466800000000013e+00 1.456271541462152541e+00
2.408599199999999829e+00 1.441590096569920654e+00
2.414731600000000089e+00 1.426736589488130758e+00
2.420859999999999790e+00 1.411743653066820148e+00
2.426992400000000050e+00 1.396630362370137490e+00
2.433124799999999865e+00 1.381458614787778316e+00
2.439257200000000125e+00 1.366291073164808356e+00
2.445385599999999826e+00 1.351207269195852989e+00
2.451518000000000086e+00 1.336260544394727523e+00
2.457650399999999902e+00 1.321533389215038490e+00
2.463782800000000162e+00 1.307094255980441044e+00
2.469911199999999862e+00 1.293013080287682026e+00
2.476043600000000122e+00 1.279321769530712860e+00
2.482175999999999938e+00 1.266067004931540785e+00
2.488304400000000083e+00 1.253279697825312233e+00
2.494436799999999899e+00 1.240950276703810751e+00
2.500569200000000158e+00 1.229078618523884447e+00
2.506701599999999974e+00 1.217640981398905975e+00
2.512830000000000119e+00 1.206606951285896345e+00
2.518962399999999935e+00 1.195912923936763406e+00
2.525094800000000195e+00 1.185507830226955939e+00
2.531227200000000011e+00 1.175327071239449017e+00
2.537355600000000155e+00 1.165309566489821647e+00
2.543487999999999971e+00 1.155375015770932823e+00
2.549620399999999787e+00 1.145466291704713591e+00
2.555752899999999883e+00 1.135526067108165282e+00
2.561881200000000192e+00 1.125513395524233795e+00
2.568013600000000007e+00 1.115378005107849901e+00
2.574145999999999823e+00 1.105102619669147579e+00
2.580274399999999968e+00 1.094683798504022088e+00
2.586406799999999784e+00 1.084111468908048215e+00
2.592539200000000044e+00 1.073409218033506418e+00
2.598671700000000140e+00 1.062605855397275478e+00
2.604800000000000004e+00 1.051748406443653971e+00
2.610932399999999820e+00 1.040869730188331621e+00
2.617064800000000080e+00 1.030030273593514289e+00
2.623197300000000176e+00 1.019285863082065369e+00
2.629325600000000041e+00 1.008699775571954671e+00
2.635457999999999856e+00 9.983106157478583986e-01
2.641590499999999953e+00 9.881727648315525858e-01
2.647722900000000212e+00 9.783260715658133044e-01
2.653851200000000077e+00 9.688063711990929638e-01
2.659983599999999893e+00 9.596195268734857287e-01
2.666116099999999989e+00 9.507785620327998677e-01
2.672244399999999853e+00 9.422839062619914330e-01
2.678376800000000113e+00 9.341069258210596971e-01
2.684509300000000209e+00 9.262254462122839760e-01
2.690641700000000025e+00 9.186026592773642863e-01
2.696769999999999889e+00 9.111989672671194640e-01
2.702902400000000149e+00 9.039550905241060530e-01
2.709034899999999801e+00 8.968239512494569077e-01
2.715167300000000061e+00 8.897537625325182553e-01
2.721295599999999926e+00 8.826995801734239810e-01
2.727428100000000022e+00 8.756071215595491175e-01
2.733560499999999838e+00 8.684434417237778536e-01
2.739688800000000146e+00 8.611839727383236998e-01
2.745821199999999962e+00 8.537994400796082850e-01
2.751953700000000058e+00 8.462854749960528888e-01
2.758086099999999874e+00 8.386439667271279319e-01
2.764214400000000182e+00 8.308920370145520540e-01
2.770346899999999835e+00 8.230407340599994459e-01
2.776479300000000094e+00 8.151252729510696238e-01
2.782611699999999910e+00 8.071819113330851447e-01
2.788740000000000219e+00 7.992569290036235508e-01
2.794872499999999871e+00 7.913830076563321825e-01
2.801004900000000131e+00 7.836093583630403536e-01
2.807137299999999946e+00 7.759774884133595618e-01
2.813265700000000091e+00 7.685297505985744237e-01
2.819398099999999907e+00 7.612880526976897322e-01
2.825530500000000167e+00 7.542815476467064073e-01
2.831658899999999868e+00 7.475302536584680357e-01
2.837791300000000128e+00 7.410318464189920018e-01
2.843923699999999943e+00 7.347879005691091425e-01
2.850056100000000203e+00 7.287863560944848329e-01
2.856184499999999904e+00 7.230104250334710159e-01
2.862316900000000164e+00 7.174247816266869915e-01
2.868449299999999980e+00 7.119996165582862524e-01
2.874581699999999795e+00 7.066971580985507151e-01
2.880710099999999940e+00 7.014808009804009981e-01
2.886842500000000200e+00 6.963035261959358291e-01
2.892974900000000016e+00 6.911302485616834801e-01
2.899103300000000161e+00 6.859294281958189243e-01
2.905235699999999976e+00 6.806645351767834917e-01
2.911368099999999792e+00 6.753157384101853289e-01
2.917500500000000052e+00 6.698673778233232845e-01
2.923628900000000197e+00 6.643156191702377367e-01
2.929761300000000013e+00 6.586540870326573760e-01
2.935893699999999829e+00 6.528953916066723151e-01
2.942026100000000088e+00 6.470560916501544302e-01
2.948154499999999789e+00 6.411631640729539283e-01
2.954286900000000049e+00 6.352372901536044170e-01
2.960419299999999865e+00 6.293144363063033486e-01
2.966551700000000125e+00 6.234288010107023048e-01
2.972680099999999825e+00 6.176186466149777843e-01
2.978812500000000085e+00 6.119094282721243561e-01
2.984944899999999901e+00 6.063349345213557839e-01
2.991073300000000046e+00 6.009240535939418537e-01
2.997205699999999862e+00 5.956893539066001608e-01
3.003338100000000122e+00 5.906473818410329368e-01
3.009470600000000218e+00 5.858037691325446161e-01
3.015598900000000082e+00 5.811599760663304082e-01
3.021731299999999898e+00 5.767006993862006103e-01
3.027863700000000158e+00 5.724133538313080916e-01
3.033996199999999810e+00 5.682762261924106939e-01
3.040124500000000118e+00 5.642656967361735498e-01
3.046256899999999934e+00 5.603465410682753056e-01
3.052389400000000030e+00 5.564897061918642196e-01
3.058521799999999846e+00 5.526632681520476931e-01
3.064650100000000155e+00 5.488389035801559679e-01
3.070782499999999970e+00 5.449833849957392840e-01
3.076915000000000067e+00 5.410750960570283041e-01
3.083043299999999931e+00 5.370978656205183110e-01
3.089175700000000191e+00 5.330332788830063340e-01
3.095308199999999843e+00 5.288773382959530700e-01
3.101440600000000103e+00 5.246302863076850453e-01
3.107568899999999967e+00 5.203016190940696895e-01
3.113701299999999783e+00 5.158982546329092811e-01
3.119833799999999879e+00 5.114410320074064265e-01
3.125966200000000139e+00 5.069524674172345424e-01
3.132094500000000004e+00 5.024609884877035970e-01
3.138227000000000100e+00 4.979877906491665396e-01
3.144359399999999916e+00 4.935637124474995807e-01
3.150487699999999780e+00 4.892182385712028347e-01
3.156620100000000040e+00 4.849698922988097127e-01
3.162752600000000136e+00 4.808423745699613727e-01
3.168884999999999952e+00 4.768521346021068474e-01
3.175013299999999816e+00 4.730126614193927992e-01
3.181145799999999912e+00 4.693240388039013333e-01
3.187278200000000172e+00 4.657883414788898113e-01
3.193410599999999988e+00 4.623990001498711755e-01
3.199538899999999852e+00 4.591461932487450048e-01
3.205671399999999949e+00 4.560087826248855336e-01
3.211803800000000209e+00 4.529684422025055945e-01
3.217936200000000024e+00 4.500016338221452528e-01
3.224064600000000169e+00 4.470851168920171315e-01
3.230196999999999985e+00 4.441895702646988520e-01
3.236329399999999801e+00 4.412922431532571022e-01
3.242457700000000109e+00 4.383724880835143667e-01
3.248590200000000205e+00 4.354068731015579008e-01
3.254722600000000021e+00 4.323819791686183134e-01
3.260854999999999837e+00 4.292870196765572466e-01
3.266983399999999982e+00 4.261185145388758921e-01
3.273115799999999798e+00 4.228721015277535633e-01
3.279248200000000057e+00 4.195548602364750912e-01
3.285380599999999873e+00 4.161767478315155921e-01
3.291509000000000018e+00 4.127543050243702716e-01
3.297641399999999834e+00 4.093008984716044463e-01
3.303773800000000094e+00 4.058391888144212700e-01
3.309906199999999910e+00 4.023911461852223703e-01
3.316034600000000054e+00 3.989813521353517967e-01
3.322166999999999870e+00 3.956269882721229481e-01
3.328299400000000130e+00 3.923501331554835048e-01
3.334427799999999831e+00 3.891698883264344544e-01
3.340560200000000091e+00 3.860955559543752802e-01
3.346692599999999906e+00 3.831384759546905272e-01
3.352825000000000166e+00 3.803032373399038435e-01
3.358953399999999867e+00 3.775913416542623358e-01
3.365085800000000127e+00 3.749942699362746046e-01
3.371218199999999943e+00 3.725043978737447303e-01
3.377350600000000203e+00 3.701083542503094126e-01
3.383478999999999903e+00 3.677910257279777273e-01
3.389611400000000163e+00 3.655304141930753592e-01
3.395743799999999979e+00 3.633076527936074385e-01
3.401876300000000075e+00 3.611018998425866711e-01
3.408004599999999940e+00 3.588945226383059572e-01
3.414137000000000199e+00 3.566639513389098792e-01
3.420269400000000015e+00 3.543955490403437603e-01
3.426397800000000160e+00 3.520779668856328648e-01
3.432530199999999976e+00 3.496991121335356056e-01
3.438662599999999792e+00 3.472555977521737391e-01
3.444795099999999888e+00 3.447468618458531253e-01
3.450923400000000196e+00 3.421785163738267910e-01
3.457055800000000012e+00 3.395549239124902030e-01
3.463188199999999828e+00 3.368892205278351537e-01
3.469320699999999924e+00 3.341957660016320331e-01
3.475448999999999788e+00 3.314930597938392509e-01
3.481581400000000048e+00 3.287953701382324567e-01
3.487713900000000145e+00 3.261228156962252545e-01
3.493842200000000009e+00 3.234950711414263935e-01
3.499974599999999825e+00 3.209250200708462231e-01
3.506107000000000085e+00 3.184286897269830163e-01
3.512239500000000181e+00 3.160174091293880827e-01
3.518367800000000045e+00 3.137007247287830758e-01
3.524500199999999861e+00 3.114796728022228844e-01
3.530632699999999957e+00 3.093560450346221069e-01
3.536765100000000217e+00 3.073262526384625826e-01
3.542893400000000081e+00 3.053842001591131616e-01
3.549025799999999897e+00 3.035166949929012370e-01
3.555158299999999993e+00 3.017117304798271893e-01
3.561290699999999809e+00 2.999540435911992597e-01
3.567419000000000118e+00 2.982281937235618519e-01
3.573551500000000214e+00 2.965148873482278402e-01
3.579683900000000030e+00 2.947988091246108722e-01
3.585812199999999894e+00 2.930658036060821980e-01
3.591944600000000154e+00 2.913002343758309132e-01
3.598077099999999806e+00 2.894924951920290201e-01
3.604209500000000066e+00 2.876350032097132470e-01
3.610337799999999930e+00 2.857247996162236570e-01
3.616470300000000027e+00 2.837586399522866176e-01
3.622602699999999842e+00 2.817407375976744843e-01
3.628735100000000102e+00 2.796772982909383476e-01
3.634863399999999967e+00 2.775789579500994586e-01
3.640995900000000063e+00 2.754545685118582887e-01
3.647128299999999879e+00 2.733191500677933372e-01
3.653260700000000138e+00 2.711873776674962877e-01
3.659389099999999839e+00 2.690757280099171367e-01
3.665521500000000099e+00 2.669961796704933832e-01
3.671653899999999915e+00 2.649637625403787888e-01
3.677782199999999779e+00 2.629916477212697057e-01
3.683914699999999876e+00 2.610866910464281210e-01
3.690047100000000135e+00 2.592570321842336822e-01
3.696179499999999951e+00 2.575062767937725816e-01
3.702307900000000096e+00 2.558358793308835866e-01
3.708440299999999912e+00 2.542408188903990673e-01
3.714572700000000172e+00 2.527163132190777262e-01
3.720705099999999987e+00 2.512537313311446474e-01
3.726833500000000132e+00 2.498430722657537795e-01
3.732965899999999948e+00 2.484698804065745004e-01
3.739098300000000208e+00 2.471213980123938836e-01
3.745226699999999909e+00 2.457844159305186960e-01
3.751359100000000169e+00 2.444434234098849801e-01
3.757491499999999984e+00 2.430865022066742154e-01
3.763623899999999800e+00 2.417024546610766211e-01
3.769752299999999945e+00 2.402831460329515334e-01
3.775884700000000205e+00 2.388201909328531991e-01
3.782017100000000021e+00 2.373107900621563293e-01
3.788149499999999836e+00 2.357541959302621726e-01
3.794277899999999981e+00 2.341536777616163301e-01
3.800410299999999797e+00 2.325121582192999636e-01
3.806542700000000057e+00 2.308381958869639150e-01
3.812675099999999873e+00 2.291414221037896826e-01
3.818803500000000017e+00 2.274341767082263543e-01
3.824935899999999833e+00 2.257264592010528315e-01
3.831068300000000093e+00 2.240320019999870460e-01
3.837196699999999794e+00 2.223642534359468181e-01
3.843329100000000054e+00 2.207325361207187753e-01
3.849461499999999869e+00 2.191480252363052494e-01
3.855593900000000129e+00 2.176188821271104745e-01
3.861722299999999830e+00 2.161519041242534189e-01
3.867854700000000090e+00 2.147484693388033994e-01
3.873987099999999906e+00 2.134101496492509797e-01
3.880119600000000002e+00 2.121348172912066177e-01
3.886247899999999866e+00 2.109186350337144966e-01
3.892380300000000126e+00 2.097529777443056798e-01
3.898512699999999942e+00 2.086297625983922766e-01
3.904641100000000087e+00 2.075393049439421267e-01
3.910773499999999903e+00 2.064688561219535923e-01
3.916905900000000162e+00 2.054074325609003271e-01
3.923038399999999815e+00 2.043435201620837360e-01
3.929166700000000123e+00 2.032671552361802192e-01
3.935299099999999939e+00 2.021674501706564597e-01
3.941431500000000199e+00 2.010374215571144596e-01
3.947563999999999851e+00 1.998714460931336756e-01
3.953692300000000159e+00 1.986671187694874496e-01
3.959824699999999975e+00 1.974220172414460350e-01
3.965957200000000071e+00 1.961385938939018969e-01
3.972089599999999887e+00 1.948209280170316582e-01
3.978217900000000196e+00 1.934760659931393512e-01
3.984350300000000011e+00 1.921101486237020983e-01
3.990482800000000108e+00 1.907333537515088218e-01
3.996611099999999972e+00 1.893568358867035450e-01
4.002743500000000232e+00 1.879892756881484939e-01
4.008875999999999884e+00 1.866419515615091729e-01
4.015008400000000144e+00 1.853245955893145225e-01
4.021136699999999564e+00 1.840465466109089121e-01
4.027269200000000104e+00 1.828130109528331992e-01
4.033401600000000364e+00 1.816299273591919783e-01
4.039533999999999736e+00 1.805001628789638102e-01
4.045662300000000045e+00 1.794250423895137614e-01
4.051794799999999697e+00 1.784014637357768107e-01
4.057927199999999957e+00 1.774263823305235188e-01
4.064059600000000216e+00 1.764940092491058543e-01
4.070187999999999917e+00 1.755974972516154420e-01
