3.577503900000000153e-02 1.192409388192452388e+04
4.190623799999999843e-02 1.170655288101674341e+04
4.803784500000000263e-02 1.146063807277696833e+04
5.416904399999999953e-02 1.118881070354159237e+04
6.030024300000000337e-02 1.089368697003116176e+04
6.643184900000000115e-02 1.057803731169202911e+04
7.256304800000000499e-02 1.024481150231141510e+04
7.869424699999999495e-02 9.896967129539771122e+03
8.482544599999999879e-02 9.537506834880139650e+03
9.095705299999999605e-02 9.169388871550585463e+03
9.708825199999999989e-02 8.795583142530535042e+03
1.032198599999999966e-01 8.418858918298214121e+03
1.093510599999999999e-01 8.041946702365043166e+03
1.154822600000000032e-01 7.667330741525836856e+03
1.216134600000000066e-01 7.297321553361563929e+03
1.277450599999999936e-01 6.933984622971835051e+03
1.338762599999999969e-01 6.579217165032860976e+03
1.400074600000000002e-01 6.234593486606509032e+03
1.461390700000000098e-01 5.901431671416368772e+03
1.522702700000000131e-01 5.580856414089214013e+03
1.584014599999999939e-01 5.273669221850675967e+03
1.645330700000000035e-01 4.980425468318493586e+03
1.706642700000000068e-01 4.701504689289195994e+03
1.767954700000000101e-01 4.437007101997669452e+03
1.829270799999999919e-01 4.186836674123500416e+03
1.890582799999999952e-01 3.950768942527792206e+03
1.951894700000000038e-01 3.728374871641635309e+03
2.013210800000000134e-01 3.519098786683412072e+03
2.074522799999999889e-01 3.322324061174186227e+03
2.135834799999999922e-01 3.137313306635792287e+03
2.197146799999999955e-01 2.963290436435035190e+03
2.258462800000000104e-01 2.799439530207470852e+03
2.319774800000000137e-01 2.644968882768852382e+03
2.381086799999999892e-01 2.499066811973251333e+03
2.442402899999999988e-01 2.360953457030587742e+03
2.503714899999999743e-01 2.229920941243697598e+03
2.565026899999999777e-01 2.105289973516393729e+03
2.626342899999999925e-01 1.986448725935603989e+03
2.687654899999999958e-01 1.872880153006592764e+03
2.748966899999999991e-01 1.764118924138843113e+03
2.810283000000000087e-01 1.659776711607602692e+03
2.871595000000000120e-01 1.559560251642224330e+03
2.932907000000000153e-01 1.463225777333565929e+03
2.994222999999999746e-01 1.370595727489894443e+03
3.055534999999999779e-01 1.281568544735726618e+03
3.116846999999999812e-01 1.196074306574562343e+03
3.178163099999999908e-01 1.114084887460360505e+03
3.239475099999999941e-01 1.035620217461451603e+03
3.300787099999999974e-01 9.607060473501936713e+02
3.362103100000000122e-01 8.893824830888330553e+02
3.423415100000000155e-01 8.217081893020420011e+02
3.484727100000000188e-01 7.577246489105650653e+02
3.546039100000000222e-01 6.974681426455173323e+02
3.607355199999999762e-01 6.409555476754505889e+02
3.668667099999999848e-01 5.881946966295440689e+02
3.729979099999999881e-01 5.391580183777280126e+02
3.791295199999999976e-01 4.937934047677244962e+02
3.852607200000000010e-01 4.520309437648718358e+02
3.913919200000000043e-01 4.137650491746034618e+02
3.975235200000000191e-01 3.788659227816893349e+02
4.036547200000000224e-01 3.471874320280015240e+02
4.097842899999999955e-01 3.185635757850444065e+02
4.159167100000000228e-01 2.927867794971996886e+02
4.220491399999999893e-01 2.696705217725761941e+02
4.281815600000000166e-01 2.490056446027291202e+02
4.343099000000000265e-01 2.305898637463713499e+02
4.404423299999999930e-01 2.141844511645733462e+02
4.465747500000000203e-01 1.995915065341515060e+02
4.527071699999999921e-01 1.866069534298493124e+02
4.588355199999999967e-01 1.750439650150331374e+02
4.649679400000000240e-01 1.647057468736773842e+02
4.711003599999999958e-01 1.554334513946732557e+02
4.772287100000000004e-01 1.470813839191373233e+02
4.833611300000000277e-01 1.395044204671622765e+02
4.894935499999999995e-01 1.325914599469977588e+02
4.956259700000000268e-01 1.262425275535242406e+02
5.017543199999999759e-01 1.203776845233779653e+02
5.078867400000000032e-01 1.149206962262021392e+02
5.140191600000000305e-01 1.098209437503931412e+02
5.201515799999999468e-01 1.050359561631543812e+02
5.262799299999999514e-01 1.005365734392817387e+02
5.324123499999999787e-01 9.629332462505742285e+01
5.385447700000000060e-01 9.229248164185858627e+01
5.446771900000000333e-01 8.852216079937049642e+01
5.508055400000000379e-01 8.497603753502335167e+01
5.569379599999999542e-01 8.164260822016315444e+01
5.630703799999999815e-01 7.851806751702318365e+01
5.691987299999999861e-01 7.559761679985557237e+01
5.753311500000000134e-01 7.286952083242789513e+01
5.814635700000000407e-01 7.032624403257868551e+01
5.875959899999999569e-01 6.795631481101317206e+01
5.937243399999999616e-01 6.574772443672799227e+01
5.998567599999999889e-01 6.368234124724001788e+01
6.059891800000000162e-01 6.174503170162757471e+01
6.121216000000000435e-01 5.991815866107329924e+01
6.182499500000000481e-01 5.818476957998480259e+01
6.243823699999999643e-01 5.652464479024837374e+01
6.305147899999999916e-01 5.492178247146015480e+01
6.366472100000000189e-01 5.336031313152282962e+01
6.427755600000000236e-01 5.182719735846319509e+01
6.489079800000000509e-01 5.030859160760662263e+01
6.550403999999999671e-01 4.879626047639095532e+01
6.611687499999999718e-01 4.728469842687031388e+01
6.673011699999999990e-01 4.576821316600473466e+01
6.734335900000000263e-01 4.424689649162668559e+01
6.795660199999999929e-01 4.272244581277371367e+01
6.856943599999999472e-01 4.119992052359660306e+01
6.918267799999999745e-01 3.968331506732222635e+01
6.979592100000000521e-01 3.818122982140337740e+01
7.040916299999999683e-01 3.670234859904884672e+01
7.102199700000000337e-01 3.525689392288766300e+01
7.163523899999999500e-01 3.385231405148438455e+01
7.224848200000000276e-01 3.249858929555127673e+01
7.286131599999999819e-01 3.120477133854868512e+01
7.347455800000000092e-01 2.997616470738149985e+01
7.408780099999999758e-01 2.881920784194886664e+01
7.470104300000000030e-01 2.773776723247450704e+01
7.531387699999999574e-01 2.673451640848411870e+01
7.592712000000000350e-01 2.580827734176128274e+01
7.654036199999999512e-01 2.495807189304207085e+01
7.715360399999999785e-01 2.418050734126759949e+01
7.776643899999999832e-01 2.347111477373517729e+01
7.837968100000000105e-01 2.282275507217596200e+01
7.899292300000000377e-01 2.222872885895435502e+01
7.960616499999999540e-01 2.168116924792934697e+01
8.021899999999999586e-01 2.117219276241047510e+01
8.083224199999999859e-01 2.069290175906401785e+01
8.144548400000000132e-01 2.023571570282136634e+01
8.205831900000000179e-01 1.979357212830447921e+01
8.267156100000000452e-01 1.935935328032710956e+01
8.328480299999999614e-01 1.892783374122993223e+01
8.389804499999999887e-01 1.849463924374918733e+01
8.451087999999999933e-01 1.805691721209333167e+01
8.512412200000000206e-01 1.761219240813573350e+01
8.573736400000000479e-01 1.716007563840001282e+01
8.635060599999999642e-01 1.670102158803566894e+01
8.696344099999999688e-01 1.623679850994151508e+01
8.757668299999999961e-01 1.576908615222820131e+01
8.818992500000000234e-01 1.530113694969941740e+01
8.880316700000000507e-01 1.483633780544131930e+01
8.941600200000000553e-01 1.437860463931729171e+01
9.002924399999999716e-01 1.393096161415964573e+01
9.064248599999999989e-01 1.349717327939933398e+01
9.125532100000000035e-01 1.308061770151337555e+01
9.186856300000000308e-01 1.268335202323190458e+01
9.248180499999999471e-01 1.230766255064255077e+01
9.309504699999999744e-01 1.195486871275804219e+01
9.370788199999999790e-01 1.162577834445373526e+01
9.432112400000000063e-01 1.131982873169183001e+01
9.493436600000000336e-01 1.103643241143231357e+01
9.554760799999999499e-01 1.077415328051307064e+01
9.616044299999999545e-01 1.053118125473389632e+01
9.677368499999999818e-01 1.030481338101531819e+01
9.738692700000000091e-01 1.009254714088123528e+01
9.799976200000000137e-01 9.891689027317008609e+00
9.861300400000000410e-01 9.699131368561904054e+00
9.922624599999999573e-01 9.512278832704250675e+00
9.983948900000000348e-01 9.328626299532050581e+00
1.004523199999999949e+00 9.146119366929696071e+00
1.010655700000000046e+00 8.962740307939293771e+00
1.016788100000000084e+00 8.777307436426250220e+00
1.022920499999999899e+00 8.589000200207459912e+00
1.029048799999999986e+00 8.397626996218930273e+00
1.035181300000000082e+00 8.203085048869873219e+00
1.041313699999999898e+00 8.006099888236960282e+00
1.047446099999999936e+00 7.807635640493506557e+00
1.053574500000000080e+00 7.609087989860164214e+00
1.059706899999999896e+00 7.411675475776034361e+00
1.065839299999999934e+00 7.217125608647530832e+00
1.071967600000000020e+00 7.027186577211819163e+00
1.078100099999999895e+00 6.843157648635663115e+00
1.084232499999999932e+00 6.666581807873234844e+00
1.090364899999999970e+00 6.498643149565400456e+00
1.096493299999999893e+00 6.340350114243432422e+00
1.102625699999999931e+00 6.192084256985346258e+00
1.108758099999999969e+00 6.054197299651813857e+00
1.114890500000000007e+00 5.926585753441987237e+00
1.121018899999999929e+00 5.808883551792503930e+00
1.127151299999999967e+00 5.700190033384050281e+00
1.133283700000000005e+00 5.599573022161478342e+00
1.139416100000000043e+00 5.505810001356667982e+00
1.145544499999999966e+00 5.417587076701948945e+00
1.151676900000000003e+00 5.333340326402341347e+00
1.157809300000000041e+00 5.251669318232631944e+00
1.163937699999999964e+00 5.171224263728223747e+00
1.170070100000000002e+00 5.090618511687131864e+00
1.176202500000000040e+00 5.008796825962301469e+00
1.182334900000000077e+00 4.924869863053216612e+00
1.188463300000000000e+00 4.838256617870680287e+00
1.194595700000000038e+00 4.748475442057461748e+00
1.200728100000000076e+00 4.655488295377708141e+00
1.206860499999999892e+00 4.559468862363975639e+00
1.212988900000000037e+00 4.460902747460412598e+00
1.219121300000000074e+00 4.360296770249764364e+00
1.225253699999999890e+00 4.258524944287786163e+00
1.231382100000000035e+00 4.156591295074913539e+00
1.237514500000000073e+00 4.055375101067463461e+00
1.243646900000000111e+00 3.955977497753776273e+00
1.249779299999999926e+00 3.859402062539929013e+00
1.255907700000000071e+00 3.766631239374497397e+00
1.262040100000000109e+00 3.678342903766552041e+00
1.268172499999999925e+00 3.595238340310343617e+00
1.274305000000000021e+00 3.517768554619249421e+00
1.280433300000000107e+00 3.446229772458422325e+00
1.286565699999999923e+00 3.380561648467227620e+00
1.292698099999999961e+00 3.320643204238741042e+00
1.298830600000000057e+00 3.266108574495170558e+00
1.304958899999999922e+00 3.216454303672537929e+00
1.311091299999999960e+00 3.170934212619253234e+00
1.317223800000000056e+00 3.128796461273709362e+00
1.323352099999999920e+00 3.089214828629248899e+00
1.329484499999999958e+00 3.051256442727864115e+00
1.335616899999999996e+00 3.014083569014527786e+00
1.341749400000000092e+00 2.976884237006736100e+00
1.347877699999999956e+00 2.938962631628200484e+00
1.354010099999999994e+00 2.899663024414813606e+00
1.360142600000000090e+00 2.858545971767748828e+00
1.366274999999999906e+00 2.815305324242424856e+00
1.372403299999999993e+00 2.769827818378753470e+00
1.378535700000000030e+00 2.722071752494463759e+00
1.384668199999999905e+00 2.672239677980355221e+00
1.390800599999999942e+00 2.620646104040060376e+00
1.396928900000000029e+00 2.567756481641565447e+00
1.403061399999999903e+00 2.514020704207258650e+00
1.409193799999999941e+00 2.460058980780952531e+00
1.415322100000000027e+00 2.406519570865861546e+00
1.421454500000000065e+00 2.353942423843231602e+00
1.427586999999999939e+00 2.302942542233990864e+00
1.433719399999999977e+00 2.254041473472659263e+00
1.439847700000000064e+00 2.207704551976326091e+00
1.445980199999999938e+00 2.164202390105926632e+00
1.452112599999999976e+00 2.123785961815945811e+00
1.458245000000000013e+00 2.086549251571752528e+00
1.464373300000000100e+00 2.052484961918479289e+00
1.470505799999999974e+00 2.021399540302869724e+00
1.476638200000000012e+00 1.993062570775437692e+00
1.482766500000000098e+00 1.967142870161739276e+00
1.488898999999999972e+00 1.943185981045958410e+00
1.495031400000000010e+00 1.920741285778233109e+00
1.501163800000000048e+00 1.899313165753333088e+00
1.507292099999999913e+00 1.878419189928089761e+00
1.513424600000000009e+00 1.857557639955280226e+00
1.519557000000000047e+00 1.836314139963991954e+00
1.525689400000000084e+00 1.814322710032393982e+00
1.531817800000000007e+00 1.791311834893482224e+00
1.537950200000000045e+00 1.767054197793687775e+00
1.544082600000000083e+00 1.741462691038972110e+00
1.550214999999999899e+00 1.714532401725308963e+00
1.556343400000000043e+00 1.686370424615157404e+00
1.562475800000000081e+00 1.657113407016030493e+00
1.568608199999999897e+00 1.627026026550271176e+00
1.574736600000000042e+00 1.596433053572789085e+00
1.580869000000000080e+00 1.565639510630017384e+00
1.587001399999999895e+00 1.535031833598070605e+00
1.593133799999999933e+00 1.504978646553119415e+00
1.599262200000000078e+00 1.475850304479548125e+00
1.605394599999999894e+00 1.447925914065887554e+00
1.611526999999999932e+00 1.421492459291381349e+00
1.617659399999999970e+00 1.396755562469034873e+00
1.623787799999999892e+00 1.373864257169193914e+00
1.629920199999999930e+00 1.352847324497687742e+00
1.636052599999999968e+00 1.333701792717784329e+00
1.642180999999999891e+00 1.316345335230280078e+00
1.648313399999999929e+00 1.300593983495348827e+00
1.654445799999999966e+00 1.286239414050950547e+00
1.660578200000000004e+00 1.273014694917290246e+00
1.666706599999999927e+00 1.260628166733670952e+00
1.672838999999999965e+00 1.248747016894157902e+00
1.678971400000000003e+00 1.237061245950463295e+00
1.685103800000000041e+00 1.225266455589490988e+00
1.691232199999999963e+00 1.213094635376909425e+00
1.697364600000000001e+00 1.200294714418444153e+00
1.703497000000000039e+00 1.186690237096502454e+00
1.709629499999999913e+00 1.172155262427145184e+00
1.715757800000000000e+00 1.156638244906073698e+00
1.721890200000000037e+00 1.140119609094069286e+00
1.728022600000000075e+00 1.122673013526353181e+00
1.734150999999999998e+00 1.104431474947335179e+00
1.740283400000000036e+00 1.085541607982113188e+00
1.746415800000000074e+00 1.066225390157007125e+00
1.752548299999999948e+00 1.046721104217421372e+00
1.758676600000000034e+00 1.027296576638913939e+00
1.764809000000000072e+00 1.008182250328328866e+00
1.770941400000000110e+00 9.896378581626111837e-01
1.777073899999999984e+00 9.718875900209013041e-01
1.783202200000000071e+00 9.551345161028192976e-01
1.789334600000000108e+00 9.395059412801487486e-01
1.795467099999999983e+00 9.251152773567428156e-01
1.801599500000000020e+00 9.120130635044459977e-01
1.807727800000000107e+00 9.002032618809978626e-01
1.813860299999999981e+00 8.896146399808282368e-01
1.819992700000000019e+00 8.801523492512681734e-01
1.826121000000000105e+00 8.716758877494937829e-01
1.832253399999999921e+00 8.639940985196755685e-01
1.838385900000000017e+00 8.569081367624045154e-01
1.844518300000000055e+00 8.501990964010794904e-01
1.850646599999999919e+00 8.436485071958440551e-01
1.856779100000000016e+00 8.370320069906758143e-01
1.862911500000000053e+00 8.301558305958074424e-01
1.869043900000000091e+00 8.228477139167991172e-01
1.875172199999999956e+00 8.149747128204404278e-01
1.881304700000000052e+00 8.064271611690131403e-01
1.887437100000000090e+00 7.971543498954033469e-01
1.893569499999999906e+00 7.871445254064384223e-01
1.899697900000000050e+00 7.764369323678483870e-01
1.905830300000000088e+00 7.650903682294737385e-01
1.911962699999999904e+00 7.532204109420297389e-01
1.918090999999999990e+00 7.409737689125255322e-01
1.924223500000000087e+00 7.284941107592929344e-01
1.930355899999999902e+00 7.159636703045549888e-01
1.936488299999999940e+00 7.035604250102950319e-01
1.942616700000000085e+00 6.914658099861318297e-01
1.948749099999999901e+00 6.798246433635356523e-01
1.954881499999999939e+00 6.687850298684527850e-01
1.961013899999999976e+00 6.584600467451349193e-01
1.967142299999999899e+00 6.489367789328657210e-01
1.973274699999999937e+00 6.402487604058273440e-01
1.979407099999999975e+00 6.324118975941350751e-01
1.985535499999999898e+00 6.254037668222248714e-01
1.991667899999999936e+00 6.191545358630430318e-01
1.997800299999999973e+00 6.135781377754863097e-01
2.003932700000000011e+00 6.085586435318659504e-01
2.010061100000000156e+00 6.039642650629875043e-01
2.016193499999999972e+00 5.996426884440387850e-01
2.022325899999999788e+00 5.954463505099186760e-01
2.028458300000000047e+00 5.912277295792616183e-01
2.034586700000000192e+00 5.868525115359172206e-01
2.040719100000000008e+00 5.821944926661483111e-01
2.046851499999999824e+00 5.771580357941954453e-01
2.052983900000000084e+00 5.716710679907446302e-01
2.059112299999999784e+00 5.656947492566902769e-01
2.065244700000000044e+00 5.592088413761968635e-01
2.071377099999999860e+00 5.522348713473178572e-01
2.077505500000000005e+00 5.448241248280525362e-01
2.083637899999999821e+00 5.370386480098997550e-01
2.089770300000000081e+00 5.289760794875852934e-01
2.095902699999999896e+00 5.207453408327775701e-01
2.102031100000000041e+00 5.124708559047119749e-01
2.108163499999999857e+00 5.042646729204991463e-01
2.114295900000000117e+00 4.962527186898134102e-01
2.120428400000000213e+00 4.885470049028123873e-01
2.126556700000000077e+00 4.812507998040396195e-01
2.132689099999999893e+00 4.744339785916974472e-01
2.138821500000000153e+00 4.681592864386832087e-01
2.144949899999999854e+00 4.624634304152928088e-01
2.151082300000000114e+00 4.573464525725546292e-01
2.157214699999999930e+00 4.527941743696318744e-01
2.163347200000000026e+00 4.487642670570853864e-01
2.169475499999999890e+00 4.451952274584712321e-01
2.175607900000000150e+00 4.420003340517583146e-01
2.181740299999999966e+00 4.390865529014471025e-01
2.187872800000000062e+00 4.363495973367864655e-01
2.194001099999999926e+00 4.336837184197092632e-01
2.200133500000000186e+00 4.309797144033329364e-01
2.206265999999999838e+00 4.281407979505322259e-01
2.212398400000000098e+00 4.250803252258672504e-01
2.218526699999999963e+00 4.217296709717309189e-01
2.224659099999999778e+00 4.180323845741111821e-01
2.230791599999999875e+00 4.139596135850627245e-01
2.236919900000000183e+00 4.095058177686570211e-01
2.243052299999999999e+00 4.046782650438869311e-01
2.249184800000000095e+00 3.995139530549061124e-01
2.255317199999999911e+00 3.940660747843625633e-01
2.261445500000000219e+00 3.884071710367232866e-01
2.267577900000000035e+00 3.826104151841337453e-01
2.273710400000000131e+00 3.767679738491254704e-01
2.279842799999999947e+00 3.709717743923911515e-01
2.285971099999999812e+00 3.653157519381028395e-01
2.292103599999999908e+00 3.598766378295134571e-01
2.298236000000000168e+00 3.547329296389535314e-01
2.304368399999999983e+00 3.499455558322411286e-01
2.310496699999999848e+00 3.455620947938974896e-01
2.316629199999999944e+00 3.416032484407017789e-01
2.322761600000000204e+00 3.380797294283172105e-01
2.328889900000000068e+00 3.349817557114825872e-01
2.335022400000000165e+00 3.322752649687713555e-01
2.341154799999999980e+00 3.299162147468399087e-01
2.347287199999999796e+00 3.278443261115909224e-01
2.353415500000000105e+00 3.259898596812773053e-01
2.359548000000000201e+00 3.242723909219150658e-01
2.365680400000000017e+00 3.226122130177195846e-01
2.371812799999999832e+00 3.209291248806640517e-01
2.377941199999999977e+00 3.191489365593896399e-01
2.384073599999999793e+00 3.172022980199347142e-01
2.390206000000000053e+00 3.150346896537690178e-01
2.396338399999999869e+00 3.126043575676743513e-01
2.402466800000000013e+00 3.098870393300905413e-01
2.408599199999999829e+00 3.068696067171695629e-01
2.414731600000000089e+00 3.035607992235894725e-01
2.420859999999999790e+00 2.999860288999652846e-01
2.426992400000000050e+00 2.961780558189830437e-01
2.433124799999999865e+00 2.921888627447011832e-01
2.439257200000000125e+00 2.880777536452610588e-01
2.445385599999999826e+00 2.839131894822451430e-01
2.451518000000000086e+00 2.797584846380081203e-01
2.457650399999999902e+00 2.756847188978064356e-01
2.463782800000000162e+00 2.717564753099208086e-01
2.469911199999999862e+00 2.680337812690885557e-01
2.476043600000000122e+00 2.645598067702197298e-01
2.482175999999999938e+00 2.613733056225303608e-01
2.488304400000000083e+00 2.584989349223559829e-01
2.494436799999999899e+00 2.559415904542207132e-01
2.500569200000000158e+00 2.536975206974667607e-01
2.506701599999999974e+00 2.517471677231288285e-01
2.512830000000000119e+00 2.500594019717364835e-01
2.518962399999999935e+00 2.485891217986060386e-01
2.525094800000000195e+00 2.472861405645346011e-01
2.531227200000000011e+00 2.460933283957955908e-01
2.537355600000000155e+00 2.449514576083382800e-01
2.543487999999999971e+00 2.437992619908251613e-01
2.549620399999999787e+00 2.425807827529902760e-01
2.555752899999999883e+00 2.412451004865777682e-01
2.561881200000000192e+00 2.397506218974212455e-01
2.568013600000000007e+00 2.380627717801236942e-01
2.574145999999999823e+00 2.361614338473718711e-01
2.580274399999999968e+00 2.340393194851778103e-01
2.586406799999999784e+00 2.316973889029528832e-01
2.592539200000000044e+00 2.291527153416407780e-01
2.598671700000000140e+00 2.264320101389011020e-01
2.604800000000000004e+00 2.235735050547809910e-01
2.610932399999999820e+00 2.206169374797022353e-01
2.617064800000000080e+00 2.176129184064096445e-01
2.623197300000000176e+00 2.146127184752772421e-01
2.629325600000000041e+00 2.116696590198884342e-01
2.635457999999999856e+00 2.088284117734915402e-01
2.641590499999999953e+00 2.061346313902790439e-01
2.647722900000000212e+00 2.036250334382407323e-01
2.653851200000000077e+00 2.013288797831682131e-01
2.659983599999999893e+00 1.992609202642114663e-01
2.666116099999999989e+00 1.974298374076121076e-01
2.672244399999999853e+00 1.958328778384789692e-01
2.678376800000000113e+00 1.944535430387760166e-01
2.684509300000000209e+00 1.932689779519824458e-01
2.690641700000000025e+00 1.922469401209572770e-01
2.696769999999999889e+00 1.913491360520417350e-01
2.702902400000000149e+00 1.905310192325052054e-01
2.709034899999999801e+00 1.897475363772247459e-01
2.715167300000000061e+00 1.889530207160832198e-01
2.721295599999999926e+00 1.881046054061862038e-01
2.727428100000000022e+00 1.871620593572892455e-01
2.733560499999999838e+00 1.860930574516912184e-01
2.739688800000000146e+00 1.848732744000198269e-01
2.745821199999999962e+00 1.834847282050238448e-01
2.751953700000000058e+00 1.819212701751570793e-01
2.758086099999999874e+00 1.801857155680614275e-01
2.764214400000000182e+00 1.782914616136554720e-01
2.770346899999999835e+00 1.762566049220880560e-01
2.776479300000000094e+00 1.741105012131418939e-01
2.782611699999999910e+00 1.718870683598589799e-01
2.788740000000000219e+00 1.696258626037540629e-01
2.794872499999999871e+00 1.673639679566445160e-01
2.801004900000000131e+00 1.651432301136642189e-01
2.807137299999999946e+00 1.630019757802148306e-01
2.813265700000000091e+00 1.609760683193675046e-01
2.819398099999999907e+00 1.590919983864366172e-01
2.825530500000000167e+00 1.573734858900049660e-01
2.831658899999999868e+00 1.558360317057807531e-01
2.837791300000000128e+00 1.544837862512094262e-01
2.843923699999999943e+00 1.533154002076324574e-01
2.850056100000000203e+00 1.523201345315149391e-01
2.856184499999999904e+00 1.514800835762399323e-01
2.862316900000000164e+00 1.507691125411954047e-01
2.868449299999999980e+00 1.501574575202052064e-01
2.874581699999999795e+00 1.496110230604181246e-01
2.880710099999999940e+00 1.490940480347627273e-01
2.886842500000000200e+00 1.485695821980567155e-01
2.892974900000000016e+00 1.480032581442939088e-01
2.899103300000000161e+00 1.473640738014780349e-01
2.905235699999999976e+00 1.466245070006796380e-01
2.911368099999999792e+00 1.457642210342734723e-01
2.917500500000000052e+00 1.447693804982263521e-01
2.923628900000000197e+00 1.436343876995919699e-01
2.929761300000000013e+00 1.423590069253351520e-01
2.935893699999999829e+00 1.409526142983389962e-01
2.942026100000000088e+00 1.394307693311729046e-01
2.948154499999999789e+00 1.378160992895381964e-01
2.954286900000000049e+00 1.361328482292298026e-01
2.960419299999999865e+00 1.344118393223027175e-01
2.966551700000000125e+00 1.326847689173461242e-01
2.972680099999999825e+00 1.309847253853408389e-01
2.978812500000000085e+00 1.293401760125186817e-01
2.984944899999999901e+00 1.277801566172346026e-01
2.991073300000000046e+00 1.263293631730957323e-01
2.997205699999999862e+00 1.250044466919205677e-01
3.003338100000000122e+00 1.238188802791937992e-01
3.009470600000000218e+00 1.227785488286591009e-01
3.015598900000000082e+00 1.218831655185416418e-01
3.021731299999999898e+00 1.211240262048831617e-01
3.027863700000000158e+00 1.204881427538501276e-01
3.033996199999999810e+00 1.199564994150225661e-01
3.040124500000000118e+00 1.195060375325155133e-01
3.046256899999999934e+00 1.191096794794646169e-01
3.052389400000000030e+00 1.187394966559721099e-01
3.058521799999999846e+00 1.183669055669002157e-01
3.064650100000000155e+00 1.179646585214453869e-01
3.070782499999999970e+00 1.175071120302567107e-01
3.076915000000000067e+00 1.169729984416547769e-01
3.083043299999999931e+00 1.163458804539042879e-01
3.089175700000000191e+00 1.156133693922181266e-01
3.095308199999999843e+00 1.147701275542775956e-01
3.101440600000000103e+00 1.138164942035384541e-01
3.107568899999999967e+00 1.127594097827600284e-01
3.113701299999999783e+00 1.116091568646673804e-01
3.119833799999999879e+00 1.103829067876997000e-01
3.125966200000000139e+00 1.091011319163733562e-01
3.132094500000000004e+00 1.077879598911405251e-01
3.138227000000000100e+00 1.064664868889964311e-01
3.144359399999999916e+00 1.051628746937196685e-01
3.150487699999999780e+00 1.039022690364744816e-01
3.156620100000000040e+00 1.027052105877392374e-01
3.162752600000000136e+00 1.015916029170389756e-01
3.168884999999999952e+00 1.005764619942848964e-01
3.175013299999999816e+00 9.967055032322694186e-02
3.181145799999999912e+00 9.887765166029403863e-02
3.187278200000000172e+00 9.819807072090214195e-02
3.193410599999999988e+00 9.762614901679267376e-02
3.199538899999999852e+00 9.715160711175153951e-02
3.205671399999999949e+00 9.675891943582798360e-02
3.211803800000000209e+00 9.643002982935863776e-02
3.217936200000000024e+00 9.614395316282706161e-02
3.224064600000000169e+00 9.587839938519980565e-02
3.230196999999999985e+00 9.561022351267375874e-02
3.236329399999999801e+00 9.531757786724696924e-02
3.242457700000000109e+00 9.498054665873843783e-02
3.248590200000000205e+00 9.458135587785204690e-02
3.254722600000000021e+00 9.410655139359941357e-02
3.260854999999999837e+00 9.354672594406035491e-02
3.266983399999999982e+00 9.289760728456365746e-02
3.273115799999999798e+00 9.215846086903456413e-02
3.279248200000000057e+00 9.133455375986238023e-02
3.285380599999999873e+00 9.043520726276665922e-02
3.291509000000000018e+00 8.947430588007887486e-02
3.297641399999999834e+00 8.846702917965804103e-02
3.303773800000000094e+00 8.743276704021991919e-02
3.309906199999999910e+00 8.639167241569337130e-02
3.316034600000000054e+00 8.536490920863726295e-02
3.322166999999999870e+00 8.437095424702008295e-02
3.328299400000000130e+00 8.342866151903337302e-02
3.334427799999999831e+00 8.255422199855158572e-02
3.340560200000000091e+00 8.175885863903135931e-02
3.346692599999999906e+00 8.105169292412023330e-02
3.352825000000000166e+00 8.043703519750181052e-02
3.358953399999999867e+00 7.991513235588405817e-02
3.365085800000000127e+00 7.948092895114731993e-02
3.371218199999999943e+00 7.912638039724284589e-02
3.377350600000000203e+00 7.883950141849421778e-02
3.383478999999999903e+00 7.860551572132926101e-02
3.389611400000000163e+00 7.840705809540921001e-02
3.395743799999999979e+00 7.822594535012061812e-02
3.401876300000000075e+00 7.804346308409539079e-02
3.408004599999999940e+00 7.784161901164998731e-02
3.414137000000000199e+00 7.760346011502176899e-02
3.420269400000000015e+00 7.731467970148139801e-02
3.426397800000000160e+00 7.696403186175732047e-02
3.432530199999999976e+00 7.654302618079497633e-02
3.438662599999999792e+00 7.604763932751186506e-02
3.444795099999999888e+00 7.547759124369980699e-02
3.450923400000000196e+00 7.483699735376456164e-02
3.457055800000000012e+00 7.413231092544897427e-02
3.463188199999999828e+00 7.337452193046631321e-02
3.469320699999999924e+00 7.257689261892817656e-02
3.475448999999999788e+00 7.175527342886901805e-02
3.481581400000000048e+00 7.092502193703398294e-02
3.487713900000000145e+00 7.010352231227000297e-02
3.493842200000000009e+00 6.930771104941131633e-02
3.499974599999999825e+00 6.855161977244664251e-02
3.506107000000000085e+00 6.784890765548121094e-02
3.512239500000000181e+00 6.721005678303024200e-02
3.518367800000000045e+00 6.664282629119225310e-02
3.524500199999999861e+00 6.615039746469264514e-02
3.530632699999999957e+00 6.573354270357469054e-02
3.536765100000000217e+00 6.538910070626977045e-02
3.542893400000000081e+00 6.511071165118650916e-02
3.549025799999999897e+00 6.488851525761860084e-02
3.555158299999999993e+00 6.471075892160864373e-02
3.561290699999999809e+00 6.456365089811991198e-02
3.567419000000000118e+00 6.443234424056032417e-02
3.573551500000000214e+00 6.430136116764854914e-02
3.579683900000000030e+00 6.415587161728625309e-02
3.585812199999999894e+00 6.398219154907998363e-02
3.591944600000000154e+00 6.376806606620985529e-02
3.598077099999999806e+00 6.350391663185039892e-02
3.604209500000000066e+00 6.318286839485037776e-02
3.610337799999999930e+00 6.280140570808764866e-02
3.616470300000000027e+00 6.235846036381167967e-02
3.622602699999999842e+00 6.185694841081314926e-02
3.628735100000000102e+00 6.130256919748627853e-02
3.634863399999999967e+00 6.070415351845750984e-02
3.640995900000000063e+00 6.007155584760694861e-02
3.647128299999999879e+00 5.941754651447894719e-02
3.653260700000000138e+00 5.875553143261930122e-02
3.659389099999999839e+00 5.809972035401736457e-02
3.665521500000000099e+00 5.746271576736416281e-02
3.671653899999999915e+00 5.685742855846321470e-02
3.677782199999999779e+00 5.629510334357467477e-02
3.683914699999999876e+00 5.578374505106519637e-02
3.690047100000000135e+00 5.533000901694724860e-02
3.696179499999999951e+00 5.493733171951410699e-02
3.702307900000000096e+00 5.460641790291531628e-02
3.708440299999999912e+00 5.433442210457090776e-02
3.714572700000000172e+00 5.411639974360686611e-02
3.720705099999999987e+00 5.394469647289533432e-02
3.726833500000000132e+00 5.380967459601594671e-02
3.732965899999999948e+00 5.369989503784266399e-02
3.739098300000000208e+00 5.360321412414583570e-02
3.745226699999999909e+00 5.350710057181644330e-02
3.751359100000000169e+00 5.339911447263259725e-02
3.757491499999999984e+00 5.326787912146213610e-02
3.763623899999999800e+00 5.310339542279125802e-02
3.769752299999999945e+00 5.289772997744403987e-02
3.775884700000000205e+00 5.264482684880872343e-02
3.782017100000000021e+00 5.234156468318494626e-02
3.788149499999999836e+00 5.198737977072754451e-02
3.794277899999999981e+00 5.158465695445903915e-02
3.800410299999999797e+00 5.113750530874075495e-02
3.806542700000000057e+00 5.065307655330168746e-02
3.812675099999999873e+00 5.014017037135388988e-02
3.818803500000000017e+00 4.960936967928570446e-02
3.824935899999999833e+00 4.907111406926912417e-02
3.831068300000000093e+00 4.853722395166500808e-02
3.837196699999999794e+00 4.801927354954962923e-02
3.843329100000000054e+00 4.752703312215336706e-02
3.849461499999999869e+00 4.706999732165084716e-02
3.855593900000000129e+00 4.665557480053139638e-02
3.861722299999999830e+00 4.628930750878415545e-02
3.867854700000000090e+00 4.597370672916083895e-02
3.873987099999999906e+00 4.570956921675247558e-02
3.880119600000000002e+00 4.549498506465225744e-02
3.886247899999999866e+00 4.532582859298802530e-02
3.892380300000000126e+00 4.519555373098314843e-02
3.898512699999999942e+00 4.509621903231512269e-02
3.904641100000000087e+00 4.501847117973432899e-02
3.910773499999999903e+00 4.495196637847987536e-02
3.916905900000000162e+00 4.488618203047298194e-02
3.923038399999999815e+00 4.481073345643900308e-02
3.929166700000000123e+00 4.471601894416508960e-02
3.935299099999999939e+00 4.459341669924531820e-02
3.941431500000000199e+00 4.443606700127050724e-02
3.947563999999999851e+00 4.423895691470605684e-02
3.953692300000000159e+00 4.399938879666996649e-02
3.959824699999999975e+00 4.371640651349723711e-02
3.965957200000000071e+00 4.339176625978617696e-02
3.972089599999999887e+00 4.302923624366716826e-02
3.978217900000000196e+00 4.263477075090170432e-02
3.984350300000000011e+00 4.221514608700244198e-02
3.990482800000000108e+00 4.177915673636210803e-02
3.996611099999999972e+00 4.133646190667530224e-02
4.002743500000000232e+00 4.089613228886661289e-02
4.008875999999999884e+00 4.046797438371979583e-02
4.015008400000000144e+00 4.006089325457501404e-02
4.021136699999999564e+00 3.968295331134831516e-02
4.027269200000000104e+00 3.934003346834887699e-02
4.033401600000000364e+00 3.903706546002312650e-02
4.039533999999999736e+00 3.877675343295134552e-02
4.045662300000000045e+00 3.855987986078210361e-02
4.051794799999999697e+00 3.838473886605626995e-02
4.057927199999999957e+00 3.824811062437669107e-02
4.064059600000000216e+00 3.814482631767571880e-02
4.070187999999999917e+00 3.806825974251164257e-02
