6.367979799999999579e-02 1.882205789677260910e+01 4.338439569335108992e+00 4.338439569335108992e+00
6.972053899999999804e-02 1.835748052668759200e+01 4.284563049680514268e+00 4.284563049680514268e+00
7.576168699999999423e-02 1.786933648841251099e+01 4.227213797338917445e+00 4.227213797338917445e+00
8.180283500000000430e-02 1.736166150979381939e+01 4.166732713985122238e+00 4.166732713985122238e+00
8.784357600000000654e-02 1.683852727954365136e+01 4.103477461805248971e+00 4.103477461805248971e+00
9.388472400000000273e-02 1.630387653164144623e+01 4.037805905642499305e+00 4.037805905642499305e+00
9.992587199999999892e-02 1.576168388386947328e+01 3.970098724700617865e+00 3.970098724700617865e+00
1.059666100000000027e-01 1.521580474640261826e+01 3.900744127266311700e+00 3.900744127266311700e+00
1.120077599999999979e-01 1.466981744824739131e+01 3.830119769438991018e+00 3.830119769438991018e+00
1.180485000000000007e-01 1.412724377647499630e+01 3.758622590321485823e+00 3.758622590321485823e+00
1.240896499999999958e-01 1.359121901449793945e+01 3.686627051180786374e+00 3.686627051180786374e+00
1.301307999999999909e-01 1.306472198670882179e+01 3.614515456698009555e+00 3.614515456698009555e+00
1.361715400000000076e-01 1.255043929436556205e+01 3.542659917966380689e+00 3.542659917966380689e+00
1.422126900000000027e-01 1.205064720147902513e+01 3.471404211767771919e+00 3.471404211767771919e+00
1.482538399999999978e-01 1.156741112823191386e+01 3.401089697175291082e+00 3.401089697175291082e+00
1.542945799999999867e-01 1.110247166654447604e+01 3.332037164640345939e+00 3.332037164640345939e+00
1.603357199999999871e-01 1.065715706119539519e+01 3.264530144016960289e+00 3.264530144016960289e+00
1.663768700000000100e-01 1.023257639510551975e+01 3.198839851431377834e+00 3.198839851431377834e+00
1.724176099999999989e-01 9.829534351473997233e+00 3.135208821031542747e+00 3.135208821031542747e+00
1.784587599999999941e-01 9.448467871756689007e+00 3.073836019008933551e+00 3.073836019008933551e+00
1.844999099999999892e-01 9.089629918571935363e+00 3.014901311580850951e+00 3.014901311580850951e+00
1.905406500000000058e-01 8.753022194713539150e+00 2.958550691590992265e+00 2.958550691590992265e+00
1.965818000000000010e-01 8.438356946688422511e+00 2.904885014366045848e+00 2.904885014366045848e+00
2.026229499999999961e-01 8.145218923555733070e+00 2.853982992863786095e+00 2.853982992863786095e+00
2.086636900000000128e-01 7.873015851694737499e+00 2.805889493849452521e+00 2.805889493849452521e+00
2.147048400000000079e-01 7.620955205747374173e+00 2.760607760212843598e+00 2.760607760212843598e+00
2.207455799999999968e-01 7.388195305503255206e+00 2.718123489744947996e+00 2.718123489744947996e+00
2.267867199999999972e-01 7.173732735915816505e+00 2.678382484992727353e+00 2.678382484992727353e+00
2.328278699999999923e-01 6.976537709363199724e+00 2.641313633282348139e+00 2.641313633282348139e+00
2.388686100000000090e-01 6.795524789856760783e+00 2.606822738480075508e+00 2.606822738480075508e+00
2.449097600000000041e-01 6.629539280343874630e+00 2.574789172018531413e+00 2.574789172018531413e+00
2.509509100000000270e-01 6.477448650296544486e+00 2.545083230524405771e+00 2.545083230524405771e+00
2.569916500000000159e-01 6.338116869228358041e+00 2.517561691245789213e+00 2.517561691245789213e+00
2.630328000000000110e-01 6.210393701212024276e+00 2.492066151050574607e+00 2.492066151050574607e+00
2.690739500000000062e-01 6.093182804228630012e+00 2.468437320295702619e+00 2.468437320295702619e+00
2.751146899999999951e-01 5.985419780250348154e+00 2.446511757635827955e+00 2.446511757635827955e+00
2.811558399999999902e-01 5.886061381689208893e+00 2.426120644504145218e+00 2.426120644504145218e+00
2.871965799999999791e-01 5.794141698312452071e+00 2.407102344793933479e+00 2.407102344793933479e+00
2.932377299999999742e-01 5.708722934077156808e+00 2.389293396399269298e+00 2.389293396399269298e+00
2.992788699999999746e-01 5.628944335334097993e+00 2.372539638306196519e+00 2.372539638306196519e+00
3.053196100000000190e-01 5.554004035687588825e+00 2.356693453906890667e+00 2.356693453906890667e+00
3.113607600000000142e-01 5.483148239530655665e+00 2.341612316232269730e+00 2.341612316232269730e+00
3.174019100000000093e-01 5.415702299021677213e+00 2.327166152001544752e+00 2.327166152001544752e+00
3.234426499999999982e-01 5.351055066441266383e+00 2.313234762500612884e+00 2.313234762500612884e+00
3.294837999999999933e-01 5.288646733498058694e+00 2.299705792813084848e+00 2.299705792813084848e+00
3.355245399999999822e-01 5.227998617500555945e+00 2.286481711604218425e+00 2.286481711604218425e+00
3.415656899999999774e-01 5.168678103468103302e+00 2.273472696882041788e+00 2.273472696882041788e+00
3.476068399999999725e-01 5.110326307725714834e+00 2.260603084958904052e+00 2.260603084958904052e+00
3.536475800000000169e-01 5.052643520464917160e+00 2.247808604055273385e+00 2.247808604055273385e+00
3.596887300000000121e-01 4.995375412342566435e+00 2.235033649040337522e+00 2.235033649040337522e+00
3.657298700000000125e-01 4.938333798894411153e+00 2.222236215818294003e+00 2.222236215818294003e+00
3.717706100000000013e-01 4.881381200541061283e+00 2.209384801373690532e+00 2.209384801373690532e+00
3.778117599999999965e-01 4.824416196501916332e+00 2.196455370933339868e+00 2.196455370933339868e+00
3.838529099999999916e-01 4.767392110046360543e+00 2.183435849766683923e+00 2.183435849766683923e+00
3.898936499999999805e-01 4.710300997477901319e+00 2.170322786471611920e+00 2.170322786471611920e+00
3.959347999999999757e-01 4.653157124837317582e+00 2.157117781864800410e+00 2.157117781864800410e+00
4.019755400000000201e-01 4.596018912219657970e+00 2.143832762185441165e+00 2.143832762185441165e+00
4.080158700000000027e-01 4.538960253889943175e+00 2.130483572781058488e+00 2.130483572781058488e+00
4.140586499999999726e-01 4.482045830556450561e+00 2.117084275733124965e+00 2.117084275733124965e+00
4.200973599999999752e-01 4.425440692262258224e+00 2.103673142924598505e+00 2.103673142924598505e+00
4.261401300000000059e-01 4.369179083149506759e+00 2.090258137922086146e+00 2.090258137922086146e+00
4.321788400000000085e-01 4.313448339406394716e+00 2.076884286474909747e+00 2.076884286474909747e+00
4.382216099999999837e-01 4.258281779891747831e+00 2.063560461893895415e+00 2.063560461893895415e+00
4.442643900000000090e-01 4.203817176219694751e+00 2.050321237323482038e+00 2.050321237323482038e+00
4.503031000000000117e-01 4.150178606671208748e+00 2.037198715558010687e+00 2.037198715558010687e+00
4.563458699999999868e-01 4.097366483338741538e+00 2.024195268085255961e+00 2.024195268085255961e+00
4.623845799999999895e-01 4.045506258892366702e+00 2.011344390921745440e+00 2.011344390921745440e+00
4.684273600000000148e-01 3.994562657031687003e+00 1.998640201995268262e+00 1.998640201995268262e+00
4.744660600000000228e-01 3.944617801135414048e+00 1.986106190800334348e+00 1.986106190800334348e+00
4.805088399999999926e-01 3.895596184699057662e+00 1.973726471601132904e+00 1.973726471601132904e+00
4.865516200000000180e-01 3.847502829403638192e+00 1.961505245826183907e+00 1.961505245826183907e+00
4.925903200000000259e-01 3.800320396171675608e+00 1.949441047113678493e+00 1.949441047113678493e+00
4.986330999999999958e-01 3.753918153408102309e+00 1.937503071844816960e+00 1.937503071844816960e+00
5.046718000000000037e-01 3.708276158420539925e+00 1.925688489455275265e+00 1.925688489455275265e+00
5.107145800000000291e-01 3.663237182866244446e+00 1.913958511270880347e+00 1.913958511270880347e+00
5.167532799999999815e-01 3.618756886336941925e+00 1.902303047975516970e+00 1.902303047975516970e+00
5.227960600000000069e-01 3.574663607279228383e+00 1.890678081345216199e+00 1.890678081345216199e+00
5.288388400000000322e-01 3.530873142894161543e+00 1.879061771974024575e+00 1.879061771974024575e+00
5.348775399999999847e-01 3.487301147913450361e+00 1.867431698326193157e+00 1.867431698326193157e+00
5.409203200000000100e-01 3.443779074592328016e+00 1.855742189689162602e+00 1.855742189689162602e+00
5.469590199999999625e-01 3.400263216426969937e+00 1.843980264652246737e+00 1.843980264652246737e+00
5.530017999999999878e-01 3.356602046884472834e+00 1.832103175829481678e+00 1.832103175829481678e+00
5.590405000000000513e-01 3.312774044565990117e+00 1.820102756595349591e+00 1.820102756595349591e+00
5.650832799999999656e-01 3.268653452085605871e+00 1.807941772316134621e+00 1.807941772316134621e+00
5.711219899999999683e-01 3.224248637544839369e+00 1.795619290814408409e+00 1.795619290814408409e+00
5.771647600000000544e-01 3.179464780624983167e+00 1.783105375636836243e+00 1.783105375636836243e+00
5.832075399999999687e-01 3.134312908042368395e+00 1.770399081575215972e+00 1.770399081575215972e+00
5.892462499999999714e-01 3.088821403274991884e+00 1.757504311026004906e+00 1.757504311026004906e+00
5.952890199999999465e-01 3.042941977062027625e+00 1.744403043181829371e+00 1.744403043181829371e+00
6.013277299999999492e-01 2.996763490958580523e+00 1.731116255760594580e+00 1.731116255760594580e+00
6.073705000000000354e-01 2.950263860518929970e+00 1.717633214781004947e+00 1.717633214781004947e+00
6.134092100000000380e-01 2.903556520885617775e+00 1.703982547118842339e+00 1.703982547118842339e+00
6.194519899999999524e-01 2.856638580902679525e+00 1.690159335951104902e+00 1.690159335951104902e+00
6.254947600000000385e-01 2.809608435044438579e+00 1.676188663320581806e+00 1.676188663320581806e+00
6.315334700000000412e-01 2.762569267076070201e+00 1.662097851233816481e+00 1.662097851233816481e+00
6.375762499999999555e-01 2.715531944382686191e+00 1.647887115181948969e+00 1.647887115181948969e+00
6.436149500000000190e-01 2.668634610437928600e+00 1.633595607988075127e+00 1.633595607988075127e+00
6.496577300000000443e-01 2.621887372926557269e+00 1.619224312109522890e+00 1.619224312109522890e+00
6.556964299999999968e-01 2.575423824708956477e+00 1.604812707049940057e+00 1.604812707049940057e+00
6.617392100000000221e-01 2.529247347330984219e+00 1.590360760120477890e+00 1.590360760120477890e+00
6.677779099999999746e-01 2.483480899412566778e+00 1.575906373936144300e+00 1.575906373936144300e+00
6.738206899999999999e-01 2.438116919876037070e+00 1.561447059581603902e+00 1.561447059581603902e+00
6.798634700000000253e-01 2.393233813068108784e+00 1.547008019716804350e+00 1.547008019716804350e+00
6.859021699999999777e-01 2.348901414228950824e+00 1.532612610619184190e+00 1.532612610619184190e+00
6.919449500000000031e-01 2.305092523624112655e+00 1.518253115795950681e+00 1.518253115795950681e+00
6.979836499999999555e-01 2.261891809703730605e+00 1.503958712765656625e+00 1.503958712765656625e+00
7.040264299999999809e-01 2.219259616934472934e+00 1.489717965567467051e+00 1.489717965567467051e+00
7.100651300000000443e-01 2.177265933800383912e+00 1.475556143899778627e+00 1.475556143899778627e+00
7.161079099999999587e-01 2.135860801329218628e+00 1.461458450086494443e+00 1.461458450086494443e+00
7.221506899999999840e-01 2.095074677938322694e+00 1.447437279448861913e+00 1.447437279448861913e+00
7.281893900000000475e-01 2.054932232924790991e+00 1.433503482006510898e+00 1.433503482006510898e+00
7.342321699999999618e-01 2.015373667155792248e+00 1.419638569198439448e+00 1.419638569198439448e+00
7.402708799999999645e-01 1.976444277535401195e+00 1.405860689234676997e+00 1.405860689234676997e+00
7.463136500000000506e-01 1.938081844522474784e+00 1.392150079740857027e+00 1.392150079740857027e+00
7.523523600000000533e-01 1.900327093592641958e+00 1.378523519419470045e+00 1.378523519419470045e+00
7.583951399999999676e-01 1.863117980983708843e+00 1.364960798332211844e+00 1.364960798332211844e+00
7.644338400000000311e-01 1.826493667885530359e+00 1.351478326827896481e+00 1.351478326827896481e+00
7.704766199999999454e-01 1.790394293801519154e+00 1.338056162424253070e+00 1.338056162424253070e+00
7.765193999999999708e-01 1.754835463832556064e+00 1.324702028319031388e+00 1.324702028319031388e+00
7.825581000000000342e-01 1.719832666839933966e+00 1.311423908139520700e+00 1.311423908139520700e+00
7.886008799999999486e-01 1.685332178629778355e+00 1.298203442696782561e+00 1.298203442696782561e+00
7.946395800000000120e-01 1.651375843372904439e+00 1.285058692579021722e+00 1.285058692579021722e+00
8.006823600000000374e-01 1.617914752111013765e+00 1.271972779626597827e+00 1.271972779626597827e+00
8.067210599999999898e-01 1.584992768493996618e+00 1.258964959200214118e+00 1.258964959200214118e+00
8.127638400000000152e-01 1.552565700527810844e+00 1.246019943872412883e+00 1.246019943872412883e+00
8.188066200000000405e-01 1.520657741362149373e+00 1.233149521089048406e+00 1.233149521089048406e+00
8.248453199999999930e-01 1.489292976994559980e+00 1.220365919302305091e+00 1.220365919302305091e+00
8.308881000000000183e-01 1.458433169102280713e+00 1.207656064077136548e+00 1.207656064077136548e+00
8.369267999999999708e-01 1.428124953547893927e+00 1.195041820836364677e+00 1.195041820836364677e+00
8.429695799999999961e-01 1.398332894900320644e+00 1.182511266288960305e+00 1.182511266288960305e+00
8.490082799999999486e-01 1.369103003029301879e+00 1.170086750215257210e+00 1.170086750215257210e+00
8.550510599999999739e-01 1.340401536871715926e+00 1.157757114800732179e+00 1.157757114800732179e+00
8.610938399999999993e-01 1.312253868844891924e+00 1.145536498259611013e+00 1.145536498259611013e+00
8.671325399999999517e-01 1.284683271609870614e+00 1.133438693361873195e+00 1.133438693361873195e+00
8.731753199999999770e-01 1.257656446815784257e+00 1.121452828618209940e+00 1.121452828618209940e+00
8.792140200000000405e-01 1.231212723685896515e+00 1.109600254004069919e+00 1.109600254004069919e+00
8.852567999999999548e-01 1.205317863843619275e+00 1.097869693471688501e+00 1.097869693471688501e+00
8.912955099999999575e-01 1.180006762969691092e+00 1.086281162024680835e+00 1.086281162024680835e+00
8.973382800000000437e-01 1.155243643157078948e+00 1.074822610088324693e+00 1.074822610088324693e+00
9.033769900000000463e-01 1.131058315051415297e+00 1.063512254302420024e+00 1.063512254302420024e+00
9.094197699999999607e-01 1.107412932437424891e+00 1.052336891132029439e+00 1.052336891132029439e+00
9.154625400000000468e-01 1.084316913965004181e+00 1.041305389386324221e+00 1.041305389386324221e+00
9.215012500000000495e-01 1.061776320490142922e+00 1.030425310485987067e+00 1.030425310485987067e+00
9.275440299999999638e-01 1.039750275516402755e+00 1.019681457866329355e+00 1.019681457866329355e+00
9.335827300000000273e-01 1.018256456054163150e+00 1.009086941771700330e+00 1.009086941771700330e+00
9.396255100000000526e-01 9.972524676283712752e-01 9.986252888988799148e-01 9.986252888988799148e-01
9.456642100000000051e-01 9.767522616840496053e-01 9.883077768003495356e-01 9.883077768003495356e-01
9.517069900000000304e-01 9.567129051502345494e-01 9.781170201720418289e-01 9.781170201720418289e-01
9.577497699999999448e-01 9.371326560902587532e-01 9.680561223866407383e-01 9.680561223866407383e-01
9.637884700000000082e-01 9.180083204094883209e-01 9.581275073858845914e-01 9.581275073858845914e-01
9.698312500000000336e-01 8.992981890662906652e-01 9.483133390743223590e-01 9.483133390743223590e-01
9.758699499999999860e-01 8.810120668851911807e-01 9.386224304187447132e-01 9.386224304187447132e-01
9.819127300000000114e-01 8.631104409631769059e-01 9.290373732865524481e-01 9.290373732865524481e-01
9.879514299999999638e-01 8.456036173075874851e-01 9.195670814614818056e-01 9.195670814614818056e-01
9.939942099999999892e-01 8.284551956549981444e-01 9.101951415246063437e-01 9.101951415246063437e-01
1.000032899999999891e+00 8.116769328934797523e-01 9.009311476985795153e-01 9.009311476985795153e-01
1.006075700000000017e+00 7.952360343269243570e-01 8.917600766612757690e-01 8.917600766612757690e-01
1.012118499999999921e+00 7.791355113637793428e-01 8.826865306346185491e-01 8.826865306346185491e-01
1.018157200000000095e+00 7.633789203989329586e-01 8.737155832414418288e-01 8.737155832414418288e-01
1.024199999999999999e+00 7.479392907687466563e-01 8.648348343867438004e-01 8.648348343867438004e-01
1.030238699999999952e+00 7.328333555395392107e-01 8.560568646646898872e-01 8.560568646646898872e-01
1.036281400000000019e+00 7.180378288714877044e-01 8.473711281790805572e-01 8.473711281790805572e-01
1.042320099999999972e+00 7.035703050768055133e-01 8.387909781803840614e-01 8.387909781803840614e-01
1.048362900000000097e+00 6.894101920214532608e-01 8.303072877082636749e-01 8.303072877082636749e-01
1.054405700000000001e+00 6.755667860092890997e-01 8.219286988597546140e-01 8.219286988597546140e-01
1.060444399999999954e+00 6.620488298487614554e-01 8.136638309822806781e-01 8.136638309822806781e-01
1.066487200000000080e+00 6.488376896362596513e-01 8.055046180105112086e-01 8.055046180105112086e-01
1.072525900000000032e+00 6.359508175329910973e-01 7.974652453448934919e-01 7.974652453448934919e-01
1.078568699999999936e+00 6.233698107535604604e-01 7.895377196521775609e-01 7.895377196521775609e-01
1.084607400000000110e+00 6.111102076276153650e-01 7.817353821003725223e-01 7.817353821003725223e-01
1.090650099999999956e+00 5.991532188490416022e-01 7.740498813700843472e-01 7.740498813700843472e-01
1.096692900000000082e+00 5.875036065475431890e-01 7.664878384863932359e-01 7.664878384863932359e-01
1.102731600000000034e+00 5.761648742454835714e-01 7.590552511151500426e-01 7.590552511151500426e-01
1.108774399999999938e+00 5.651162697836212834e-01 7.517421564496841180e-01 7.517421564496841180e-01
1.114813099999999890e+00 5.543663742845571507e-01 7.445578381056485728e-01 7.445578381056485728e-01
1.120855900000000016e+00 5.438931552092992616e-01 7.374911221223610092e-01 7.374911221223610092e-01
1.126894599999999969e+00 5.337024632914449951e-01 7.305494256321367619e-01 7.305494256321367619e-01
1.132937400000000094e+00 5.237712763489136281e-01 7.237204407427729747e-01 7.237204407427729747e-01
1.138976100000000047e+00 5.141032269280980671e-01 7.170099210806626377e-01 7.170099210806626377e-01
1.145018799999999892e+00 5.046749870682841754e-01 7.104048050712242768e-01 7.104048050712242768e-01
1.151061600000000018e+00 4.954822160177742019e-01 7.039049765542038095e-01 7.039049765542038095e-01
1.157100299999999971e+00 4.865202722149578052e-01 6.975100516945671458e-01 6.975100516945671458e-01
1.163143100000000096e+00 4.777662366829023011e-01 6.912063633119289729e-01 6.912063633119289729e-01
1.169181800000000049e+00 4.692214815560840635e-01 6.849974317879476970e-01 6.849974317879476970e-01
1.175224599999999953e+00 4.608642838727781688e-01 6.788698578319545263e-01 6.788698578319545263e-01
1.181263299999999905e+00 4.526964131740149333e-01 6.728271792771267634e-01 6.728271792771267634e-01
1.187306100000000031e+00 4.446978585660781857e-01 6.668567001733417543e-01 6.668567001733417543e-01
1.193348800000000098e+00 4.368661839983608575e-01 6.609585342503422334e-01 6.609585342503422334e-01
1.199387500000000051e+00 4.291989305786979014e-01 6.551327579801653478e-01 6.551327579801653478e-01
1.205430299999999955e+00 4.216793222851697998e-01 6.493684025922187297e-01 6.493684025922187297e-01
1.211468999999999907e+00 4.143119334131454279e-01 6.436706715496252063e-01 6.436706715496252063e-01
1.217511800000000033e+00 4.070819668335047825e-01 6.380297538779087230e-01 6.380297538779087230e-01
1.223550499999999985e+00 3.999952436397828937e-01 6.324517717895831170e-01 6.324517717895831170e-01
1.229593299999999889e+00 3.930388837576209715e-01 6.269281328490698968e-01 6.269281328490698968e-01
1.235632000000000064e+00 3.862197294285381610e-01 6.214657910364319582e-01 6.214657910364319582e-01
1.241674799999999967e+00 3.795264864359198520e-01 6.160572103594923465e-01 6.160572103594923465e-01
1.247717500000000035e+00 3.729623670375418754e-01 6.107064491533897854e-01 6.107064491533897854e-01
1.253756199999999987e+00 3.665302696562000029e-01 6.054174342189032609e-01 6.054174342189032609e-01
1.259798999999999891e+00 3.602206191710510264e-01 6.001838211506963505e-01 6.001838211506963505e-01
1.265837700000000066e+00 3.540411837627454039e-01 5.950135996452059484e-01 5.950135996452059484e-01
1.271880499999999969e+00 3.479828388577527742e-01 5.899007025404807703e-01 5.899007025404807703e-01
1.277919199999999922e+00 3.420530479109221145e-01 5.848530139367686953e-01 5.848530139367686953e-01
1.283962000000000048e+00 3.362429002064324934e-01 5.798645533281306941e-01 5.798645533281306941e-01
1.290004799999999952e+00 3.305554410541792221e-01 5.749395107784637249e-01 5.749395107784637249e-01
1.296043499999999904e+00 3.249931685550117577e-01 5.700817209444728473e-01 5.700817209444728473e-01
1.302086300000000030e+00 3.195470407175983185e-01 5.652849199453301443e-01 5.652849199453301443e-01
1.308124999999999982e+00 3.142226836994441164e-01 5.605556918803377142e-01 5.605556918803377142e-01
1.314167700000000050e+00 3.090108978959766328e-01 5.558874867236863748e-01 5.558874867236863748e-01
1.320206400000000002e+00 3.039162406292749696e-01 5.512859880581719718e-01 5.512859880581719718e-01
1.326249199999999906e+00 2.989292563071628828e-01 5.467442329893958952e-01 5.467442329893958952e-01
1.332287900000000080e+00 2.940538295158398041e-01 5.422673044872240444e-01 5.422673044872240444e-01
1.338330699999999984e+00 2.892802215933102383e-01 5.378477680471587252e-01 5.378477680471587252e-01
1.344373500000000110e+00 2.846084605023512237e-01 5.334870762280481404e-01 5.334870762280481404e-01
1.350412200000000063e+00 2.800381396291710123e-01 5.291862995478728848e-01 5.291862995478728848e-01
1.356454999999999966e+00 2.755594639377653698e-01 5.249375809920312497e-01 5.249375809920312497e-01
1.362493699999999919e+00 2.711748589925069841e-01 5.207445237278132133e-01 5.207445237278132133e-01
1.368536399999999986e+00 2.668747692233244817e-01 5.165992346329255636e-01 5.165992346329255636e-01
1.374575099999999939e+00 2.626612519048984740e-01 5.125048798839855202e-01 5.125048798839855202e-01
1.380617900000000065e+00 2.585251009608414141e-01 5.084536369826077040e-01 5.084536369826077040e-01
1.386660699999999968e+00 2.544657773048928928e-01 5.044460102973289395e-01 5.044460102973289395e-01
1.392699399999999921e+00 2.504827086720285978e-01 5.004824758890450420e-01 5.004824758890450420e-01
1.398742200000000047e+00 2.465674524253438638e-01 4.965555884544487486e-01 4.965555884544487486e-01
1.404780899999999999e+00 2.427225426475339565e-01 4.926687960968645918e-01 4.926687960968645918e-01
1.410823699999999903e+00 2.389402597099601622e-01 4.888151590427205484e-01 4.888151590427205484e-01
1.416862400000000077e+00 2.352235456400861846e-01 4.849985006575651125e-01 4.849985006575651125e-01
1.422905099999999923e+00 2.315655429230668860e-01 4.812125756077732519e-01 4.812125756077732519e-01
1.428947900000000049e+00 2.279671330620146319e-01 4.774590380985730409e-01 4.774590380985730409e-01
1.434986600000000001e+00 2.244295458097269325e-01 4.737399558932378629e-01 4.737399558932378629e-01
1.441029399999999905e+00 2.209470829003725989e-01 4.700500855232052633e-01 4.700500855232052633e-01
1.447068100000000079e+00 2.175238755776833788e-01 4.663945492581183516e-01 4.663945492581183516e-01
1.453110899999999983e+00 2.141549529739563695e-01 4.627687899739527100e-01 4.627687899739527100e-01
1.459149599999999936e+00 2.108448019051009925e-01 4.591783987788417010e-01 4.591783987788417010e-01
1.465192400000000061e+00 2.075890385877258437e-01 4.556194010220875334e-01 4.556194010220875334e-01
1.471231100000000014e+00 2.043923405875590349e-01 4.520977113274950443e-01 4.520977113274950443e-01
1.477273800000000081e+00 2.012507756444206208e-01 4.486098256217986857e-01 4.486098256217986857e-01
1.483316599999999985e+00 1.981668302303148943e-01 4.451593312852319406e-01 4.451593312852319406e-01
1.489355299999999938e+00 1.951429797212330397e-01 4.417499063058565323e-01 4.417499063058565323e-01
1.495398100000000063e+00 1.921754431416125009e-01 4.383781964715084967e-01 4.383781964715084967e-01
1.501436800000000016e+00 1.892684580281226436e-01 4.350499488887714650e-01 4.350499488887714650e-01
1.507479599999999920e+00 1.864181284267104055e-01 4.317616569667927506e-01 4.317616569667927506e-01
1.513518300000000094e+00 1.836281760848248734e-01 4.285185831265954093e-01 4.285185831265954093e-01
1.519561099999999998e+00 1.808944383120466570e-01 4.253168681254561601e-01 4.253168681254561601e-01
1.525603800000000065e+00 1.782182495343730411e-01 4.221590334629510832e-01 4.221590334629510832e-01
1.531642500000000018e+00 1.756003961119434187e-01 4.190470094296622205e-01 4.190470094296622205e-01
1.537685299999999922e+00 1.730362247153240385e-01 4.159762309499474564e-01 4.159762309499474564e-01
1.543724000000000096e+00 1.705278225732634045e-01 4.129501453847224668e-01 4.129501453847224668e-01
1.549766800000000000e+00 1.680701596081290716e-01 4.099636076630815418e-01 4.099636076630815418e-01
1.555805499999999952e+00 1.656647473749279786e-01 4.070193452096939057e-01 4.070193452096939057e-01
1.561848300000000078e+00 1.633063302372603220e-01 4.041117793844424821e-01 4.041117793844424821e-01
1.567887000000000031e+00 1.609960003175570087e-01 4.012430688716716043e-01 4.012430688716716043e-01
1.573929799999999934e+00 1.587284373946896421e-01 3.984073761800723257e-01 3.984073761800723257e-01
1.579972500000000002e+00 1.565030555028688597e-01 3.956046707293391917e-01 3.956046707293391917e-01
1.586011300000000013e+00 1.543190370223504471e-01 3.928346179021783291e-01 3.928346179021783291e-01
1.592054000000000080e+00 1.521714625431801748e-01 3.900916078861222935e-01 3.900916078861222935e-01
1.598092700000000033e+00 1.500611662789211875e-01 3.873772918988943603e-01 3.873772918988943603e-01
1.604135499999999936e+00 1.479835090240659567e-01 3.846862475109630863e-01 3.846862475109630863e-01
1.610174200000000111e+00 1.459397007994074347e-01 3.820205502318002599e-01 3.820205502318002599e-01
1.616217000000000015e+00 1.439255799648899437e-01 3.793752495417827553e-01 3.793752495417827553e-01
1.622259799999999919e+00 1.419413993579078936e-01 3.767511106259779918e-01 3.767511106259779918e-01
1.628298500000000093e+00 1.399875792352995862e-01 3.741491403642397406e-01 3.741491403642397406e-01
1.634341299999999997e+00 1.380608173192990618e-01 3.715653607634853972e-01 3.715653607634853972e-01
1.640379999999999949e+00 1.361633153725346213e-01 3.690031373478206977e-01 3.690031373478206977e-01
1.646422700000000017e+00 1.342923309637872598e-01 3.664591804877962988e-01 3.664591804877962988e-01
1.652461399999999969e+00 1.324503346784817737e-01 3.639372675042799044e-01 3.639372675042799044e-01
1.658504200000000095e+00 1.306350075621330320e-01 3.614346518558134158e-01 3.614346518558134158e-01
1.664546999999999999e+00 1.288478815299013702e-01 3.589538710334537752e-01 3.589538710334537752e-01
1.670585699999999951e+00 1.270904927499773018e-01 3.564975354051936329e-01 3.564975354051936329e-01
1.676628500000000077e+00 1.253608474167971498e-01 3.540633381427638615e-01 3.540633381427638615e-01
1.682667200000000030e+00 1.236616846473342635e-01 3.516556336067065969e-01 3.516556336067065969e-01
1.688709999999999933e+00 1.219910512756387511e-01 3.492721736348871620e-01 3.492721736348871620e-01
1.694748700000000108e+00 1.203514955747224113e-01 3.469171307023082296e-01 3.469171307023082296e-01
1.700791399999999953e+00 1.187409968190803883e-01 3.445881553667803909e-01 3.445881553667803909e-01
1.706830099999999906e+00 1.171617402152414500e-01 3.422889717990362790e-01 3.422889717990362790e-01
1.712872900000000032e+00 1.156115176394565819e-01 3.400169372832132497e-01 3.400169372832132497e-01
1.718915699999999935e+00 1.140911665059930052e-01 3.377738392859829242e-01 3.377738392859829242e-01
1.724954400000000110e+00 1.126012849208566646e-01 3.355611493019665104e-01 3.355611493019665104e-01
1.730997200000000014e+00 1.111392906607092113e-01 3.333755999780266266e-01 3.333755999780266266e-01
1.737035899999999966e+00 1.097064621132570611e-01 3.312196584039918679e-01 3.312196584039918679e-01
1.743078700000000092e+00 1.083000145070682624e-01 3.290896754792958512e-01 3.290896754792958512e-01
1.749117400000000044e+00 1.069209037724871553e-01 3.269876202128869092e-01 3.269876202128869092e-01
1.755160099999999890e+00 1.055662337857211919e-01 3.249095778608583895e-01 3.249095778608583895e-01
1.761202900000000016e+00 1.042357911539345261e-01 3.228556816194110834e-01 3.228556816194110834e-01
1.767241599999999968e+00 1.029293227246263209e-01 3.208260006991738855e-01 3.208260006991738855e-01
1.773284400000000094e+00 1.016438848553117558e-01 3.188163810962538203e-01 3.188163810962538203e-01
1.779323100000000046e+00 1.003800641665412996e-01 3.168281303270612526e-01 3.168281303270612526e-01
1.785365899999999950e+00 9.913502090779588438e-02 3.148571436505703258e-01 3.148571436505703258e-01
1.791404599999999903e+00 9.790937917639709609e-02 3.129047445731641397e-01 3.129047445731641397e-01
1.797447400000000028e+00 9.670048473470821415e-02 3.109670155092147392e-01 3.109670155092147392e-01
1.803486099999999981e+00 9.550908128555216092e-02 3.090454356329375707e-01 3.090454356329375707e-01
1.809528800000000048e+00 9.433277748569773857e-02 3.071364151084949867e-01 3.071364151084949867e-01
1.815571599999999952e+00 9.317166893187685262e-02 3.052403461731048040e-01 3.052403461731048040e-01
1.821610299999999905e+00 9.202598654203142381e-02 3.033578522834565194e-01 3.033578522834565194e-01
1.827653100000000030e+00 9.089373265168915195e-02 3.014858747133755124e-01 3.014858747133755124e-01
1.833691799999999983e+00 8.977611937958047961e-02 2.996266332948065436e-01 2.996266332948065436e-01
1.839734600000000109e+00 8.867141657980026626e-02 2.977774615040572059e-01 2.977774615040572059e-01
1.845773300000000061e+00 8.758101506453380702e-02 2.959408979247947769e-01 2.959408979247947769e-01
1.851816099999999965e+00 8.650341975384125137e-02 2.941146370955400879e-01 2.941146370955400879e-01
1.857858800000000032e+00 8.543946049953383970e-02 2.923002916514689797e-01 2.923002916514689797e-01
1.863897499999999985e+00 8.438994565034174666e-02 2.904994761619059118e-01 2.904994761619059118e-01
1.869940300000000111e+00 8.335365696811984637e-02 2.887103340168478138e-01 2.887103340168478138e-01
1.875979000000000063e+00 8.233222794354504159e-02 2.869359300323768291e-01 2.869359300323768291e-01
1.882021799999999967e+00 8.132452177387984593e-02 2.851745461535440951e-01 2.851745461535440951e-01
1.888060499999999919e+00 8.033216317411336072e-02 2.834292913128658165e-01 2.834292913128658165e-01
1.894103300000000045e+00 7.935405441408327487e-02 2.816985168830025699e-01 2.816985168830025699e-01
1.900146099999999949e+00 7.839110224513723413e-02 2.799841107011918351e-01 2.799841107011918351e-01
1.906184799999999901e+00 7.744413714806901161e-02 2.782878674108323347e-01 2.782878674108323347e-01
1.912227600000000027e+00 7.651201882913320762e-02 2.766080599496934522e-01 2.766080599496934522e-01
1.918266299999999980e+00 7.559610025930996180e-02 2.749474499960127827e-01 2.749474499960127827e-01
1.924309000000000047e+00 7.469517467715763859e-02 2.733041797652528415e-01 2.733041797652528415e-01
1.930347700000000000e+00 7.381038449373875099e-02 2.716806663966701008e-01 2.716806663966701008e-01
1.936390499999999903e+00 7.294041589381648760e-02 2.700748338772357426e-01 2.700748338772357426e-01
1.942429200000000078e+00 7.208624304867594645e-02 2.684888136378794088e-01 2.684888136378794088e-01
1.948471999999999982e+00 7.124642057866828471e-02 2.669202513461058079e-01 2.669202513461058079e-01
1.954514800000000108e+00 7.042117156234573017e-02 2.653698768932633012e-01 2.653698768932633012e-01
1.960553500000000060e+00 6.961060830226521723e-02 2.638382237323947943e-01 2.638382237323947943e-01
1.966596299999999964e+00 6.881313307980788108e-02 2.623225744761740752e-01 2.623225744761740752e-01
1.972634999999999916e+00 6.802927703592158426e-02 2.608242263209489264e-01 2.608242263209489264e-01
1.978677699999999984e+00 6.725739383292381190e-02 2.593403050683094624e-01 2.593403050683094624e-01
1.984716399999999936e+00 6.649788124767894160e-02 2.578718310472838948e-01 2.578718310472838948e-01
1.990759200000000062e+00 6.574908023157856329e-02 2.564158345960299012e-01 2.564158345960299012e-01
1.996801999999999966e+00 6.501086861364099856e-02 2.549722898937078486e-01 2.549722898937078486e-01
2.002840700000000140e+00 6.428310993414779184e-02 2.535411405159876397e-01 2.535411405159876397e-01
2.008883500000000044e+00 6.356421854378328795e-02 2.521194529261542305e-01 2.521194529261542305e-01
2.014922199999999997e+00 6.285461695768461421e-02 2.507082307338245886e-01 2.507082307338245886e-01
2.020964999999999900e+00 6.215284507006302306e-02 2.493047233208047775e-01 2.493047233208047775e-01
2.027003699999999853e+00 6.145942730151817551e-02 2.479101194012018894e-01 2.479101194012018894e-01
2.033046399999999920e+00 6.077308242288635004e-02 2.465219714810149565e-01 2.465219714810149565e-01
2.039085099999999873e+00 6.009445219913948921e-02 2.451416982056285887e-01 2.451416982056285887e-01
2.045127900000000221e+00 5.942244674786706371e-02 2.437671978504636072e-01 2.437671978504636072e-01
2.051170700000000124e+00 5.875743728630894447e-02 2.423993343355318464e-01 2.423993343355318464e-01
2.057209400000000077e+00 5.809986121707490236e-02 2.410391279794110442e-01 2.410391279794110442e-01
2.063252199999999981e+00 5.744889847666657251e-02 2.396849984389231025e-01 2.396849984389231025e-01
2.069290899999999933e+00 5.680557613083095370e-02 2.383392039317723254e-01 2.383392039317723254e-01
2.075333699999999837e+00 5.616922432835220330e-02 2.370004732660933033e-01 2.370004732660933033e-01
2.081372399999999789e+00 5.554095671752540264e-02 2.356712895486537673e-01 2.356712895486537673e-01
2.087415099999999857e+00 5.492021249829164703e-02 2.343506187282031750e-01 2.343506187282031750e-01
2.093457900000000205e+00 5.430769848398442345e-02 2.330401220476517599e-01 2.330401220476517599e-01
2.099496600000000157e+00 5.370412959337625414e-02 2.317415146092219880e-01 2.317415146092219880e-01
2.105539400000000061e+00 5.310896733835483718e-02 2.304538290815642820e-01 2.304538290815642820e-01
2.111578100000000013e+00 5.252326858438099988e-02 2.291795553368166372e-01 2.291795553368166372e-01
2.117620899999999917e+00 5.194644215205947851e-02 2.279176214162904057e-01 2.279176214162904057e-01
2.123659599999999870e+00 5.137941782632134136e-02 2.266702843919364274e-01 2.266702843919364274e-01
2.129702400000000218e+00 5.082150665010067014e-02 2.254362585080329773e-01 2.254362585080329773e-01
2.135741100000000170e+00 5.027347416026336363e-02 2.242174706847425147e-01 2.242174706847425147e-01
2.141783799999999793e+00 4.973451758439646070e-02 2.230123709223245376e-01 2.230123709223245376e-01
2.147826600000000141e+00 4.920485072768447654e-02 2.218216642433386843e-01 2.218216642433386843e-01
2.153865300000000094e+00 4.868461570368971814e-02 2.206459057034363402e-01 2.206459057034363402e-01
2.159908099999999997e+00 4.817282147704198686e-02 2.194830778831069473e-01 2.194830778831069473e-01
2.165946799999999950e+00 4.766981888999342193e-02 2.183341908405401766e-01 2.183341908405401766e-01
2.171989599999999854e+00 4.717453205823619183e-02 2.171969890634679046e-01 2.171969890634679046e-01
2.178028299999999806e+00 4.668720391397369884e-02 2.160722192091655836e-01 2.160722192091655836e-01
2.184071100000000154e+00 4.620671980987935828e-02 2.149574837261530591e-01 2.149574837261530591e-01
2.190113800000000222e+00 4.573295838250834161e-02 2.138526557761402658e-01 2.138526557761402658e-01
2.196152600000000010e+00 4.526575344916814597e-02 2.127574991608242871e-01 2.127574991608242871e-01
2.202195300000000078e+00 4.480406175819694886e-02 2.116696996695487110e-01 2.116696996695487110e-01
2.208234000000000030e+00 4.434807760029989970e-02 2.105898326137800591e-01 2.105898326137800591e-01
2.214276799999999934e+00 4.389682097100831154e-02 2.095156819214454569e-01 2.095156819214454569e-01
2.220315499999999886e+00 4.345058588016875029e-02 2.084480412001243899e-01 2.084480412001243899e-01
2.226358299999999790e+00 4.300850428330155184e-02 2.073849181674056741e-01 2.073849181674056741e-01
2.232401100000000138e+00 4.257067931006050521e-02 2.063266325757789899e-01 2.063266325757789899e-01
2.238439800000000091e+00 4.213726511918339246e-02 2.052736347395431871e-01 2.052736347395431871e-01
2.244482599999999994e+00 4.170759654758234014e-02 2.042243779463713826e-01 2.042243779463713826e-01
2.250521299999999947e+00 4.128223919279354337e-02 2.031803120206127355e-01 2.031803120206127355e-01
2.256564000000000014e+00 4.086065914559879747e-02 2.021401967585833570e-01 2.021401967585833570e-01
2.262602699999999967e+00 4.044349872154765629e-02 2.011056904255761058e-01 2.011056904255761058e-01
2.268645499999999871e+00 4.003032211636688847e-02 2.000757909302544602e-01 2.000757909302544602e-01
2.274684199999999823e+00 3.962184375920360657e-02 1.990523643647661156e-01 1.990523643647661156e-01
2.280727000000000171e+00 3.921768333295449355e-02 1.980345508565474755e-01 1.980345508565474755e-01
2.286769800000000075e+00 3.881830462889073602e-02 1.970236143940383988e-01 1.970236143940383988e-01
2.292808500000000027e+00 3.842415910618075109e-02 1.960208129413321954e-01 1.960208129413321954e-01
2.298851299999999931e+00 3.803488836565231679e-02 1.950253531355662373e-01 1.950253531355662373e-01
2.304889999999999883e+00 3.765118018489842927e-02 1.940391202435695073e-01 1.940391202435695073e-01
2.310932699999999951e+00 3.727265492201219804e-02 1.930612724551772907e-01 1.930612724551772907e-01
2.316971399999999903e+00 3.689991819358804520e-02 1.920935141892824161e-01 1.920935141892824161e-01
2.323014199999999807e+00 3.653253946320184770e-02 1.911348724414303479e-01 1.911348724414303479e-01
2.329057000000000155e+00 3.617080452540569896e-02 1.901862364247363102e-01 1.901862364247363102e-01
2.335095700000000107e+00 3.581494369917188891e-02 1.892483651162458202e-01 1.892483651162458202e-01
2.341138500000000011e+00 3.546442392163235563e-02 1.883200040400178910e-01 1.883200040400178910e-01
2.347177199999999964e+00 3.511963172905278180e-02 1.874023258368283373e-01 1.874023258368283373e-01
2.353219999999999867e+00 3.477997268678428150e-02 1.864938945027002359e-01 1.864938945027002359e-01
2.359258699999999820e+00 3.444574795040518389e-02 1.855956571431701951e-01 1.855956571431701951e-01
2.365301399999999887e+00 3.411631978764986112e-02 1.847060361429746500e-01 1.847060361429746500e-01
2.371340099999999840e+00 3.379191080405900133e-02 1.838257620793641578e-01 1.838257620793641578e-01
2.377382900000000188e+00 3.347185330065974990e-02 1.829531450963873263e-01 1.829531450963873263e-01
2.383425700000000091e+00 3.315612317977911783e-02 1.820882291082515925e-01 1.820882291082515925e-01
2.389464400000000044e+00 3.284467740604923164e-02 1.812310056421064797e-01 1.812310056421064797e-01
2.395507199999999948e+00 3.253683877059476010e-02 1.803797072028745785e-01 1.803797072028745785e-01
2.401545899999999900e+00 3.223277543441874227e-02 1.795348863993255772e-01 1.795348863993255772e-01
2.407588699999999804e+00 3.193183467350579896e-02 1.786948087480601521e-01 1.786948087480601521e-01
2.413627400000000200e+00 3.163420024795052243e-02 1.778600580455053093e-01 1.778600580455053093e-01
2.419670099999999824e+00 3.133926759934643758e-02 1.770290021418706450e-01 1.770290021418706450e-01
2.425712900000000172e+00 3.104704822226765984e-02 1.762017259344177411e-01 1.762017259344177411e-01
2.431751600000000124e+00 3.075758765851830875e-02 1.753784127494553147e-01 1.753784127494553147e-01
2.437794400000000028e+00 3.047036720509630273e-02 1.745576329041394481e-01 1.745576329041394481e-01
2.443833099999999980e+00 3.018568215326970783e-02 1.737402721111881709e-01 1.737402721111881709e-01
2.449875899999999884e+00 2.990308343044525627e-02 1.729250803973942374e-01 1.729250803973942374e-01
2.455914599999999837e+00 2.962292422724823945e-02 1.721131146288633063e-01 1.721131146288633063e-01
2.461957400000000185e+00 2.934482525209587689e-02 1.713033136051252125e-01 1.713033136051252125e-01
2.468000099999999808e+00 2.906901308638511205e-02 1.704963726487608022e-01 1.704963726487608022e-01
2.474038800000000204e+00 2.879572195809533552e-02 1.696930227148286119e-01 1.696930227148286119e-01
2.480081600000000108e+00 2.852466832224362370e-02 1.688924756235268831e-01 1.688924756235268831e-01
2.486120300000000061e+00 2.825632342069597444e-02 1.680961731292416328e-01 1.680961731292416328e-01
2.492163099999999964e+00 2.799044245728044694e-02 1.673034442481100004e-01 1.673034442481100004e-01
2.498201799999999917e+00 2.772751679014869713e-02 1.665158154354975939e-01 1.665158154354975939e-01
2.504244599999999821e+00 2.746732578877790140e-02 1.657326937836282876e-01 1.657326937836282876e-01
2.510283300000000217e+00 2.721035892132102688e-02 1.649556271283917908e-01 1.649556271283917908e-01
2.516326100000000121e+00 2.695639821530136995e-02 1.641840376385639011e-01 1.641840376385639011e-01
2.522368900000000025e+00 2.670573911661226416e-02 1.634189068517234444e-01 1.634189068517234444e-01
2.528407599999999977e+00 2.645865176218491904e-02 1.626611562795030608e-01 1.626611562795030608e-01
2.534450300000000045e+00 2.621488699708745401e-02 1.619101201194275419e-01 1.619101201194275419e-01
2.540488999999999997e+00 2.597482461941410734e-02 1.611670705181865171e-01 1.611670705181865171e-01
2.546531799999999901e+00 2.573817132586875278e-02 1.604312043396444454e-01 1.604312043396444454e-01
2.552570499999999853e+00 2.550524604966000058e-02 1.597036194006259957e-01 1.597036194006259957e-01
2.558613300000000201e+00 2.527569824234853282e-02 1.589833269319413100e-01 1.589833269319413100e-01
2.564656100000000105e+00 2.504962082696596259e-02 1.582707200557511851e-01 1.582707200557511851e-01
2.570694800000000058e+00 2.482706628785713576e-02 1.575660695957639690e-01 1.575660695957639690e-01
2.576737599999999961e+00 2.460760618289545634e-02 1.568681171650104789e-01 1.568681171650104789e-01
2.582776299999999914e+00 2.439138679061495299e-02 1.561774208732329972e-01 1.561774208732329972e-01
2.588818999999999981e+00 2.417794526816044801e-02 1.554925891100937541e-01 1.554925891100937541e-01
2.594857699999999934e+00 2.396737572239558342e-02 1.548140036378995721e-01 1.548140036378995721e-01
2.600900499999999838e+00 2.375919706586736291e-02 1.541401864079168793e-01 1.541401864079168793e-01
2.606939199999999790e+00 2.355348946225465159e-02 1.534714613934937688e-01 1.534714613934937688e-01
2.612982000000000138e+00 2.334977370291357185e-02 1.528063274308808506e-01 1.528063274308808506e-01
2.619024800000000042e+00 2.314799925049209478e-02 1.521446655341293641e-01 1.521446655341293641e-01
2.625063499999999994e+00 2.294812535241806326e-02 1.514863866900853229e-01 1.514863866900853229e-01
2.631106299999999898e+00 2.274972534585487441e-02 1.508301208176101582e-01 1.508301208176101582e-01
2.637144999999999850e+00 2.255293855447283030e-02 1.501763581742240616e-01 1.501763581742240616e-01
2.643187699999999918e+00 2.235739990402053554e-02 1.495239108103467718e-01 1.495239108103467718e-01
2.649226399999999870e+00 2.216329876742392097e-02 1.488734320401861322e-01 1.488734320401861322e-01
2.655269200000000218e+00 2.197033810896572084e-02 1.482239458014990297e-01 1.482239458014990297e-01
2.661312000000000122e+00 2.177864635275944191e-02 1.475759003115327261e-01 1.475759003115327261e-01
2.667350700000000074e+00 2.158838015108593619e-02 1.469298477202162501e-01 1.469298477202162501e-01
2.673393499999999978e+00 2.139933829822054934e-02 1.462851267156731472e-01 1.462851267156731472e-01
2.679432199999999931e+00 2.121186010856815699e-02 1.456429198710605388e-01 1.456429198710605388e-01
2.685474999999999834e+00 2.102579506915773153e-02 1.450027415918669071e-01 1.450027415918669071e-01
2.691513699999999787e+00 2.084151557171792096e-02 1.443659086201375952e-01 1.443659086201375952e-01
2.697556399999999854e+00 2.065890456058972272e-02 1.437320582215036724e-01 1.437320582215036724e-01
2.703599200000000202e+00 2.047821602013469300e-02 1.431021174551050934e-01 1.431021174551050934e-01
2.709637900000000155e+00 2.029970577323128231e-02 1.424770359504691497e-01 1.424770359504691497e-01
2.715680700000000058e+00 2.012325574273307605e-02 1.418564617588253529e-01 1.418564617588253529e-01
2.721719400000000011e+00 1.994921623410637543e-02 1.412416943898166799e-01 1.412416943898166799e-01
2.727762199999999915e+00 1.977744373985761486e-02 1.406322997744743342e-01 1.406322997744743342e-01
2.733800899999999867e+00 1.960824201782522536e-02 1.400294326840797743e-01 1.400294326840797743e-01
2.739843700000000215e+00 1.944142696330102699e-02 1.394325175965098473e-01 1.394325175965098473e-01
2.745882400000000167e+00 1.927724359023688314e-02 1.388425136269035021e-01 1.388425136269035021e-01
2.751925099999999791e+00 1.911546247123407233e-02 1.382586795511734634e-01 1.382586795511734634e-01
2.757967900000000139e+00 1.895615390785114485e-02 1.376813491648420096e-01 1.376813491648420096e-01
2.764006600000000091e+00 1.879936338011265265e-02 1.371107704745059552e-01 1.371107704745059552e-01
2.770049399999999995e+00 1.864479126826105657e-02 1.365459309839039403e-01 1.365459309839039403e-01
2.776088099999999947e+00 1.849253996146226625e-02 1.359872786751108731e-01 1.359872786751108731e-01
2.782130899999999851e+00 1.834227831125977148e-02 1.354336675692560943e-01 1.354336675692560943e-01
2.788169599999999804e+00 1.819407329354578648e-02 1.348854080082267093e-01 1.348854080082267093e-01
2.794212400000000152e+00 1.804757856902450969e-02 1.343412764902303103e-01 1.343412764902303103e-01
2.800255100000000219e+00 1.790274930147078142e-02 1.338011558301002990e-01 1.338011558301002990e-01
2.806293900000000008e+00 1.775952793826962930e-02 1.332648788626231706e-01 1.332648788626231706e-01
2.812336600000000075e+00 1.761758815351233479e-02 1.327312629093550522e-01 1.327312629093550522e-01
2.818375300000000028e+00 1.747698400638799873e-02 1.322005446523878691e-01 1.322005446523878691e-01
2.824418099999999932e+00 1.733740855878341397e-02 1.316715935909618107e-01 1.316715935909618107e-01
2.830456799999999884e+00 1.719894900977114380e-02 1.311447635621458829e-01 1.311447635621458829e-01
2.836499599999999788e+00 1.706133328035708968e-02 1.306190387361547411e-01 1.306190387361547411e-01
2.842538300000000184e+00 1.692468376378946857e-02 1.300949029124103262e-01 1.300949029124103262e-01
2.848581100000000088e+00 1.678877083584926280e-02 1.295714892862209200e-01 1.295714892862209200e-01
2.854623899999999992e+00 1.665366379415884543e-02 1.290490751387194102e-01 1.290490751387194102e-01
2.860662599999999944e+00 1.651944934224428008e-02 1.285280099520889618e-01 1.285280099520889618e-01
2.866705300000000012e+00 1.638596158616897544e-02 1.280076622166383404e-01 1.280076622166383404e-01
2.872743999999999964e+00 1.625340785360643650e-02 1.274888538406649674e-01 1.274888538406649674e-01
2.878786799999999868e+00 1.612165522002877160e-02 1.269710802506963387e-01 1.269710802506963387e-01
2.884825499999999820e+00 1.599093892953284621e-02 1.264552843084576217e-01 1.264552843084576217e-01
2.890868300000000168e+00 1.586114685013694653e-02 1.259410451367501682e-01 1.259410451367501682e-01
2.896911100000000072e+00 1.573243941719039071e-02 1.254290214312078211e-01 1.254290214312078211e-01
2.902949800000000025e+00 1.560497713062146755e-02 1.249198828474533396e-01 1.249198828474533396e-01
2.908992599999999928e+00 1.547866136981072664e-02 1.244132684636599651e-01 1.244132684636599651e-01
2.915031299999999881e+00 1.535373533844113653e-02 1.239101906157888816e-01 1.239101906157888816e-01
2.921073999999999948e+00 1.523009815976535293e-02 1.234102838493022491e-01 1.234102838493022491e-01
2.927112699999999901e+00 1.510797278643767443e-02 1.229144938013319727e-01 1.229144938013319727e-01
2.933155499999999805e+00 1.498724538956798351e-02 1.224224055864284316e-01 1.224224055864284316e-01
2.939198300000000152e+00 1.486803834126913110e-02 1.219345658181843484e-01 1.219345658181843484e-01
2.945237000000000105e+00 1.475045761345152202e-02 1.214514619650645527e-01 1.214514619650645527e-01
2.951279800000000009e+00 1.463435701122974518e-02 1.209725465187442700e-01 1.209725465187442700e-01
2.957318499999999961e+00 1.451989384562060899e-02 1.204985221719362398e-01 1.204985221719362398e-01
2.963361299999999865e+00 1.440689860617860515e-02 1.200287407506160781e-01 1.200287407506160781e-01
2.969399999999999817e+00 1.429549696527628901e-02 1.195637778145048763e-01 1.195637778145048763e-01
2.975442699999999885e+00 1.418549877083499430e-02 1.191028915301177438e-01 1.191028915301177438e-01
2.981481399999999837e+00 1.407699696444602612e-02 1.186465210802492287e-01 1.186465210802492287e-01
2.987524200000000185e+00 1.396978254322965921e-02 1.181938346244407884e-01 1.181938346244407884e-01
2.993567000000000089e+00 1.386385692821792172e-02 1.177448806879429488e-01 1.177448806879429488e-01
2.999605700000000041e+00 1.375921071438436505e-02 1.172996620386621835e-01 1.172996620386621835e-01
3.005648499999999945e+00 1.365561652279824109e-02 1.168572484820614016e-01 1.168572484820614016e-01
3.011687199999999898e+00 1.355312671996607675e-02 1.164178969057853980e-01 1.164178969057853980e-01
3.017729999999999801e+00 1.345151320552379418e-02 1.159806587562072500e-01 1.159806587562072500e-01
3.023768700000000198e+00 1.335082680811797498e-02 1.155457779761682874e-01 1.155457779761682874e-01
3.029811399999999821e+00 1.325084952613287195e-02 1.151123343787835429e-01 1.151123343787835429e-01
3.035854200000000169e+00 1.315157027485174511e-02 1.146802959311308406e-01 1.146802959311308406e-01
3.041892900000000122e+00 1.305298976778352521e-02 1.142496816966398626e-01 1.142496816966398626e-01
3.047935700000000026e+00 1.295491718880710172e-02 1.138196696041905709e-01 1.138196696041905709e-01
3.053974399999999978e+00 1.285744104530856663e-02 1.133906567813616900e-01 1.133906567813616900e-01
3.060017199999999882e+00 1.276039797496598092e-02 1.129619315299007359e-01 1.129619315299007359e-01
3.066055899999999834e+00 1.266390315225434347e-02 1.125340088695605950e-01 1.125340088695605950e-01
3.072098700000000182e+00 1.256782387486671607e-02 1.121063061333603811e-01 1.121063061333603811e-01
3.078137400000000135e+00 1.247230357564116723e-02 1.116794680128857381e-01 1.116794680128857381e-01
3.084180100000000202e+00 1.237724128733339729e-02 1.112530506877604519e-01 1.112530506877604519e-01
3.090222900000000106e+00 1.228273904723128224e-02 1.108275193588274948e-01 1.108275193588274948e-01
3.096261600000000058e+00 1.218891343004519824e-02 1.104034122210233032e-01 1.104034122210233032e-01
3.102304399999999962e+00 1.209569780393605042e-02 1.099804428247861260e-01 1.099804428247861260e-01
3.108343099999999914e+00 1.200328623863776249e-02 1.095595100328481813e-01 1.095595100328481813e-01
3.114385899999999818e+00 1.191162503905204666e-02 1.091403914188145419e-01 1.091403914188145419e-01
3.120424600000000215e+00 1.182091156709418403e-02 1.087240155949649595e-01 1.087240155949649595e-01
3.126467400000000119e+00 1.173109396099727801e-02 1.083101747805684106e-01 1.083101747805684106e-01
3.132510200000000022e+00 1.164230080513041846e-02 1.078994939984911083e-01 1.078994939984911083e-01
3.138548899999999975e+00 1.155465044303491395e-02 1.074925599426998224e-01 1.074925599426998224e-01
3.144591600000000042e+00 1.146807445838852850e-02 1.070890958893039174e-01 1.070890958893039174e-01
3.150630299999999995e+00 1.138272445718117344e-02 1.066898517066228458e-01 1.066898517066228458e-01
3.156673099999999899e+00 1.129850913909161494e-02 1.062944454761941687e-01 1.062944454761941687e-01
3.162711799999999851e+00 1.121555088989163729e-02 1.059034980059282011e-01 1.059034980059282011e-01
3.168754600000000199e+00 1.113372954026585655e-02 1.055164894235297024e-01 1.055164894235297024e-01
3.174797400000000103e+00 1.105307867270042405e-02 1.051336229410003015e-01 1.051336229410003015e-01
3.180836100000000055e+00 1.097361371395595697e-02 1.047550176075397188e-01 1.047550176075397188e-01
3.186878899999999959e+00 1.089517485061696628e-02 1.043799542566338084e-01 1.043799542566338084e-01
3.192917599999999911e+00 1.081780464927217800e-02 1.040086758365482561e-01 1.040086758365482561e-01
3.198960299999999979e+00 1.074132556674527866e-02 1.036403664927198071e-01 1.036403664927198071e-01
3.204998999999999931e+00 1.066575797002431228e-02 1.032751565964647317e-01 1.032751565964647317e-01
3.211041799999999835e+00 1.059091519509814880e-02 1.029121722397217109e-01 1.029121722397217109e-01
3.217080499999999788e+00 1.051681219414890046e-02 1.025515099554799303e-01 1.025515099554799303e-01
3.223123300000000135e+00 1.044326331609019866e-02 1.021922859911167658e-01 1.021922859911167658e-01
3.229166100000000039e+00 1.037023861049246251e-02 1.018343685132502979e-01 1.018343685132502979e-01
3.235204799999999992e+00 1.029771398884253564e-02 1.014776526573340498e-01 1.014776526573340498e-01
3.241247599999999895e+00 1.022552748744342578e-02 1.011213503046880097e-01 1.011213503046880097e-01
3.247286299999999848e+00 1.015372525676300902e-02 1.007656948408683778e-01 1.007656948408683778e-01
3.253328999999999915e+00 1.008217222624633799e-02 1.004100205469869306e-01 1.004100205469869306e-01
3.259367699999999868e+00 1.001093842986509365e-02 1.000546772013437280e-01 1.000546772013437280e-01
3.265410500000000216e+00 9.939918006240687498e-03 9.969913743980279852e-02 9.969913743980279852e-02
3.271453300000000119e+00 9.869163293299973091e-03 9.934366257240555276e-02 9.934366257240555276e-02
3.277492000000000072e+00 9.798739354685167408e-03 9.898858194097523433e-02 9.898858194097523433e-02
3.283534799999999976e+00 9.728580115306294587e-03 9.863356485145557961e-02 9.863356485145557961e-02
3.289573499999999928e+00 9.658820833956638374e-03 9.827930012956256900e-02 9.827930012956256900e-02
3.295616299999999832e+00 9.589415378935593412e-03 9.792556039633162901e-02 9.792556039633162901e-02
3.301654999999999784e+00 9.520512692079589889e-03 9.757311459659157027e-02 9.757311459659157027e-02
3.307697699999999852e+00 9.452078909306634372e-03 9.722180264378270376e-02 9.722180264378270376e-02
3.313736399999999804e+00 9.384264400940724865e-03 9.687241300257119769e-02 9.687241300257119769e-02
3.319779200000000152e+00 9.317036830690215293e-03 9.652479904506518216e-02 9.652479904506518216e-02
3.325822000000000056e+00 9.250497547066688711e-03 9.617950689760625116e-02 9.617950689760625116e-02
3.331860700000000008e+00 9.184740389943608918e-03 9.583705123773168799e-02 9.583705123773168799e-02
3.337903499999999912e+00 9.119718037846639633e-03 9.549721481722196759e-02 9.549721481722196759e-02
3.343942199999999865e+00 9.055551750323173610e-03 9.516066283041103857e-02 9.516066283041103857e-02
3.349985000000000213e+00 8.992177463139792645e-03 9.482709245326355341e-02 9.482709245326355341e-02
3.356023700000000165e+00 8.929693581942123662e-03 9.449705594325213953e-02 9.449705594325213953e-02
3.362066399999999788e+00 8.868017794649940208e-03 9.417015341736435785e-02 9.417015341736435785e-02
3.368109200000000136e+00 8.807181543842591484e-03 9.384658514747667990e-02 9.384658514747667990e-02
3.374147900000000089e+00 8.747206847289312054e-03 9.352650344843066454e-02 9.352650344843066454e-02
3.380190699999999993e+00 8.687983456489689615e-03 9.320935283805853455e-02 9.320935283805853455e-02
3.386229399999999945e+00 8.629554740680641170e-03 9.289539676798114209e-02 9.289539676798114209e-02
3.392272199999999849e+00 8.571797474803842867e-03 9.258400226175061976e-02 9.258400226175061976e-02
3.398310899999999801e+00 8.514740871755500928e-03 9.227535354446224358e-02 9.227535354446224358e-02
3.404353700000000149e+00 8.458254557531661583e-03 9.196876946839976918e-02 9.196876946839976918e-02
3.410392400000000102e+00 8.402360323677441831e-03 9.166438961601959534e-02 9.166438961601959534e-02
3.416435200000000005e+00 8.346927009537177117e-03 9.136151820945828672e-02 9.136151820945828672e-02
3.422477900000000073e+00 8.291939602486544936e-03 9.106008786777303188e-02 9.106008786777303188e-02
3.428516600000000025e+00 8.237381877160002835e-03 9.076002356302032004e-02 9.076002356302032004e-02
3.434559399999999929e+00 8.183133419501187680e-03 9.046067333101820429e-02 9.046067333101820429e-02
3.440598099999999882e+00 8.129225843630346476e-03 9.016221960239413635e-02 9.016221960239413635e-02
3.446640899999999785e+00 8.075550064523125474e-03 8.986406436681530774e-02 8.986406436681530774e-02
3.452679600000000182e+00 8.022149951606034543e-03 8.956645550431274749e-02 8.956645550431274749e-02
3.458722400000000086e+00 7.968931399694598877e-03 8.926887139252180636e-02 8.926887139252180636e-02
3.464765199999999989e+00 7.915916832573805309e-03 8.897143829664554138e-02 8.897143829664554138e-02
3.470803899999999942e+00 7.863135874036506628e-03 8.867432477350198350e-02 8.867432477350198350e-02
3.476846600000000009e+00 7.810519196789181447e-03 8.837714182292376319e-02 8.837714182292376319e-02
3.482885299999999962e+00 7.758145204125332234e-03 8.808033381025148767e-02 8.808033381025148767e-02
3.488928099999999866e+00 7.705959152479553362e-03 8.778359272939080526e-02 8.778359272939080526e-02
3.494966799999999818e+00 7.654053401717586351e-03 8.748744710938584357e-02 8.748744710938584357e-02
3.501009600000000166e+00 7.602384253933608740e-03 8.719165243263606035e-02 8.719165243263606035e-02
3.507052400000000070e+00 7.551018096043677838e-03 8.689659427183367424e-02 8.689659427183367424e-02
3.513091100000000022e+00 7.500023677881583958e-03 8.660267708264902942e-02 8.660267708264902942e-02
3.519133899999999926e+00 7.449368022327865733e-03 8.630972148215904083e-02 8.630972148215904083e-02
3.525172599999999878e+00 7.399156939914159140e-03 8.601835234363745808e-02 8.601835234363745808e-02
3.531215299999999946e+00 7.349359782731990087e-03 8.572840709316831287e-02 8.572840709316831287e-02
3.537253999999999898e+00 7.300077545327603688e-03 8.544049125167529901e-02 8.544049125167529901e-02
3.543296799999999802e+00 7.251276432513954415e-03 8.515442696955898005e-02 8.515442696955898005e-02
3.549335500000000199e+00 7.203051016499663860e-03 8.487079012534090583e-02 8.487079012534090583e-02
3.555378300000000102e+00 7.155359244602269020e-03 8.458935656808289072e-02 8.458935656808289072e-02
3.561421100000000006e+00 7.108251659711148016e-03 8.431044810526835964e-02 8.431044810526835964e-02
3.567459799999999959e+00 7.061770669137649135e-03 8.403434220089812945e-02 8.403434220089812945e-02
3.573502599999999862e+00 7.015857113377259313e-03 8.376071342447638512e-02 8.376071342447638512e-02
3.579541299999999815e+00 6.970569850050701947e-03 8.348993861568411445e-02 8.348993861568411445e-02
3.585583999999999882e+00 6.925837177196546290e-03 8.322161484372041229e-02 8.322161484372041229e-02
3.591622699999999835e+00 6.881700060799193948e-03 8.295601280678328859e-02 8.295601280678328859e-02
3.597665500000000183e+00 6.838074117742651108e-03 8.269264851087218537e-02 8.269264851087218537e-02
3.603708300000000087e+00 6.794958027080324342e-03 8.243153539198651292e-02 8.243153539198651292e-02
3.609747000000000039e+00 6.752343708723324879e-03 8.217264574493950147e-02 8.217264574493950147e-02
3.615789799999999943e+00 6.710132170652173544e-03 8.191539642003921318e-02 8.191539642003921318e-02
3.621828499999999895e+00 6.668336593188982711e-03 8.165988362218612462e-02 8.165988362218612462e-02
3.627871299999999799e+00 6.626854472358787232e-03 8.140549411654465772e-02 8.140549411654465772e-02
3.633910000000000196e+00 6.585696273358082088e-03 8.115230294549923007e-02 8.115230294549923007e-02
3.639952699999999819e+00 6.544762323417843697e-03 8.089970533579120271e-02 8.089970533579120271e-02
3.645991400000000215e+00 6.504065303367824631e-03 8.064778548334619601e-02 8.064778548334619601e-02
3.652034200000000119e+00 6.463513408128067524e-03 8.039597880570935329e-02 8.039597880570935329e-02
3.658077000000000023e+00 6.423102705694092550e-03 8.014426183884965083e-02 8.014426183884965083e-02
3.664115699999999975e+00 6.382835574595547255e-03 7.989265031650626125e-02 7.989265031650626125e-02
3.670158499999999879e+00 6.342639972404357299e-03 7.964069294276862609e-02 7.964069294276862609e-02
3.676197199999999832e+00 6.302561211210291371e-03 7.938867180656375422e-02 7.938867180656375422e-02
3.682240000000000180e+00 6.262544018597734560e-03 7.913623707630869364e-02 7.913623707630869364e-02
3.688278700000000132e+00 6.222650184323926491e-03 7.888377643295182984e-02 7.888377643295182984e-02
3.694321400000000200e+00 6.182841660385978225e-03 7.863104768719528237e-02 7.863104768719528237e-02
3.700364200000000103e+00 6.143167021177149169e-03 7.837835811738562419e-02 7.837835811738562419e-02
3.706402900000000056e+00 6.103682777857004534e-03 7.812606977096060723e-02 7.812606977096060723e-02
3.712445699999999960e+00 6.064369520940155606e-03 7.787406192655006720e-02 7.787406192655006720e-02
3.718484399999999912e+00 6.025318475299375372e-03 7.762292493393543880e-02 7.762292493393543880e-02
3.724527199999999816e+00 5.986516675797205408e-03 7.737258348922572415e-02 7.737258348922572415e-02
3.730565900000000212e+00 5.948057319574776881e-03 7.712364954781883442e-02 7.712364954781883442e-02
3.736608700000000116e+00 5.909927634245186467e-03 7.687605371144635991e-02 7.687605371144635991e-02
3.742651500000000020e+00 5.872190596641414448e-03 7.663021986554269249e-02 7.663021986554269249e-02
3.748690199999999972e+00 5.834903929003258660e-03 7.638654285280398193e-02 7.638654285280398193e-02
3.754732900000000040e+00 5.798044659013126649e-03 7.614489253399157886e-02 7.614489253399157886e-02
3.760771599999999992e+00 5.761682071696892955e-03 7.590574465544022709e-02 7.590574465544022709e-02
3.766814399999999896e+00 5.725780569702148062e-03 7.566888772608031111e-02 7.566888772608031111e-02
3.772853099999999849e+00 5.690394201275560115e-03 7.543470157212502081e-02 7.543470157212502081e-02
3.778895900000000196e+00 5.655472244494376931e-03 7.520287391113704423e-02 7.520287391113704423e-02
3.784934600000000149e+00 5.621051564628363334e-03 7.497367247659916800e-02 7.497367247659916800e-02
3.790977400000000053e+00 5.587067476324108009e-03 7.474668873150240589e-02 7.474668873150240589e-02
3.797020199999999956e+00 5.553518871180212514e-03 7.452193550344900219e-02 7.452193550344900219e-02
3.803058899999999909e+00 5.520397762188827481e-03 7.429937928535357283e-02 7.429937928535357283e-02
3.809101599999999976e+00 5.487624865018711148e-03 7.407850474340522962e-02 7.407850474340522962e-02
3.815140299999999929e+00 5.455205562326779188e-03 7.385936340320554960e-02 7.385936340320554960e-02
3.821183099999999833e+00 5.423056562928026993e-03 7.364140522103056197e-02 7.364140522103056197e-02
3.827221799999999785e+00 5.391181391000265249e-03 7.342466473195682908e-02 7.342466473195682908e-02
3.833264600000000133e+00 5.359497722729970881e-03 7.320859049817836361e-02 7.320859049817836361e-02
3.839307400000000037e+00 5.327990654857154076e-03 7.299308634971639342e-02 7.299308634971639342e-02
3.845346099999999989e+00 5.296648440032195732e-03 7.277807664422161760e-02 7.277807664422161760e-02
3.851388899999999893e+00 5.265400214719184215e-03 7.256307748930708457e-02 7.256307748930708457e-02
3.857427599999999845e+00 5.234265576420467012e-03 7.234822441788373026e-02 7.234822441788373026e-02
3.863470299999999913e+00 5.203185991054109366e-03 7.213311299988452163e-02 7.213311299988452163e-02
3.869508999999999865e+00 5.172192233645111874e-03 7.191795487668647957e-02 7.191795487668647957e-02
3.875551800000000213e+00 5.141238822633339284e-03 7.170243247361514360e-02 7.170243247361514360e-02
3.881590500000000166e+00 5.110370161917747803e-03 7.148685307046147297e-02 7.148685307046147297e-02
3.887633300000000069e+00 5.079552666925740527e-03 7.127098053854556692e-02 7.127098053854556692e-02
3.893676099999999973e+00 5.048821006142460883e-03 7.105505616170083860e-02 7.105505616170083860e-02
3.899714799999999926e+00 5.018214211181378816e-03 7.083935496022940315e-02 7.083935496022940315e-02
3.905757599999999830e+00 4.987712721496432092e-03 7.062374049493860828e-02 7.062374049493860828e-02
3.911796299999999782e+00 4.957382654729666945e-03 7.040868309185782659e-02 7.040868309185782659e-02
3.917838999999999849e+00 4.927209800245138487e-03 7.019408664727491698e-02 7.019408664727491698e-02
3.923877699999999802e+00 4.897261249542585355e-03 6.998043476245760508e-02 6.998043476245760508e-02
3.929920500000000150e+00 4.867523690167747941e-03 6.976764070948471286e-02 6.976764070948471286e-02
3.935963300000000054e+00 4.838043129311174820e-03 6.955604308261917335e-02 6.955604308261917335e-02
3.942002000000000006e+00 4.808862746060501257e-03 6.934596416562756327e-02 6.934596416562756327e-02
3.948044799999999910e+00 4.779963482944373648e-03 6.913727997935971425e-02 6.913727997935971425e-02
3.954083499999999862e+00 4.751401593397491449e-03 6.893041123769312606e-02 6.893041123769312606e-02
3.960126300000000210e+00 4.723151344563786443e-03 6.872518711916167367e-02 6.872518711916167367e-02
3.966165000000000163e+00 4.695259772387327946e-03 6.852196561969985111e-02 6.852196561969985111e-02
3.972207699999999786e+00 4.667693627146915665e-03 6.832052127396948116e-02 6.832052127396948116e-02
3.978246500000000019e+00 4.640488539725077903e-03 6.812113137437661448e-02 6.812113137437661448e-02
3.984289200000000086e+00 4.613604451878905270e-03 6.792351913644423256e-02 6.792351913644423256e-02
3.990331999999999990e+00 4.587049394053984916e-03 6.772775940523932670e-02 6.772775940523932670e-02
3.996370699999999943e+00 4.560828333556175146e-03 6.753390506668613402e-02 6.753390506668613402e-02
4.002413500000000290e+00 4.534888956665134203e-03 6.734158415618936300e-02 6.734158415618936300e-02
4.008452199999999799e+00 4.509246748208844448e-03 6.715092514782536326e-02 6.715092514782536326e-02
4.014495000000000147e+00 4.483844711667617916e-03 6.696151664700865369e-02 6.696151664700865369e-02
4.020533699999999655e+00 4.458693350627751344e-03 6.677344794622898372e-02 6.677344794622898372e-02
4.026576500000000003e+00 4.433733381358763610e-03 6.658628523471453453e-02 6.658628523471453453e-02
4.032619200000000070e+00 4.408956768525965422e-03 6.639997566660672812e-02 6.639997566660672812e-02
4.038657899999999579e+00 4.384353994591207691e-03 6.621445457444474769e-02 6.621445457444474769e-02
4.044700699999999927e+00 4.359867649715304903e-03 6.602929387563753749e-02 6.602929387563753749e-02
4.050739400000000323e+00 4.335508153735358715e-03 6.584457573510030248e-02 6.584457573510030248e-02
4.056782199999999783e+00 4.311221801028281529e-03 6.565989492093542157e-02 6.565989492093542157e-02
4.062820900000000179e+00 4.287023696848687310e-03 6.547536709976269076e-02 6.547536709976269076e-02
4.068863699999999639e+00 4.262866364488420053e-03 6.529062998997957334e-02 6.529062998997957334e-02
4.074902400000000036e+00 4.238771630259598536e-03 6.510584943197959829e-02 6.510584943197959829e-02
4.080932899999999641e+00 4.214748730879486205e-03 6.492109619283616129e-02 6.492109619283616129e-02
4.087004199999999976e+00 4.190599921196931817e-03 6.473484317735643534e-02 6.473484317735643534e-02
4.093034799999999862e+00 4.166650760976926479e-03 6.454959923172975955e-02 6.454959923172975955e-02
4.099065300000000356e+00 4.142745194504205038e-03 6.436416079235558751e-02 6.436416079235558751e-02
4.105095900000000242e+00 4.118891970185952801e-03 6.417859433008760162e-02 6.417859433008760162e-02
4.111167199999999688e+00 4.094944433242281127e-03 6.399175285333479068e-02 6.399175285333479068e-02
4.117197700000000182e+00 4.071240639956620957e-03 6.380627429929301708e-02 6.380627429929301708e-02
4.123228300000000068e+00 4.047638256281778889e-03 6.362105198974454812e-02 6.362105198974454812e-02
4.129258899999999954e+00 4.024158983862665719e-03 6.343625922028084396e-02 6.343625922028084396e-02
4.135330200000000289e+00 4.000668557971459594e-03 6.325083839737984104e-02 6.325083839737984104e-02
4.141360699999999895e+00 3.977505667834660939e-03 6.306746917258262974e-02 6.306746917258262974e-02
4.147391299999999781e+00 3.954534526409613816e-03 6.288508985768895276e-02 6.288508985768895276e-02
4.153421800000000275e+00 3.931777772499292847e-03 6.270388961220263457e-02 6.270388961220263457e-02
4.159493099999999721e+00 3.909103451528633637e-03 6.252282344495195543e-02 6.252282344495195543e-02
4.165523699999999607e+00 3.886833335258786572e-03 6.234447317331975186e-02 6.234447317331975186e-02
4.171554200000000101e+00 3.864828904874938707e-03 6.216774810844397092e-02 6.216774810844397092e-02
4.177584799999999987e+00 3.843099438539483801e-03 6.199273698216174050e-02 6.199273698216174050e-02
4.183656100000000322e+00 3.821507157926424137e-03 6.181833998035230621e-02 6.181833998035230621e-02
4.189686599999999927e+00 3.800342904045205840e-03 6.164692128602373283e-02 6.164692128602373283e-02
4.195717199999999814e+00 3.779456496539418571e-03 6.147728439463977235e-02 6.147728439463977235e-02
4.201747700000000307e+00 3.758840159525211021e-03 6.130938068130529356e-02 6.130938068130529356e-02
4.207818999999999754e+00 3.738343722815377305e-03 6.114199639213113713e-02 6.114199639213113713e-02
4.213849599999999640e+00 3.718225277807017323e-03 6.097725213394759869e-02 6.097725213394759869e-02
4.219880200000000414e+00 3.698326146288465326e-03 6.081386475375878675e-02 6.081386475375878675e-02
4.225910700000000020e+00 3.678623483513646444e-03 6.065165689009366368e-02 6.065165689009366368e-02
4.231982000000000355e+00 3.658960249096604184e-03 6.048933996248102851e-02 6.048933996248102851e-02
4.238012600000000241e+00 3.639574146315657528e-03 6.032888318472054423e-02 6.032888318472054423e-02
4.244043099999999846e+00 3.620306950702957983e-03 6.016898661854758190e-02 6.016898661854758190e-02
4.250073699999999732e+00 3.601132726912359243e-03 6.000943864853560544e-02 6.000943864853560544e-02
4.256145000000000067e+00 3.581899551821236208e-03 5.984897285518972487e-02 5.984897285518972487e-02
4.262175499999999673e+00 3.562844648102874660e-03 5.968956900583949343e-02 5.968956900583949343e-02
4.268206099999999559e+00 3.543820799701324735e-03 5.952999915757873489e-02 5.952999915757873489e-02
4.274277399999999894e+00 3.524686644320601178e-03 5.936907144566606204e-02 5.936907144566606204e-02
4.280307900000000387e+00 3.505689991488384651e-03 5.920886750722719610e-02 5.920886750722719610e-02
4.286338500000000273e+00 3.486697623062205102e-03 5.904826519942990570e-02 5.904826519942990570e-02
4.292368999999999879e+00 3.467710681661986555e-03 5.888727096463196309e-02 5.888727096463196309e-02
4.298440300000000214e+00 3.448605704130114878e-03 5.872483038826178253e-02 5.872483038826178253e-02
4.304470900000000100e+00 3.429648785884827685e-03 5.856320334377916603e-02 5.856320334377916603e-02
4.310501499999999986e+00 3.410725318181539577e-03 5.840141537823839019e-02 5.840141537823839019e-02
4.316531999999999591e+00 3.391852425091262425e-03 5.823961216467072460e-02 5.823961216467072460e-02
4.322603299999999926e+00 3.372922245474562972e-03 5.807686497629295508e-02 5.807686497629295508e-02
4.328633899999999812e+00 3.354210158040581754e-03 5.791554331991181220e-02 5.791554331991181220e-02
4.334664400000000306e+00 3.335611334031329984e-03 5.775475161431594534e-02 5.775475161431594534e-02
4.340695000000000192e+00 3.317147167228251970e-03 5.759468002540036463e-02 5.759468002540036463e-02
4.346766299999999639e+00 3.298716111704668667e-03 5.743445056501079310e-02 5.743445056501079310e-02
4.352796800000000133e+00 3.280585111232384339e-03 5.727639226795263466e-02 5.727639226795263466e-02
4.358827400000000019e+00 3.262646444740373991e-03 5.711958022202521384e-02 5.711958022202521384e-02
4.364857899999999624e+00 3.244914646090773982e-03 5.696415228975828388e-02 5.696415228975828388e-02
4.370929199999999959e+00 3.227282084317471128e-03 5.680917253681373041e-02 5.680917253681373041e-02
4.376959799999999845e+00 3.209992033886174736e-03 5.665679159541400084e-02 5.665679159541400084e-02
4.382990300000000339e+00 3.192928316265875293e-03 5.650600247996557385e-02 5.650600247996557385e-02
4.389020900000000225e+00 3.176088797232922128e-03 5.635679903288441650e-02 5.635679903288441650e-02
4.395092199999999671e+00 3.159356831800514635e-03 5.620815627469481768e-02 5.620815627469481768e-02
4.401122799999999557e+00 3.142947566850409595e-03 5.606199752818668419e-02 5.606199752818668419e-02
4.407153300000000051e+00 3.126735999529956910e-03 5.591722453350091854e-02 5.591722453350091854e-02
4.413183899999999937e+00 3.110706499171095058e-03 5.577370795608890819e-02 5.577370795608890819e-02
4.419255200000000272e+00 3.094735565518722930e-03 5.563034752290087204e-02 5.563034752290087204e-02
4.425285699999999878e+00 3.079018770080532534e-03 5.548890672990892947e-02 5.548890672990892947e-02
4.431316299999999764e+00 3.063428468738128158e-03 5.534824720565347661e-02 5.534824720565347661e-02
4.437346800000000258e+00 3.047945521935151170e-03 5.520820158214856388e-02 5.520820158214856388e-02
4.443418099999999704e+00 3.032446630281265387e-03 5.506765502798594003e-02 5.506765502798594003e-02
4.449448699999999590e+00 3.017121731386207019e-03 5.492833268347226128e-02 5.492833268347226128e-02
4.455479200000000084e+00 3.001850552278567848e-03 5.478914629996134433e-02 5.478914629996134433e-02
4.461509799999999970e+00 2.986618356711167460e-03 5.464996209249524395e-02 5.464996209249524395e-02
4.467581100000000305e+00 2.971311112640967651e-03 5.450973410906503197e-02 5.450973410906503197e-02
4.473611599999999910e+00 2.956125275509158008e-03 5.437026094759117578e-02 5.437026094759117578e-02
4.479642199999999796e+00 2.940951605202690722e-03 5.423054125861819647e-02 5.423054125861819647e-02
4.485672700000000290e+00 2.925787554423167104e-03 5.409054958514626643e-02 5.409054958514626643e-02
4.491743999999999737e+00 2.910530284801072631e-03 5.394933071689650417e-02 5.394933071689650417e-02
4.497774599999999623e+00 2.895387377885336438e-03 5.380880390684535802e-02 5.380880390684535802e-02
4.503805200000000397e+00 2.880261919509510913e-03 5.366807169546443379e-02 5.366807169546443379e-02
4.509876499999999844e+00 2.865059866147001005e-03 5.352625398948632901e-02 5.352625398948632901e-02
4.515907000000000338e+00 2.849995138478553843e-03 5.338534572781705040e-02 5.338534572781705040e-02
4.521937600000000224e+00 2.834976687859127632e-03 5.324449913239045346e-02 5.324449913239045346e-02
4.527968099999999829e+00 2.820017711299310868e-03 5.310383895067578852e-02 5.310383895067578852e-02
4.534039400000000164e+00 2.805031037054440176e-03 5.296254371774868075e-02 5.296254371774868075e-02
4.540070000000000050e+00 2.790231813307954625e-03 5.282264489125809009e-02 5.282264489125809009e-02
4.546100499999999656e+00 2.775533384273551514e-03 5.268333118049343261e-02 5.268333118049343261e-02
4.552131100000000430e+00 2.760948605333108773e-03 5.254472956760847940e-02 5.254472956760847940e-02
4.558202399999999876e+00 2.746393054927640312e-03 5.240604025231862528e-02 5.240604025231862528e-02
4.564232900000000370e+00 2.732073379334977719e-03 5.226923932232970665e-02 5.226923932232970665e-02
4.570263500000000256e+00 2.717900688927046577e-03 5.213348913056795042e-02 5.213348913056795042e-02
4.576293999999999862e+00 2.703883178037205445e-03 5.199887669976348270e-02 5.199887669976348270e-02
4.582365300000000197e+00 2.689933028623708693e-03 5.186456428645389721e-02 5.186456428645389721e-02
4.588395900000000083e+00 2.676240844192136203e-03 5.173239646674157588e-02 5.173239646674157588e-02
4.594426499999999969e+00 2.662713463850554900e-03 5.160148703138849047e-02 5.160148703138849047e-02
4.600456999999999574e+00 2.649349555268974959e-03 5.147183263950269594e-02 5.147183263950269594e-02
4.606528299999999909e+00 2.636056093899680035e-03 5.134253688609163174e-02 5.134253688609163174e-02
4.612558899999999795e+00 2.623005147392439267e-03 5.121528236173690518e-02 5.121528236173690518e-02
4.618589400000000289e+00 2.610098731135053474e-03 5.108912537062122727e-02 5.108912537062122727e-02
4.624620000000000175e+00 2.597325896652327194e-03 5.096396664950960526e-02 5.096396664950960526e-02
4.630691299999999622e+00 2.584589657451457408e-03 5.083885971824562283e-02 5.083885971824562283e-02
4.636721800000000115e+00 2.572047360965654984e-03 5.071535626381475786e-02 5.071535626381475786e-02
4.642752400000000002e+00 2.559598331141111228e-03 5.059247306804749711e-02 5.059247306804749711e-02
4.648782899999999607e+00 2.547227992825361418e-03 5.047007026768797477e-02 5.047007026768797477e-02
4.654854199999999942e+00 2.534838029084647212e-03 5.034717498613648645e-02 5.034717498613648645e-02
4.660884799999999828e+00 2.522580088245823804e-03 5.022529331169529182e-02 5.022529331169529182e-02
4.666915300000000322e+00 2.510357439965668451e-03 5.010346734474240699e-02 5.010346734474240699e-02
4.672945900000000208e+00 2.498157369713360602e-03 4.998157030059540568e-02 4.998157030059540568e-02
4.679017199999999654e+00 2.485887326799369676e-03 4.985867353630028115e-02 4.985867353630028115e-02
4.685047800000000429e+00 2.473703418860955308e-03 4.973633901747247926e-02 4.973633901747247926e-02
4.691078300000000034e+00 2.461517680004115822e-03 4.961368440263347335e-02 4.961368440263347335e-02
4.697108899999999920e+00 2.449326508574444210e-03 4.949067092467472617e-02 4.949067092467472617e-02
4.703180200000000255e+00 2.437047395665644690e-03 4.936646023025800106e-02 4.936646023025800106e-02
4.709210699999999861e+00 2.424847665164589581e-03 4.924274225877951078e-02 4.924274225877951078e-02
4.715241299999999747e+00 2.412649878304312743e-03 4.911873245824156103e-02 4.911873245824156103e-02
4.721271800000000241e+00 2.400462303033227326e-03 4.899451298904018703e-02 4.899451298904018703e-02
4.727343099999999687e+00 2.388212700573741180e-03 4.886934315676588758e-02 4.886934315676588758e-02
4.733373699999999573e+00 2.376077727071360026e-03 4.874502771638723753e-02 4.874502771638723753e-02
4.739404200000000067e+00 2.363989048172100357e-03 4.862087049994169574e-02 4.862087049994169574e-02
4.745475500000000402e+00 2.351879986600353793e-03 4.849618527884800440e-02 4.849618527884800440e-02
4.751506100000000288e+00 2.339928279478467946e-03 4.837280516445648798e-02 4.837280516445648798e-02
4.757536599999999893e+00 2.328067685649484742e-03 4.825005373727043329e-02 4.825005373727043329e-02
4.763567199999999779e+00 2.316312051833394840e-03 4.812807966076970700e-02 4.812807966076970700e-02
4.769638500000000114e+00 2.304596427649357668e-03 4.800621238599601937e-02 4.800621238599601937e-02
4.775669100000000000e+00 2.293089124074147982e-03 4.788621016612348152e-02 4.788621016612348152e-02
4.781699599999999606e+00 2.281720313856855972e-03 4.776735615309744137e-02 4.776735615309744137e-02
4.787730200000000380e+00 2.270495968039997099e-03 4.764972159456964951e-02 4.764972159456964951e-02
4.793801499999999827e+00 2.259345534686873179e-03 4.753257340694771321e-02 4.753257340694771321e-02
4.799832000000000320e+00 2.248419199586455634e-03 4.741749887527236390e-02 4.741749887527236390e-02
4.805862600000000207e+00 2.237638828181399021e-03 4.730368725777515243e-02 4.730368725777515243e-02
4.811893099999999812e+00 2.226999332618246653e-03 4.719109378493199086e-02 4.719109378493199086e-02
4.817964400000000147e+00 2.216421712374056115e-03 4.707888818115882335e-02 4.707888818115882335e-02
4.823995000000000033e+00 2.206037327010102692e-03 4.696847162735980075e-02 4.696847162735980075e-02
4.830025499999999639e+00 2.195762419150230123e-03 4.685896306097937780e-02 4.685896306097937780e-02
4.836056100000000413e+00 2.185582549835964235e-03 4.675021443625648754e-02 4.675021443625648754e-02
4.842127399999999859e+00 2.175414885579884678e-03 4.664134309365334380e-02 4.664134309365334380e-02
4.848157900000000353e+00 2.165380333919032785e-03 4.653364733092638789e-02 4.653364733092638789e-02
4.854188500000000239e+00 2.155394823396801843e-03 4.642622990720657317e-02 4.642622990720657317e-02
4.860218999999999845e+00 2.145444090463790362e-03 4.631893878818674204e-02 4.631893878818674204e-02
4.866290300000000180e+00 2.135447495410529393e-03 4.621090234360858418e-02 4.621090234360858418e-02
4.872320900000000066e+00 2.125527553566826811e-03 4.610344405320308120e-02 4.610344405320308120e-02
4.878351499999999952e+00 2.115607701973581511e-03 4.599573569336163487e-02 4.599573569336163487e-02
4.884381999999999557e+00 2.105681028283485669e-03 4.588770018516383914e-02 4.588770018516383914e-02
4.890453299999999892e+00 2.095675623885934636e-03 4.577854982288030727e-02 4.577854982288030727e-02
4.896483899999999778e+00 2.085724045414705588e-03 4.566972788855551413e-02 4.566972788855551413e-02
4.902514400000000272e+00 2.075760389691538432e-03 4.556051349240412829e-02 4.556051349240412829e-02
4.908545000000000158e+00 2.065787870277878760e-03 4.545093915727021344e-02 4.545093915727021344e-02
4.914616299999999605e+00 2.055745253022976584e-03 4.534032700613193495e-02 4.534032700613193495e-02
4.920646800000000098e+00 2.045775392340670479e-03 4.523024864336554207e-02 4.523024864336554207e-02
4.926677399999999984e+00 2.035820354344928217e-03 4.512006598338402785e-02 4.512006598338402785e-02
4.932707899999999590e+00 2.025891482896833348e-03 4.500990427557954171e-02 4.500990427557954171e-02
4.938779199999999925e+00 2.015933710609700558e-03 4.489915044418658907e-02 4.489915044418658907e-02
4.944809799999999811e+00 2.006093019977910411e-03 4.478942977955747973e-02 4.478942977955747973e-02
4.950840300000000305e+00 1.996314834880982391e-03 4.468013915467343444e-02 4.468013915467343444e-02
4.956870900000000191e+00 1.986610461921640893e-03 4.457140857008717871e-02 4.457140857008717871e-02
4.962942199999999637e+00 1.976926149964232816e-03 4.446263768563706031e-02 4.446263768563706031e-02
4.968972800000000412e+00 1.967401198110022009e-03 4.435539649366266463e-02 4.435539649366266463e-02
4.975003300000000017e+00 1.957978358238679148e-03 4.424904923542063301e-02 4.424904923542063301e-02
4.981074600000000352e+00 1.948600828527483585e-03 4.414295899152528846e-02 4.414295899152528846e-02
4.987105200000000238e+00 1.939398540349263327e-03 4.403860284283850346e-02 4.403860284283850346e-02
4.993135699999999844e+00 1.930310375651969786e-03 4.393529760513714688e-02 4.393529760513714688e-02
4.999166299999999730e+00 1.921335940126228095e-03 4.383304621089239433e-02 4.383304621089239433e-02
5.005237600000000064e+00 1.912413852849186198e-03 4.373115425928277705e-02 4.373115425928277705e-02
5.011268099999999670e+00 1.903659885573504972e-03 4.363095100468823012e-02 4.363095100468823012e-02
5.017298699999999556e+00 1.895007891125705980e-03 4.353168835602067716e-02 4.353168835602067716e-02
5.023329200000000050e+00 1.886451014466594732e-03 4.343329384776838109e-02 4.343329384776838109e-02
5.029400500000000385e+00 1.877923728494670062e-03 4.333501734734474670e-02 4.333501734734474670e-02
5.035431100000000271e+00 1.869531176265606508e-03 4.323807553841413354e-02 4.323807553841413354e-02
5.041461599999999876e+00 1.861206153062619668e-03 4.314169854169652013e-02 4.314169854169652013e-02
5.047492199999999762e+00 1.852938178013326023e-03 4.304576841006937243e-02 4.304576841006937243e-02
5.053563500000000097e+00 1.844661835280685374e-03 4.294952660135714639e-02 4.294952660135714639e-02
5.059594099999999983e+00 1.836478116745337685e-03 4.285414935272123527e-02 4.285414935272123527e-02
5.065624599999999589e+00 1.828322182157011543e-03 4.275888424827069267e-02 4.275888424827069267e-02
5.071655200000000363e+00 1.820185234072533914e-03 4.266362893698254222e-02 4.266362893698254222e-02
5.077726499999999810e+00 1.812005109115413749e-03 4.256765331933878155e-02 4.256765331933878155e-02
5.083757000000000303e+00 1.803885326875577467e-03 4.247217120510296540e-02 4.247217120510296540e-02
5.089787600000000189e+00 1.795765880284588660e-03 4.237647791268864261e-02 4.237647791268864261e-02
5.095818099999999795e+00 1.787643659688301816e-03 4.228053523417486109e-02 4.228053523417486109e-02
5.101889400000000130e+00 1.779461710610588578e-03 4.218366639601859452e-02 4.218366639601859452e-02
5.107920000000000016e+00 1.771329639610530644e-03 4.208716716067417707e-02 4.208716716067417707e-02
5.113950499999999622e+00 1.763194103744025569e-03 4.199040490092975642e-02 4.199040490092975642e-02
5.119981100000000396e+00 1.755057704618268001e-03 4.189340884456966424e-02 4.189340884456966424e-02
5.126052399999999842e+00 1.746870004999798512e-03 4.179557398816050040e-02 4.179557398816050040e-02
5.132082900000000336e+00 1.738746525623849565e-03 4.169827964825226913e-02 4.169827964825226913e-02
5.138113500000000222e+00 1.730638785116920316e-03 4.160094692572418457e-02 4.160094692572418457e-02
5.144143999999999828e+00 1.722554649421259880e-03 4.150367031265138340e-02 4.150367031265138340e-02
5.150215300000000163e+00 1.714447898323590881e-03 4.140589207254918164e-02 4.140589207254918164e-02
5.156245900000000049e+00 1.706436083157976359e-03 4.130903149624760157e-02 4.130903149624760157e-02
5.162276499999999935e+00 1.698473555254637665e-03 4.121254123752426252e-02 4.121254123752426252e-02
5.168307000000000428e+00 1.690569106893125050e-03 4.111653082268888759e-02 4.111653082268888759e-02
5.174378299999999875e+00 1.682678040660515271e-03 4.102045880607035899e-02 4.102045880607035899e-02
5.180408899999999761e+00 1.674913830038580716e-03 4.092571111219181490e-02 4.092571111219181490e-02
5.186439400000000255e+00 1.667229984268699420e-03 4.083172766695893074e-02 4.083172766695893074e-02
5.192470000000000141e+00 1.659631538711837896e-03 4.073857556066286939e-02 4.073857556066286939e-02
5.198541299999999588e+00 1.652072115176133910e-03 4.064568999507984365e-02 4.064568999507984365e-02
5.204571800000000081e+00 1.644655466238116549e-03 4.055435200121087352e-02 4.055435200121087352e-02
5.210602399999999967e+00 1.637330922206298297e-03 4.046394595447035808e-02 4.046394595447035808e-02
5.216673700000000302e+00 1.630048890790383774e-03 4.037386395665373828e-02 4.037386395665373828e-02
5.222704199999999908e+00 1.622904145077083693e-03 4.028528447308128008e-02 4.028528447308128008e-02
5.228734799999999794e+00 1.615842674611743133e-03 4.019754562920158092e-02 4.019754562920158092e-02
5.234765300000000288e+00 1.608858505396438578e-03 4.011057847247329750e-02 4.011057847247329750e-02
5.240836599999999734e+00 1.601897381701765377e-03 4.002371024407613831e-02 4.002371024407613831e-02
5.246867199999999620e+00 1.595044000418474389e-03 3.993800195826619631e-02 3.993800195826619631e-02
5.252897800000000395e+00 1.588241936729193780e-03 3.985275318882239987e-02 3.985275318882239987e-02
5.258928300000000000e+00 1.581481266147955703e-03 3.976784211078036174e-02 3.976784211078036174e-02
5.264999600000000335e+00 1.574706243794144530e-03 3.968256851306559141e-02 3.968256851306559141e-02
5.271030200000000221e+00 1.567997792927250779e-03 3.959795187793493237e-02 3.959795187793493237e-02
5.277060699999999827e+00 1.561301127741705199e-03 3.951330317426910571e-02 3.951330317426910571e-02
5.283091299999999713e+00 1.554607567496101711e-03 3.942851211364818698e-02 3.942851211364818698e-02
5.289162600000000047e+00 1.547864778267215788e-03 3.934291268153917304e-02 3.934291268153917304e-02
5.295193099999999653e+00 1.541157545336202007e-03 3.925757946354056782e-02 3.925757946354056782e-02
5.301223700000000427e+00 1.534436505022988406e-03 3.917188411377461876e-02 3.917188411377461876e-02
5.307254200000000033e+00 1.527699800382199954e-03 3.908580049560454045e-02 3.908580049560454045e-02
5.313325500000000368e+00 1.520901462570180577e-03 3.899873667915642467e-02 3.899873667915642467e-02
5.319356100000000254e+00 1.514134607621234673e-03 3.891188260186385223e-02 3.891188260186385223e-02
5.325386599999999859e+00 1.507357565362844399e-03 3.882470302993758227e-02 3.882470302993758227e-02
5.331417199999999745e+00 1.500575585777551334e-03 3.873726352980488147e-02 3.873726352980488147e-02
5.337488500000000080e+00 1.493750043650808081e-03 3.864906264905797195e-02 3.864906264905797195e-02
5.343519099999999966e+00 1.486980735694864780e-03 3.856138918263792015e-02 3.856138918263792015e-02
5.349549599999999572e+00 1.480231156152006728e-03 3.847377231507207590e-02 3.847377231507207590e-02
5.355580200000000346e+00 1.473510787778819098e-03 3.838633595146610095e-02 3.838633595146610095e-02
5.361651499999999793e+00 1.466784685027210577e-03 3.829862510622555893e-02 3.829862510622555893e-02
5.367682000000000286e+00 1.460152852309222916e-03 3.821194646061912975e-02 3.821194646061912975e-02
5.373712600000000172e+00 1.453578905536146142e-03 3.812582989963819724e-02 3.812582989963819724e-02
5.379743099999999778e+00 1.447071193154179361e-03 3.804038897217244808e-02 3.804038897217244808e-02
5.385814400000000113e+00 1.440593218246120390e-03 3.795514745388457040e-02 3.795514745388457040e-02
5.391844999999999999e+00 1.434237353323067950e-03 3.787132626834011084e-02 3.787132626834011084e-02
5.397875499999999604e+00 1.427963706334858633e-03 3.778840703621758751e-02 3.778840703621758751e-02
5.403906100000000379e+00 1.421773939452905750e-03 3.770641774887804887e-02 3.770641774887804887e-02
5.409977399999999825e+00 1.415627239078349380e-03 3.762482211357748296e-02 3.762482211357748296e-02
5.416007900000000319e+00 1.409604266316414733e-03 3.754469691336467102e-02 3.754469691336467102e-02
5.422038500000000205e+00 1.403659744993222521e-03 3.746544734809958976e-02 3.746544734809958976e-02
5.428069100000000091e+00 1.397788603736519397e-03 3.738701116345781450e-02 3.738701116345781450e-02
5.434140400000000426e+00 1.391945342689261417e-03 3.730878372031526391e-02 3.730878372031526391e-02
5.440170900000000032e+00 1.386200715168766848e-03 3.723171652192209385e-02 3.723171652192209385e-02
5.446201499999999918e+00 1.380506698950326096e-03 3.715517055471991709e-02 3.715517055471991709e-02
5.452272800000000252e+00 1.374816445122723678e-03 3.707851729941103597e-02 3.707851729941103597e-02
5.458303299999999858e+00 1.369197221869175324e-03 3.700266506441361042e-02 3.700266506441361042e-02
5.464333899999999744e+00 1.363601684358523069e-03 3.692697773117267768e-02 3.692697773117267768e-02
5.470364400000000238e+00 1.358021627797116430e-03 3.685134499305441069e-02 3.685134499305441069e-02
5.476435699999999684e+00 1.352411651851807102e-03 3.677514992290047829e-02 3.677514992290047829e-02
5.482466299999999571e+00 1.346840426473516848e-03 3.669932460514112316e-02 3.669932460514112316e-02
