6.411538299999999801e-02 3.673549208260300247e+01 6.060981115512817929e+00 6.060981115512817929e+00
7.031055499999999681e-02 3.636588781918242574e+01 6.030413569497736326e+00 6.030413569497736326e+00
7.650572699999999560e-02 3.596958265845128011e+01 5.997464685886135349e+00 5.997464685886135349e+00
8.270089899999999439e-02 3.554839287461519604e+01 5.962247300692515850e+00 5.962247300692515850e+00
8.889606999999999370e-02 3.510423526515015169e+01 5.924882721636787863e+00 5.924882721636787863e+00
9.509124200000000637e-02 3.463911526169902544e+01 5.885500425766617028e+00 5.885500425766617028e+00
1.012868199999999996e-01 3.415508297223743028e+01 5.844235020277455561e+00 5.844235020277455561e+00
1.074819899999999995e-01 3.365434866435087713e+01 5.801236821950201517e+00 5.801236821950201517e+00
1.136771699999999941e-01 3.313907806759786467e+01 5.756655111051717455e+00 5.756655111051717455e+00
1.198723399999999939e-01 3.261150875915398473e+01 5.710648716140223513e+00 5.710648716140223513e+00
1.260675099999999937e-01 3.207390039001602844e+01 5.663382416013951648e+00 5.663382416013951648e+00
1.322626799999999936e-01 3.152852428862423295e+01 5.615026650749240567e+00 5.615026650749240567e+00
1.384578499999999934e-01 3.097764879721241726e+01 5.565756803635280470e+00 5.565756803635280470e+00
1.446530199999999933e-01 3.042352535818607961e+01 5.515752474339841172e+00 5.515752474339841172e+00
1.508481999999999879e-01 2.986837370894757271e+01 5.465196584657094903e+00 5.465196584657094903e+00
1.570433699999999877e-01 2.931437164560648867e+01 5.414274803296050820e+00 5.414274803296050820e+00
1.632385399999999875e-01 2.876363599557512885e+01 5.363174059787275461e+00 5.363174059787275461e+00
1.694337099999999874e-01 2.821821283620551668e+01 5.312081779886819177e+00 5.312081779886819177e+00
1.756288799999999872e-01 2.768006361668059867e+01 5.261184621041215870e+00 5.261184621041215870e+00
1.818240600000000096e-01 2.715105183321407623e+01 5.210667119785534318e+00 5.210667119785534318e+00
1.880192300000000094e-01 2.663293457785502127e+01 5.160710665969854283e+00 5.160710665969854283e+00
1.942144000000000092e-01 2.612734631359055726e+01 5.111491593810026046e+00 5.111491593810026046e+00
2.004099799999999876e-01 2.563576006053787282e+01 5.063176874309041509e+00 5.063176874309041509e+00
2.066051499999999874e-01 2.515960654206112324e+01 5.015935260951951413e+00 5.015935260951951413e+00
2.128003199999999873e-01 2.470007080154825729e+01 4.969916578932513040e+00 4.969916578932513040e+00
2.189954899999999871e-01 2.425821656078748134e+01 4.925263095590679541e+00 4.925263095590679541e+00
2.251906700000000094e-01 2.383494708562266950e+01 4.882104780278959666e+00 4.882104780278959666e+00
2.313858400000000093e-01 2.343100386917242162e+01 4.840558218756636499e+00 4.840558218756636499e+00
2.375810100000000091e-01 2.304696000796802124e+01 4.800724946085541234e+00 4.800724946085541234e+00
2.437761800000000090e-01 2.268322197816751995e+01 4.762690623814181734e+00 4.762690623814181734e+00
2.499713500000000088e-01 2.234002949447107866e+01 4.726524039341287065e+00 4.726524039341287065e+00
2.561665200000000087e-01 2.201745759669389813e+01 4.692276376844601415e+00 4.692276376844601415e+00
2.623616999999999755e-01 2.171541975042490336e+01 4.659980659876701736e+00 4.659980659876701736e+00
2.685568700000000031e-01 2.143367475001100786e+01 4.629651687763455037e+00 4.629651687763455037e+00
2.747520399999999752e-01 2.117183009943761718e+01 4.601285700696884362e+00 4.601285700696884362e+00
2.809472100000000028e-01 2.092935150358501417e+01 4.574860817946816205e+00 4.574860817946816205e+00
2.871427899999999811e-01 2.070555673325263868e+01 4.550335892354831380e+00 4.550335892354831380e+00
2.933379600000000087e-01 2.049968311264438015e+01 4.527657574579197153e+00 4.527657574579197153e+00
2.995331299999999808e-01 2.031080900650133714e+01 4.506751491540368804e+00 4.506751491540368804e+00
3.057283100000000031e-01 2.013792485320314896e+01 4.487529927833701748e+00 4.487529927833701748e+00
3.119234799999999752e-01 1.997993017046694675e+01 4.469891516632920059e+00 4.469891516632920059e+00
3.181186500000000028e-01 1.983564353106070044e+01 4.453722435341104458e+00 4.453722435341104458e+00
3.243138199999999749e-01 1.970381552695350180e+01 4.438898008172016851e+00 4.438898008172016851e+00
3.305089900000000025e-01 1.958314035892462357e+01 4.425284212220117475e+00 4.425284212220117475e+00
3.367041700000000248e-01 1.947226750141424034e+01 4.412739228802698754e+00 4.412739228802698754e+00
3.428993399999999969e-01 1.936981411126069830e+01 4.401115098615429488e+00 4.401115098615429488e+00
3.490945100000000245e-01 1.927437547515253158e+01 4.390259158085378033e+00 4.390259158085378033e+00
3.552896799999999966e-01 1.918453702019998985e+01 4.380015641547412741e+00 4.380015641547412741e+00
3.614848500000000242e-01 1.909888514377868418e+01 4.370227127253077271e+00 4.370227127253077271e+00
3.676800199999999963e-01 1.901601794979418969e+01 4.360735941305571295e+00 4.360735941305571295e+00
3.738755999999999746e-01 1.893455032519587888e+01 4.351384874404455871e+00 4.351384874404455871e+00
3.800707799999999970e-01 1.885314543338329685e+01 4.342020892785212638e+00 4.342020892785212638e+00
3.862659500000000246e-01 1.877049291001629427e+01 4.332492690128431967e+00 4.332492690128431967e+00
3.924611199999999966e-01 1.868533922770902933e+01 4.322654187846747931e+00 4.322654187846747931e+00
3.986562900000000242e-01 1.859649209612329201e+01 4.312365023525176255e+00 4.312365023525176255e+00
4.048514599999999963e-01 1.850282930614491050e+01 4.301491521105779370e+00 4.301491521105779370e+00
4.110474499999999809e-01 1.840329373282378000e+01 4.289906028437426855e+00 4.289906028437426855e+00
4.172409899999999783e-01 1.829698391550146397e+01 4.277497389303874797e+00 4.277497389303874797e+00
4.234386099999999931e-01 1.818292246434452863e+01 4.264143813750250089e+00 4.264143813750250089e+00
4.296321499999999904e-01 1.806049913096475734e+01 4.249764597123557586e+00 4.249764597123557586e+00
4.358256899999999878e-01 1.792898914263471610e+01 4.234263707261832543e+00 4.234263707261832543e+00
4.420233100000000026e-01 1.778775695728950623e+01 4.217553432653758705e+00 4.217553432653758705e+00
4.482168500000000000e-01 1.763656629592703950e+01 4.199591205811231909e+00 4.199591205811231909e+00
4.544144700000000148e-01 1.747491584584041036e+01 4.180300927665424382e+00 4.180300927665424382e+00
4.606080100000000122e-01 1.730283857010290305e+01 4.159668084126773913e+00 4.159668084126773913e+00
4.668015500000000095e-01 1.712017367810307178e+01 4.137653160682160269e+00 4.137653160682160269e+00
4.729991700000000243e-01 1.692685295575461168e+01 4.114225681188941941e+00 4.114225681188941941e+00
4.791927100000000217e-01 1.672331046025098189e+01 4.089414439776309251e+00 4.089414439776309251e+00
4.853903299999999810e-01 1.650956960775352655e+01 4.063196968860053104e+00 4.063196968860053104e+00
4.915838699999999784e-01 1.628630795873071690e+01 4.035629809426369619e+00 4.035629809426369619e+00
4.977774099999999757e-01 1.605388006222475639e+01 4.006729347263769725e+00 4.006729347263769725e+00
5.039750299999999905e-01 1.581270220775791024e+01 3.976518855451072643e+00 3.976518855451072643e+00
5.101685700000000434e-01 1.556374420745584786e+01 3.945091153250561700e+00 3.945091153250561700e+00
5.163661899999999472e-01 1.530739240878373586e+01 3.912466282127391892e+00 3.912466282127391892e+00
5.225597300000000001e-01 1.504474596640994477e+01 3.878755723993191129e+00 3.878755723993191129e+00
5.287573399999999646e-01 1.477625552605309878e+01 3.843989532510864837e+00 3.843989532510864837e+00
5.349508899999999567e-01 1.450308866468286340e+01 3.808292092878756918e+00 3.808292092878756918e+00
5.411444300000000096e-01 1.422589270960449603e+01 3.771722777406167904e+00 3.771722777406167904e+00
5.473420399999999741e-01 1.394529600295011385e+01 3.734340102742399470e+00 3.734340102742399470e+00
5.535355899999999663e-01 1.366246180741729432e+01 3.696276749300205555e+00 3.696276749300205555e+00
5.597332000000000418e-01 1.337778514147651521e+01 3.657565466464888004e+00 3.657565466464888004e+00
5.659267500000000339e-01 1.309236481118666617e+01 3.618337299255925732e+00 3.618337299255925732e+00
5.721202899999999758e-01 1.280669378965410310e+01 3.578644127271403352e+00 3.578644127271403352e+00
5.783179000000000514e-01 1.252121029455425472e+01 3.538532223190041126e+00 3.538532223190041126e+00
5.845114500000000435e-01 1.223685850188544144e+01 3.498122139360694494e+00 3.498122139360694494e+00
5.907090600000000080e-01 1.195377711996859027e+01 3.457423479987459025e+00 3.457423479987459025e+00
5.969025999999999499e-01 1.167278963282226911e+01 3.416546448216717824e+00 3.416546448216717824e+00
6.030961500000000530e-01 1.139410349184298887e+01 3.375515292787604871e+00 3.375515292787604871e+00
6.092937600000000176e-01 1.111787866093775712e+01 3.334348311280295185e+00 3.334348311280295185e+00
6.154872999999999594e-01 1.084476629226941569e+01 3.293139276172420971e+00 3.293139276172420971e+00
6.216849199999999742e-01 1.057465002114106234e+01 3.251868696786674118e+00 3.251868696786674118e+00
6.278784600000000271e-01 1.030808787328743037e+01 3.210621103974654833e+00 3.210621103974654833e+00
6.340720100000000192e-01 1.004506842204536632e+01 3.169395592545267260e+00 3.169395592545267260e+00
6.402696199999999838e-01 9.785563029174479510e+00 3.128188458065543021e+00 3.128188458065543021e+00
6.464631600000000367e-01 9.530029768430269499e+00 3.087074629553077099e+00 3.087074629553077099e+00
6.526607800000000514e-01 9.278233862763915596e+00 3.046019347076429185e+00 3.046019347076429185e+00
6.588543199999999933e-01 9.030597260574589669e+00 3.005095216557137405e+00 3.005095216557137405e+00
6.650478600000000462e-01 8.787037023597333629e+00 2.964293680389535002e+00 2.964293680389535002e+00
6.712454799999999500e-01 8.547478622717909147e+00 2.923607125233810944e+00 2.923607125233810944e+00
6.774390200000000029e-01 8.312320050078749745e+00 2.883109441224656067e+00 2.883109441224656067e+00
6.836366400000000176e-01 8.081337074722096503e+00 2.842769261604271680e+00 2.842769261604271680e+00
6.898301799999999595e-01 7.854923552404866172e+00 2.802663653099469965e+00 2.802663653099469965e+00
6.960277999999999743e-01 7.632875632499763974e+00 2.762765938783045883e+00 2.762765938783045883e+00
7.022213400000000272e-01 7.415584264720019192e+00 2.723157040040111276e+00 2.723157040040111276e+00
7.084148799999999691e-01 7.203003407315209827e+00 2.683841166558708746e+00 2.683841166558708746e+00
7.146124999999999838e-01 6.995100775777724600e+00 2.644825282656252163e+00 2.644825282656252163e+00
7.208060400000000367e-01 6.792252227354691918e+00 2.606194971093815038e+00 2.606194971093815038e+00
7.270036600000000515e-01 6.594289211467986966e+00 2.567934814489648776e+00 2.567934814489648776e+00
7.331971999999999934e-01 6.401564657316209050e+00 2.530131351791089944e+00 2.530131351791089944e+00
7.393907400000000463e-01 6.214029586111421644e+00 2.492795536363025199e+00 2.492795536363025199e+00
7.455883599999999500e-01 6.031636607764133018e+00 2.455939048055576723e+00 2.455939048055576723e+00
7.517819000000000029e-01 5.854682090535561656e+00 2.419645033994771932e+00 2.419645033994771932e+00
7.579795200000000177e-01 5.682972010567879373e+00 2.383898489988170333e+00 2.383898489988170333e+00
7.641730599999999596e-01 5.516752360041858871e+00 2.348776779526283498e+00 2.348776779526283498e+00
7.703666000000000125e-01 5.355907491158412803e+00 2.314283364490703931e+00 2.314283364490703931e+00
7.765642200000000273e-01 5.200314049256793858e+00 2.280419709013407292e+00 2.280419709013407292e+00
7.827577599999999691e-01 5.050131752394933393e+00 2.247249819756346856e+00 2.247249819756346856e+00
7.889553799999999839e-01 4.905095009314939247e+00 2.214744908407046964e+00 2.214744908407046964e+00
7.951489200000000368e-01 4.765305022819095626e+00 2.182957860981080689e+00 2.182957860981080689e+00
8.013424599999999787e-01 4.630553723803454425e+00 2.151872143925715353e+00 2.151872143925715353e+00
8.075400799999999935e-01 4.500626493681845197e+00 2.121468004397390139e+00 2.121468004397390139e+00
8.137336200000000463e-01 4.375545595499814588e+00 2.091780484539382812e+00 2.091780484539382812e+00
8.199312300000000109e-01 4.254981506496261723e+00 2.062760651771373688e+00 2.062760651771373688e+00
8.261247800000000030e-01 4.138914012006868148e+00 2.034432110444305053e+00 2.034432110444305053e+00
8.323183199999999449e-01 4.027073509861799572e+00 2.006756963327098742e+00 2.006756963327098742e+00
8.385159300000000204e-01 3.919192617898520581e+00 1.979695082051405430e+00 1.979695082051405430e+00
8.447094800000000125e-01 3.815209594737730470e+00 1.953256151849452227e+00 1.953256151849452227e+00
8.509070899999999771e-01 3.714781925037644150e+00 1.927376954577812773e+00 1.927376954577812773e+00
8.571006399999999692e-01 3.617835179653469346e+00 1.902060771808689932e+00 1.902060771808689932e+00
8.632941800000000221e-01 3.524099290584566724e+00 1.877258450662712130e+00 1.877258450662712130e+00
8.694917899999999866e-01 3.433317263797582175e+00 1.852921278359548118e+00 1.852921278359548118e+00
8.756853399999999787e-01 3.345417281401194209e+00 1.829048190016106190e+00 1.829048190016106190e+00
8.818829500000000543e-01 3.260102404678860921e+00 1.805575366657083292e+00 1.805575366657083292e+00
8.880764899999999962e-01 3.177314107147627187e+00 1.782502203967116339e+00 1.782502203967116339e+00
8.942741100000000110e-01 3.096785406519968475e+00 1.759768566181351135e+00 1.759768566181351135e+00
9.004676499999999528e-01 3.018478044671010885e+00 1.737376771075005211e+00 1.737376771075005211e+00
9.066611999999999449e-01 2.942208316357354914e+00 1.715286657196794851e+00 1.715286657196794851e+00
9.128588100000000205e-01 2.867813198218841286e+00 1.693461897480672995e+00 1.693461897480672995e+00
9.190523499999999624e-01 2.795290103133550641e+00 1.671912109871075414e+00 1.671912109871075414e+00
9.252499699999999772e-01 2.724458046653434273e+00 1.650593240823866381e+00 1.650593240823866381e+00
9.314435100000000300e-01 2.655338983146967813e+00 1.629521090120335858e+00 1.629521090120335858e+00
9.376370499999999719e-01 2.587827836584835062e+00 1.608672694050854890e+00 1.608672694050854890e+00
9.438346699999999867e-01 2.521836147566672182e+00 1.588029013452421756e+00 1.588029013452421756e+00
9.500282100000000396e-01 2.457416408274249342e+00 1.567614878812474632e+00 1.567614878812474632e+00
9.562258300000000544e-01 2.394459106857229624e+00 1.547403989544175129e+00 1.547403989544175129e+00
9.624193699999999962e-01 2.333030807375309656e+00 1.527426203577544328e+00 1.527426203577544328e+00
9.686129100000000491e-01 2.273079980755531970e+00 1.507673698369621285e+00 1.507673698369621285e+00
9.748105299999999529e-01 2.214564145116244109e+00 1.488141171097770554e+00 1.488141171097770554e+00
9.810040700000000058e-01 2.157559482124483452e+00 1.468863329967932563e+00 1.468863329967932563e+00
9.872016900000000206e-01 2.101992102735807055e+00 1.449824852434185241e+00 1.449824852434185241e+00
9.933952299999999624e-01 2.047937041080892584e+00 1.431061508489726908e+00 1.431061508489726908e+00
9.995887700000000153e-01 1.995358465430623562e+00 1.412571578869765920e+00 1.412571578869765920e+00
1.005786400000000080e+00 1.944222567825739212e+00 1.394353817302387277e+00 1.394353817302387277e+00
1.011979900000000043e+00 1.894593840704040133e+00 1.376442458188514406e+00 1.376442458188514406e+00
1.018177499999999958e+00 1.846399436186692666e+00 1.358822812653177614e+00 1.358822812653177614e+00
1.024371099999999979e+00 1.799691310886559314e+00 1.341525739926953120e+00 1.341525739926953120e+00
1.030564599999999942e+00 1.754422939865525333e+00 1.324546314730264740e+00 1.324546314730264740e+00
1.036762200000000078e+00 1.710544484580495128e+00 1.307877855375070952e+00 1.307877855375070952e+00
1.042955800000000099e+00 1.668087896080449051e+00 1.291544771225701327e+00 1.291544771225701327e+00
1.049153400000000014e+00 1.626968072406643095e+00 1.275526586319016387e+00 1.275526586319016387e+00
1.055346899999999977e+00 1.587203934193332167e+00 1.259842821225462206e+00 1.259842821225462206e+00
1.061544599999999949e+00 1.548703233644205479e+00 1.244469056925163297e+00 1.244469056925163297e+00
1.067738099999999912e+00 1.511475523355462869e+00 1.229420808086256089e+00 1.229420808086256089e+00
1.073931600000000097e+00 1.475448588819286089e+00 1.214680447203825731e+00 1.214680447203825731e+00
1.080129300000000070e+00 1.440551034586740720e+00 1.200229575784041769e+00 1.200229575784041769e+00
1.086322800000000033e+00 1.406780263788734109e+00 1.186077680334949314e+00 1.186077680334949314e+00
1.092520399999999947e+00 1.374040029082276293e+00 1.172194535511182245e+00 1.172194535511182245e+00
1.098713999999999968e+00 1.342321919728318491e+00 1.158586172767618772e+00 1.158586172767618772e+00
1.104907499999999931e+00 1.311554154317525756e+00 1.145231048442857169e+00 1.145231048442857169e+00
1.111105100000000068e+00 1.281666980479481799e+00 1.132107318446216038e+00 1.132107318446216038e+00
1.117298700000000089e+00 1.252651371484375664e+00 1.119219090028567898e+00 1.119219090028567898e+00
1.123496300000000003e+00 1.224423910840089169e+00 1.106536899899903448e+00 1.106536899899903448e+00
1.129689799999999966e+00 1.196978252146589039e+00 1.094065012760479849e+00 1.094065012760479849e+00
1.135883399999999988e+00 1.170254897515610626e+00 1.081783202640718811e+00 1.081783202640718811e+00
1.142080999999999902e+00 1.144200904343861458e+00 1.069673269902478907e+00 1.069673269902478907e+00
1.148274500000000087e+00 1.118817045456637738e+00 1.057741483282487849e+00 1.057741483282487849e+00
1.154472100000000001e+00 1.094040074416659847e+00 1.045963706070463850e+00 1.045963706070463850e+00
1.160665700000000022e+00 1.069876433815006189e+00 1.034348313584455115e+00 1.034348313584455115e+00
1.166859199999999985e+00 1.046287948316325656e+00 1.022882177142766302e+00 1.022882177142766302e+00
1.173056799999999900e+00 1.023240214368913881e+00 1.011553367039482509e+00 1.011553367039482509e+00
1.179250399999999921e+00 1.000747606554077240e+00 1.000373733438697066e+00 1.000373733438697066e+00
1.185448000000000057e+00 9.787681986401365331e-01 9.893271443967038836e-01 9.893271443967038836e-01
1.191641500000000020e+00 9.573203976882965760e-01 9.784275127408758044e-01 9.784275127408758044e-01
1.197835100000000041e+00 9.363810286421946349e-01 9.676678297030415488e-01 9.676678297030415488e-01
1.204032699999999956e+00 9.159310425254809651e-01 9.570428634734605700e-01 9.570428634734605700e-01
1.210226199999999919e+00 8.959921368837717726e-01 9.465686118204912347e-01 9.465686118204912347e-01
1.216423899999999891e+00 8.765335092320025723e-01 9.362336830257724785e-01 9.362336830257724785e-01
1.222617400000000076e+00 8.575779601243846972e-01 9.260550524263579941e-01 9.260550524263579941e-01
1.228810900000000039e+00 8.391086961837249669e-01 9.160287638408113331e-01 9.160287638408113331e-01
1.235008600000000012e+00 8.211100179107054808e-01 9.061512113939402813e-01 9.061512113939402813e-01
1.241202099999999975e+00 8.036021110052957717e-01 8.964385706813913224e-01 8.964385706813913224e-01
1.247399699999999889e+00 7.865564764988022262e-01 8.868801928664334921e-01 8.868801928664334921e-01
1.253593299999999910e+00 7.699893523508267723e-01 8.774903716570494616e-01 8.774903716570494616e-01
1.259790900000000047e+00 7.538720857818096421e-01 8.682580755638323877e-01 8.682580755638323877e-01
1.265984400000000010e+00 7.382171774926697960e-01 8.591956572822454508e-01 8.591956572822454508e-01
1.272178000000000031e+00 7.230036650466592496e-01 8.502962219407182998e-01 8.502962219407182998e-01
1.278375599999999945e+00 7.082111285575526383e-01 8.415528079434781983e-01 8.415528079434781983e-01
1.284569099999999908e+00 6.938463110614770946e-01 8.329743759933297964e-01 8.329743759933297964e-01
1.290766700000000045e+00 6.798763907337600498e-01 8.245461725905711692e-01 8.245461725905711692e-01
1.296960300000000066e+00 6.663047710507256083e-01 8.162749359442108554e-01 8.162749359442108554e-01
1.303153800000000029e+00 6.531067616136564391e-01 8.081502098085828756e-01 8.081502098085828756e-01
1.309351399999999943e+00 6.402573028079123763e-01 8.001607980949281274e-01 8.001607980949281274e-01
1.315544999999999964e+00 6.277562617276467583e-01 7.923107103451566546e-01 7.923107103451566546e-01
1.321742600000000101e+00 6.155703035097094267e-01 7.845828850476598282e-01 7.845828850476598282e-01
1.327936100000000064e+00 6.036981795607840873e-01 7.769801667744061779e-01 7.769801667744061779e-01
1.334129700000000085e+00 5.921146277624419474e-01 7.694898490314489026e-01 7.694898490314489026e-01
1.340327299999999999e+00 5.807961906111667183e-01 7.620998560629483887e-01 7.620998560629483887e-01
1.346520799999999962e+00 5.697419152269681542e-01 7.548125033589256905e-01 7.548125033589256905e-01
1.352718499999999935e+00 5.589221411784429661e-01 7.476109557640544523e-01 7.476109557640544523e-01
1.358911999999999898e+00 5.483377677185683474e-01 7.404983239134091955e-01 7.404983239134091955e-01
1.365105500000000083e+00 5.379688432825087130e-01 7.334635936994478023e-01 7.334635936994478023e-01
1.371303200000000055e+00 5.277973336810904970e-01 7.264966164278333638e-01 7.264966164278333638e-01
1.377496700000000018e+00 5.178272205807715745e-01 7.196021265816072709e-01 7.196021265816072709e-01
1.383694299999999933e+00 5.080367798865330631e-01 7.127669884938085954e-01 7.127669884938085954e-01
1.389887899999999954e+00 4.984319212515400666e-01 7.059971113620366889e-01 7.059971113620366889e-01
1.396081399999999917e+00 4.890009630705139387e-01 6.992860380920771224e-01 6.992860380920771224e-01
1.402279000000000053e+00 4.797335913726720191e-01 6.926280324767919439e-01 6.926280324767919439e-01
1.408472600000000075e+00 4.706391208977072638e-01 6.860314285057990125e-01 6.860314285057990125e-01
1.414670199999999989e+00 4.617041681863515712e-01 6.794881663328299348e-01 6.794881663328299348e-01
1.420863699999999952e+00 4.529397987141999260e-01 6.730080227710513174e-01 6.730080227710513174e-01
1.427057299999999973e+00 4.443401707947662316e-01 6.665884568418254386e-01 6.665884568418254386e-01
1.433254900000000109e+00 4.359009940308157804e-01 6.602279864037995383e-01 6.602279864037995383e-01
1.439448400000000072e+00 4.276347743420886860e-01 6.539378979246337487e-01 6.539378979246337487e-01
1.445645999999999987e+00 4.195323875888876120e-01 6.477131985600476094e-01 6.477131985600476094e-01
1.451839600000000008e+00 4.116064038766024669e-01 6.415655881331249200e-01 6.415655881331249200e-01
1.458037199999999922e+00 4.038485480236183589e-01 6.354907930282062134e-01 6.354907930282062134e-01
1.464230700000000107e+00 3.962707369431942572e-01 6.295003867696938871e-01 6.295003867696938871e-01
1.470424299999999906e+00 3.888691166899697071e-01 6.235937112334999366e-01 6.235937112334999366e-01
1.476621900000000043e+00 3.816401990297967339e-01 6.177703448934699360e-01 6.177703448934699360e-01
1.482815400000000006e+00 3.745938559648976374e-01 6.120407306420853066e-01 6.120407306420853066e-01
1.489013099999999978e+00 3.677204207794434465e-01 6.063995553918583026e-01 6.063995553918583026e-01
1.495206599999999941e+00 3.610282607393891507e-01 6.008562729466916386e-01 6.008562729466916386e-01
1.501400099999999904e+00 3.545109493385202315e-01 5.954082207515447589e-01 5.954082207515447589e-01
1.507597800000000099e+00 3.481617570202917844e-01 5.900523341368050234e-01 5.900523341368050234e-01
1.513791300000000062e+00 3.419860335196747148e-01 5.847957194778999890e-01 5.847957194778999890e-01
1.519988899999999976e+00 3.359714993801504179e-01 5.796304852060064627e-01 5.796304852060064627e-01
1.526182499999999997e+00 3.301213331906769355e-01 5.745618619354028178e-01 5.745618619354028178e-01
1.532375999999999960e+00 3.244263849844764569e-01 5.695843967178845224e-01 5.695843967178845224e-01
1.538573600000000097e+00 3.188770911243007378e-01 5.646920321062629533e-01 5.646920321062629533e-01
1.544767199999999896e+00 3.134744156804085691e-01 5.598878599151874136e-01 5.598878599151874136e-01
1.550964800000000032e+00 3.082047431905697299e-01 5.551619071861556565e-01 5.551619071861556565e-01
1.557158299999999995e+00 3.030680984318775972e-01 5.505162108711038060e-01 5.505162108711038060e-01
1.563351900000000017e+00 2.980539015950401938e-01 5.459431303671108404e-01 5.459431303671108404e-01
1.569549499999999931e+00 2.931521389220279050e-01 5.414352582922798973e-01 5.414352582922798973e-01
1.575742999999999894e+00 2.883623507400174812e-01 5.369938088470084248e-01 5.369938088470084248e-01
1.581940600000000030e+00 2.836715409598107307e-01 5.326082434208193606e-01 5.326082434208193606e-01
1.588134200000000051e+00 2.790795041452102110e-01 5.282797593559781513e-01 5.282797593559781513e-01
1.594327700000000014e+00 2.745773123168651075e-01 5.240012522092529768e-01 5.240012522092529768e-01
1.600525299999999929e+00 2.701565199093438618e-01 5.197658318024991342e-01 5.197658318024991342e-01
1.606718899999999950e+00 2.658179563598155326e-01 5.155753643841175515e-01 5.155753643841175515e-01
1.612916500000000086e+00 2.615516323925481390e-01 5.114211888380731930e-01 5.114211888380731930e-01
1.619110000000000049e+00 2.573593370828378135e-01 5.073059600308652550e-01 5.073059600308652550e-01
1.625307599999999963e+00 2.532323405282313478e-01 5.032219595051783401e-01 5.032219595051783401e-01
1.631501199999999985e+00 2.491734664510699693e-01 4.991727821617180094e-01 4.991727821617180094e-01
1.637694699999999948e+00 2.451781099348260551e-01 4.951546323471346378e-01 4.951546323471346378e-01
1.643892300000000084e+00 2.412421929338953996e-01 4.911641201613727303e-01 4.911641201613727303e-01
1.650085900000000105e+00 2.373699437748436614e-01 4.872062640964744951e-01 4.872062640964744951e-01
1.656283500000000020e+00 2.335559014314779192e-01 4.832762164968165686e-01 4.832762164968165686e-01
1.662476999999999983e+00 2.298049861827721196e-01 4.793797932566329356e-01 4.793797932566329356e-01
1.668670600000000004e+00 2.261148598670575105e-01 4.755153623880699620e-01 4.755153623880699620e-01
1.674868199999999918e+00 2.224837783738275454e-01 4.716818614000622412e-01 4.716818614000622412e-01
1.681061700000000103e+00 2.189171841621330161e-01 4.678858665979696019e-01 4.678858665979696019e-01
1.687259400000000076e+00 2.154111028860427879e-01 4.641240167089425439e-01 4.641240167089425439e-01
1.693452900000000039e+00 2.119711216699300405e-01 4.604032163983327597e-01 4.604032163983327597e-01
1.699646400000000002e+00 2.085956413116470676e-01 4.567227181908593003e-01 4.567227181908593003e-01
1.705844099999999974e+00 2.052831379994062289e-01 4.530818226318577557e-01 4.530818226318577557e-01
1.712037599999999937e+00 2.020386450768094644e-01 4.494870911125362634e-01 4.494870911125362634e-01
1.718235200000000074e+00 1.988581541720703671e-01 4.459351457017829423e-01 4.459351457017829423e-01
1.724428800000000095e+00 1.957459234523304115e-01 4.424318291582675089e-01 4.424318291582675089e-01
1.730622300000000058e+00 1.926997578251837262e-01 4.389758055123126335e-01 4.389758055123126335e-01
1.736819899999999972e+00 1.897171977375375629e-01 4.355653771106440253e-01 4.355653771106440253e-01
1.743013499999999993e+00 1.868013894073215220e-01 4.322052630490766378e-01 4.322052630490766378e-01
1.749211099999999908e+00 1.839475180257442999e-01 4.288910328110676629e-01 4.288910328110676629e-01
1.755404600000000093e+00 1.811579811328296319e-01 4.256265747493095941e-01 4.256265747493095941e-01
1.761598199999999892e+00 1.784292327875616757e-01 4.224088455365981876e-01 4.224088455365981876e-01
1.767795800000000028e+00 1.757577833905987486e-01 4.192347592824320346e-01 4.192347592824320346e-01
1.773989299999999991e+00 1.731450898799208327e-01 4.161070654049517925e-01 4.161070654049517925e-01
1.780186899999999905e+00 1.705854943763932263e-01 4.130199684959471873e-01 4.130199684959471873e-01
1.786380499999999927e+00 1.680800255696829337e-01 4.099756402149802303e-01 4.099756402149802303e-01
1.792573999999999890e+00 1.656246606963484580e-01 4.069700980371266374e-01 4.069700980371266374e-01
1.798771600000000026e+00 1.632153579773025498e-01 4.039992054166722801e-01 4.039992054166722801e-01
1.804965200000000047e+00 1.608528596036227776e-01 4.010646576346796333e-01 4.010646576346796333e-01
1.811162799999999962e+00 1.585317640604260447e-01 3.981604752614528731e-01 3.981604752614528731e-01
1.817356299999999925e+00 1.562528569504110232e-01 3.952883212927129075e-01 3.952883212927129075e-01
1.823553999999999897e+00 1.540109744597046859e-01 3.924423199142832996e-01 3.924423199142832996e-01
1.829747500000000082e+00 1.518072163917505435e-01 3.896244555873649706e-01 3.896244555873649706e-01
1.835941000000000045e+00 1.496383095881497205e-01 3.868311124872839124e-01 3.868311124872839124e-01
1.842138700000000018e+00 1.475012924789264879e-01 3.840589700539833728e-01 3.840589700539833728e-01
1.848332199999999981e+00 1.453977667372710891e-01 3.813105909062468046e-01 3.813105909062468046e-01
1.854529799999999895e+00 1.433238543650226515e-01 3.785813708636792674e-01 3.785813708636792674e-01
1.860723399999999916e+00 1.412814468172266247e-01 3.758742433543785788e-01 3.758742433543785788e-01
1.866916900000000101e+00 1.392686396333933097e-01 3.731871375508449828e-01 3.731871375508449828e-01
1.873114500000000016e+00 1.372837264288385983e-01 3.705181863671992426e-01 3.705181863671992426e-01
1.879308100000000037e+00 1.353291331018322274e-01 3.678710821766671968e-01 3.678710821766671968e-01
1.885505699999999951e+00 1.334023441587550984e-01 3.652428564103000763e-01 3.652428564103000763e-01
1.891699199999999914e+00 1.315060377587500273e-01 3.626376121677811204e-01 3.626376121677811204e-01
1.897892799999999935e+00 1.296391818942030927e-01 3.600544151849871533e-01 3.600544151849871533e-01
1.904090400000000072e+00 1.278010026974077396e-01 3.574926610399264404e-01 3.574926610399264404e-01
1.910283900000000035e+00 1.259943307782672994e-01 3.549568012847018061e-01 3.549568012847018061e-01
1.916481499999999949e+00 1.242172270798085898e-01 3.524446439936469999e-01 3.524446439936469999e-01
1.922675099999999970e+00 1.224724587048027225e-01 3.499606530808895277e-01 3.499606530808895277e-01
1.928868599999999933e+00 1.207593001852837050e-01 3.475043887280903077e-01 3.475043887280903077e-01
1.935066200000000070e+00 1.190769571928300408e-01 3.450752920636742105e-01 3.450752920636742105e-01
1.941259800000000091e+00 1.174278731745031640e-01 3.426775060818891272e-01 3.426775060818891272e-01
1.947457400000000005e+00 1.158100482188920977e-01 3.403087542495668583e-01 3.403087542495668583e-01
1.953650899999999968e+00 1.142255951555592730e-01 3.379727728021286737e-01 3.379727728021286737e-01
1.959844499999999989e+00 1.126732642877533025e-01 3.356683844030493580e-01 3.356683844030493580e-01
1.966042099999999904e+00 1.111518151146508870e-01 3.333943837479133032e-01 3.333943837479133032e-01
1.972235600000000089e+00 1.096627870753395101e-01 3.311537212162042332e-01 3.311537212162042332e-01
1.978433300000000061e+00 1.082035851038212343e-01 3.289431335410745727e-01 3.289431335410745727e-01
1.984626800000000024e+00 1.067754420216981276e-01 3.267651175105723005e-01 3.267651175105723005e-01
1.990824399999999939e+00 1.053755631362763012e-01 3.246160241520376633e-01 3.246160241520376633e-01
1.997017999999999960e+00 1.040047793519258829e-01 3.224977199174063891e-01 3.224977199174063891e-01
2.003211499999999923e+00 1.026610980546181773e-01 3.204077059850748421e-01 3.204077059850748421e-01
2.009409100000000059e+00 1.013424493709182139e-01 3.183432885595646189e-01 3.183432885595646189e-01
2.015602700000000080e+00 1.000493129681733068e-01 3.163057270556025036e-01 3.163057270556025036e-01
2.021800300000000217e+00 9.877873620183930115e-02 3.142908465129700679e-01 3.142908465129700679e-01
2.027993799999999958e+00 9.753108491746227682e-02 3.122996716576280085e-01 3.122996716576280085e-01
2.034187399999999979e+00 9.630420867707731314e-02 3.103291940457379994e-01 3.103291940457379994e-01
2.040385000000000115e+00 9.509610517646693850e-02 3.083765639222068589e-01 3.083765639222068589e-01
2.046578499999999856e+00 9.390715865433930942e-02 3.064427493910392708e-01 3.064427493910392708e-01
2.052776099999999992e+00 9.273467473374646941e-02 3.045236850127531203e-01 3.045236850127531203e-01
2.058969700000000014e+00 9.157915903919912337e-02 3.026204868134328985e-01 3.026204868134328985e-01
2.065163200000000199e+00 9.043894740791440234e-02 3.007306891687551165e-01 3.007306891687551165e-01
2.071360799999999891e+00 8.931247771615294373e-02 2.988519327629536315e-01 2.988519327629536315e-01
2.077554399999999912e+00 8.820054469142717124e-02 2.969857651326527348e-01 2.969857651326527348e-01
2.083752000000000049e+00 8.710116343761806212e-02 2.951290623398821755e-01 2.951290623398821755e-01
2.089945499999999790e+00 8.601535284376113366e-02 2.932837411854962162e-01 2.932837411854962162e-01
2.096139099999999811e+00 8.494207460054337133e-02 2.914482365713393364e-01 2.914482365713393364e-01
2.102336699999999947e+00 8.388049790681713358e-02 2.896213008513309206e-01 2.896213008513309206e-01
2.108530200000000132e+00 8.283195622244640677e-02 2.878054138171247112e-01 2.878054138171247112e-01
2.114727799999999824e+00 8.179511013144276366e-02 2.859984442815078909e-01 2.859984442815078909e-01
2.120921399999999846e+00 8.077145288133122381e-02 2.842031894284988702e-01 2.842031894284988702e-01
2.127114900000000031e+00 7.976053913224437353e-02 2.824190842210284602e-01 2.824190842210284602e-01
2.133312500000000167e+00 7.876196513311090053e-02 2.806456219738888147e-01 2.806456219738888147e-01
2.139506100000000188e+00 7.777734595537932893e-02 2.788859013205567949e-01 2.788859013205567949e-01
2.145703699999999881e+00 7.680574276072071882e-02 2.771384902187365440e-01 2.771384902187365440e-01
2.151897200000000066e+00 7.584876356180984824e-02 2.754065423366152676e-01 2.754065423366152676e-01
2.158094900000000038e+00 7.490545442239389395e-02 2.736886084995023838e-01 2.736886084995023838e-01
2.164288399999999779e+00 7.397739581064244341e-02 2.719878596751010291e-01 2.719878596751010291e-01
2.170481999999999800e+00 7.306419103802502812e-02 2.703038864648916184e-01 2.703038864648916184e-01
2.176679599999999937e+00 7.216549049514117686e-02 2.686363536365493077e-01 2.686363536365493077e-01
2.182873100000000122e+00 7.128261730227911097e-02 2.669880471149955747e-01 2.669880471149955747e-01
2.189070699999999814e+00 7.041448235452806015e-02 2.653572730386865586e-01 2.653572730386865586e-01
2.195264299999999835e+00 6.956222595787349416e-02 2.637465183805721702e-01 2.637465183805721702e-01
2.201457800000000020e+00 6.872522445033836525e-02 2.621549626658598586e-01 2.621549626658598586e-01
2.207655400000000157e+00 6.790277558596065355e-02 2.605816102221349406e-01 2.605816102221349406e-01
2.213849000000000178e+00 6.709572982221344295e-02 2.590284343893802244e-01 2.590284343893802244e-01
2.220046599999999870e+00 6.630274832479875202e-02 2.574932005409050761e-01 2.574932005409050761e-01
2.226240100000000055e+00 6.552450577857585334e-02 2.559775493643453581e-01 2.559775493643453581e-01
2.232433700000000076e+00 6.476004206684141118e-02 2.544799443312604215e-01 2.544799443312604215e-01
2.238631300000000213e+00 6.400842233466132181e-02 2.529988583663201340e-01 2.529988583663201340e-01
2.244824799999999954e+00 6.327012390456207558e-02 2.515355320915160231e-01 2.515355320915160231e-01
2.251022400000000090e+00 6.254363736603632540e-02 2.500872595036306989e-01 2.500872595036306989e-01
2.257216000000000111e+00 6.182936570104946572e-02 2.486551139652057596e-01 2.486551139652057596e-01
2.263409499999999852e+00 6.112629702056198572e-02 2.472373293428037078e-01 2.472373293428037078e-01
2.269607099999999988e+00 6.043342172148361002e-02 2.458321006733734382e-01 2.458321006733734382e-01
2.275800700000000010e+00 5.975112017528427799e-02 2.444404225476716763e-01 2.444404225476716763e-01
2.281998300000000146e+00 5.907801275188657997e-02 2.430596896893571224e-01 2.430596896893571224e-01
2.288191799999999887e+00 5.841451710557142574e-02 2.416909537106662620e-01 2.416909537106662620e-01
2.294385399999999908e+00 5.775975590991159342e-02 2.403325943560539746e-01 2.403325943560539746e-01
2.300583000000000045e+00 5.711295551015341948e-02 2.389831699307577162e-01 2.389831699307577162e-01
2.306776499999999785e+00 5.647464408328643076e-02 2.376439439230177975e-01 2.376439439230177975e-01
2.312974200000000202e+00 5.584370439445769663e-02 2.363127258411144016e-01 2.363127258411144016e-01
2.319167699999999943e+00 5.522078561989207657e-02 2.349910330627364152e-01 2.349910330627364152e-01
2.325361200000000128e+00 5.460530651892440968e-02 2.336777835373410328e-01 2.336777835373410328e-01
2.331558900000000101e+00 5.399675834342982511e-02 2.323720257333696804e-01 2.323720257333696804e-01
2.337752399999999842e+00 5.339591530770988054e-02 2.310755619006689410e-01 2.310755619006689410e-01
2.343949999999999978e+00 5.280196454927344601e-02 2.297867806234149823e-01 2.297867806234149823e-01
2.350143599999999999e+00 5.221571187362276240e-02 2.285075750902423874e-01 2.285075750902423874e-01
2.356341200000000136e+00 5.163645922421139511e-02 2.272365710536299044e-01 2.272365710536299044e-01
2.362534699999999876e+00 5.106504472919676241e-02 2.259757613754111438e-01 2.259757613754111438e-01
2.368728299999999898e+00 5.050116904007630192e-02 2.247246516074200007e-01 2.247246516074200007e-01
2.374925900000000034e+00 4.994458616120227290e-02 2.234828542890981429e-01 2.234828542890981429e-01
2.381119400000000219e+00 4.939612307746798353e-02 2.222523859882453157e-01 2.222523859882453157e-01
2.387316999999999911e+00 4.885514423369550358e-02 2.210319982122396221e-01 2.210319982122396221e-01
2.393510599999999933e+00 4.832243129783512364e-02 2.198236368042233990e-01 2.198236368042233990e-01
2.399704100000000118e+00 4.779769327980275262e-02 2.186268356808073743e-01 2.186268356808073743e-01
2.405901699999999810e+00 4.728060720139371648e-02 2.174410430470607170e-01 2.174410430470607170e-01
2.412095299999999831e+00 4.677184299621964247e-02 2.162679888384308191e-01 2.162679888384308191e-01
2.418292899999999968e+00 4.627070337687109319e-02 2.151062606640520292e-01 2.151062606640520292e-01
2.424486400000000152e+00 4.577776736549803160e-02 2.139573961458169082e-01 2.139573961458169082e-01
2.430680000000000174e+00 4.529258130927429210e-02 2.128205377995138203e-01 2.128205377995138203e-01
2.436877599999999866e+00 4.481470028746945694e-02 2.116948282019885663e-01 2.116948282019885663e-01
2.443071100000000051e+00 4.434456840130642646e-02 2.105815006150977831e-01 2.105815006150977831e-01
2.449268800000000024e+00 4.388134504571510747e-02 2.094787460476959795e-01 2.094787460476959795e-01
2.455462300000000209e+00 4.342542112339801974e-02 2.083876702768136802e-01 2.083876702768136802e-01
2.461655799999999950e+00 4.297622186305918163e-02 2.073070714256008695e-01 2.073070714256008695e-01
2.467853499999999922e+00 4.253317438008741985e-02 2.062357252759264847e-01 2.062357252759264847e-01
2.474047000000000107e+00 4.209659363436336899e-02 2.051745443137704961e-01 2.051745443137704961e-01
2.480244599999999799e+00 4.166560403280877845e-02 2.041215423046004174e-01 2.041215423046004174e-01
2.486438199999999821e+00 4.124048033381931544e-02 2.030775229655397141e-01 2.030775229655397141e-01
2.492631700000000006e+00 4.082066811640479298e-02 2.020412535013698385e-01 2.020412535013698385e-01
2.498829300000000142e+00 4.040561941187925665e-02 2.010114907458756539e-01 2.010114907458756539e-01
2.505022900000000163e+00 3.999562674192001788e-02 1.999890665559495573e-01 1.999890665559495573e-01
2.511220499999999856e+00 3.958993305921329475e-02 1.989721916731413409e-01 1.989721916731413409e-01
2.517414000000000041e+00 3.918886781334871006e-02 1.979617837193550500e-01 1.979617837193550500e-01
2.523611600000000177e+00 3.879172881994377015e-02 1.969561596395090486e-01 1.969561596395090486e-01
2.529805200000000198e+00 3.839889593393688849e-02 1.959563623206373173e-01 1.959563623206373173e-01
2.535998699999999939e+00 3.801001145140143339e-02 1.949615640360977120e-01 1.949615640360977120e-01
2.542196300000000075e+00 3.762474224243686494e-02 1.939709829908506378e-01 1.939709829908506378e-01
2.548389900000000097e+00 3.724355121097584070e-02 1.929858834499970366e-01 1.929858834499970366e-01
2.554587499999999789e+00 3.686593614500570382e-02 1.920050419780837403e-01 1.920050419780837403e-01
2.560780999999999974e+00 3.649240911471193088e-02 1.910298644576599592e-01 1.910298644576599592e-01
2.566974599999999995e+00 3.612275704678324928e-02 1.900598775301700905e-01 1.900598775301700905e-01
2.573172200000000132e+00 3.575681659230080939e-02 1.890947291499707750e-01 1.890947291499707750e-01
2.579365699999999872e+00 3.539514872870430651e-02 1.881359846725349505e-01 1.881359846725349505e-01
2.585563399999999845e+00 3.503736443080604501e-02 1.871827033430333853e-01 1.871827033430333853e-01
2.591756900000000030e+00 3.468405190148156347e-02 1.862365482430383967e-01 1.862365482430383967e-01
2.597950400000000215e+00 3.433507338866487874e-02 1.852972568298432154e-01 1.852972568298432154e-01
2.604148100000000188e+00 3.399030094286518977e-02 1.843645870086367544e-01 1.843645870086367544e-01
2.610341599999999929e+00 3.365029947873141719e-02 1.834401795647055411e-01 1.834401795647055411e-01
2.616539200000000065e+00 3.331470005516034422e-02 1.825231493678551031e-01 1.825231493678551031e-01
2.622732800000000086e+00 3.298401338689611190e-02 1.816150142110946608e-01 1.816150142110946608e-01
2.628926299999999827e+00 3.265808051075929502e-02 1.807154683771129144e-01 1.807154683771129144e-01
2.635123899999999963e+00 3.233671825516012954e-02 1.798241314594905271e-01 1.798241314594905271e-01
2.641317499999999985e+00 3.202035728399350856e-02 1.789423294919162133e-01 1.789423294919162133e-01
2.647515100000000121e+00 3.170857555219398077e-02 1.780690190689946384e-01 1.780690190689946384e-01
2.653708599999999862e+00 3.140174257201559099e-02 1.772053683498770182e-01 1.772053683498770182e-01
2.659902199999999883e+00 3.109958361484873798e-02 1.763507403297438214e-01 1.763507403297438214e-01
2.666099800000000020e+00 3.080182763188586692e-02 1.755044946201830547e-01 1.755044946201830547e-01
2.672293300000000205e+00 3.050875659577797355e-02 1.746675602273586869e-01 1.746675602273586869e-01
2.678490899999999897e+00 3.021985579669982103e-02 1.738385912181176773e-01 1.738385912181176773e-01
2.684684499999999918e+00 2.993535952591384885e-02 1.730183791564175178e-01 1.730183791564175178e-01
2.690878000000000103e+00 2.965492742501709203e-02 1.722060609415856092e-01 1.722060609415856092e-01
2.697075599999999795e+00 2.937820581617319945e-02 1.714007170818523662e-01 1.714007170818523662e-01
2.703269199999999817e+00 2.910538251431027054e-02 1.706029967917043200e-01 1.706029967917043200e-01
2.709466799999999953e+00 2.883592815917901050e-02 1.698114488460039373e-01 1.698114488460039373e-01
2.715660300000000138e+00 2.857001887147905123e-02 1.690266809455804597e-01 1.690266809455804597e-01
2.721857899999999830e+00 2.830713093124058791e-02 1.682472315708065103e-01 1.682472315708065103e-01
2.728051499999999852e+00 2.804744429350805590e-02 1.674737122461553707e-01 1.674737122461553707e-01
2.734245000000000037e+00 2.779063963432880716e-02 1.667052477708149683e-01 1.667052477708149683e-01
2.740442600000000173e+00 2.753640616906892491e-02 1.659409719420400497e-01 1.659409719420400497e-01
2.746636200000000194e+00 2.728495259095497366e-02 1.651815746109564498e-01 1.651815746109564498e-01
2.752833799999999886e+00 2.703584773497169982e-02 1.644258122527351151e-01 1.644258122527351151e-01
2.759027300000000071e+00 2.678932931599593142e-02 1.636744614043251778e-01 1.636744614043251778e-01
2.765220900000000093e+00 2.654515908270742644e-02 1.629268519388606673e-01 1.629268519388606673e-01
2.771418499999999785e+00 2.630313586807075596e-02 1.621824154095343196e-01 1.621824154095343196e-01
2.777611999999999970e+00 2.606354468894567233e-02 1.614420784335535985e-01 1.614420784335535985e-01
2.783809699999999943e+00 2.582605068264881218e-02 1.607048558154009488e-01 1.607048558154009488e-01
2.790003200000000128e+00 2.559097779376942952e-02 1.599718031209544922e-01 1.599718031209544922e-01
2.796196699999999868e+00 2.535818031321748073e-02 1.592425204310000952e-01 1.592425204310000952e-01
2.802394399999999841e+00 2.512753039022238080e-02 1.585166565072023692e-01 1.585166565072023692e-01
2.808587900000000026e+00 2.489937746486809225e-02 1.577953657902160800e-01 1.577953657902160800e-01
2.814785500000000162e+00 2.467345904775012505e-02 1.570778757424167726e-01 1.570778757424167726e-01
2.820979100000000184e+00 2.445011740771347100e-02 1.563653331391375578e-01 1.563653331391375578e-01
2.827172599999999925e+00 2.422925730465836508e-02 1.556574999948873717e-01 1.556574999948873717e-01
2.833370200000000061e+00 2.401077740069725713e-02 1.549541138553515718e-01 1.549541138553515718e-01
2.839563800000000082e+00 2.379500494919118553e-02 1.542562963032342027e-01 1.542562963032342027e-01
2.845761400000000219e+00 2.358169627004039551e-02 1.535633298350891907e-01 1.535633298350891907e-01
2.851954899999999959e+00 2.337115642416402739e-02 1.528762781603608678e-01 1.528762781603608678e-01
2.858148499999999981e+00 2.316325612668709497e-02 1.521947966478719438e-01 1.521947966478719438e-01
2.864346100000000117e+00 2.295787157656893965e-02 1.515185519220961230e-01 1.515185519220961230e-01
2.870539599999999858e+00 2.275526323004613272e-02 1.508484777186900605e-01 1.508484777186900605e-01
2.876737199999999994e+00 2.255514211771717653e-02 1.501836945800614498e-01 1.501836945800614498e-01
2.882930800000000016e+00 2.235773638289739046e-02 1.495250359735699475e-01 1.495250359735699475e-01
2.889128400000000152e+00 2.216274522194856822e-02 1.488715729142020272e-01 1.488715729142020272e-01
2.895321899999999893e+00 2.197036616956635907e-02 1.482240404575666526e-01 1.482240404575666526e-01
2.901515499999999914e+00 2.178039887557856741e-02 1.475818378919932228e-01 1.475818378919932228e-01
2.907713100000000050e+00 2.159264981922521393e-02 1.469443766165456633e-01 1.469443766165456633e-01
2.913906599999999791e+00 2.140728111097719988e-02 1.463122725918000466e-01 1.463122725918000466e-01
2.920104300000000208e+00 2.122395610501411761e-02 1.456844401609661277e-01 1.456844401609661277e-01
2.926297799999999949e+00 2.104283217461462921e-02 1.450614772247085238e-01 1.450614772247085238e-01
2.932491300000000134e+00 2.086369259521454397e-02 1.444426965796974660e-01 1.444426965796974660e-01
2.938689000000000107e+00 2.068632746301600836e-02 1.438274225000782391e-01 1.438274225000782391e-01
2.944882499999999848e+00 2.051089030894551191e-02 1.432162361918002391e-01 1.432162361918002391e-01
2.951080099999999984e+00 2.033706452556336905e-02 1.426080801552400412e-01 1.426080801552400412e-01
2.957273700000000005e+00 2.016500317914922749e-02 1.420035322770149544e-01 1.420035322770149544e-01
2.963467200000000190e+00 1.999453088985055429e-02 1.414020186908608312e-01 1.414020186908608312e-01
2.969664799999999882e+00 1.982547810672060512e-02 1.408029761997970086e-01 1.408029761997970086e-01
2.975858399999999904e+00 1.965802123530609874e-02 1.402070655684159728e-01 1.402070655684159728e-01
2.982056000000000040e+00 1.949191081659739505e-02 1.396134335105236046e-01 1.396134335105236046e-01
2.988249499999999781e+00 1.932734243943491290e-02 1.390228126583364365e-01 1.390228126583364365e-01
2.994443099999999802e+00 1.916419316420938518e-02 1.384347975192992686e-01 1.384347975192992686e-01
3.000640699999999939e+00 1.900236275609063288e-02 1.378490578716105308e-01 1.378490578716105308e-01
3.006834200000000124e+00 1.884207400905513197e-02 1.372664343860331149e-01 1.372664343860331149e-01
3.013031799999999816e+00 1.868313519348572746e-02 1.366862655627321121e-01 1.366862655627321121e-01
3.019225399999999837e+00 1.852578234027198872e-02 1.361094498566208510e-01 1.361094498566208510e-01
3.025418900000000022e+00 1.836994939240565658e-02 1.355357863901842652e-01 1.355357863901842652e-01
3.031616500000000158e+00 1.821557120471622646e-02 1.349650740181185804e-01 1.349650740181185804e-01
3.037810100000000180e+00 1.806289131691569613e-02 1.343982563760248161e-01 1.343982563760248161e-01
3.044007699999999872e+00 1.791175512211953119e-02 1.338348053464401832e-01 1.338348053464401832e-01
3.050201200000000057e+00 1.776240163889495141e-02 1.332756603393693562e-01 1.332756603393693562e-01
3.056394800000000078e+00 1.761476663609393145e-02 1.327206337993227514e-01 1.327206337993227514e-01
3.062592400000000215e+00 1.746879304757920082e-02 1.321695617287853564e-01 1.321695617287853564e-01
3.068785899999999955e+00 1.732469972513815334e-02 1.316233251560609829e-01 1.316233251560609829e-01
3.074983599999999928e+00 1.718231436784632693e-02 1.310813273042591987e-01 1.310813273042591987e-01
3.081177100000000113e+00 1.704184223947163151e-02 1.305444071550812546e-01 1.305444071550812546e-01
3.087374699999999805e+00 1.690309806325013264e-02 1.300119150818498381e-01 1.300119150818498381e-01
3.093568299999999827e+00 1.676625643280400813e-02 1.294845799035700129e-01 1.294845799035700129e-01
3.099761800000000012e+00 1.663121257964364844e-02 1.289620586825584447e-01 1.289620586825584447e-01
3.105959400000000148e+00 1.649784988509668190e-02 1.284439562030720017e-01 1.284439562030720017e-01
3.112153000000000169e+00 1.636630633323674783e-02 1.279308654439449411e-01 1.279308654439449411e-01
3.118350599999999861e+00 1.623636665900080045e-02 1.274220022562853882e-01 1.274220022562853882e-01
3.124544100000000046e+00 1.610814726244757383e-02 1.269178760555327579e-01 1.269178760555327579e-01
3.130737700000000068e+00 1.598149928847269335e-02 1.264179547709608220e-01 1.264179547709608220e-01
3.136935300000000204e+00 1.585627850655920226e-02 1.259217157862741465e-01 1.259217157862741465e-01
3.143128799999999945e+00 1.573257832050097352e-02 1.254295751427906835e-01 1.254295751427906835e-01
3.149326400000000081e+00 1.561016199876376354e-02 1.249406338977186587e-01 1.249406338977186587e-01
3.155520000000000103e+00 1.548911559598453030e-02 1.244552754847480514e-01 1.244552754847480514e-01
3.161713499999999843e+00 1.536928819115849533e-02 1.239729333006140272e-01 1.239729333006140272e-01
3.167911099999999980e+00 1.525052830828064684e-02 1.234930293914626026e-01 1.234930293914626026e-01
3.174104700000000001e+00 1.513292341246859872e-02 1.230159477973022802e-01 1.230159477973022802e-01
3.180302300000000137e+00 1.501625870034854413e-02 1.225408450287027579e-01 1.225408450287027579e-01
3.186495799999999878e+00 1.490062991079394231e-02 1.220681363452147672e-01 1.220681363452147672e-01
3.192689399999999900e+00 1.478590814088817824e-02 1.215973196287162272e-01 1.215973196287162272e-01
3.198887000000000036e+00 1.467198037352590058e-02 1.211279504223773257e-01 1.211279504223773257e-01
3.205080500000000221e+00 1.455896231029144006e-02 1.206605250705111154e-01 1.206605250705111154e-01
3.211278099999999913e+00 1.444667990918103127e-02 1.201943422511269066e-01 1.201943422511269066e-01
3.217471699999999935e+00 1.433526439773164310e-02 1.197299644939880670e-01 1.197299644939880670e-01
3.223665200000000119e+00 1.422463795508740504e-02 1.192670866378792854e-01 1.192670866378792854e-01
3.229862900000000092e+00 1.411472592551010416e-02 1.188054120211285009e-01 1.188054120211285009e-01
3.236056399999999833e+00 1.400568625197154068e-02 1.183456220228342043e-01 1.183456220228342043e-01
3.242253999999999969e+00 1.389738855803093927e-02 1.178871857244498805e-01 1.178871857244498805e-01
3.248447599999999991e+00 1.378999594511031573e-02 1.174308134397029357e-01 1.174308134397029357e-01
3.254645200000000127e+00 1.368339592231799205e-02 1.169760484984767868e-01 1.169760484984767868e-01
3.260838699999999868e+00 1.357775742651699293e-02 1.165236346262722433e-01 1.165236346262722433e-01
3.267032299999999889e+00 1.347303973716055224e-02 1.160734239055631195e-01 1.160734239055631195e-01
3.273229900000000026e+00 1.336921049219210247e-02 1.156253021280035514e-01 1.156253021280035514e-01
3.279423400000000210e+00 1.326643757130420605e-02 1.151800224487918994e-01 1.151800224487918994e-01
3.285620999999999903e+00 1.316461546707562921e-02 1.147371581793606571e-01 1.147371581793606571e-01
3.291814599999999924e+00 1.306390500360184864e-02 1.142974409319904572e-01 1.142974409319904572e-01
3.298008100000000109e+00 1.296426560439488049e-02 1.138607289823619639e-01 1.138607289823619639e-01
3.304205699999999801e+00 1.286564991930661504e-02 1.134268483177885700e-01 1.134268483177885700e-01
3.310399299999999823e+00 1.276820060459165317e-02 1.129964627968134822e-01 1.129964627968134822e-01
3.316596899999999959e+00 1.267179958439653732e-02 1.125690880499461838e-01 1.125690880499461838e-01
3.322790400000000144e+00 1.257657432387121639e-02 1.121453268035329937e-01 1.121453268035329937e-01
3.328984000000000165e+00 1.248245425057471943e-02 1.117249043435469685e-01 1.117249043435469685e-01
3.335181599999999857e+00 1.238936990886869115e-02 1.113075465045775397e-01 1.113075465045775397e-01
3.341375100000000042e+00 1.229742554230519279e-02 1.108937579050561090e-01 1.108937579050561090e-01
3.347572700000000179e+00 1.220647633612123584e-02 1.104829232783113707e-01 1.104829232783113707e-01
3.353766300000000200e+00 1.211661303397872612e-02 1.100754878888970667e-01 1.100754878888970667e-01
3.359959799999999941e+00 1.202774553839278115e-02 1.096710788603485059e-01 1.096710788603485059e-01
3.366157400000000077e+00 1.193977850932414000e-02 1.092692935335638632e-01 1.092692935335638632e-01
3.372351000000000099e+00 1.185278833688682698e-02 1.088705117875672784e-01 1.088705117875672784e-01
3.378548599999999791e+00 1.176662241921695197e-02 1.084740633479586713e-01 1.084740633479586713e-01
3.384742099999999976e+00 1.168135254893811793e-02 1.080803060179703484e-01 1.080803060179703484e-01
3.390935699999999997e+00 1.159687970399699702e-02 1.076888095578969473e-01 1.076888095578969473e-01
3.397133300000000133e+00 1.151311243026071664e-02 1.072991725516125178e-01 1.072991725516125178e-01
3.403326799999999874e+00 1.143012342677302180e-02 1.069117553254693431e-01 1.069117553254693431e-01
3.409524499999999847e+00 1.134776778025521626e-02 1.065259019218106201e-01 1.065259019218106201e-01
3.415718000000000032e+00 1.126612720039921363e-02 1.061420143034755709e-01 1.061420143034755709e-01
3.421911500000000217e+00 1.118512009452357105e-02 1.057597281318535254e-01 1.057597281318535254e-01
3.428109200000000190e+00 1.110467135851079395e-02 1.053787044829779390e-01 1.053787044829779390e-01
3.434302699999999930e+00 1.102487426254968560e-02 1.049994012485294392e-01 1.049994012485294392e-01
3.440500300000000067e+00 1.094561122877470843e-02 1.046212752205530477e-01 1.046212752205530477e-01
3.446693900000000088e+00 1.086698035028123288e-02 1.042448097042784766e-01 1.042448097042784766e-01
3.452891499999999780e+00 1.078887945148666698e-02 1.038695309101117792e-01 1.038695309101117792e-01
3.459084999999999965e+00 1.071141454291809486e-02 1.034959638967534595e-01 1.034959638967534595e-01
3.465278599999999987e+00 1.063454056293387275e-02 1.031239087842090729e-01 1.031239087842090729e-01
3.471476200000000123e+00 1.055822124308847601e-02 1.027532055124728283e-01 1.027532055124728283e-01
3.477669699999999864e+00 1.048257068228983582e-02 1.023844259752909741e-01 1.023844259752909741e-01
3.483867300000000000e+00 1.040750518150015611e-02 1.020171808152928461e-01 1.020171808152928461e-01
3.490060900000000021e+00 1.033314059339477536e-02 1.016520565133572501e-01 1.016520565133572501e-01
3.496254400000000206e+00 1.025944763613255255e-02 1.012889314591310791e-01 1.012889314591310791e-01
3.502451999999999899e+00 1.018639485240955059e-02 1.009276713909993545e-01 1.009276713909993545e-01
3.508645599999999920e+00 1.011409446414151050e-02 1.005688543443819388e-01 1.005688543443819388e-01
3.514843200000000056e+00 1.004246796573458021e-02 1.002121148650929328e-01 1.002121148650929328e-01
3.521036699999999797e+00 9.971621300701602464e-03 9.985800569158991002e-02 9.985800569158991002e-02
3.527230299999999819e+00 9.901514971594489040e-03 9.950635643814162434e-02 9.950635643814162434e-02
3.533427899999999955e+00 9.832111276999292576e-03 9.915700316669162628e-02 9.915700316669162628e-02
3.539621400000000140e+00 9.763502708021256499e-03 9.881043825437298145e-02 9.881043825437298145e-02
3.545819100000000113e+00 9.695595015213625059e-03 9.846621255645829351e-02 9.846621255645829351e-02
3.552012599999999853e+00 9.628473699163987362e-03 9.812478636493425499e-02 9.812478636493425499e-02
3.558206100000000038e+00 9.562081779641988175e-03 9.778589765217675367e-02 9.778589765217675367e-02
3.564403800000000011e+00 9.496360240261417229e-03 9.744927008583192940e-02 9.744927008583192940e-02
3.570597300000000196e+00 9.431379702263037804e-03 9.711529077474380378e-02 9.711529077474380378e-02
3.576794899999999888e+00 9.367031258435571175e-03 9.678342450252300222e-02 9.678342450252300222e-02
3.582988499999999910e+00 9.303374386593708106e-03 9.645400140270857237e-02 9.645400140270857237e-02
3.589182000000000095e+00 9.240341445088791350e-03 9.612669475795364293e-02 9.612669475795364293e-02
3.595379599999999787e+00 9.177861695768334271e-03 9.580115706904762662e-02 9.580115706904762662e-02
3.601573199999999808e+00 9.115987242744760799e-03 9.547767929073663895e-02 9.547767929073663895e-02
3.607770799999999944e+00 9.054608268670398877e-03 9.515570539211193335e-02 9.515570539211193335e-02
3.613964300000000129e+00 8.993775495263308523e-03 9.483551811037523038e-02 9.483551811037523038e-02
3.620161899999999822e+00 8.933379924429754940e-03 9.451655899592280308e-02 9.451655899592280308e-02
3.626355499999999843e+00 8.873473749606832980e-03 9.419911756278204207e-02 9.419911756278204207e-02
3.632549000000000028e+00 8.813994309005680761e-03 9.388287548326201826e-02 9.388287548326201826e-02
3.638746600000000164e+00 8.754879915659785974e-03 9.356751527992920869e-02 9.356751527992920869e-02
3.644940200000000186e+00 8.696189251659054709e-03 9.325336053815462545e-02 9.325336053815462545e-02
3.651137799999999878e+00 8.637831389217852721e-03 9.293993430822862500e-02 9.293993430822862500e-02
3.657331300000000063e+00 8.579871179982954954e-03 9.262759405265233448e-02 9.262759405265233448e-02
3.663524900000000084e+00 8.522261365651328385e-03 9.231609483536079575e-02 9.231609483536079575e-02
3.669722500000000220e+00 8.464962210902744408e-03 9.200522925846521538e-02 9.200522925846521538e-02
3.675915999999999961e+00 8.408048484733069219e-03 9.169541147043874796e-02 9.169541147043874796e-02
3.682113699999999934e+00 8.351447307423579339e-03 9.138625338322815816e-02 9.138625338322815816e-02
3.688307200000000119e+00 8.295241963955153619e-03 9.107821893271274283e-02 9.107821893271274283e-02
3.694500699999999860e+00 8.239403354893095124e-03 9.077115926820090996e-02 9.077115926820090996e-02
3.700698399999999832e+00 8.183905739918975047e-03 9.046494204894499347e-02 9.046494204894499347e-02
3.706891900000000017e+00 8.128837941033868753e-03 9.016006843960285011e-02 9.016006843960285011e-02
3.713089500000000154e+00 8.074141086654633079e-03 8.985622452927027881e-02 8.985622452927027881e-02
3.719283100000000175e+00 8.019902350229540441e-03 8.955390750955281864e-02 8.955390750955281864e-02
3.725476599999999916e+00 7.966103016505710413e-03 8.925302805230593550e-02 8.925302805230593550e-02
3.731674200000000052e+00 7.912722529062846122e-03 8.895348519907944618e-02 8.895348519907944618e-02
3.737867800000000074e+00 7.859845254576246221e-03 8.865576830966073740e-02 8.865576830966073740e-02
3.744065400000000210e+00 7.807416103247016154e-03 8.835958410521756179e-02 8.835958410521756179e-02
3.750258899999999951e+00 7.755514957067892630e-03 8.806540158920467265e-02 8.806540158920467265e-02
3.756452499999999972e+00 7.704115314490024395e-03 8.777308992219667871e-02 8.777308992219667871e-02
3.762650100000000108e+00 7.653191996197726034e-03 8.748252394734462589e-02 8.748252394734462589e-02
3.768843599999999849e+00 7.602815520427397972e-03 8.719412549264657364e-02 8.719412549264657364e-02
3.775041199999999986e+00 7.552920329354761639e-03 8.690753896731147343e-02 8.690753896731147343e-02
3.781234800000000007e+00 7.503569901501249383e-03 8.662314876233286054e-02 8.662314876233286054e-02
3.787428300000000192e+00 7.454728066750123533e-03 8.634076711930536996e-02 8.634076711930536996e-02
3.793625899999999884e+00 7.406354880597769592e-03 8.606018173695527407e-02 8.606018173695527407e-02
3.799819499999999906e+00 7.358503738664433184e-03 8.578172147179394247e-02 8.578172147179394247e-02
3.806017100000000042e+00 7.311100719188143998e-03 8.550497482128244231e-02 8.550497482128244231e-02
3.812210599999999783e+00 7.264193713813791448e-03 8.523023943304272598e-02 8.523023943304272598e-02
3.818408199999999919e+00 7.217704973270633491e-03 8.495707724063153443e-02 8.495707724063153443e-02
3.824601799999999940e+00 7.171678451822600074e-03 8.468576298187671658e-02 8.468576298187671658e-02
3.830795300000000125e+00 7.126067165922011191e-03 8.441603618935214493e-02 8.441603618935214493e-02
3.836992899999999818e+00 7.080822661417901856e-03 8.414762421731170061e-02 8.414762421731170061e-02
3.843186499999999839e+00 7.035986253670164017e-03 8.388078596240121365e-02 8.388078596240121365e-02
3.849384099999999975e+00 6.991482679848010605e-03 8.361508643688655984e-02 8.361508643688655984e-02
3.855577600000000160e+00 6.947353629922480359e-03 8.335078661849856796e-02 8.335078661849856796e-02
3.861771200000000182e+00 6.903553589163627380e-03 8.308762596899509079e-02 8.308762596899509079e-02
3.867968799999999874e+00 6.860041531009294577e-03 8.282536767808093559e-02 8.282536767808093559e-02
3.874162300000000059e+00 6.816862280835148460e-03 8.256429180241993404e-02 8.256429180241993404e-02
3.880360000000000031e+00 6.773947840201982422e-03 8.230399650200458106e-02 8.230399650200458106e-02
3.886553500000000216e+00 6.731348256204675376e-03 8.204479420538926537e-02 8.204479420538926537e-02
3.892746999999999957e+00 6.689028296658076217e-03 8.178647991360232794e-02 8.178647991360232794e-02
3.898944699999999930e+00 6.646955533725272709e-03 8.152886319411839500e-02 8.152886319411839500e-02
3.905138200000000115e+00 6.605184945198065705e-03 8.127228891324561610e-02 8.127228891324561610e-02
3.911335799999999807e+00 6.563660333641000051e-03 8.101642014826994365e-02 8.101642014826994365e-02
3.917529399999999828e+00 6.522437410630996073e-03 8.076160851933916751e-02 8.076160851933916751e-02
3.923722900000000013e+00 6.481492798554127494e-03 8.050771887560922990e-02 8.050771887560922990e-02
3.929920500000000150e+00 6.440803014963838481e-03 8.025461366777512928e-02 8.025461366777512928e-02
3.936114100000000171e+00 6.400426129585343182e-03 8.000266326557724239e-02 8.000266326557724239e-02
3.942311699999999863e+00 6.360315446943412901e-03 7.975158585848568515e-02 7.975158585848568515e-02
3.948505200000000048e+00 6.320529098564694678e-03 7.950175531750663938e-02 7.950175531750663938e-02
3.954698800000000070e+00 6.281045490405567575e-03 7.925304719949616272e-02 7.925304719949616272e-02
3.960896400000000206e+00 6.241845414585819006e-03 7.900535054403479140e-02 7.900535054403479140e-02
3.967089899999999947e+00 6.202984853535217259e-03 7.875903029834240010e-02 7.875903029834240010e-02
3.973287500000000083e+00 6.164416290418010640e-03 7.851379681570629099e-02 7.851379681570629099e-02
3.979481100000000104e+00 6.126193045223030445e-03 7.827000092770557138e-02 7.827000092770557138e-02
3.985678699999999797e+00 6.088267471878971299e-03 7.802735079367344173e-02 7.802735079367344173e-02
3.991872199999999982e+00 6.050689561981905176e-03 7.778617847652566364e-02 7.778617847652566364e-02
3.998065800000000003e+00 6.013432599129387573e-03 7.754632550372317357e-02 7.754632550372317357e-02
4.004263400000000139e+00 5.976471151170513300e-03 7.730763966886140814e-02 7.730763966886140814e-02
4.010456900000000324e+00 5.939849891995913414e-03 7.707042164148263097e-02 7.707042164148263097e-02
4.016654599999999853e+00 5.903514864330587468e-03 7.683433389006888437e-02 7.683433389006888437e-02
4.022848100000000038e+00 5.867509290360267867e-03 7.659966899641451610e-02 7.659966899641451610e-02
4.029041600000000223e+00 5.831801435307670291e-03 7.636623229744721186e-02 7.636623229744721186e-02
4.035239299999999751e+00 5.796359568233457743e-03 7.613382670162756327e-02 7.613382670162756327e-02
4.041432799999999936e+00 5.761223313820421250e-03 7.590272270360544360e-02 7.590272270360544360e-02
4.047630400000000073e+00 5.726336783906613506e-03 7.567256295320394510e-02 7.567256295320394510e-02
4.053823999999999650e+00 5.691736646268837248e-03 7.544359910733870744e-02 7.544359910733870744e-02
4.060017499999999835e+00 5.657392002977631833e-03 7.521563669196473789e-02 7.521563669196473789e-02
4.066215099999999971e+00 5.623271257097133512e-03 7.498847416168123725e-02 7.498847416168123725e-02
4.072408700000000437e+00 5.589410970848902524e-03 7.476236333108325638e-02 7.476236333108325638e-02
4.078610399999999636e+00 5.555737873429206393e-03 7.453682226543606459e-02 7.453682226543606459e-02
4.084803899999999821e+00 5.522333972686882357e-03 7.431240793223485575e-02 7.431240793223485575e-02
4.090997400000000006e+00 5.489149094279116223e-03 7.408879196126169631e-02 7.408879196126169631e-02
4.097190999999999583e+00 5.456178283455589625e-03 7.386594806441998395e-02 7.386594806441998395e-02
4.103384499999999768e+00 5.423419312886638977e-03 7.364386812821988038e-02 7.364386812821988038e-02
4.109578100000000234e+00 5.390868983662244589e-03 7.342253730062892059e-02 7.342253730062892059e-02
4.115771600000000419e+00 5.358527338236838793e-03 7.320196266656270323e-02 7.320196266656270323e-02
4.121965099999999715e+00 5.326393918564620647e-03 7.298214794430635255e-02 7.298214794430635255e-02
4.128158700000000181e+00 5.294469270047350365e-03 7.276310376865015306e-02 7.276310376865015306e-02
4.134352200000000366e+00 5.262756355223544534e-03 7.254485753810220594e-02 7.254485753810220594e-02
4.140545799999999943e+00 5.231256811579661214e-03 7.232742779595899285e-02 7.232742779595899285e-02
4.146739300000000128e+00 5.199974885103490936e-03 7.211085136859424205e-02 7.211085136859424205e-02
4.152932899999999705e+00 5.168913185193075958e-03 7.189515411481552098e-02 7.189515411481552098e-02
4.159126399999999890e+00 5.138076540260686983e-03 7.168037765149321006e-02 7.168037765149321006e-02
4.165319900000000075e+00 5.107468291645095651e-03 7.146655365725351761e-02 7.146655365725351761e-02
4.171513499999999652e+00 5.077091632382150707e-03 7.125371311294696752e-02 7.125371311294696752e-02
4.177747799999999678e+00 5.046753123179670633e-03 7.104050339897424737e-02 7.104050339897424737e-02
4.183941299999999863e+00 5.016852236585105269e-03 7.082974118677200226e-02 7.082974118677200226e-02
4.190134900000000329e+00 4.987191388844964234e-03 7.062004948203423615e-02 7.062004948203423615e-02
4.196328399999999625e+00 4.957773016296403851e-03 7.041145514968713548e-02 7.041145514968713548e-02
4.202521899999999810e+00 4.928597289301255534e-03 7.020396918480646675e-02 7.020396918480646675e-02
4.208715500000000276e+00 4.899663510643774943e-03 6.999759646333418572e-02 6.999759646333418572e-02
4.214908999999999573e+00 4.870971473879563175e-03 6.979234538170760171e-02 6.979234538170760171e-02
4.221102600000000038e+00 4.842518207891059918e-03 6.958820451693706333e-02 6.958820451693706333e-02
4.227296100000000223e+00 4.814301717578028245e-03 6.938516929126878341e-02 6.938516929126878341e-02
4.233489600000000408e+00 4.786317820489545231e-03 6.918321921166682709e-02 6.918321921166682709e-02
4.239683199999999985e+00 4.758561628802335415e-03 6.898232838055218252e-02 6.898232838055218252e-02
4.245876700000000170e+00 4.731028985075527195e-03 6.878247585741245618e-02 6.878247585741245618e-02
4.252070299999999747e+00 4.703713459575896427e-03 6.858362384400445988e-02 6.858362384400445988e-02
4.258263799999999932e+00 4.676610044914933199e-03 6.838574445683057168e-02 6.838574445683057168e-02
4.264457400000000398e+00 4.649711772858053545e-03 6.818879506823723180e-02 6.818879506823723180e-02
4.270650899999999695e+00 4.623013363644977447e-03 6.799274493388965390e-02 6.799274493388965390e-02
4.276844399999999879e+00 4.596508323045856576e-03 6.779755396063973094e-02 6.779755396063973094e-02
4.283038000000000345e+00 4.570190397317260705e-03 6.760318333715699401e-02 6.760318333715699401e-02
4.289231499999999642e+00 4.544054960050550838e-03 6.740960584405275569e-02 6.740960584405275569e-02
4.295425100000000107e+00 4.518096155319685156e-03 6.721678477374297411e-02 6.721678477374297411e-02
4.301618600000000292e+00 4.492310364940813039e-03 6.702469966318994055e-02 6.702469966318994055e-02
4.307812199999999869e+00 4.466692924317713920e-03 6.683332196081318011e-02 6.683332196081318011e-02
4.314005700000000054e+00 4.441241498896249251e-03 6.664264024553835652e-02 6.664264024553835652e-02
4.320199200000000239e+00 4.415953202846674593e-03 6.645263879521019768e-02 6.645263879521019768e-02
4.326392799999999816e+00 4.390825847817007681e-03 6.626330694899709717e-02 6.626330694899709717e-02
4.332627099999999842e+00 4.365695180355673270e-03 6.607340751282374247e-02 6.607340751282374247e-02
4.338820600000000027e+00 4.340889208373902887e-03 6.588542485537983440e-02 6.588542485537983440e-02
4.345014199999999605e+00 4.316242567248655682e-03 6.569811692315584428e-02 6.569811692315584428e-02
4.351207699999999789e+00 4.291756527750273040e-03 6.551149920243218294e-02 6.551149920243218294e-02
4.357401199999999974e+00 4.267431514194976877e-03 6.532558085616213539e-02 6.532558085616213539e-02
4.363594800000000440e+00 4.243268199122869795e-03 6.514037303487653363e-02 6.514037303487653363e-02
4.369788299999999737e+00 4.219268545792779872e-03 6.495589692855283093e-02 6.495589692855283093e-02
4.375981900000000202e+00 4.195432966637113910e-03 6.477216197284998978e-02 6.477216197284998978e-02
4.382175400000000387e+00 4.171763309267831170e-03 6.458918879555487769e-02 6.458918879555487769e-02
4.388368899999999684e+00 4.148260049549268302e-03 6.440698758325270890e-02 6.440698758325270890e-02
4.394562500000000149e+00 4.124923363119366131e-03 6.422556627324796374e-02 6.422556627324796374e-02
4.400756000000000334e+00 4.101754163284240286e-03 6.404493862347156174e-02 6.404493862347156174e-02
4.406949599999999911e+00 4.078751407391649313e-03 6.386510320504969196e-02 6.386510320504969196e-02
4.413143100000000096e+00 4.055915046427186095e-03 6.368606634443035874e-02 6.368606634443035874e-02
4.419336699999999674e+00 4.033243031815002613e-03 6.350781866679883203e-02 6.350781866679883203e-02
4.425530199999999859e+00 4.010734265108699924e-03 6.333035816343296487e-02 6.333035816343296487e-02
4.431723700000000044e+00 3.988386050577883910e-03 6.315367012753798914e-02 6.315367012753798914e-02
4.437917299999999621e+00 3.966195247509456123e-03 6.297773612562979073e-02 6.297773612562979073e-02
4.444110799999999806e+00 3.944159395125196484e-03 6.280254290333470157e-02 6.280254290333470157e-02
4.450304400000000271e+00 3.922274289434659299e-03 6.262806311418754601e-02 6.262806311418754601e-02
4.456497899999999568e+00 3.900536922478649478e-03 6.245427865629903791e-02 6.245427865629903791e-02
4.462691399999999753e+00 3.878943106032147186e-03 6.228116172673842793e-02 6.228116172673842793e-02
4.468885000000000218e+00 3.857488652171422831e-03 6.210868419288419207e-02 6.210868419288419207e-02
4.475078500000000403e+00 3.836170514903788735e-03 6.193682680686659475e-02 6.193682680686659475e-02
4.481312800000000429e+00 3.814845693354831750e-03 6.176443712489276816e-02 6.176443712489276816e-02
4.487506400000000006e+00 3.793789748390269129e-03 6.159374764040802253e-02 6.159374764040802253e-02
4.493699900000000191e+00 3.772860587594102991e-03 6.142361587853732707e-02 6.142361587853732707e-02
4.499893400000000376e+00 3.752055591292179082e-03 6.125402510278143975e-02 6.125402510278143975e-02
4.506086999999999954e+00 3.731372717231005217e-03 6.108496310247723410e-02 6.108496310247723410e-02
4.512280500000000139e+00 3.710811541733251197e-03 6.091643080264348004e-02 6.091643080264348004e-02
4.518474099999999716e+00 3.690370954525921520e-03 6.074842347358424405e-02 6.074842347358424405e-02
4.524667599999999901e+00 3.670051819930205458e-03 6.058095261656262082e-02 6.058095261656262082e-02
4.530861200000000366e+00 3.649854319261518817e-03 6.041402419357213421e-02 6.041402419357213421e-02
4.537054699999999663e+00 3.629780535473422966e-03 6.024765999998193261e-02 6.024765999998193261e-02
4.543248199999999848e+00 3.609832104170385744e-03 6.008187833423973140e-02 6.008187833423973140e-02
4.549441800000000313e+00 3.590011119984549363e-03 5.991670151121929883e-02 5.991670151121929883e-02
4.555635299999999610e+00 3.570320989202555462e-03 5.975216305040810527e-02 5.975216305040810527e-02
4.561828900000000075e+00 3.550764082331721392e-03 5.958828813056909340e-02 5.958828813056909340e-02
4.568022400000000260e+00 3.531344153962064948e-03 5.942511383213384263e-02 5.942511383213384263e-02
4.574215899999999557e+00 3.512063997103942979e-03 5.926266950706779446e-02 5.926266950706779446e-02
4.580409500000000023e+00 3.492926268145020875e-03 5.910098364786343234e-02 5.910098364786343234e-02
4.586603000000000208e+00 3.473934273037485986e-03 5.894009054147682919e-02 5.894009054147682919e-02
4.592796599999999785e+00 3.455089685763241929e-03 5.878001093707997671e-02 5.878001093707997671e-02
4.598990099999999970e+00 3.436394887202891615e-03 5.862077180661213333e-02 5.862077180661213333e-02
4.605183700000000435e+00 3.417850431322479090e-03 5.846238475569123794e-02 5.846238475569123794e-02
4.611377199999999732e+00 3.399457377679431392e-03 5.830486581477940106e-02 5.830486581477940106e-02
4.617570699999999917e+00 3.381215127932094520e-03 5.814821689383169873e-02 5.814821689383169873e-02
4.623764300000000382e+00 3.363122296390373255e-03 5.799243309596841672e-02 5.799243309596841672e-02
4.629957799999999679e+00 3.345177561294875989e-03 5.783750998525849507e-02 5.783750998525849507e-02
4.636192099999999705e+00 3.327261141018429333e-03 5.768241622035635147e-02 5.768241622035635147e-02
4.642385700000000170e+00 3.309603766298710188e-03 5.752915579337759128e-02 5.752915579337759128e-02
4.648579200000000355e+00 3.292084103052213273e-03 5.737668605846989178e-02 5.737668605846989178e-02
4.654772699999999652e+00 3.274697069874838145e-03 5.722496893729902417e-02 5.722496893729902417e-02
4.660966300000000118e+00 3.257437079951027315e-03 5.707396148815173376e-02 5.707396148815173376e-02
4.667159800000000303e+00 3.240298989342787778e-03 5.692362417610800224e-02 5.692362417610800224e-02
4.673353399999999880e+00 3.223276286904649523e-03 5.677390498199546415e-02 5.677390498199546415e-02
4.679546900000000065e+00 3.206363453989046278e-03 5.662476007886520224e-02 5.662476007886520224e-02
4.685740499999999642e+00 3.189553916192356276e-03 5.647613581144124428e-02 5.647613581144124428e-02
4.691933999999999827e+00 3.172842380094382988e-03 5.632798931343442617e-02 5.632798931343442617e-02
4.698127500000000012e+00 3.156223076973031783e-03 5.618027302330446532e-02 5.618027302330446532e-02
4.704321099999999589e+00 3.139690722909879630e-03 5.603294319335617307e-02 5.603294319335617307e-02
4.710514599999999774e+00 3.123241439110518904e-03 5.588596817726716737e-02 5.588596817726716737e-02
4.716708200000000240e+00 3.106870996065172908e-03 5.573931284170242223e-02 5.573931284170242223e-02
4.722901700000000424e+00 3.090577027384533611e-03 5.559295843346109822e-02 5.559295843346109822e-02
4.729095199999999721e+00 3.074357241852376885e-03 5.544688667411703381e-02 5.544688667411703381e-02
4.735288800000000187e+00 3.058210261679238616e-03 5.530108734626507094e-02 5.530108734626507094e-02
4.741482300000000372e+00 3.042136412128654960e-03 5.515556555895927832e-02 5.515556555895927832e-02
4.747675899999999949e+00 3.026135884898011313e-03 5.501032525715523341e-02 5.501032525715523341e-02
4.753869400000000134e+00 3.010210772300168838e-03 5.486538774400641361e-02 5.486538774400641361e-02
4.760062999999999711e+00 2.994362932452181419e-03 5.472077240365107870e-02 5.472077240365107870e-02
4.766256499999999896e+00 2.978595953590984502e-03 5.457651467060702782e-02 5.457651467060702782e-02
4.772450000000000081e+00 2.962913245679166425e-03 5.443264871085336243e-02 5.443264871085336243e-02
4.778643599999999658e+00 2.947318681765333410e-03 5.428921330950867152e-02 5.428921330950867152e-02
4.784837099999999843e+00 2.931817200502137219e-03 5.414625749303581675e-02 5.414625749303581675e-02
4.791071399999999869e+00 2.916311996885935336e-03 5.400288878278582810e-02 5.400288878278582810e-02
4.797265000000000335e+00 2.901010377136845064e-03 5.386102837058390908e-02 5.386102837058390908e-02
4.803458499999999631e+00 2.885815447364208086e-03 5.371978636744759172e-02 5.371978636744759172e-02
4.809651999999999816e+00 2.870731042778183403e-03 5.357920345412185703e-02 5.357920345412185703e-02
4.815845600000000282e+00 2.855760530355751659e-03 5.343931633503325174e-02 5.343931633503325174e-02
4.822039099999999578e+00 2.840907392471444821e-03 5.330016315614282546e-02 5.330016315614282546e-02
4.828232700000000044e+00 2.826173424492308892e-03 5.316176656670006800e-02 5.316176656670006800e-02
4.834426200000000229e+00 2.811560559922600747e-03 5.302415072325629419e-02 5.302415072325629419e-02
4.840619700000000414e+00 2.797069132050996991e-03 5.288732487138101540e-02 5.288732487138101540e-02
4.846813299999999991e+00 2.782698555191721705e-03 5.275128960690649710e-02 5.275128960690649710e-02
4.853006800000000176e+00 2.768447999210208333e-03 5.261604317325855457e-02 5.261604317325855457e-02
4.859200399999999753e+00 2.754314786441751893e-03 5.248156615843082434e-02 5.248156615843082434e-02
4.865393899999999938e+00 2.740296277514071756e-03 5.234783928219073623e-02 5.234783928219073623e-02
4.871587500000000404e+00 2.726388117958668169e-03 5.221482661044340307e-02 5.221482661044340307e-02
4.877780999999999700e+00 2.712586146950804727e-03 5.208249367062606910e-02 5.208249367062606910e-02
4.883974499999999885e+00 2.698884941125394114e-03 5.195079346001747062e-02 5.195079346001747062e-02
4.890168100000000351e+00 2.685278634644522409e-03 5.181967420434561294e-02 5.181967420434561294e-02
4.896361599999999648e+00 2.671761724761827304e-03 5.168908709545785157e-02 5.168908709545785157e-02
4.902555200000000113e+00 2.658327701537863217e-03 5.155897304580322332e-02 5.155897304580322332e-02
4.908748700000000298e+00 2.644970963330368127e-03 5.142928118621110933e-02 5.142928118621110933e-02
4.914942199999999595e+00 2.631685464180756259e-03 5.129995579121639226e-02 5.129995579121639226e-02
4.921135800000000060e+00 2.618465533626183981e-03 5.117094423231003525e-02 5.117094423231003525e-02
4.927329300000000245e+00 2.605306665574221546e-03 5.104220474836702881e-02 5.104220474836702881e-02
4.933522899999999822e+00 2.592204165411549771e-03 5.091369329965711454e-02 5.091369329965711454e-02
4.939757199999999848e+00 2.579069177015733474e-03 5.078453679040238755e-02 5.078453679040238755e-02
4.945950700000000033e+00 2.566070792134929422e-03 5.065639932066756668e-02 5.065639932066756668e-02
4.952144200000000218e+00 2.553121227041918462e-03 5.052841999352362945e-02 5.052841999352362945e-02
4.958337799999999795e+00 2.540219614631748519e-03 5.040059141152759131e-02 5.040059141152759131e-02
4.964531299999999980e+00 2.527366716240322768e-03 5.027292229660339229e-02 5.027292229660339229e-02
4.970724899999999558e+00 2.514563447089908539e-03 5.014542299243180540e-02 5.014542299243180540e-02
4.976918399999999743e+00 2.501812487953945438e-03 5.001812159561717930e-02 5.001812159561717930e-02
4.983112000000000208e+00 2.489116554450300760e-03 4.989104683658482364e-02 4.989104683658482364e-02
4.989305500000000393e+00 2.476479940123242022e-03 4.976424359038567752e-02 4.976424359038567752e-02
4.995498999999999690e+00 2.463906952035865589e-03 4.963775732278671166e-02 4.963775732278671166e-02
5.001692600000000155e+00 2.451402383185222796e-03 4.951163886587903185e-02 4.951163886587903185e-02
5.007886100000000340e+00 2.438971950808306068e-03 4.938594892080444554e-02 4.938594892080444554e-02
5.014079699999999917e+00 2.426620712619599173e-03 4.926074210382543062e-02 4.926074210382543062e-02
5.020273200000000102e+00 2.414354492873321215e-03 4.913608137482395471e-02 4.913608137482395471e-02
5.026466799999999679e+00 2.402178108001220853e-03 4.901202003591793172e-02 4.901202003591793172e-02
5.032660299999999864e+00 2.390096776309285492e-03 4.888861601957336656e-02 4.888861601957336656e-02
5.038853800000000049e+00 2.378114574251903590e-03 4.876591611209517285e-02 4.876591611209517285e-02
5.045047399999999627e+00 2.366234884763620053e-03 4.864396041404955157e-02 4.864396041404955157e-02
5.051240899999999812e+00 2.354460836682635561e-03 4.852278677778756183e-02 4.852278677778756183e-02
5.057434500000000277e+00 2.342793861337466328e-03 4.840241586261440077e-02 4.840241586261440077e-02
5.063627999999999574e+00 2.331235135277038781e-03 4.828286585608852072e-02 4.828286585608852072e-02
5.069821499999999759e+00 2.319784208940614458e-03 4.816413820406853508e-02 4.816413820406853508e-02
5.076015100000000224e+00 2.308439562262699744e-03 4.804622318416609805e-02 4.804622318416609805e-02
5.082208600000000409e+00 2.297199160840987867e-03 4.792910557105137248e-02 4.792910557105137248e-02
5.088402199999999986e+00 2.286059223927982501e-03 4.781275168747331494e-02 4.781275168747331494e-02
5.094636500000000012e+00 2.274943311623471142e-03 4.769636581148999077e-02 4.769636581148999077e-02
5.100830000000000197e+00 2.263991512751232019e-03 4.758141982697901978e-02 4.758141982697901978e-02
5.107023500000000382e+00 2.253124863396672312e-03 4.746709242619219504e-02 4.746709242619219504e-02
5.113217099999999959e+00 2.242336731508733517e-03 4.735331806229351598e-02 4.735331806229351598e-02
5.119410600000000144e+00 2.231620621796892318e-03 4.724003198344484816e-02 4.724003198344484816e-02
5.125604199999999722e+00 2.220969140265198483e-03 4.712715926368996056e-02 4.712715926368996056e-02
5.131797699999999907e+00 2.210375566873748563e-03 4.701463141271819413e-02 4.701463141271819413e-02
5.137991300000000372e+00 2.199832668669806680e-03 4.690237380634168507e-02 4.690237380634168507e-02
5.144184799999999669e+00 2.189334254070353977e-03 4.679032222661384799e-02 4.679032222661384799e-02
5.150378299999999854e+00 2.178874155119007398e-03 4.667841208866264913e-02 4.667841208866264913e-02
5.156571900000000319e+00 2.168446902178073222e-03 4.656658568306327323e-02 4.656658568306327323e-02
5.162765399999999616e+00 2.158048367965463739e-03 4.645479919196146557e-02 4.645479919196146557e-02
5.168959000000000081e+00 2.147674708329984535e-03 4.634301142923261119e-02 4.634301142923261119e-02
5.175152500000000266e+00 2.137323796584932132e-03 4.623119938510066723e-02 4.623119938510066723e-02
5.181345999999999563e+00 2.126994111014404373e-03 4.611934638537719400e-02 4.611934638537719400e-02
5.187539600000000029e+00 2.116685268129836137e-03 4.600744796367035871e-02 4.600744796367035871e-02
5.193733100000000213e+00 2.106398516956510363e-03 4.589551739501920163e-02 4.589551739501920163e-02
5.199926699999999791e+00 2.096135538710950253e-03 4.578357280412866798e-02 4.578357280412866798e-02
5.206120199999999976e+00 2.085899707545717328e-03 4.567165102714940833e-02 4.567165102714940833e-02
5.212313800000000441e+00 2.075694667584291990e-03 4.555979222499036141e-02 4.555979222499036141e-02
5.218507299999999738e+00 2.065525530243255033e-03 4.544805309629065815e-02 4.544805309629065815e-02
5.224700799999999923e+00 2.055397571739993930e-03 4.533649271547143117e-02 4.533649271547143117e-02
5.230894400000000388e+00 2.045316563457181668e-03 4.522517621256087056e-02 4.522517621256087056e-02
5.237087899999999685e+00 2.035289076072959152e-03 4.511417821564479153e-02 4.511417821564479153e-02
5.243322199999999711e+00 2.025255861625331957e-03 4.500284281715247192e-02 4.500284281715247192e-02
5.249515800000000176e+00 2.015354412215657892e-03 4.489269887426749345e-02 4.489269887426749345e-02
5.255709300000000361e+00 2.005525210050611209e-03 4.478309067104023489e-02 4.478309067104023489e-02
5.261902799999999658e+00 1.995773674337262844e-03 4.467408280353680344e-02 4.467408280353680344e-02
5.268096400000000123e+00 1.986104610656931526e-03 4.456573359271595591e-02 4.456573359271595591e-02
5.274289900000000308e+00 1.976522521524886732e-03 4.445809849200578479e-02 4.445809849200578479e-02
5.280483499999999886e+00 1.967030387505775552e-03 4.435121630243950286e-02 4.435121630243950286e-02
5.286677000000000071e+00 1.957630801410116354e-03 4.424512178093892995e-02 4.424512178093892995e-02
5.292870500000000256e+00 1.948324817983770104e-03 4.413983255500376207e-02 4.413983255500376207e-02
5.299064099999999833e+00 1.939112378006102545e-03 4.403535372863606745e-02 4.403535372863606745e-02
5.305257600000000018e+00 1.929992737966788321e-03 4.393168262162044924e-02 4.393168262162044924e-02
5.311451199999999595e+00 1.920963455744032497e-03 4.382879710583022920e-02 4.382879710583022920e-02
5.317644699999999780e+00 1.912021624129473223e-03 4.372666948361689926e-02 4.372666948361689926e-02
5.323838300000000245e+00 1.903162790293743334e-03 4.362525404274161106e-02 4.362525404274161106e-02
5.330031800000000430e+00 1.894382225100678992e-03 4.352450143425744961e-02 4.352450143425744961e-02
5.336225299999999727e+00 1.885674057190709144e-03 4.342434866743206945e-02 4.342434866743206945e-02
5.342418900000000193e+00 1.877031866558839584e-03 4.332472581054425814e-02 4.332472581054425814e-02
5.348612400000000378e+00 1.868449273020988087e-03 4.322556272648151593e-02 4.322556272648151593e-02
5.354805999999999955e+00 1.859919147671946528e-03 4.312677993627563044e-02 4.312677993627563044e-02
5.360999500000000140e+00 1.851434913104190892e-03 4.302830362800967590e-02 4.302830362800967590e-02
5.367193099999999717e+00 1.842989631862391141e-03 4.293005511133652502e-02 4.293005511133652502e-02
5.373386599999999902e+00 1.834577287659801791e-03 4.283196572257455537e-02 4.283196572257455537e-02
5.379580100000000087e+00 1.826192002738368696e-03 4.273396778604075102e-02 4.273396778604075102e-02
5.385773699999999664e+00 1.817828605954999351e-03 4.263600128946193335e-02 4.263600128946193335e-02
5.391967199999999849e+00 1.809483171924954276e-03 4.253802031036416770e-02 4.253802031036416770e-02
5.398201499999999875e+00 1.801097484932064974e-03 4.243933888424824413e-02 4.243933888424824413e-02
5.404395100000000340e+00 1.792778952697645463e-03 4.234122049135623927e-02 4.234122049135623927e-02
5.410588599999999637e+00 1.784471804742073908e-03 4.224300894517427768e-02 4.224300894517427768e-02
5.416782099999999822e+00 1.776175899393561209e-03 4.214470191368734076e-02 4.214470191368734076e-02
5.422975700000000288e+00 1.767892190267506469e-03 4.204631006720454395e-02 4.204631006720454395e-02
5.429169199999999584e+00 1.759623081802847789e-03 4.194786146876677141e-02 4.194786146876677141e-02
5.435362800000000050e+00 1.751371417981820860e-03 4.184938969664696307e-02 4.184938969664696307e-02
5.441556300000000235e+00 1.743141445969595806e-03 4.175094545000862523e-02 4.175094545000862523e-02
5.447749800000000420e+00 1.734937753144111293e-03 4.165258399120169014e-02 4.165258399120169014e-02
5.453943399999999997e+00 1.726765517489423389e-03 4.155436821189107538e-02 4.155436821189107538e-02
5.460136900000000182e+00 1.718630733228292823e-03 4.145637144310018729e-02 4.145637144310018729e-02
5.466330499999999759e+00 1.710539108375680678e-03 4.135866424796236923e-02 4.135866424796236923e-02
5.472523999999999944e+00 1.702496927926185500e-03 4.126132484453432642e-02 4.126132484453432642e-02
5.478717600000000409e+00 1.694509820813643909e-03 4.116442421331365648e-02 4.116442421331365648e-02
5.484911099999999706e+00 1.686583614267831875e-03 4.106803640628355762e-02 4.106803640628355762e-02
5.491104599999999891e+00 1.678723254699766940e-03 4.097222540575221061e-02 4.097222540575221061e-02
5.497298200000000357e+00 1.670933040006759938e-03 4.087704783869255953e-02 4.087704783869255953e-02
5.503491699999999653e+00 1.663216852367194751e-03 4.078255573608886159e-02 4.078255573608886159e-02
5.509685300000000119e+00 1.655577164661243498e-03 4.068878426128315351e-02 4.068878426128315351e-02
5.515878800000000304e+00 1.648015947905809905e-03 4.059576268412517369e-02 4.059576268412517369e-02
5.522072299999999601e+00 1.640533745381263665e-03 4.050350287791493892e-02 4.050350287791493892e-02
5.528265900000000066e+00 1.633130020378713038e-03 4.041200341951278752e-02 4.041200341951278752e-02
5.534459400000000251e+00 1.625803513240734735e-03 4.032125386493747021e-02 4.032125386493747021e-02
5.540652999999999828e+00 1.618551443809314793e-03 4.023122473663105769e-02 4.023122473663105769e-02
5.546887299999999854e+00 1.611323446534913221e-03 4.014129353340414180e-02 4.014129353340414180e-02
5.553080800000000039e+00 1.604209580286537892e-03 4.005258518855603356e-02 4.005258518855603356e-02
5.559274300000000224e+00 1.597157145019501489e-03 3.996444851389171354e-02 3.996444851389171354e-02
5.565467899999999801e+00 1.590160246466968980e-03 3.987681339408866155e-02 3.987681339408866155e-02
5.571661399999999986e+00 1.583212877008135459e-03 3.978960765084440382e-02 3.978960765084440382e-02
5.577854999999999563e+00 1.576308302762898308e-03 3.970274930987649498e-02 3.970274930987649498e-02
5.584048499999999748e+00 1.569440145496532862e-03 3.961616015588250578e-02 3.961616015588250578e-02
5.590242100000000214e+00 1.562601677010323287e-03 3.952975685493553826e-02 3.952975685493553826e-02
5.596435600000000399e+00 1.555786890671388614e-03 3.944346448616536938e-02 3.944346448616536938e-02
5.602629099999999696e+00 1.548989902946664885e-03 3.935720903400881376e-02 3.935720903400881376e-02
5.608822700000000161e+00 1.542205448216342999e-03 3.927092369955591938e-02 3.927092369955591938e-02
5.615016200000000346e+00 1.535429350207241726e-03 3.918455499565156458e-02 3.918455499565156458e-02
5.621209799999999923e+00 1.528657877298874278e-03 3.909805464852278423e-02 3.909805464852278423e-02
5.627403300000000108e+00 1.521888713857490801e-03 3.901139210355727277e-02 3.901139210355727277e-02
5.633596800000000293e+00 1.515120261782896150e-03 3.892454574921711680e-02 3.892454574921711680e-02
5.639790399999999870e+00 1.508352005007341894e-03 3.883750770849413864e-02 3.883750770849413864e-02
5.645983900000000055e+00 1.501584841993729115e-03 3.875028828271770420e-02 3.875028828271770420e-02
5.652177499999999633e+00 1.494820293803335613e-03 3.866290591514475600e-02 3.866290591514475600e-02
5.658370999999999817e+00 1.488061320030860694e-03 3.857539785965739820e-02 3.857539785965739820e-02
5.664564600000000283e+00 1.481311358002545490e-03 3.848780791370879500e-02 3.848780791370879500e-02
5.670758099999999580e+00 1.474575081653941959e-03 3.840019637520024343e-02 3.840019637520024343e-02
5.676951599999999765e+00 1.467857501141934303e-03 3.831262848124537823e-02 3.831262848124537823e-02
5.683145200000000230e+00 1.461164134828615326e-03 3.822517671415810725e-02 3.822517671415810725e-02
5.689338700000000415e+00 1.454501161204478773e-03 3.813792287480374799e-02 3.813792287480374799e-02
5.695532299999999992e+00 1.447874483202609905e-03 3.805094589103679564e-02 3.805094589103679564e-02
5.701766600000000018e+00 1.441247184795673222e-03 3.796376146795352874e-02 3.796376146795352874e-02
