2.843876326121044240e-01 -3.931804033686903642e-05 -1.042869786748289434e-03 0.000000000000000000e+00 0.000000000000000000e+00 7.772009263549099767e-02 3.671428549913445805e-01 0.000000000000000000e+00 0.000000000000000000e+00
2.926934211061124058e-01 -3.985440640713898202e-05 -1.057096334270214580e-03 0.000000000000000000e+00 0.000000000000000000e+00 7.668952874004028586e-02 3.778655818294825997e-01 0.000000000000000000e+00 0.000000000000000000e+00
3.012417873869023266e-01 -4.040644802772721481e-05 -1.071738659325239835e-03 0.000000000000000000e+00 0.000000000000000000e+00 7.563630432166162931e-02 3.889014752437427447e-01 0.000000000000000000e+00 0.000000000000000000e+00
3.100398161500069194e-01 -4.097460195216388662e-05 -1.086808346342724987e-03 0.000000000000000000e+00 0.000000000000000000e+00 7.456016819387849270e-02 4.002596815367286953e-01 0.000000000000000000e+00 0.000000000000000000e+00
3.190947990056624550e-01 -4.155934272450213882e-05 -1.102317982106021084e-03 0.000000000000000000e+00 0.000000000000000000e+00 7.346100592624379977e-02 4.119496141367778863e-01 0.000000000000000000e+00 0.000000000000000000e+00
3.284142405219325767e-01 -4.216112904487128365e-05 -1.118279733155015231e-03 0.000000000000000000e+00 0.000000000000000000e+00 7.233874206295852483e-02 4.239809613996006199e-01 0.000000000000000000e+00 0.000000000000000000e+00
3.380058644443272309e-01 -4.278045612936693656e-05 -1.134706734577305533e-03 0.000000000000000000e+00 0.000000000000000000e+00 7.119334474455735196e-02 4.363636946377736914e-01 0.000000000000000000e+00 0.000000000000000000e+00
3.478776200970707944e-01 -4.341782527979358127e-05 -1.151612282877536707e-03 0.000000000000000000e+00 0.000000000000000000e+00 7.002483076138044105e-02 4.491080763847419277e-01 0.000000000000000000e+00 0.000000000000000000e+00
3.580376889713250965e-01 -4.407371200858506248e-05 -1.169008990524341828e-03 0.000000000000000000e+00 0.000000000000000000e+00 6.883327107958182867e-02 4.622246689001776598e-01 0.000000000000000000e+00 0.000000000000000000e+00
3.684944915058269710e-01 -4.474863860628634045e-05 -1.186910710726695383e-03 0.000000000000000000e+00 0.000000000000000000e+00 6.761879687528038474e-02 4.757243429237461019e-01 0.000000000000000000e+00 0.000000000000000000e+00
3.792566940655600627e-01 -4.544309692824382457e-05 -1.205330489431847597e-03 0.000000000000000000e+00 0.000000000000000000e+00 6.638160612178661824e-02 4.896182866845317783e-01 0.000000000000000000e+00 0.000000000000000000e+00
3.903332161242452081e-01 -4.615759874157117338e-05 -1.224281900725793454e-03 0.000000000000000000e+00 0.000000000000000000e+00 6.512197077349830832e-02 5.039180151735940250e-01 0.000000000000000000e+00 0.000000000000000000e+00
4.017332376566017382e-01 -4.689264085343003994e-05 -1.243778121897489569e-03 0.000000000000000000e+00 0.000000000000000000e+00 6.384024459166462440e-02 5.186353796873349742e-01 0.000000000000000000e+00 0.000000000000000000e+00
4.134662067465055824e-01 -4.764873331137040946e-05 -1.263832681423307860e-03 0.000000000000000000e+00 0.000000000000000000e+00 6.253687166389260144e-02 5.337825776495895846e-01 0.000000000000000000e+00 0.000000000000000000e+00
4.255418474173512933e-01 -4.842634954928010538e-05 -1.284458136640628323e-03 0.000000000000000000e+00 0.000000000000000000e+00 6.121239566598048187e-02 5.493721627205797597e-01 0.000000000000000000e+00 0.000000000000000000e+00
4.379701676911053609e-01 -4.922596875363266901e-05 -1.305667197468134448e-03 0.000000000000000000e+00 0.000000000000000000e+00 5.986746991782541244e-02 5.654170552011068551e-01 0.000000000000000000e+00 0.000000000000000000e+00
4.507614678827321919e-01 -5.004804344771625595e-05 -1.327471866611479399e-03 0.000000000000000000e+00 0.000000000000000000e+00 5.850286828843165310e-02 5.819305527406103407e-01 0.000000000000000000e+00 0.000000000000000000e+00
4.639263491368658121e-01 -5.089300565629578709e-05 -1.349883603074484087e-03 0.000000000000000000e+00 0.000000000000000000e+00 5.711949700029640004e-02 5.989263413579629658e-01 0.000000000000000000e+00 0.000000000000000000e+00
4.774757222138021340e-01 -5.176123606602127175e-05 -1.372912504171310607e-03 0.000000000000000000e+00 0.000000000000000000e+00 5.571840738399527065e-02 6.164185067841381205e-01 0.000000000000000000e+00 0.000000000000000000e+00
4.914208165320940735e-01 -5.265308542351022393e-05 -1.396567873088157578e-03 0.000000000000000000e+00 0.000000000000000000e+00 5.430080962944209416e-02 6.344215461361502051e-01 0.000000000000000000e+00 0.000000000000000000e+00
5.057731894752434121e-01 -5.356886416478499088e-05 -1.420857943814960193e-03 0.000000000000000000e+00 0.000000000000000000e+00 5.286808757283260884e-02 6.529503799319420487e-01 0.000000000000000000e+00 0.000000000000000000e+00
5.205447359702030097e-01 -5.450879545678693366e-05 -1.445788635620801369e-03 0.000000000000000000e+00 0.000000000000000000e+00 5.142181454647323791e-02 6.720203644561777434e-01 0.000000000000000000e+00 0.000000000000000000e+00
5.357476983456269659e-01 -5.547304703901867863e-05 -1.471364397620077884e-03 0.000000000000000000e+00 0.000000000000000000e+00 4.996377030188837998e-02 6.916473044871893627e-01 0.000000000000000000e+00 0.000000000000000000e+00
5.513946764780401910e-01 -5.646170827980942324e-05 -1.497587600214000773e-03 0.000000000000000000e+00 0.000000000000000000e+00 4.849595898823829548e-02 7.118474663956253501e-01 0.000000000000000000e+00 0.000000000000000000e+00
5.674986382343349955e-01 -5.747474789100152871e-05 -1.524457413517000485e-03 0.000000000000000000e+00 0.000000000000000000e+00 4.702062813109433165e-02 7.326375916256556708e-01 0.000000000000000000e+00 0.000000000000000000e+00
5.840729302192506633e-01 -5.851203397763815183e-05 -1.551970339153666261e-03 0.000000000000000000e+00 0.000000000000000000e+00 4.554028849761861120e-02 7.540349105699081234e-01 0.000000000000000000e+00 0.000000000000000000e+00
6.011312888367417173e-01 -5.957332109779184953e-05 -1.580119867034269739e-03 0.000000000000000000e+00 0.000000000000000000e+00 4.405773465507063086e-02 7.760571568496337225e-01 0.000000000000000000e+00 0.000000000000000000e+00
6.186878516744037659e-01 -6.065819623412194335e-05 -1.608895042306984898e-03 0.000000000000000000e+00 0.000000000000000000e+00 4.257606590933444429e-02 7.987225820119367992e-01 0.000000000000000000e+00 0.000000000000000000e+00
6.367571692203913836e-01 -6.176611173248618288e-05 -1.638281339020017900e-03 0.000000000000000000e+00 0.000000000000000000e+00 4.109870715266218666e-02 8.220499706562512943e-01 0.000000000000000000e+00 0.000000000000000000e+00
6.553542169225378133e-01 -6.289633228971882781e-05 -1.668259254028016999e-03 0.000000000000000000e+00 0.000000000000000000e+00 3.962942891602571488e-02 8.460586560025972203e-01 0.000000000000000000e+00 0.000000000000000000e+00
6.744944075996732735e-01 -6.404794067642360141e-05 -1.698804458783152683e-03 0.000000000000000000e+00 0.000000000000000000e+00 3.817236561302000258e-02 8.707685359145239667e-01 0.000000000000000000e+00 0.000000000000000000e+00
6.941936042154251973e-01 -6.521981383384210058e-05 -1.729887165329620268e-03 0.000000000000000000e+00 0.000000000000000000e+00 3.673203053859861594e-02 8.962000893900148313e-01 0.000000000000000000e+00 0.000000000000000000e+00
7.144681330250898244e-01 -6.641061422039433644e-05 -1.761471896779702711e-03 0.000000000000000000e+00 0.000000000000000000e+00 3.531332562647615525e-02 9.223743935340260602e-01 0.000000000000000000e+00 0.000000000000000000e+00
7.353347971064678745e-01 -6.761876844588066040e-05 -1.793516920608382486e-03 0.000000000000000000e+00 0.000000000000000000e+00 3.392154325306432489e-02 9.493131410267199310e-01 0.000000000000000000e+00 0.000000000000000000e+00
7.568108902858821097e-01 -6.884246185686498411e-05 -1.825974105036311636e-03 0.000000000000000000e+00 0.000000000000000000e+00 3.256235648511346392e-02 9.770386581018766226e-01 0.000000000000000000e+00 0.000000000000000000e+00
7.789142114709147746e-01 -7.007962119094142276e-05 -1.858788458952422614e-03 0.000000000000000000e+00 0.000000000000000000e+00 3.124179313025477953e-02 1.005573923050378404e+00 0.000000000000000000e+00 0.000000000000000000e+00
8.016630794017455264e-01 -7.132790460069780522e-05 -1.891897867310024604e-03 0.000000000000000000e+00 0.000000000000000000e+00 2.996618783130492597e-02 1.034942585264104764e+00 0.000000000000000000e+00 0.000000000000000000e+00
8.250763478333159595e-01 -7.258469216769061717e-05 -1.925232839519935802e-03 0.000000000000000000e+00 0.000000000000000000e+00 2.874210541774229258e-02 1.065168984836023514e+00 0.000000000000000000e+00 0.000000000000000000e+00
8.491734211609005545e-01 -7.384706356287355138e-05 -1.958715916916778377e-03 0.000000000000000000e+00 0.000000000000000000e+00 2.757622809101424946e-02 1.096278172732714884e+00 0.000000000000000000e+00 0.000000000000000000e+00
8.739742705020381308e-01 -7.511179066599131743e-05 -1.992261476996140014e-03 0.000000000000000000e+00 0.000000000000000000e+00 2.647519924705642180e-02 1.128295931556056564e+00 0.000000000000000000e+00 0.000000000000000000e+00
8.994994502481487020e-01 -7.637531107393764538e-05 -2.025775030751551537e-03 0.000000000000000000e+00 0.000000000000000000e+00 2.544541846298165044e-02 1.161248796911269032e+00 0.000000000000000000e+00 0.000000000000000000e+00
9.257701150995554240e-01 -7.763370470553902010e-05 -2.059152602140910341e-03 0.000000000000000000e+00 0.000000000000000000e+00 2.449278611035786424e-02 1.195164079399033907e+00 0.000000000000000000e+00 0.000000000000000000e+00
9.528080375980285677e-01 -7.888265530053695913e-05 -2.092279706887361420e-03 0.000000000000000000e+00 0.000000000000000000e+00 2.362240275417244392e-02 1.230069887249911620e+00 0.000000000000000000e+00 0.000000000000000000e+00
9.806356261713833344e-01 -8.011741252863271946e-05 -2.125030347461445441e-03 0.000000000000000000e+00 0.000000000000000000e+00 2.283823795545778662e-02 1.265995149619816518e+00 0.000000000000000000e+00 0.000000000000000000e+00
1.009275943705085554e+00 -8.133273367580653632e-05 -2.157265466371870166e-03 0.000000000000000000e+00 0.000000000000000000e+00 2.214279429044990755e-02 1.302969640565856846e+00 0.000000000000000000e+00 0.000000000000000000e+00
1.038752726656257952e+00 -8.252281746364649104e-05 -2.188831190792612635e-03 0.000000000000000000e+00 0.000000000000000000e+00 2.153680295985044638e-02 1.341024003722410596e+00 0.000000000000000000e+00 0.000000000000000000e+00
1.069090404725925758e+00 -8.368123167391372345e-05 -2.219556912880413322e-03 0.000000000000000000e+00 0.000000000000000000e+00 2.101899379153386246e-02 1.380189777697885756e+00 0.000000000000000000e+00 0.000000000000000000e+00
1.100314121105809395e+00 -8.480082730543788880e-05 -2.249253012876451310e-03 0.000000000000000000e+00 0.000000000000000000e+00 2.058598114333347676e-02 1.420499422213216789e+00 0.000000000000000000e+00 0.000000000000000000e+00
1.132449753316442154e+00 -8.587364801774206922e-05 -2.277708457193463459e-03 0.000000000000000000e+00 0.000000000000000000e+00 2.023229617974364736e-02 1.461986345003759347e+00 0.000000000000000000e+00 0.000000000000000000e+00
1.165523934653881488e+00 -8.689083854038013438e-05 -2.304688369069468612e-03 0.000000000000000000e+00 0.000000000000000000e+00 1.995057635475507365e-02 1.504684929506874935e+00 0.000000000000000000e+00 0.000000000000000000e+00
1.199564076262792822e+00 -8.784255711276740776e-05 -2.329931706126102398e-03 0.000000000000000000e+00 0.000000000000000000e+00 1.973189924361207909e-02 1.548630563358160073e+00 0.000000000000000000e+00 0.000000000000000000e+00
1.234598389854194567e+00 -8.871789100494427546e-05 -2.353149019645465068e-03 0.000000000000000000e+00 0.000000000000000000e+00 1.956622660389769133e-02 1.593859667719929041e+00 0.000000000000000000e+00 0.000000000000000000e+00
1.270655911086695955e+00 -8.950478613668438432e-05 -2.374020587790776678e-03 0.000000000000000000e+00 0.000000000000000000e+00 1.944291138276182593e-02 1.640409727466261902e+00 0.000000000000000000e+00 0.000000000000000000e+00
1.307766523630603750e+00 -9.018997619428447885e-05 -2.392194535503562331e-03 0.000000000000000000e+00 0.000000000000000000e+00 1.935121784875770690e-02 1.688319322249632215e+00 0.000000000000000000e+00 0.000000000000000000e+00
1.345960983934844091e+00 -9.075891769751769588e-05 -2.407285112222685031e-03 0.000000000000000000e+00 0.000000000000000000e+00 1.928081185893186500e-02 1.737628158474866513e+00 0.000000000000000000e+00 0.000000000000000000e+00
1.385270946717219509e+00 -9.119570382180806878e-05 -2.418870406107898659e-03 0.000000000000000000e+00 0.000000000000000000e+00 1.922219063409368045e-02 1.788377102206924363e+00 0.000000000000000000e+00 0.000000000000000000e+00
1.425728991199135987e+00 -9.148294881294963829e-05 -2.426489278261489361e-03 0.000000000000000000e+00 0.000000000000000000e+00 1.916703489906350366e-02 1.840608213039784724e+00 0.000000000000000000e+00 0.000000000000000000e+00
1.467368648106534668e+00 -9.160161186607051152e-05 -2.429636691302495492e-03 0.000000000000000000e+00 0.000000000000000000e+00 1.910847751333510230e-02 1.894364778954499950e+00 0.000000000000000000e+00 0.000000000000000000e+00
1.510224427459410990e+00 -9.153073555111720656e-05 -2.427756771376996230e-03 0.000000000000000000e+00 0.000000000000000000e+00 1.904129014478720197e-02 1.949691352195309868e+00 0.000000000000000000e+00 0.000000000000000000e+00
1.554331847172951253e+00 -9.124710339200883759e-05 -2.420233725804276422e-03 0.000000000000000000e+00 0.000000000000000000e+00 1.896199299336353422e-02 2.006633786193550595e+00 0.000000000000000000e+00 0.000000000000000000e+00
1.599727462493987451e+00 -9.072478541273290543e-05 -2.406379789163606581e-03 0.000000000000000000e+00 0.000000000000000000e+00 1.886889281460515239e-02 2.065239273569954292e+00 0.000000000000000000e+00 0.000000000000000000e+00
1.646448896297173281e+00 -8.993463952758542622e-05 -2.385421998193258935e-03 0.000000000000000000e+00 0.000000000000000000e+00 1.876205262603531862e-02 2.125556385246844648e+00 0.000000000000000000e+00 0.000000000000000000e+00
1.694534870265983040e+00 -8.884379074374724452e-05 -2.356488378185010550e-03 0.000000000000000000e+00 0.000000000000000000e+00 1.864319365490137853e-02 2.187635110702632613e+00 0.000000000000000000e+00 0.000000000000000000e+00
1.744025236984382499e+00 -8.741519736403530064e-05 -2.318596436967045472e-03 0.000000000000000000e+00 0.000000000000000000e+00 1.851552743920897512e-02 2.251526899401985471e+00 0.000000000000000000e+00 0.000000000000000000e+00
1.794961012965759828e+00 -8.560737491223485186e-05 -2.270645842312916420e-03 0.000000000000000000e+00 0.000000000000000000e+00 1.838351472896717492e-02 2.317284703435994242e+00 0.000000000000000000e+00 0.000000000000000000e+00
1.847384412646500218e+00 -8.337438517032127474e-05 -2.211418131165347831e-03 0.000000000000000000e+00 0.000000000000000000e+00 1.825254922030226587e-02 2.384963021407688455e+00 0.000000000000000000e+00 0.000000000000000000e+00
1.901338883372369448e+00 -8.066610665473540739e-05 -2.139583883735789432e-03 0.000000000000000000e+00 0.000000000000000000e+00 1.812856936313409287e-02 2.454617943599264329e+00 0.000000000000000000e+00 0.000000000000000000e+00
1.956869141406705204e+00 -7.742877874120203472e-05 -2.053717155844597686e-03 0.000000000000000000e+00 0.000000000000000000e+00 1.801761108232613484e-02 2.526307198458458636e+00 0.000000000000000000e+00 0.000000000000000000e+00
2.014021208990263379e+00 -7.360571743618931186e-05 -1.952314464008361164e-03 0.000000000000000000e+00 0.000000000000000000e+00 1.792532748612241447e-02 2.600090200442605859e+00 0.000000000000000000e+00 0.000000000000000000e+00
2.072842452483421471e+00 -6.913806130157362740e-05 -1.833814570309377215e-03 0.000000000000000000e+00 0.000000000000000000e+00 1.785651579437705014e-02 2.676028099260010062e+00 0.000000000000000000e+00 0.000000000000000000e+00
2.133381621622365554e+00 -6.396542867031684203e-05 -1.696615914352263667e-03 0.000000000000000000e+00 0.000000000000000000e+00 1.781470223999124039e-02 2.754183830549465029e+00 0.000000000000000000e+00 0.000000000000000000e+00
2.195688889921784348e+00 -5.802645835050875499e-05 -1.539090954871643680e-03 0.000000000000000000e+00 0.000000000000000000e+00 1.780183752643234654e-02 2.834622168039906853e+00 0.000000000000000000e+00 0.000000000000000000e+00
2.259815896257562962e+00 -5.125937536154539934e-05 -1.359601175290981812e-03 0.000000000000000000e+00 0.000000000000000000e+00 1.781814544447299017e-02 2.917409777233443080e+00 0.000000000000000000e+00 0.000000000000000000e+00
2.325815787663929157e+00 -4.360285570113799932e-05 -1.156520020760608584e-03 0.000000000000000000e+00 0.000000000000000000e+00 1.786214645664874548e-02 3.002615270656227686e+00 0.000000000000000000e+00 0.000000000000000000e+00
2.393743263380533115e+00 -3.499753411130522969e-05 -9.282728900694560241e-04 0.000000000000000000e+00 0.000000000000000000e+00 1.793085172881281331e-02 3.090309264722999494e+00 0.000000000000000000e+00 0.000000000000000000e+00
2.463654620185958599e+00 -2.538828669866986871e-05 -6.733976797546228736e-04 0.000000000000000000e+00 0.000000000000000000e+00 1.802009835836099194e-02 3.180564438262392102e+00 0.000000000000000000e+00 0.000000000000000000e+00
2.535607799055239031e+00 -1.472712715937530076e-05 -3.906216034299862762e-04 0.000000000000000000e+00 0.000000000000000000e+00 1.812497885005895371e-02 3.273455592751527643e+00 0.000000000000000000e+00 0.000000000000000000e+00
2.609662433180047980e+00 -2.976094469528003415e-06 -7.893778474684234414e-05 0.000000000000000000e+00 0.000000000000000000e+00 1.824030884191512464e-02 3.369059714309817100e+00 0.000000000000000000e+00 0.000000000000000000e+00
2.685879897391355797e+00 9.890575540478194577e-06 2.623371438744932847e-04 9.890575540478194577e-06 2.623371438744932847e-04 1.836107530794109030e-02 3.467456037503335420e+00 2.531534256823867075e-03 2.009764841153560268e-05
2.764323359025527616e+00 2.388546150262204634e-05 6.335368174559310442e-04 2.388546150262204634e-05 6.335368174559310442e-04 1.848281164027525472e-02 3.568726111012671343e+00 5.607756101511747124e-03 4.853525514893923721e-05
2.845057830275998789e+00 3.900787003862358528e-05 1.034642844865746921e-03 3.900787003862358528e-05 1.034642844865746921e-03 1.860185750473340727e-02 3.672953865218650193e+00 8.400419065875745078e-03 7.926398763253639842e-05
2.928150222073938824e+00 5.524389775817339725e-05 1.465286453256595773e-03 5.524389775817339725e-05 1.465286453256595773e-03 1.871548311073753870e-02 3.780225681761971490e+00 1.091255041311615069e-02 1.122555941747459599e-04
3.013669399542535654e+00 7.256621364146197996e-05 1.924742715990320104e-03 7.256621364146197996e-05 1.924742715990320104e-03 1.882188853133505077e-02 3.890630465134381932e+00 1.314830132885874171e-02 1.474545381463179957e-04
3.101686239070876372e+00 9.093472429376485064e-05 2.411948197818161287e-03 9.093472429376485064e-05 2.411948197818161287e-03 1.892011965458514564e-02 4.004259716360739851e+00 1.511326074449138163e-02 1.847793497735775474e-04
3.192273687054721254e+00 1.103011229461761076e-04 2.925621612354638995e-03 1.103011229461761076e-04 2.925621612354638995e-03 1.900995979310471026e-02 4.121207608833027614e+00 1.681518268385277445e-02 2.241318697074155136e-04
3.285506820352849910e+00 1.306204841216510721e-04 3.464571358434900741e-03 1.306204841216510721e-04 3.464571358434900741e-03 1.909185265876877508e-02 4.241571066359156816e+00 1.826527353231049283e-02 2.654208093834132544e-04
3.381462908509089704e+00 1.518700785980039948e-04 4.028194567276811161e-03 1.518700785980039948e-04 4.028194567276811161e-03 1.916689259514700941e-02 4.365449843491266080e+00 1.947961388728244522e-02 3.085999830245865949e-04
3.480221477791590967e+00 1.740707892892363645e-04 4.617045136274157933e-03 1.740707892892363645e-04 4.617045136274157933e-03 1.923689220642070194e-02 4.492946608200065306e+00 2.047987305980985759e-02 3.537118247098921630e-04
3.581864377102433217e+00 1.973047194576791762e-04 5.233300768357831978e-03 1.973047194576791762e-04 5.233300768357831978e-03 1.930451130668082299e-02 4.624167026963775129e+00 2.129276547679385609e-02 4.009231682593654487e-04
3.686475845812160035e+00 2.217279031530821742e-04 5.881100103063114683e-03 2.217279031530821742e-04 5.881100103063114683e-03 1.937339969402569403e-02 4.759219852342131851e+00 2.194866866088478544e-02 4.505510748449539546e-04
3.794142583575501604e+00 2.475865274378471386e-04 6.566972994041597213e-03 2.475865274378471386e-04 6.566972994041597213e-03 1.944826983501725393e-02 4.898217013108100204e+00 2.248060921889003666e-02 5.030957965504084849e-04
3.904953822186114198e+00 2.752472781163795381e-04 7.300645397708391965e-03 2.752472781163795381e-04 7.300645397708391965e-03 1.953479587933956707e-02 5.041273707011939109e+00 2.292436612633607165e-02 5.593024388899918604e-04
4.019001399529902763e+00 3.052388413903682333e-04 8.096140161125257168e-03 3.052388413903682333e-04 8.096140161125257168e-03 1.963925629338813053e-02 5.188508496254537583e+00 2.331886105458134961e-02 6.202452921674469826e-04
4.136379835698215324e+00 3.382835579378613714e-04 8.972616613252170498e-03 3.382835579378613714e-04 8.972616613252170498e-03 1.976789598948459209e-02 5.340043405749119287e+00 2.370509298670486070e-02 6.873921525612011882e-04
4.257186411323989006e+00 3.753036331117271690e-04 9.954535283948804172e-03 3.753036331117271690e-04 9.954535283948804172e-03 1.992605694315542283e-02 5.496004024252775899e+00 2.412330331240989875e-02 7.626169412469564930e-04
4.381521248205769936e+00 4.174227155730887684e-04 1.107169977557086009e-02 4.174227155730887684e-04 1.107169977557086009e-02 2.011719219069707174e-02 5.656519608451627157e+00 2.461066354630864553e-02 8.482029121806554947e-04
4.509487392286431806e+00 4.660053152116467364e-04 1.236030228196869155e-02 4.660053152116467364e-04 1.236030228196869155e-02 2.034191255820530508e-02 5.821723190085887900e+00 2.520178775123567069e-02 9.469227493082456575e-04
4.641190899055354535e+00 5.227279897532276839e-04 1.386481173859848565e-02 5.227279897532276839e-04 1.386481173859848565e-02 2.059716259144285869e-02 5.991751686203605765e+00 2.593041514846389575e-02 1.062183217744396913e-03
4.776740921444857513e+00 5.895970546069015470e-04 1.563844355764457128e-02 5.895970546069015470e-04 1.563844355764457128e-02 2.087548977207774950e-02 6.166746012634467533e+00 2.682762673911113713e-02 1.198061150179897212e-03
4.916249800293708283e+00 6.688530451491991186e-04 1.774062559029956215e-02 6.688530451491991186e-04 1.774062559029956215e-02 2.116437604835163383e-02 6.346851200777690494e+00 2.791585243091089519e-02 1.359109314253681292e-03
5.059833157452716890e+00 7.628555720315089664e-04 2.023394403454635213e-02 7.628555720315089664e-04 2.023394403454635213e-02 2.144598735722404517e-02 6.532216517800820910e+00 2.920490132665444147e-02 1.550122438550110854e-03
5.207609991609540856e+00 8.740925726825628629e-04 2.318438882155939712e-02 8.740925726825628629e-04 2.318438882155939712e-02 2.169831455093291714e-02 6.722995590349032824e+00 3.069474895622073887e-02 1.776156011651009673e-03
5.359702776912155464e+00 1.005234269585339761e-03 2.666278480241306842e-02 1.005234269585339761e-03 2.666278480241306842e-02 2.189895945767552504e-02 6.919346531867474503e+00 3.237927921479164667e-02 2.042635925348402614e-03
5.516237564472691091e+00 1.158969862374780238e-03 3.074046017723600088e-02 1.158969862374780238e-03 3.074046017723600088e-02 2.203231740051844745e-02 7.121432073642164795e+00 3.424248460193010657e-02 2.355026633005016974e-03
5.677344086835794279e+00 1.337632591040729653e-03 3.547930168986880572e-02 1.337632591040729653e-03 3.547930168986880572e-02 2.209937696613827746e-02 7.329419699668061838e+00 3.625126811192028176e-02 2.718069278023855714e-03
5.843155865498063761e+00 1.542966639360361528e-03 4.092557198585959621e-02 1.542966639360361528e-03 4.092557198585959621e-02 2.212654305479290831e-02 7.543481785456061850e+00 3.835624933821570742e-02 3.135308041648495695e-03
6.013810321567692796e+00 1.776147065064987525e-03 4.711043823923765500e-02 1.776147065064987525e-03 4.711043823923765500e-02 2.216656865288264833e-02 7.763795740893981723e+00 4.049969519774356680e-02 3.609130641059853095e-03
6.189448889656034680e+00 2.037782863205401824e-03 5.405005340506664757e-02 2.037782863205401824e-03 5.405005340506664757e-02 2.228433062352337332e-02 7.990544157279936499e+00 4.262103316881100945e-02 4.140774554134229665e-03
6.370217135095437300e+00 2.327895788113210941e-03 6.174499449417846647e-02 2.327895788113210941e-03 6.174499449417846647e-02 2.252725172959213137e-02 8.223914958649917395e+00 4.466042352552665462e-02 4.730283985671060454e-03
6.556264874580561397e+00 2.646030649680942027e-03 7.018318806633440377e-02 2.646030649680942027e-03 7.018318806633440377e-02 2.289380270095843842e-02 8.464101557525056663e+00 4.656369205900252189e-02 5.376733989421972164e-03
6.747746300333117730e+00 2.991247974544064634e-03 7.933971557577457201e-02 2.991247974544064634e-03 7.933971557577457201e-02 2.332263191335299038e-02 8.711303015207624512e+00 4.828343850823771377e-02 6.078215555613464618e-03
6.944820107892941685e+00 3.362093028143121973e-03 8.917599171390278023e-02 3.362093028143121973e-03 8.917599171390278023e-02 2.371607163797281523e-02 8.965724206758586945e+00 4.977929420047525616e-02 6.831772663780557274e-03
7.147649627641324166e+00 3.757152521725249088e-03 9.965453047867804670e-02 3.757152521725249088e-03 9.965453047867804670e-02 2.398889238382736697e-02 9.227575990793496885e+00 5.102594651233880590e-02 7.634533511332712921e-03
7.356402960165590699e+00 4.175930640420334392e-03 1.107621809006362618e-01 4.175930640420334392e-03 1.107621809006362618e-01 2.411652047977490623e-02 9.497075384237424700e+00 5.202100711911285952e-02 8.485490602508341876e-03
7.571253115577127879e+00 4.619384989141352843e-03 1.225243424458450775e-01 4.619384989141352843e-03 1.225243424458450775e-01 2.415603776637006983e-02 9.774445742183745622e+00 5.278406988040872799e-02 9.386589790385393289e-03
7.792378156898298158e+00 5.089869425738274833e-03 1.350034487252627924e-01 5.089869425738274833e-03 1.350034487252627924e-01 2.422171462574486053e-02 1.005991694300585060e+01 5.334805507769749960e-02 1.034261411385638089e-02
8.019961347637128313e+00 5.590704781655364726e-03 1.482875813103623208e-01 5.590704781655364726e-03 1.482875813103623208e-01 2.441575080236791859e-02 1.035372557887526312e+01 5.374916784525768376e-02 1.136031150205117461e-02
8.254191303671996494e+00 6.126703222932681700e-03 1.625043778587938192e-01 6.126703222932681700e-03 1.625043778587938192e-01 2.475276806335018759e-02 1.065611515184390967e+01 5.402879279467121681e-02 1.244946027583444456e-02
8.495262149572281984e+00 6.704141558199917111e-03 1.778203241369135101e-01 6.704141558199917111e-03 1.778203241369135101e-01 2.514405028036228659e-02 1.096733627565322244e+01 5.422940399550264107e-02 1.362281490965206593e-02
8.743373679484484740e+00 7.329078209559214754e-03 1.943961134374582733e-01 7.329078209559214754e-03 1.943961134374582733e-01 2.546755896677827327e-02 1.128764688343722433e+01 5.437937939921024671e-02 1.489268611654993336e-02
8.998731522717164921e+00 8.007506073801106891e-03 2.123907010629914882e-01 8.007506073801106891e-03 2.123907010629914882e-01 2.566840753176159035e-02 1.161731244149176234e+01 5.449735227554282357e-02 1.627125146214794538e-02
9.261547314161921562e+00 8.744456541507128478e-03 2.319375393722232503e-01 8.744456541507128478e-03 2.319375393722232503e-01 2.580200759208897687e-02 1.195660616928705089e+01 5.458888013759444907e-02 1.776873473155496028e-02
9.532038869691691119e+00 9.542400852292333424e-03 2.531021754043313310e-01 9.542400852292333424e-03 2.531021754043313310e-01 2.598020745506371063e-02 1.230580926590589641e+01 5.464145469502091484e-02 1.939015748339724399e-02
9.810430366681677228e+00 1.040180969454330799e-02 2.758970936751547476e-01 1.040180969454330799e-02 2.758970936751547476e-01 2.627068778349524528e-02 1.266521114309521856e+01 5.463447017683974172e-02 2.113647615642462452e-02
1.009695252980256974e+01 1.132190086209984396e-02 3.003015469866007203e-01 1.132190086209984396e-02 3.003015469866007203e-01 2.665056440880531410e-02 1.303510966512406632e+01 5.454694283722901632e-02 2.300610130780550086e-02
1.039184282224002409e+01 1.230260794068685319e-02 3.263137737696717444e-01 1.230260794068685319e-02 3.263137737696717444e-01 2.704969408242406670e-02 1.341581139564689806e+01 5.436776582744431985e-02 2.499889798374019603e-02
1.069534564249883601e+01 1.334374292869308989e-02 3.539287874787885868e-01 1.334374292869308989e-02 3.539287874787885868e-01 2.740561366071796526e-02 1.380763185177668539e+01 5.408977866305401949e-02 2.711448416497530892e-02
1.100771252695499314e+01 1.444319497563020631e-02 3.830906000184158833e-01 1.444319497563020631e-02 3.830906000184158833e-01 2.766816007306132502e-02 1.421089576557848311e+01 5.370244352424090317e-02 2.934857060355044664e-02
1.132920235832341582e+01 1.559635814778245408e-02 4.136770438270281902e-01 1.559635814778245408e-02 4.136770438270281902e-01 2.781446758152431031e-02 1.462593735320012733e+01 5.319210875302411712e-02 3.169179804266128442e-02
1.166008158021418417e+01 1.679562893779748545e-02 4.454864438459718023e-01 1.679562893779748545e-02 4.454864438459718023e-01 2.794083954518124246e-02 1.505310059186313154e+01 5.254283657400962010e-02 3.412871615620326898e-02
1.200062441795506629e+01 1.802932627501561622e-02 4.782089719260438909e-01 1.802932627501561622e-02 4.782089719260438909e-01 2.829864383895953558e-02 1.549273950494334962e+01 5.173565800111062929e-02 3.663558900987937822e-02
1.235111310586335875e+01 1.928642437190285219e-02 5.115521806157491413e-01 1.928642437190285219e-02 5.115521806157491413e-01 2.903892238839488049e-02 1.594521845537765081e+01 5.076395292846257873e-02 3.919001220463197432e-02
1.271183812115540945e+01 2.056560268080964010e-02 5.454810437735534423e-01 2.056560268080964010e-02 5.454810437735534423e-01 2.985561668683594377e-02 1.641091244763982715e+01 4.965218793829192373e-02 4.178930238778225809e-02
1.308309842468764117e+01 2.186896629799862588e-02 5.800513968701899170e-01 2.186896629799862588e-02 5.800513968701899170e-01 3.014383409108276068e-02 1.689020743853590645e+01 4.843044281842147358e-02 4.443773711470463267e-02
1.346520170872869038e+01 2.320160782014040260e-02 6.153983156916933428e-01 2.320160782014040260e-02 6.153983156916933428e-01 2.976422388091581189e-02 1.738350065707662395e+01 4.713044079107357037e-02 4.714566454127420980e-02
1.385846465196785893e+01 2.457597479893314577e-02 6.518519584929971522e-01 2.457597479893314577e-02 6.518519584929971522e-01 2.960334431065005795e-02 1.789120093369189490e+01 4.579176762979135507e-02 4.993837809117400439e-02
1.426321318197138055e+01 2.600125692178955478e-02 6.896560720954142409e-01 2.600125692178955478e-02 6.896560720954142409e-01 3.064437038691618723e-02 1.841372903906041714e+01 4.443899545634000942e-02 5.283455120821692330e-02
1.467978274530392646e+01 2.747685798921035982e-02 7.287948429324662136e-01 2.747685798921035982e-02 7.287948429324662136e-01 3.220295611719917878e-02 1.895151803283503256e+01 4.307548687949075417e-02 5.583297241508596020e-02
1.510851858553924032e+01 2.899325709760969261e-02 7.690157390211963540e-01 2.899325709760969261e-02 7.690157390211963540e-01 3.259057590471284294e-02 1.950501362255290516e+01 4.169206131038375590e-02 5.891429523674072272e-02
1.554977602939032089e+01 3.053050650348446485e-02 8.097896673845654814e-01 3.053050650348446485e-02 8.097896673845654814e-01 3.161449627309184662e-02 2.007467453302800209e+01 4.027018323376537617e-02 6.203798586057467784e-02
1.600392078119628891e+01 3.204969918279271246e-02 8.500846600120113283e-01 3.204969918279271246e-02 8.500846600120113283e-01 3.133078417718197783e-02 2.066097288653200792e+01 3.877633772469767093e-02 6.512498521800941242e-02
1.647132922600999549e+01 3.350204877724369951e-02 8.886067099125704027e-01 3.350204877724369951e-02 8.886067099125704027e-01 3.310469707968005659e-02 2.126439459407873755e+01 3.717983289672428110e-02 6.807615943435850470e-02
1.695238874153755759e+01 3.482747956434677217e-02 9.237623715491358745e-01 3.482747956434677217e-02 9.237623715491358745e-01 3.483252542126220874e-02 2.188543975813635711e+01 3.545286592469980291e-02 7.076943464812170126e-02
1.744749801918840149e+01 3.595748799355348579e-02 9.537346600837077748e-01 3.595748799355348579e-02 9.537346600837077748e-01 3.436701811589016470e-02 2.252462308710119032e+01 3.357467996005601002e-02 7.306561165211131192e-02
1.795706739450178446e+01 3.683686698190925118e-02 9.770592655370865520e-01 3.683686698190925118e-02 9.770592655370865520e-01 3.320706024521263844e-02 2.318247432187654056e+01 3.154993425652347777e-02 7.485250965982943872e-02
1.848151918722376763e+01 3.742784965992513452e-02 9.927344613025385067e-01 3.742784965992513452e-02 9.927344613025385067e-01 3.431632861371002041e-02 2.385953867491016211e+01 2.940382872596639802e-02 7.605338639662413691e-02
1.902128805131641087e+01 3.770177335318562750e-02 1.000000000000000000e+00 3.770177335318562750e-02 1.000000000000000000e+00 3.657624516861317232e-02 2.455637728205419634e+01 2.716839742851948417e-02 7.660999931123239903e-02
1.957682133518928680e+01 3.762407132313036473e-02 9.979390351396111303e-01 3.762407132313036473e-02 9.979390351396111303e-01 3.674383603910318097e-02 2.527356766762204998e+01 2.486916865590290196e-02 7.645210879469752085e-02
2.014857945245188731e+01 3.714290110111698878e-02 9.851764996083024473e-01 3.714290110111698878e-02 9.851764996083024473e-01 3.553054603062494321e-02 2.601170422302770291e+01 2.251980034288533078e-02 7.547437095643438898e-02
2.073703626349415785e+01 3.616077223111378164e-02 9.591265612989623435e-01 3.616077223111378164e-02 9.591265612989623435e-01 3.635664486567537906e-02 2.677139869940404893e+01 2.011035076445781555e-02 7.347868520049820329e-02
2.134267946821144335e+01 3.454247363988264402e-02 9.162028882910348004e-01 3.454247363988264402e-02 9.162028882910348004e-01 3.856918124819683213e-02 2.755328071460862915e+01 1.762092161463623546e-02 7.019030264092530891e-02
2.196601101019926006e+01 3.216908617729907077e-02 8.532512748390634894e-01 3.216908617729907077e-02 8.532512748390634894e-01 3.876093651640807880e-02 2.835799827503683090e+01 1.505244828644107871e-02 6.536757957772881822e-02
2.260754749275303865e+01 2.900462555978140095e-02 7.693172755580910405e-01 2.900462555978140095e-02 7.693172755580910405e-01 3.786137442243722728e-02 2.918621831267525479e+01 1.244884094766174343e-02 5.893739595062453401e-02
2.326782060701734167e+01 2.511896962138158648e-02 6.662543267148240966e-01 2.511896962138158648e-02 6.662543267148240966e-01 3.907461685520109695e-02 3.003862723783997168e+01 9.889098688304190365e-03 5.104174351072827964e-02
2.394737757263969513e+01 2.069405617474750353e-02 5.488881379899057666e-01 2.069405617474750353e-02 5.488881379899057666e-01 4.095224702932887678e-02 3.091593150805817913e+01 7.472978782537351670e-03 4.205031987335031141e-02
2.464678159129402246e+01 1.598564297200582088e-02 4.240024155430107133e-01 1.598564297200582088e-02 4.240024155430107133e-01 4.071389816117630678e-02 3.181885821356442889e+01 5.295067123981426344e-03 3.248282476271092262e-02
2.536661231344963952e+01 1.121573569835211150e-02 2.974856273545666840e-01 1.121573569835211150e-02 2.974856273545666840e-01 4.044699802921165183e-02 3.274815567989681853e+01 3.407707911772174959e-03 2.279037370673489202e-02
2.610746631877266566e+01 6.539577714284221591e-03 1.734554407566522849e-01 6.539577714284221591e-03 1.734554407566522849e-01 4.234793672199491793e-02 3.370459408809252722e+01 1.822541963191057083e-03 1.328842119689664300e-02
2.686995761055795384e+01 2.042238233571319009e-03 5.416822743163510201e-02 2.042238233571319009e-03 5.416822743163510201e-02 4.329919994677045719e-02 3.468896611299673083e+01 5.220684749639958573e-04 4.149827866228244545e-03
2.765471812460133094e+01 -2.179944388593018072e-03 -5.782073877988613830e-02 0.000000000000000000e+00 0.000000000000000000e+00 4.264926239139035097e-02 3.570208758021378515e+01 0.000000000000000000e+00 0.000000000000000000e+00
2.846239825293391235e+01 -5.920055276274750929e-03 -1.570232577872768265e-01 0.000000000000000000e+00 0.000000000000000000e+00 4.403699686397347102e-02 3.674479814224537222e+01 0.000000000000000000e+00 0.000000000000000000e+00
2.929366738285257199e+01 -8.887212967262555011e-03 -2.357240038554214712e-01 0.000000000000000000e+00 0.000000000000000000e+00 4.552711546946248966e-02 3.781796197437580531e+01 0.000000000000000000e+00 0.000000000000000000e+00
3.014921445169313685e+01 -1.082577165870138476e-02 -2.871422401616728348e-01 0.000000000000000000e+00 0.000000000000000000e+00 4.513257836969841036e-02 3.892246849088116534e+01 0.000000000000000000e+00 0.000000000000000000e+00
3.102974851780636811e+01 -1.167429028365559590e-02 -3.096483068393697247e-01 0.000000000000000000e+00 0.000000000000000000e+00 4.621546410524415838e-02 4.005923308215611200e+01 0.000000000000000000e+00 0.000000000000000000e+00
3.193599934820970176e+01 -1.154960671976190505e-02 -3.063412060638791012e-01 0.000000000000000000e+00 0.000000000000000000e+00 4.762372794211405108e-02 4.122919787336903141e+01 0.000000000000000000e+00 0.000000000000000000e+00
3.286871802340189674e+01 -1.065824821242391564e-02 -2.826988564325275122e-01 0.000000000000000000e+00 0.000000000000000000e+00 4.774772577695605286e-02 4.243333250527437173e+01 0.000000000000000000e+00 0.000000000000000000e+00
3.382867755984182168e+01 -9.073827263061941609e-03 -2.406737523473877760e-01 0.000000000000000000e+00 0.000000000000000000e+00 4.860839953860059126e-02 4.367263493782930794e+01 0.000000000000000000e+00 0.000000000000000000e+00
3.481667355060728397e+01 -6.790339054203617560e-03 -1.801066223223121987e-01 0.000000000000000000e+00 0.000000000000000000e+00 4.997485544446604588e-02 4.494813227728075589e+01 0.000000000000000000e+00 0.000000000000000000e+00
3.583352482476482948e+01 -3.861406876175595571e-03 -1.024197678979820308e-01 0.000000000000000000e+00 0.000000000000000000e+00 5.053933054688447557e-02 4.626088162740807519e+01 0.000000000000000000e+00 0.000000000000000000e+00
3.688007412599704082e+01 -7.139715394140950817e-04 -1.893734633449987992e-02 0.000000000000000000e+00 0.000000000000000000e+00 5.089208478997218899e-02 4.761197096562720077e+01 0.000000000000000000e+00 0.000000000000000000e+00
3.795718881104973264e+01 1.937696990922977390e-03 5.139538060374156808e-02 1.937696990922977390e-03 5.139538060374156808e-02 5.291561806201400958e-02 4.900252004468203637e+01 1.757218451298804595e-04 3.937400072653168825e-03
3.906576156857789073e+01 3.550144802492532364e-03 9.416386781691162000e-02 3.550144802492532364e-03 9.416386781691162000e-02 5.303107312800153100e-02 5.043368132067063669e+01 2.953107064858739969e-04 7.213893848596578291e-03
4.020671115898614545e+01 4.199137599497579539e-03 1.113777211528107491e-01 4.199137599497579539e-03 1.113777211528107491e-01 5.344858067955875203e-02 5.190664090817508480e+01 3.203955434362647497e-04 8.532647140803465216e-03
4.138098317587692065e+01 4.307140847242826344e-03 1.142423940352634004e-01 4.307140847242826344e-03 1.142423940352634004e-01 5.629536313834305333e-02 5.342261956328687234e+01 3.014454059896089677e-04 8.752109728355068202e-03
4.258955082973731976e+01 4.084948018672678559e-03 1.083489622730841456e-01 4.084948018672678559e-03 1.083489622730841456e-01 5.485263746193875384e-02 5.498287369534230606e+01 2.622402592531115017e-04 8.300613925113720093e-03
4.383341575451444783e+01 3.237078752336083193e-03 8.586011915173122344e-02 3.237078752336083193e-03 8.586011915173122344e-02 5.697808584238053808e-02 5.658869640820675784e+01 1.906159910955565798e-04 6.577743669076460513e-03
4.511360883774706565e+01 1.683872167512911848e-03 4.466294335119470882e-02 1.683872167512911848e-03 4.466294335119470882e-02 5.920265086601723264e-02 5.824141857197004413e+01 9.095119723541557160e-05 3.421628059372638225e-03
4.643119107494238307e+01 1.637867470772846044e-05 4.344271701570912502e-04 1.637867470772846044e-05 4.344271701570912502e-04 5.648837144495832963e-02 5.994240992594210127e+01 8.114678062596574025e-07 3.328146520651539494e-05
4.778725444890545759e+01 -9.202755244992505846e-04 -2.440934318601465855e-02 0.000000000000000000e+00 0.000000000000000000e+00 6.209993057205966116e-02 6.169308021386237328e+01 0.000000000000000000e+00 0.000000000000000000e+00
4.918292283475022941e+01 -1.125775937280265203e-03 -2.986002612487569444e-02 0.000000000000000000e+00 0.000000000000000000e+00 6.065662655573972328e-02 6.349488035226404037e+01 0.000000000000000000e+00 0.000000000000000000e+00
5.061935293134214220e+01 -1.324942376506350362e-03 -3.514270705768800934e-02 0.000000000000000000e+00 0.000000000000000000e+00 5.922442142593009606e-02 6.534930363296123801e+01 0.000000000000000000e+00 0.000000000000000000e+00
5.209773521994443257e+01 -1.652399121546288801e-03 -4.382815381300011331e-02 0.000000000000000000e+00 0.000000000000000000e+00 6.721709191532139471e-02 6.725788696065612271e+01 0.000000000000000000e+00 0.000000000000000000e+00
5.361929495086246078e+01 -1.304704120224179417e-03 -3.460590853384720028e-02 0.000000000000000000e+00 0.000000000000000000e+00 5.794274380655192735e-02 6.922221212669124668e+01 0.000000000000000000e+00 0.000000000000000000e+00
5.518529315890386755e+01 -1.714012498385040053e-04 -4.546238401913828796e-03 0.000000000000000000e+00 0.000000000000000000e+00 6.726467721772529107e-02 7.124390712000291614e+01 0.000000000000000000e+00 0.000000000000000000e+00
5.679702770849613813e+01 5.658169766816840062e-04 1.500770192906257690e-02 5.658169766816840062e-04 1.500770192906257690e-02 6.887407584353820444e-02 7.332464747636224445e+01 1.531514657823614632e-05 1.149740034448665064e-03
5.845583436932770383e+01 2.772302305258931882e-04 7.353241130830480941e-03 2.772302305258931882e-04 7.353241130830480941e-03 5.968596722518522413e-02 7.546615766702177552e+01 6.883019584404998528e-06 5.633317979682489094e-04
6.016308792340414158e+01 2.133253497127873691e-04 5.658231184893650415e-03 2.133253497127873691e-04 5.658231184893650415e-03 7.510247640093986599e-02 7.767021252791893460e+01 4.858185805006289634e-06 4.334770871774962166e-04
6.192020330443682496e+01 6.639414642616530251e-04 1.761035105807703255e-02 6.639414642616530251e-04 1.761035105807703255e-02 6.199540789231309384e-02 7.993863873062042558e+01 1.386930445086366971e-05 1.349128982429842125e-03
6.372863677050849418e+01 5.101939007432701586e-04 1.353235817222271653e-02 5.101939007432701586e-04 1.353235817222271653e-02 7.030074683825661419e-02 8.227331629622700859e+01 9.775824299548710287e-06 1.036713950253332272e-03
6.558988711098751878e+01 -4.218332387788476445e-04 -1.118868427824774164e-02 0.000000000000000000e+00 0.000000000000000000e+00 7.731645842879346364e-02 8.467618015349304983e+01 0.000000000000000000e+00 0.000000000000000000e+00
6.750549688869111264e+01 -3.528289628978703964e-04 -9.358418225917692831e-03 0.000000000000000000e+00 0.000000000000000000e+00 6.038431927811355876e-02 8.714922174245242559e+01 0.000000000000000000e+00 0.000000000000000000e+00
6.947705371832701360e+01 3.848220263134603043e-04 1.020700068159909567e-02 3.848220263134603043e-04 1.020700068159909567e-02 8.259129449654525890e-02 8.969449066487953814e+01 5.690595982404998029e-06 7.819583151870552985e-04
7.150619158227326011e+01 -2.622969570455311737e-04 -6.957151712423847306e-03 0.000000000000000000e+00 0.000000000000000000e+00 7.127276614158993551e-02 9.231409638295376396e+01 0.000000000000000000e+00 0.000000000000000000e+00
7.359459218478622233e+01 -5.984140763456960617e-04 -1.587230581277505881e-02 0.000000000000000000e+00 0.000000000000000000e+00 7.089115603713749825e-02 9.501020996753452152e+01 0.000000000000000000e+00 0.000000000000000000e+00
7.574398634575997846e+01 4.463376377828665508e-04 1.183863776384282661e-02 4.463376377828665508e-04 1.183863776384282661e-02 8.450342103182385822e-02 9.778506589749679279e+01 5.093790126815435456e-06 9.069580309339287305e-04
7.795615543519082280e+01 -4.129461469261293304e-05 -1.095296348682859222e-03 0.000000000000000000e+00 0.000000000000000000e+00 6.918990374492416107e-02 1.006409639116169501e+02 0.000000000000000000e+00 0.000000000000000000e+00
8.023293284953730620e+01 -8.999681263738346960e-04 -2.387071074729145426e-02 0.000000000000000000e+00 0.000000000000000000e+00 7.843344989628196762e-02 1.035802709145453235e+02 0.000000000000000000e+00 0.000000000000000000e+00
8.257620553119835449e+01 1.014701121339128646e-03 2.691388311720862431e-02 1.014701121339128646e-03 2.691388311720862431e-02 8.413035806427757168e-02 1.066054229384440077e+02 8.937074593951328967e-06 2.061872567071942105e-03
8.498791553236902985e+01 -1.392271108708152986e-03 -3.692853107108587385e-02 0.000000000000000000e+00 0.000000000000000000e+00 5.596183352753643370e-02 1.097189271619159712e+02 0.000000000000000000e+00 0.000000000000000000e+00
8.747006162457019229e+01 1.817138191613244629e-03 4.819768488316226313e-02 1.817138191613244629e-03 4.819768488316226313e-02 3.916855889341572944e-02 1.129233639878989379e+02 1.346578479032086284e-05 3.692424605702056793e-03
