4.173085900000000209e-02 5.092209313735801546e-01 7.135971772460848461e-01 7.135971772460848461e-01
4.372891599999999962e-02 4.801693383014384864e-01 6.929425216433455770e-01 6.929425216433455770e-01
4.582263899999999834e-02 4.526131740692435068e-01 6.727653187176368954e-01 6.727653187176368954e-01
4.801661100000000071e-02 4.266477678335723334e-01 6.531827981764157798e-01 6.531827981764157798e-01
5.031562600000000218e-02 4.022852294338954970e-01 6.342595915190368805e-01 6.342595915190368805e-01
5.272471799999999681e-02 3.794472042091388553e-01 6.159928605179924022e-01 6.159928605179924022e-01
5.524915700000000013e-02 3.579665764634998304e-01 5.983030807738665136e-01 5.983030807738665136e-01
5.789446300000000017e-02 3.375999415804981085e-01 5.810335115813012319e-01 5.810335115813012319e-01
6.066642800000000141e-02 3.180525019963750255e-01 5.639614366216674224e-01 5.639614366216674224e-01
6.357111299999999854e-02 2.990151593808438313e-01 5.468227860841607946e-01 5.468227860841607946e-01
6.661487300000000500e-02 2.802095040578524987e-01 5.293481879234617216e-01 5.293481879234617216e-01
6.980436700000000605e-02 2.614312674279415938e-01 5.113034983529269883e-01 5.113034983529269883e-01
7.314657400000000587e-02 2.425743450566064940e-01 4.925183702732381374e-01 4.925183702732381374e-01
7.664880200000000199e-02 2.236162810986766503e-01 4.728808318156664803e-01 4.728808318156664803e-01
8.031871599999999833e-02 2.045745658274556733e-01 4.522991994548030137e-01 4.522991994548030137e-01
8.416434700000000046e-02 1.854989035680766896e-01 4.306958364879752144e-01 4.306958364879752144e-01
8.819410199999999644e-02 1.665395898198215874e-01 4.080926240693668605e-01 4.080926240693668605e-01
9.241680200000000622e-02 1.479953677093937825e-01 3.847016606532830951e-01 3.847016606532830951e-01
9.684167999999999943e-02 1.302436070483743158e-01 3.608927916270624481e-01 3.608927916270624481e-01
1.014784199999999997e-01 1.136156362229290007e-01 3.370691861071388185e-01 3.370691861071388185e-01
1.063371699999999948e-01 9.831984369274848756e-02 3.135599523101578745e-01 3.135599523101578745e-01
1.114285500000000012e-01 8.443577768476676071e-02 2.905783503373345900e-01 2.905783503373345900e-01
1.167637100000000067e-01 7.195268818776974495e-02 2.682399824555797840e-01 2.682399824555797840e-01
1.223543099999999939e-01 6.081835369755390908e-02 2.466137743467584631e-01 2.466137743467584631e-01
1.282125799999999927e-01 5.096844896471629249e-02 2.257619298391921048e-01 2.257619298391921048e-01
1.343513500000000083e-01 4.233280856676237269e-02 2.057493829073671066e-01 2.057493829073671066e-01
1.407840399999999992e-01 3.484655202871184826e-02 1.866723118963062589e-01 1.866723118963062589e-01
1.475247299999999928e-01 2.845687158186792007e-02 1.686916464495735457e-01 1.686916464495735457e-01
1.545881500000000075e-01 2.309744753392743363e-02 1.519784443068405433e-01 1.519784443068405433e-01
1.619897700000000051e-01 1.866790359996882767e-02 1.366305368501815887e-01 1.366305368501815887e-01
1.697457800000000128e-01 1.504486035155903380e-02 1.226574920319139506e-01 1.226574920319139506e-01
1.778731400000000129e-01 1.210337635761184541e-02 1.100153460095992519e-01 1.100153460095992519e-01
1.863896399999999953e-01 9.727466533704837853e-03 9.862791964603551120e-02 9.862791964603551120e-02
1.953139000000000125e-01 7.817545983259241785e-03 8.841688743254447203e-02 8.841688743254447203e-02
2.046654499999999988e-01 6.292515184505594224e-03 7.932537541358121447e-02 7.932537541358121447e-02
2.144647500000000095e-01 5.080127837854485698e-03 7.127501552335492596e-02 7.127501552335492596e-02
2.247332400000000008e-01 4.115611850350468781e-03 6.415303461528899798e-02 6.415303461528899798e-02
2.354933800000000022e-01 3.345711171067558033e-03 5.784212280913934162e-02 5.784212280913934162e-02
2.467687100000000022e-01 2.729520446611384630e-03 5.224481262873267168e-02 5.224481262873267168e-02
2.585838999999999777e-01 2.235470255653136933e-03 4.728075988870247826e-02 4.728075988870247826e-02
2.709647900000000109e-01 1.836625991301326331e-03 4.285587464165591109e-02 4.285587464165591109e-02
2.839384799999999931e-01 1.511643229599715340e-03 3.887985634746758679e-02 3.887985634746758679e-02
2.975333499999999742e-01 1.245866820017191940e-03 3.529683866888353588e-02 3.529683866888353588e-02
3.117791200000000207e-01 1.029049321178332607e-03 3.207879862429908330e-02 3.207879862429908330e-02
3.267069899999999749e-01 8.513208489963736657e-04 2.917740305435652728e-02 2.917740305435652728e-02
3.423495899999999814e-01 7.042946333553025060e-04 2.653854994824137933e-02 2.653854994824137933e-02
3.587411500000000086e-01 5.827303414761878745e-04 2.413980823196795397e-02 2.413980823196795397e-02
3.759175399999999945e-01 4.826356918605341712e-04 2.196897111520096021e-02 2.196897111520096021e-02
3.939163199999999865e-01 3.998168804582539343e-04 1.999542148738690447e-02 1.999542148738690447e-02
4.127768700000000179e-01 3.310473124359095045e-04 1.819470561553303972e-02 1.819470561553303972e-02
4.325404700000000102e-01 2.741825854316094790e-04 1.655845963342029992e-02 1.655845963342029992e-02
4.532503299999999791e-01 2.271922702851491096e-04 1.507289853628521886e-02 1.507289853628521886e-02
4.749517999999999796e-01 1.881680815412411307e-04 1.371743713458316305e-02 1.371743713458316305e-02
4.976922899999999816e-01 1.558574564158108212e-04 1.248428838243537294e-02 1.248428838243537294e-02
5.215216200000000191e-01 1.291665755285695749e-04 1.136514740461247105e-02 1.136514740461247105e-02
5.464918600000000515e-01 1.069757305796419067e-04 1.034290725954950703e-02 1.034290725954950703e-02
5.726576599999999573e-01 8.866821714755026532e-05 9.416380257166246867e-03 9.416380257166246867e-03
6.000763099999999461e-01 7.346498353955374205e-05 8.571171655004568637e-03 8.571171655004568637e-03
6.288076999999999694e-01 6.088610564786109831e-05 7.802954930528632413e-03 7.802954930528632413e-03
6.589147899999999725e-01 5.045892012723656665e-05 7.103444243973240473e-03 7.103444243973240473e-03
6.904633500000000312e-01 4.182256644927881336e-05 6.467036914173198738e-03 6.467036914173198738e-03
7.235224799999999679e-01 3.466559686834376562e-05 5.887749728745589328e-03 5.887749728745589328e-03
7.581644699999999792e-01 2.873791500925723574e-05 5.360775597733712268e-03 5.360775597733712268e-03
7.944650599999999452e-01 2.381489587425593662e-05 4.880050806524040621e-03 4.880050806524040621e-03
8.325037600000000371e-01 1.974591342050731354e-05 4.443637408757302593e-03 4.443637408757302593e-03
8.723636799999999747e-01 1.636783027754670793e-05 4.045717523202368472e-03 4.045717523202368472e-03
9.141321100000000532e-01 1.357107876189591681e-05 3.683894510147639467e-03 3.683894510147639467e-03
9.579004100000000355e-01 1.125281896110833523e-05 3.354522165839471035e-03 3.354522165839471035e-03
1.003764300000000054e+00 9.328432182615705259e-06 3.054248218893760181e-03 3.054248218893760181e-03
1.051824099999999929e+00 7.733466672022128698e-06 2.780911122639867505e-03 2.780911122639867505e-03
1.102185100000000029e+00 6.412597041042681972e-06 2.532310613065206530e-03 2.532310613065206530e-03
1.154957299999999965e+00 5.317688750674178919e-06 2.306011437672020326e-03 2.306011437672020326e-03
1.210256199999999893e+00 4.409533649041437985e-06 2.099888961121858591e-03 2.099888961121858591e-03
1.268202800000000074e+00 3.656376231610617702e-06 1.912165325386541454e-03 1.912165325386541454e-03
1.328923800000000099e+00 3.031871930397252698e-06 1.741227133488693546e-03 1.741227133488693546e-03
1.392552100000000070e+00 2.514148659463674520e-06 1.585606716516953446e-03 1.585606716516953446e-03
1.459227000000000052e+00 2.084835260806069518e-06 1.443895862174994103e-03 1.443895862174994103e-03
1.529094200000000070e+00 1.728820969496259888e-06 1.314846367259787409e-03 1.314846367259787409e-03
1.602306699999999973e+00 1.433611555306031747e-06 1.197335189203938650e-03 1.197335189203938650e-03
1.679024400000000083e+00 1.188784341802831174e-06 1.090313873067214967e-03 1.090313873067214967e-03
1.759415500000000021e+00 9.859171836984829845e-07 9.929336250215736563e-04 9.929336250215736563e-04
1.843655599999999950e+00 8.176562537476298631e-07 9.042434703925872905e-04 9.042434703925872905e-04
1.931929100000000066e+00 6.780160845636908062e-07 8.234173210248195819e-04 8.234173210248195819e-04
2.024429099999999870e+00 5.623486072005356117e-07 7.498990646750638587e-04 7.498990646750638587e-04
2.121357999999999855e+00 4.663153250450507622e-07 6.828728469085959367e-04 6.828728469085959367e-04
2.222927799999999898e+00 3.867572392712360370e-07 6.218980939601246889e-04 6.218980939601246889e-04
2.329360700000000062e+00 3.207472063807441019e-07 5.663454832350515826e-04 5.663454832350515826e-04
2.440889499999999934e+00 2.659927006431076628e-07 5.157448018575734507e-04 5.157448018575734507e-04
2.557758399999999988e+00 2.205951033794064660e-07 4.696755298920803740e-04 4.696755298920803740e-04
2.680222899999999964e+00 1.829483319848298696e-07 4.277245982929084203e-04 4.277245982929084203e-04
2.808550900000000183e+00 1.517277386880784760e-07 3.895224495302914650e-04 3.895224495302914650e-04
2.943023199999999839e+00 1.258359134527281168e-07 3.547335809487566914e-04 3.547335809487566914e-04
3.083934000000000175e+00 1.043672113368167439e-07 3.230591452610755729e-04 3.230591452610755729e-04
3.231591499999999950e+00 8.655612839411491322e-08 2.942042290554554881e-04 2.942042290554554881e-04
3.386318900000000021e+00 7.178401160232742137e-08 2.679253843933557082e-04 2.679253843933557082e-04
3.548454500000000067e+00 5.953608284199349583e-08 2.440001697581243277e-04 2.440001697581243277e-04
3.718353099999999856e+00 4.937807700161244160e-08 2.222117841195926245e-04 2.222117841195926245e-04
3.896386399999999917e+00 4.095160820528676859e-08 2.023650370130343522e-04 2.023650370130343522e-04
4.082943799999999790e+00 3.396351073130359823e-08 1.842919171621577184e-04 1.842919171621577184e-04
4.278433599999999615e+00 2.816866066115464389e-08 1.678352187747096332e-04 1.678352187747096332e-04
