6.126431699999999869e-02 4.467246111172445922e+01 6.683746038841126946e+00 6.683746038841126946e+00
6.746437800000000540e-02 4.404704355136285443e+01 6.636794674491810042e+00 6.636794674491810042e+00
7.366443899999999823e-02 4.338231525151280010e+01 6.586525279046061776e+00 6.586525279046061776e+00
7.986490799999999834e-02 4.268326622374524959e+01 6.533243162759614364e+00 6.533243162759614364e+00
8.606497000000000452e-02 4.195516748116705941e+01 6.477280870949403635e+00 6.477280870949403635e+00
9.226543900000000464e-02 4.120318144082276746e+01 6.418970434643141765e+00 6.418970434643141765e+00
9.846549999999999747e-02 4.043267911431165373e+01 6.358669602543574051e+00 6.358669602543574051e+00
1.046659699999999971e-01 3.964878298458764760e+01 6.296727958597833741e+00 6.296727958597833741e+00
1.108660300000000043e-01 3.885670985570013158e+01 6.233515048165050310e+00 6.233515048165050310e+00
1.170665000000000039e-01 3.806129913913486718e+01 6.169384016183047770e+00 6.169384016183047770e+00
1.232665599999999972e-01 3.726737439893477699e+01 6.104701008152224162e+00 6.104701008152224162e+00
1.294666200000000045e-01 3.647932429715922353e+01 6.039811611065300845e+00 6.039811611065300845e+00
1.356670899999999902e-01 3.570121562515954139e+01 5.975049424495126438e+00 5.975049424495126438e+00
1.418671499999999974e-01 3.493690528197939926e+01 5.910744900770071197e+00 5.910744900770071197e+00
1.480676200000000109e-01 3.418964821597417370e+01 5.847191481042345096e+00 5.847191481042345096e+00
1.542676799999999904e-01 3.346247350294309086e+01 5.784675747433307258e+00 5.784675747433307258e+00
1.604681500000000038e-01 3.275777007867155532e+01 5.723440405793665420e+00 5.723440405793665420e+00
1.666682100000000111e-01 3.207765837084953375e+01 5.663714185130595880e+00 5.663714185130595880e+00
1.728686799999999968e-01 3.142361349672401616e+01 5.605676899066161845e+00 5.605676899066161845e+00
1.790687400000000040e-01 3.079682749300300415e+01 5.549488939803646659e+00 5.549488939803646659e+00
1.852688100000000060e-01 3.019791162922718541e+01 5.495262653343075954e+00 5.495262653343075954e+00
1.914692699999999970e-01 2.962705624884812750e+01 5.443074154266881237e+00 5.443074154266881237e+00
1.976693399999999989e-01 2.908414893718765271e+01 5.392972180271993210e+00 5.392972180271993210e+00
2.038697999999999899e-01 2.856855769117094113e+01 5.344956285244149896e+00 5.344956285244149896e+00
2.100698699999999919e-01 2.807943832240058057e+01 5.299003521644477743e+00 5.299003521644477743e+00
2.162703400000000054e-01 2.761551209174947275e+01 5.255046345347438752e+00 5.255046345347438752e+00
2.224704000000000126e-01 2.717535702498956596e+01 5.212998851427991909e+00 5.212998851427991909e+00
2.286704599999999921e-01 2.675723641019478904e+01 5.172739739267266934e+00 5.172739739267266934e+00
2.348709300000000055e-01 2.635924114006641616e+01 5.134125158200412820e+00 5.134125158200412820e+00
2.410709900000000128e-01 2.597940700872192465e+01 5.096999804661750844e+00 5.096999804661750844e+00
2.472714599999999985e-01 2.561557775363662159e+01 5.061183434102800582e+00 5.061183434102800582e+00
2.534715200000000057e-01 2.526564959307944136e+01 5.026494762066249677e+00 5.026494762066249677e+00
2.596719900000000192e-01 2.492741893946429244e+01 4.992736618275021243e+00 4.992736618275021243e+00
2.658720500000000264e-01 2.459880627186465318e+01 4.959718366184177718e+00 4.959718366184177718e+00
2.720725199999999844e-01 2.427771135237905753e+01 4.927241759075664973e+00 4.927241759075664973e+00
2.782725799999999916e-01 2.396221875623034236e+01 4.895121934766318184e+00 4.895121934766318184e+00
2.844726399999999988e-01 2.365047491214687270e+01 4.863175393932124280e+00 4.863175393932124280e+00
2.906731100000000123e-01 2.334077557365183608e+01 4.831229199039499100e+00 4.831229199039499100e+00
2.968731700000000195e-01 2.303164430947369823e+01 4.799129536642420923e+00 4.799129536642420923e+00
3.030736399999999775e-01 2.272170290362572231e+01 4.766728742400360375e+00 4.766728742400360375e+00
3.092736999999999847e-01 2.240984450124598482e+01 4.733903727500801573e+00 4.733903727500801573e+00
3.154741699999999982e-01 2.209507414082067100e+01 4.700539771219967911e+00 4.700539771219967911e+00
3.216742300000000054e-01 2.177667472074042365e+01 4.666548480487524131e+00 4.666548480487524131e+00
3.278747000000000189e-01 2.145403706354612439e+01 4.631850285096240860e+00 4.631850285096240860e+00
3.340747600000000261e-01 2.112682179654477821e+01 4.596392258776961448e+00 4.596392258776961448e+00
3.402752299999999841e-01 2.079477866892901972e+01 4.560129238182731193e+00 4.560129238182731193e+00
3.464752899999999913e-01 2.045790711418076668e+01 4.523041798854037232e+00 4.523041798854037232e+00
3.526753499999999986e-01 2.011628848332036412e+01 4.485118558446405501e+00 4.485118558446405501e+00
3.588758200000000120e-01 1.977013392946720671e+01 4.446361875676248410e+00 4.446361875676248410e+00
3.650758800000000193e-01 1.941983667837509486e+01 4.406794376684155523e+00 4.406794376684155523e+00
3.712763499999999772e-01 1.906579264175977073e+01 4.366439355099275055e+00 4.366439355099275055e+00
3.774764199999999792e-01 1.870856633480518738e+01 4.325340025339648342e+00 4.325340025339648342e+00
3.836768799999999979e-01 1.834868824925596442e+01 4.283536885478630651e+00 4.283536885478630651e+00
3.898769499999999999e-01 1.798681963422620100e+01 4.241087081660337432e+00 4.241087081660337432e+00
3.960770100000000071e-01 1.762357795949002082e+01 4.198044539960244848e+00 4.198044539960244848e+00
4.022774800000000206e-01 1.725958643230874401e+01 4.154465841995664377e+00 4.154465841995664377e+00
4.084763100000000091e-01 1.689560835716812903e+01 4.110426785282537132e+00 4.110426785282537132e+00
4.146780099999999858e-01 1.653200567416907418e+01 4.065956919861433150e+00 4.065956919861433150e+00
4.208797000000000232e-01 1.616954872876181071e+01 4.021137740585593257e+00 4.021137740585593257e+00
4.270773099999999878e-01 1.580904150987780987e+01 3.976058539543628090e+00 3.976058539543628090e+00
4.332790100000000200e-01 1.545053771917636176e+01 3.930717201628267876e+00 3.930717201628267876e+00
4.394807000000000019e-01 1.509476343323087555e+01 3.885197991509683035e+00 3.885197991509683035e+00
4.456783100000000220e-01 1.474239177092323594e+01 3.839582239114463391e+00 3.839582239114463391e+00
4.518800000000000039e-01 1.439335700398193296e+01 3.793857799652213370e+00 3.793857799652213370e+00
4.580776200000000187e-01 1.404847227151125111e+01 3.748129169533949145e+00 3.748129169533949145e+00
4.642793100000000006e-01 1.370759783379737407e+01 3.702377321910528263e+00 3.702377321910528263e+00
4.704809999999999826e-01 1.337123605486569922e+01 3.656670077388127993e+00 3.656670077388127993e+00
4.766786199999999973e-01 1.303984182214509602e+01 3.611072115334322152e+00 3.611072115334322152e+00
4.828803099999999793e-01 1.271318638560984660e+01 3.565555550767628645e+00 3.565555550767628645e+00
4.890820000000000167e-01 1.239166679582606534e+01 3.520179937989827312e+00 3.520179937989827312e+00
4.952796199999999760e-01 1.207564120471247016e+01 3.475002331612522699e+00 3.475002331612522699e+00
5.014813099999999579e-01 1.176482445644372277e+01 3.429988987802107037e+00 3.429988987802107037e+00
5.076829999999999954e-01 1.145953610564823855e+01 3.385193658514714876e+00 3.385193658514714876e+00
5.138806200000000102e-01 1.116006374829242986e+01 3.340668158960483858e+00 3.340668158960483858e+00
5.200823100000000476e-01 1.086609113317571662e+01 3.296375453915363352e+00 3.296375453915363352e+00
5.262839999999999741e-01 1.057787958545119267e+01 3.252365229406315006e+00 3.252365229406315006e+00
5.324816199999999888e-01 1.029566197927025151e+01 3.208685397366069392e+00 3.208685397366069392e+00
5.386833100000000263e-01 1.001910437775677920e+01 3.165296886195160475e+00 3.165296886195160475e+00
5.448849999999999527e-01 9.748418462434003118e+00 3.122245740237946432e+00 3.122245740237946432e+00
5.510826199999999675e-01 9.483788439443328500e+00 3.079576016181988507e+00 3.079576016181988507e+00
5.572843100000000049e-01 9.224867181024714924e+00 3.037246644746638857e+00 3.037246644746638857e+00
5.634819300000000197e-01 8.971983250662679765e+00 2.995326902136506320e+00 2.995326902136506320e+00
5.696836199999999462e-01 8.724781745408080269e+00 2.953774152742230097e+00 2.953774152742230097e+00
5.758853099999999836e-01 8.483396808361545638e+00 2.912627131707995698e+00 2.912627131707995698e+00
5.820829299999999984e-01 8.247936831763643895e+00 2.871922149321538331e+00 2.871922149321538331e+00
5.882846200000000358e-01 8.018038516825667372e+00 2.831614118630161769e+00 2.831614118630161769e+00
5.944863099999999623e-01 7.793795556403261493e+00 2.791737014190853294e+00 2.791737014190853294e+00
6.006839200000000378e-01 7.575279554190612608e+00 2.752322574516041787e+00 2.752322574516041787e+00
6.068856200000000145e-01 7.362125761406347557e+00 2.713323747989971668e+00 2.713323747989971668e+00
6.130873100000000520e-01 7.154398863045305923e+00 2.674770805703790888e+00 2.674770805703790888e+00
6.192849200000000165e-01 6.952144707211632912e+00 2.636692000824448545e+00 2.636692000824448545e+00
6.254866199999999932e-01 6.755009374185684479e+00 2.599040087067855165e+00 2.599040087067855165e+00
6.316883100000000306e-01 6.563040182693207214e+00 2.561843122186291843e+00 2.561843122186291843e+00
6.378859199999999952e-01 6.376270190992782361e+00 2.525127757360562164e+00 2.525127757360562164e+00
6.440876100000000326e-01 6.194366848332624187e+00 2.488848498469246717e+00 2.488848498469246717e+00
6.502852300000000474e-01 6.017484582972692841e+00 2.453056171997023860e+00 2.453056171997023860e+00
6.564869199999999738e-01 5.845308741315349721e+00 2.417707331608883958e+00 2.417707331608883958e+00
6.626886100000000113e-01 5.677877237577269476e+00 2.382829670282219148e+00 2.382829670282219148e+00
6.688862300000000261e-01 5.515217951867676938e+00 2.348450116963883172e+00 2.348450116963883172e+00
6.750879199999999525e-01 5.357041916426869221e+00 2.314528443641786115e+00 2.314528443641786115e+00
6.812896099999999899e-01 5.203383564688375706e+00 2.281092625188283485e+00 2.281092625188283485e+00
6.874872300000000047e-01 5.054266165829593760e+00 2.248169514478299824e+00 2.248169514478299824e+00
6.936889200000000422e-01 4.909420494500776222e+00 2.215721213172085147e+00 2.215721213172085147e+00
6.998906099999999686e-01 4.768871355904128251e+00 2.183774566182170584e+00 2.183774566182170584e+00
7.060882299999999834e-01 4.632630162035617616e+00 2.152354562342277511e+00 2.152354562342277511e+00
7.122899200000000208e-01 4.500438304107162502e+00 2.121423650312959541e+00 2.121423650312959541e+00
7.184916099999999473e-01 4.372303107998100735e+00 2.091005286458669232e+00 2.091005286458669232e+00
7.246892299999999620e-01 4.248216829352502444e+00 2.061120285027659982e+00 2.061120285027659982e+00
7.308909199999999995e-01 4.127923752580695549e+00 2.031729251790379553e+00 2.031729251790379553e+00
7.370885400000000143e-01 4.011484100939616049e+00 2.002868967491287400e+00 2.002868967491287400e+00
7.432902300000000517e-01 3.898642256003890250e+00 1.974497975689995632e+00 1.974497975689995632e+00
7.494919199999999782e-01 3.789368572206401886e+00 1.946630055302342788e+00 1.946630055302342788e+00
7.556895399999999929e-01 3.683620030154885150e+00 1.919275912982519872e+00 1.919275912982519872e+00
7.618912300000000304e-01 3.581143243979134194e+00 1.892390880336072057e+00 1.892390880336072057e+00
7.680929199999999568e-01 3.481892025161430482e+00 1.865982857681557139e+00 1.865982857681557139e+00
7.742905300000000324e-01 3.385810828140517703e+00 1.840057289363708382e+00 1.840057289363708382e+00
7.804922300000000090e-01 3.292655472722683996e+00 1.814567571826049219e+00 1.814567571826049219e+00
7.866939200000000465e-01 3.202374434642032419e+00 1.789517933590505372e+00 1.789517933590505372e+00
7.928915300000000110e-01 3.114910965392141406e+00 1.764911036112625453e+00 1.764911036112625453e+00
7.990932299999999877e-01 3.030040556571095944e+00 1.740701168084601402e+00 1.740701168084601402e+00
8.052949200000000252e-01 2.947717797167955123e+00 1.716891900256960035e+00 1.716891900256960035e+00
8.114925299999999897e-01 2.867896206701995965e+00 1.693486405821433172e+00 1.693486405821433172e+00
8.176942200000000271e-01 2.790379420988737813e+00 1.670442881689983894e+00 1.670442881689983894e+00
8.238959200000000038e-01 2.715136632093865465e+00 1.647767165619543839e+00 1.647767165619543839e+00
8.300935299999999684e-01 2.642138938062386533e+00 1.625465760347595490e+00 1.625465760347595490e+00
8.362952200000000058e-01 2.571221178520998851e+00 1.603502784070236276e+00 1.603502784070236276e+00
8.424928400000000206e-01 2.502414949793947851e+00 1.581902319928113698e+00 1.581902319928113698e+00
8.486945299999999470e-01 2.435574992111017689e+00 1.560632881913942560e+00 1.560632881913942560e+00
8.548962199999999845e-01 2.370698312641190686e+00 1.539707216532153033e+00 1.539707216532153033e+00
8.610938399999999993e-01 2.307781948200350541e+00 1.519138554642186278e+00 1.519138554642186278e+00
8.672955300000000367e-01 2.246703801488774577e+00 1.498900864463282190e+00 1.498900864463282190e+00
8.734972199999999631e-01 2.187469407023838741e+00 1.479009603425156527e+00 1.479009603425156527e+00
8.796948399999999779e-01 2.130081397127027376e+00 1.459479837862458274e+00 1.459479837862458274e+00
8.858965300000000154e-01 2.074430763920934950e+00 1.440288430808542852e+00 1.440288430808542852e+00
8.920982200000000528e-01 2.020521884849190819e+00 1.421450626947412088e+00 1.421450626947412088e+00
8.982958399999999566e-01 1.968353361896534093e+00 1.402980171597779213e+00 1.402980171597779213e+00
9.044975299999999940e-01 1.917819570181442002e+00 1.384853627709961899e+00 1.384853627709961899e+00
9.106992200000000315e-01 1.868915533811958296e+00 1.367082855503629846e+00 1.367082855503629846e+00
9.168968400000000463e-01 1.821628890262489309e+00 1.349677328202000037e+00 1.349677328202000037e+00
9.230985299999999727e-01 1.775851299869198652e+00 1.332610708297512714e+00 1.332610708297512714e+00
9.292961499999999875e-01 1.731593277555452559e+00 1.315900177656136760e+00 1.315900177656136760e+00
9.354978400000000249e-01 1.688743876425467860e+00 1.299516785742095726e+00 1.299516785742095726e+00
9.416995299999999514e-01 1.647276958691210158e+00 1.283462877800215285e+00 1.283462877800215285e+00
9.478971499999999661e-01 1.607160458125680425e+00 1.267738323995011296e+00 1.267738323995011296e+00
9.540988400000000036e-01 1.568282102467333905e+00 1.252310705243444788e+00 1.252310705243444788e+00
9.603005300000000410e-01 1.530608205371453590e+00 1.237177515707205799e+00 1.237177515707205799e+00
9.664981400000000056e-01 1.494101985253472042e+00 1.222334645362501471e+00 1.222334645362501471e+00
9.726998399999999823e-01 1.458655791536960900e+00 1.207748231850066079e+00 1.207748231850066079e+00
9.789015300000000197e-01 1.424236341370402892e+00 1.193413734364743739e+00 1.193413734364743739e+00
9.850991399999999842e-01 1.390810062632714228e+00 1.179326105296034877e+00 1.179326105296034877e+00
9.913008399999999609e-01 1.358281042057460697e+00 1.165453148804129535e+00 1.165453148804129535e+00
9.975025299999999984e-01 1.326623788032353257e+00 1.151791555808755474e+00 1.151791555808755474e+00
1.003700100000000095e+00 1.295815009997944856e+00 1.138338706184562898e+00 1.138338706184562898e+00
1.009901799999999961e+00 1.265775073292639608e+00 1.125066697264050841e+00 1.125066697264050841e+00
1.016099499999999933e+00 1.236509769514405166e+00 1.111984608488087556e+00 1.111984608488087556e+00
1.022301099999999963e+00 1.207953130733431912e+00 1.099069211075186070e+00 1.099069211075186070e+00
1.028502800000000050e+00 1.180099549779960899e+00 1.086323869653963214e+00 1.086323869653963214e+00
1.034700500000000023e+00 1.152947530262934173e+00 1.073753943072124128e+00 1.073753943072124128e+00
1.040902100000000052e+00 1.126447289792287476e+00 1.061342211443739414e+00 1.061342211443739414e+00
1.047103799999999918e+00 1.100604103717542692e+00 1.049096803787687993e+00 1.049096803787687993e+00
1.053301400000000054e+00 1.075426147471829630e+00 1.037027553863362650e+00 1.037027553863362650e+00
1.059503099999999920e+00 1.050873623610253826e+00 1.025121272635708181e+00 1.025121272635708181e+00
1.065704800000000008e+00 1.026958399370422992e+00 1.013389559532968054e+00 1.013389559532968054e+00
1.071902399999999922e+00 1.003691416833045746e+00 1.001844008233340633e+00 1.001844008233340633e+00
1.078104100000000010e+00 9.810377196484277862e-01 9.904734825569172507e-01 9.904734825569172507e-01
1.084305800000000097e+00 9.590081666018598350e-01 9.792896234525615418e-01 9.792896234525615418e-01
1.090503400000000012e+00 9.376108451289331125e-01 9.683030750384576946e-01 9.683030750384576946e-01
1.096705100000000099e+00 9.168100060599515544e-01 9.575019613869997226e-01 9.575019613869997226e-01
1.102906799999999965e+00 8.966106459976156406e-01 9.468952666465365597e-01 9.468952666465365597e-01
1.109104400000000101e+00 8.770140330342293122e-01 9.364902738599206744e-01 9.364902738599206744e-01
1.115306099999999967e+00 8.579805046886272990e-01 9.262723706818785097e-01 9.262723706818785097e-01
1.121503799999999940e+00 8.395190007242913088e-01 9.162526947978332226e-01 9.162526947978332226e-01
1.127705399999999969e+00 8.215879526446666636e-01 9.064148899067505649e-01 9.064148899067505649e-01
1.133907100000000057e+00 8.041790055173059226e-01 8.967602831957411924e-01 8.967602831957411924e-01
1.140104800000000029e+00 7.872818168631582347e-01 8.872890266779805968e-01 8.872890266779805968e-01
1.146306400000000059e+00 7.708523430381695185e-01 8.779819719323225247e-01 8.779819719323225247e-01
1.152508099999999924e+00 7.548779303846349098e-01 8.688371138393173876e-01 8.688371138393173876e-01
1.158705799999999897e+00 7.393453303084335237e-01 8.598519234777773912e-01 8.598519234777773912e-01
1.164907399999999926e+00 7.242115875142534076e-01 8.510062206084356706e-01 8.510062206084356706e-01
1.171109100000000014e+00 7.094639161210567480e-01 8.422968099910249640e-01 8.422968099910249640e-01
1.177306799999999987e+00 6.950903818703205728e-01 8.337208057079543710e-01 8.337208057079543710e-01
1.183508400000000016e+00 6.810527981006496701e-01 8.252592308484950623e-01 8.252592308484950623e-01
1.189710100000000104e+00 6.673420113157351174e-01 8.169100386919817547e-01 8.169100386919817547e-01
1.195907800000000076e+00 6.539506997321233861e-01 8.086721831076689737e-01 8.086721831076689737e-01
1.202109400000000106e+00 6.408478338382970207e-01 8.005297207713758523e-01 8.005297207713758523e-01
1.208307100000000078e+00 6.280381416530219640e-01 7.924885750930558137e-01 7.924885750930558137e-01
1.214508799999999944e+00 6.154957036903311307e-01 7.845353425374353984e-01 7.845353425374353984e-01
1.220710399999999973e+00 6.032215309713552243e-01 7.766733747022329659e-01 7.766733747022329659e-01
1.226908099999999946e+00 5.912172355703592119e-01 7.689065193964472744e-01 7.689065193964472744e-01
1.233109800000000034e+00 5.794635216728678540e-01 7.612250138249976317e-01 7.612250138249976317e-01
1.239311400000000063e+00 5.679657753236091455e-01 7.536350411993919529e-01 7.536350411993919529e-01
1.245509100000000036e+00 5.567292298559172181e-01 7.461429017660874408e-01 7.461429017660874408e-01
1.251710799999999901e+00 5.457387366380093141e-01 7.387413191625397113e-01 7.387413191625397113e-01
1.257912399999999931e+00 5.350013709489128688e-01 7.314378790771728367e-01 7.314378790771728367e-01
1.264110099999999903e+00 5.245231211597315424e-01 7.242396848832101108e-01 7.242396848832101108e-01
1.270311799999999991e+00 5.142900787081542413e-01 7.171402085423422834e-01 7.171402085423422834e-01
1.276513400000000020e+00 5.043082162972046811e-01 7.101466160569975816e-01 7.101466160569975816e-01
1.282711099999999993e+00 4.945816923394215636e-01 7.032650228323754638e-01 7.032650228323754638e-01
1.288912700000000022e+00 4.850956988975902995e-01 6.964881182745261690e-01 6.964881182745261690e-01
1.295110399999999995e+00 4.758586432478738026e-01 6.898250816314769329e-01 6.898250816314769329e-01
1.301312100000000083e+00 4.668542173438839926e-01 6.832673103141141402e-01 6.832673103141141402e-01
1.307513699999999890e+00 4.580830461419655997e-01 6.768183258024014215e-01 6.768183258024014215e-01
1.313711400000000085e+00 4.495437729732665866e-01 6.704802554686204452e-01 6.704802554686204452e-01
1.319913099999999950e+00 4.412181486084675308e-01 6.642425374879777911e-01 6.642425374879777911e-01
1.326114699999999980e+00 4.331037886523119718e-01 6.581062138077043988e-01 6.581062138077043988e-01
1.332312399999999952e+00 4.251968180204008241e-01 6.520711755785566499e-01 6.520711755785566499e-01
1.338514100000000040e+00 4.174781464136543829e-01 6.461254881318755361e-01 6.461254881318755361e-01
1.344715700000000069e+00 4.099438710257593543e-01 6.402685928778323321e-01 6.402685928778323321e-01
1.350913400000000042e+00 4.025892822659407622e-01 6.344992374037503602e-01 6.344992374037503602e-01
1.357115099999999908e+00 3.953960802510175232e-01 6.288052800756507299e-01 6.288052800756507299e-01
1.363316699999999937e+00 3.883606469659471316e-01 6.231858847614788477e-01 6.231858847614788477e-01
1.369514399999999910e+00 3.814791747839119673e-01 6.176400041965480758e-01 6.176400041965480758e-01
1.375716099999999997e+00 3.747356076273719583e-01 6.121565221635492104e-01 6.121565221635492104e-01
1.381913699999999912e+00 3.681322450597256934e-01 6.067390254959093010e-01 6.067390254959093010e-01
1.388115399999999999e+00 3.616546777639585986e-01 6.013773173008428730e-01 6.013773173008428730e-01
1.394317100000000087e+00 3.553025067728424746e-01 5.960725683780813133e-01 5.960725683780813133e-01
1.400514700000000001e+00 3.490758561482520950e-01 5.908264179505280378e-01 5.908264179505280378e-01
1.406716400000000089e+00 3.429633493463873917e-01 5.856307278024159846e-01 5.856307278024159846e-01
1.412918099999999955e+00 3.369667540513386905e-01 5.804883754661575024e-01 5.804883754661575024e-01
1.419115700000000091e+00 3.310881889200043560e-01 5.754026320064971056e-01 5.754026320064971056e-01
1.425317399999999957e+00 3.253186942937227322e-01 5.703671574466071537e-01 5.703671574466071537e-01
1.431519100000000044e+00 3.196614451738304941e-01 5.653861027420381546e-01 5.653861027420381546e-01
1.437716699999999959e+00 3.141196250888266817e-01 5.604637589432760469e-01 5.604637589432760469e-01
1.443918400000000046e+00 3.086856366317606293e-01 5.555948493567598456e-01 5.555948493567598456e-01
1.450120099999999912e+00 3.033629785492680253e-01 5.507839672224201788e-01 5.507839672224201788e-01
1.456317700000000048e+00 2.981548066838155542e-01 5.460355360998179197e-01 5.460355360998179197e-01
1.462519399999999914e+00 2.930538334291928892e-01 5.413444683648230837e-01 5.413444683648230837e-01
1.468721100000000002e+00 2.880629217400961783e-01 5.367149352683379115e-01 5.367149352683379115e-01
1.474918699999999916e+00 2.831843624257391334e-01 5.321506952224521747e-01 5.321506952224521747e-01
1.481120400000000004e+00 2.784104798684906013e-01 5.276461691972098578e-01 5.276461691972098578e-01
1.487317999999999918e+00 2.737460267936379643e-01 5.232074414547617236e-01 5.232074414547617236e-01
1.493519700000000006e+00 2.691829305507319470e-01 5.188284211092641929e-01 5.188284211092641929e-01
1.499721400000000093e+00 2.647220857964375229e-01 5.145115021031478886e-01 5.145115021031478886e-01
1.505919000000000008e+00 2.603638247310932075e-01 5.102585861414712376e-01 5.102585861414712376e-01
1.512120700000000095e+00 2.560996146574758270e-01 5.060628564293924159e-01 5.060628564293924159e-01
1.518322399999999961e+00 2.519294062627079889e-01 5.019256979501128813e-01 5.019256979501128813e-01
1.524520000000000097e+00 2.478527617159931584e-01 4.978481311765598494e-01 4.978481311765598494e-01
1.530721699999999963e+00 2.438611027413628562e-01 4.938229467545659501e-01 4.938229467545659501e-01
1.536923400000000051e+00 2.399539471099444987e-01 4.898509437675347411e-01 4.898509437675347411e-01
1.543120999999999965e+00 2.361306212357420498e-01 4.859327332416926715e-01 4.859327332416926715e-01
1.549322700000000053e+00 2.323829724307808486e-01 4.820611708391175365e-01 4.820611708391175365e-01
1.555524399999999918e+00 2.287105829392906131e-01 4.782369527120323149e-01 4.782369527120323149e-01
1.561722000000000055e+00 2.251129905901531891e-01 4.744607366159535045e-01 4.744607366159535045e-01
1.567923699999999920e+00 2.215827962117398742e-01 4.707258185098198711e-01 4.707258185098198711e-01
1.574121300000000057e+00 2.181222225751481281e-01 4.670355688543947892e-01 4.670355688543947892e-01
1.580322999999999922e+00 2.147244415308791066e-01 4.633836871652681766e-01 4.633836871652681766e-01
1.586524700000000010e+00 2.113897090373060006e-01 4.597713660476324127e-01 4.597713660476324127e-01
1.592722299999999924e+00 2.081183006238353506e-01 4.561998472422315043e-01 4.561998472422315043e-01
1.598924000000000012e+00 2.049041926403548097e-01 4.526634430129682918e-01 4.526634430129682918e-01
1.605125700000000100e+00 2.017480283866274759e-01 4.491636988745055237e-01 4.491636988745055237e-01
1.611323300000000014e+00 1.986504339379489281e-01 4.457021807641835531e-01 4.457021807641835531e-01
1.617525000000000102e+00 1.956060235478475351e-01 4.422736975537291948e-01 4.422736975537291948e-01
1.623726699999999967e+00 1.926156751255226063e-01 4.388800236118324261e-01 4.388800236118324261e-01
1.629924300000000104e+00 1.896802053807133959e-01 4.355229102822414933e-01 4.355229102822414933e-01
1.636125999999999969e+00 1.867946913389335606e-01 4.321975142674163717e-01 4.321975142674163717e-01
1.642327700000000057e+00 1.839601107899615229e-01 4.289057131701110026e-01 4.289057131701110026e-01
1.648525299999999971e+00 1.811773580949968820e-01 4.256493370075852267e-01 4.256493370075852267e-01
1.654727000000000059e+00 1.784418693897735775e-01 4.224238030577509573e-01 4.224238030577509573e-01
1.660924599999999973e+00 1.757564271415898438e-01 4.192331417500169688e-01 4.192331417500169688e-01
1.667126300000000061e+00 1.731166911081815918e-01 4.160729396490254750e-01 4.160729396490254750e-01
1.673327999999999927e+00 1.705237165355076578e-01 4.129451737646386844e-01 4.129451737646386844e-01
1.679525600000000063e+00 1.679784879772439066e-01 4.098517878175522711e-01 4.098517878175522711e-01
1.685727299999999929e+00 1.654770089456865378e-01 4.067886539048090611e-01 4.067886539048090611e-01
1.691929000000000016e+00 1.630204042812783416e-01 4.037578535227250853e-01 4.037578535227250853e-01
1.698126599999999931e+00 1.606097331937601236e-01 4.007614417502763371e-01 4.007614417502763371e-01
1.704328300000000018e+00 1.582413335046277958e-01 3.977955926158908695e-01 3.977955926158908695e-01
1.710530000000000106e+00 1.559163816192934982e-01 3.948624844414742596e-01 3.948624844414742596e-01
1.716727600000000020e+00 1.536359675161995397e-01 3.919642426500146160e-01 3.919642426500146160e-01
1.722929300000000108e+00 1.513966837418749545e-01 3.890972677131965818e-01 3.890972677131965818e-01
1.729130999999999974e+00 1.491996596109100570e-01 3.862637176993330423e-01 3.862637176993330423e-01
1.735328600000000110e+00 1.470458909141546255e-01 3.834656319856508677e-01 3.834656319856508677e-01
1.741530299999999976e+00 1.449320714708465518e-01 3.806994503159238374e-01 3.806994503159238374e-01
1.747732000000000063e+00 1.428591220955122421e-01 3.779670912864137589e-01 3.779670912864137589e-01
1.753929599999999978e+00 1.408277765122677994e-01 3.752702712875985447e-01 3.752702712875985447e-01
1.760131300000000065e+00 1.388346557544161697e-01 3.726052277604491314e-01 3.726052277604491314e-01
1.766328899999999980e+00 1.368815978477290751e-01 3.699751313909207528e-01 3.699751313909207528e-01
1.772530600000000067e+00 1.349651065332773403e-01 3.673759743549887546e-01 3.673759743549887546e-01
1.778732299999999933e+00 1.330854575261089523e-01 3.648087958453153368e-01 3.648087958453153368e-01
1.784929900000000069e+00 1.312427165923961414e-01 3.622743664577941503e-01 3.622743664577941503e-01
1.791131599999999935e+00 1.294332016015322384e-01 3.597682609702143042e-01 3.597682609702143042e-01
1.797333300000000023e+00 1.276568113277183059e-01 3.572909337328870616e-01 3.572909337328870616e-01
1.803530899999999937e+00 1.259132909995310523e-01 3.548426284982274526e-01 3.548426284982274526e-01
1.809732600000000025e+00 1.241988965161789915e-01 3.524186381509624155e-01 3.524186381509624155e-01
1.815934299999999890e+00 1.225133433364609808e-01 3.500190613901776882e-01 3.500190613901776882e-01
1.822131900000000027e+00 1.208562927312798324e-01 3.476439165745315307e-01 3.476439165745315307e-01
1.828333599999999892e+00 1.192241823720428667e-01 3.452885494366166319e-01 3.452885494366166319e-01
1.834535299999999980e+00 1.176168352794973726e-01 3.429531094471915953e-01 3.429531094471915953e-01
1.840732899999999894e+00 1.160341284115278815e-01 3.406378258671926562e-01 3.406378258671926562e-01
1.846934599999999982e+00 1.144729527817703318e-01 3.383385180285720106e-01 3.383385180285720106e-01
1.853132199999999896e+00 1.129345279030295468e-01 3.360573282983567722e-01 3.360573282983567722e-01
1.859333899999999984e+00 1.114161587020121025e-01 3.337905910926970976e-01 3.337905910926970976e-01
1.865535600000000072e+00 1.099184053178703796e-01 3.315394476044598582e-01 3.315394476044598582e-01
1.871733199999999986e+00 1.084419699769674506e-01 3.293052838582573583e-01 3.293052838582573583e-01
1.877934900000000074e+00 1.069848218686152569e-01 3.270853434023225370e-01 3.270853434023225370e-01
1.884136599999999939e+00 1.055480431235560068e-01 3.248815832323463937e-01 3.248815832323463937e-01
1.890334200000000076e+00 1.041328161492153098e-01 3.226961669267475186e-01 3.226961669267475186e-01
1.896535899999999941e+00 1.027376472664172646e-01 3.205271396721613986e-01 3.205271396721613986e-01
1.902737600000000029e+00 1.013639506725352163e-01 3.183770573903452750e-01 3.183770573903452750e-01
1.908935199999999943e+00 1.000131379432347839e-01 3.162485382467953299e-01 3.162485382467953299e-01
1.915136900000000031e+00 9.868396079027369483e-02 3.141400337274345422e-01 3.141400337274345422e-01
1.921338599999999897e+00 9.737783239407159230e-02 3.120542138700767576e-01 3.120542138700767576e-01
1.927536200000000033e+00 9.609603824520207560e-02 3.099936100070485034e-01 3.099936100070485034e-01
1.933737899999999899e+00 9.483722390506274524e-02 3.079565292457082104e-01 3.079565292457082104e-01
1.939935500000000035e+00 9.360325923265787329e-02 3.059464973368021257e-01 3.059464973368021257e-01
1.946137199999999901e+00 9.239255511389717068e-02 3.039614368861569549e-01 3.039614368861569549e-01
1.952338899999999988e+00 9.120579827085720237e-02 3.020029772549555624e-01 3.020029772549555624e-01
1.958536499999999902e+00 9.004342038835175255e-02 3.000723585876442501e-01 3.000723585876442501e-01
1.964738199999999990e+00 8.890336010076065054e-02 2.981666649723953566e-01 2.981666649723953566e-01
1.970939900000000078e+00 8.778568285381715963e-02 2.962864878016160386e-01 2.962864878016160386e-01
1.977137499999999992e+00 8.669022263607159551e-02 2.944320339841974277e-01 2.944320339841974277e-01
1.983339200000000080e+00 8.561449723176212112e-02 2.925995509766926017e-01 2.925995509766926017e-01
1.989540899999999946e+00 8.455808513926567349e-02 2.907887293883063551e-01 2.907887293883063551e-01
1.995738500000000082e+00 8.352042936153271369e-02 2.889990127345294368e-01 2.889990127345294368e-01
2.001940199999999948e+00 8.249887463303984259e-02 2.872261733077955959e-01 2.872261733077955959e-01
2.008141900000000035e+00 8.149282635244960160e-02 2.854694841002267114e-01 2.854694841002267114e-01
2.014339500000000172e+00 8.050168688007811046e-02 2.837281919021761856e-01 2.837281919021761856e-01
2.020541199999999815e+00 7.952297500185227797e-02 2.819981826215415266e-01 2.819981826215415266e-01
2.026742899999999903e+00 7.855629601392589978e-02 2.802789610618783289e-01 2.802789610618783289e-01
2.032940500000000039e+00 7.760137100261942089e-02 2.785702263391036104e-01 2.785702263391036104e-01
2.039142200000000127e+00 7.665620355134006303e-02 2.768685672866099678e-01 2.768685672866099678e-01
2.045339799999999819e+00 7.572150314408117311e-02 2.751754043225541624e-01 2.751754043225541624e-01
2.051541499999999907e+00 7.479569503469030156e-02 2.734880162542598359e-01 2.734880162542598359e-01
2.057743199999999995e+00 7.387926713644875354e-02 2.718074081706544631e-01 2.718074081706544631e-01
2.063940800000000131e+00 7.297288012445032890e-02 2.701349294786780098e-01 2.701349294786780098e-01
2.070142500000000219e+00 7.207558160442521789e-02 2.684689583628342424e-01 2.684689583628342424e-01
2.076344199999999862e+00 7.118838146973201220e-02 2.668115092527532095e-01 2.668115092527532095e-01
2.082541799999999999e+00 7.031239383941553789e-02 2.651648427665619923e-01 2.651648427665619923e-01
2.088743500000000086e+00 6.944709446479321868e-02 2.635281663594865598e-01 2.635281663594865598e-01
2.094945200000000174e+00 6.859376054717986060e-02 2.619041056325384642e-01 2.619041056325384642e-01
2.101142799999999866e+00 6.775365685118393821e-02 2.602953262184781180e-01 2.602953262184781180e-01
2.107344499999999954e+00 6.692636407621635475e-02 2.587013028112080115e-01 2.587013028112080115e-01
2.113546200000000042e+00 6.611307576179385748e-02 2.571246307956393529e-01 2.571246307956393529e-01
2.119743800000000178e+00 6.531485424763659731e-02 2.555677097123902897e-01 2.555677097123902897e-01
2.125945499999999821e+00 6.453105760699394400e-02 2.540296392293504568e-01 2.540296392293504568e-01
2.132143099999999958e+00 6.376298694562472502e-02 2.525133401339911821e-01 2.525133401339911821e-01
2.138344800000000046e+00 6.300972422945719242e-02 2.510173783415347581e-01 2.510173783415347581e-01
2.144546500000000133e+00 6.227170397098611559e-02 2.495429902261053490e-01 2.495429902261053490e-01
2.150744099999999825e+00 6.154914157237429545e-02 2.480909945410640915e-01 2.480909945410640915e-01
2.156945799999999913e+00 6.084065022220649932e-02 2.466589755557387076e-01 2.466589755557387076e-01
2.163147500000000001e+00 6.014612172684402625e-02 2.452470626263320297e-01 2.452470626263320297e-01
2.169345100000000137e+00 5.946527103581483731e-02 2.438550205261618975e-01 2.438550205261618975e-01
2.175546799999999781e+00 5.879635216520836399e-02 2.424795912344137050e-01 2.424795912344137050e-01
2.181748499999999868e+00 5.813889016608297933e-02 2.411200741665508462e-01 2.411200741665508462e-01
2.187946100000000005e+00 5.749232930995378660e-02 2.397755811377667856e-01 2.397755811377667856e-01
2.194147800000000093e+00 5.685481905014376502e-02 2.384424858328392793e-01 2.384424858328392793e-01
2.200349500000000180e+00 5.622581463991320472e-02 2.371198318148720341e-01 2.371198318148720341e-01
2.206547099999999872e+00 5.560480237437362416e-02 2.358067055330989314e-01 2.358067055330989314e-01
2.212748799999999960e+00 5.499012336373011733e-02 2.344997299864759188e-01 2.344997299864759188e-01
2.218946400000000096e+00 5.438186499751369862e-02 2.331991959624082900e-01 2.331991959624082900e-01
2.225148100000000184e+00 5.377862930612477277e-02 2.319021977173238713e-01 2.319021977173238713e-01
2.231349799999999828e+00 5.318037550296576127e-02 2.306087064769362927e-01 2.306087064769362927e-01
2.237547399999999964e+00 5.258720684220821728e-02 2.293190067181702652e-01 2.293190067181702652e-01
2.243749100000000052e+00 5.199821052977129238e-02 2.280311613130347748e-01 2.280311613130347748e-01
2.249950800000000140e+00 5.141380751148161288e-02 2.267461300915224187e-01 2.267461300915224187e-01
2.256148399999999832e+00 5.083455057175376851e-02 2.254651870505816336e-01 2.254651870505816336e-01
2.262350099999999919e+00 5.025997187997877785e-02 2.241873588764067282e-01 2.241873588764067282e-01
2.268551800000000007e+00 4.969086103070385202e-02 2.229144702138105838e-01 2.229144702138105838e-01
2.274749400000000144e+00 4.912807381742671092e-02 2.216485366913725219e-01 2.216485366913725219e-01
2.280951099999999787e+00 4.857140374953054784e-02 2.203892096939651657e-01 2.203892096939651657e-01
2.287152799999999875e+00 4.802178721777421860e-02 2.191387396554388689e-01 2.191387396554388689e-01
2.293350400000000011e+00 4.748013634254754506e-02 2.178993720563406067e-01 2.178993720563406067e-01
2.299552100000000099e+00 4.694625695227545858e-02 2.166708493366734933e-01 2.166708493366734933e-01
2.305749699999999791e+00 4.642131777575551899e-02 2.154560692478991735e-01 2.154560692478991735e-01
2.311951399999999879e+00 4.590500606251107091e-02 2.142545356871379536e-01 2.142545356871379536e-01
2.318153099999999966e+00 4.539795456497836695e-02 2.130679576214555282e-01 2.130679576214555282e-01
2.324350700000000103e+00 4.490065925444671618e-02 2.118977566055070816e-01 2.118977566055070816e-01
2.330552400000000191e+00 4.441251210439677022e-02 2.107427628754941773e-01 2.107427628754941773e-01
2.336754099999999834e+00 4.393377277669678616e-02 2.096038472373462636e-01 2.096038472373462636e-01
2.342951699999999970e+00 4.346455687705194637e-02 2.084815504476401904e-01 2.084815504476401904e-01
2.349153400000000058e+00 4.300394074348604795e-02 2.073739152918853690e-01 2.073739152918853690e-01
2.355355100000000146e+00 4.255183622880808619e-02 2.062809642909594343e-01 2.062809642909594343e-01
2.361552699999999838e+00 4.210805064417773996e-02 2.052024625685026638e-01 2.052024625685026638e-01
2.367754399999999926e+00 4.167145061132478123e-02 2.041358631189649220e-01 2.041358631189649220e-01
2.373956100000000013e+00 4.124174438347362470e-02 2.030806351759655570e-01 2.030806351759655570e-01
2.380153700000000150e+00 4.081860293214627233e-02 2.020361426382573655e-01 2.020361426382573655e-01
2.386355399999999793e+00 4.040086296588030201e-02 2.009996591188161763e-01 2.009996591188161763e-01
2.392557099999999881e+00 3.998822723269889606e-02 1.999705659158339532e-01 1.999705659158339532e-01
2.398754700000000017e+00 3.958042897076084060e-02 1.989483072829744958e-01 1.989483072829744958e-01
2.404956400000000105e+00 3.917645460860780249e-02 1.979304287081898039e-01 1.979304287081898039e-01
2.411153999999999797e+00 3.877643900220988787e-02 1.969173405320361614e-01 1.969173405320361614e-01
2.417355699999999885e+00 3.837953747756942674e-02 1.959069612789944292e-01 1.959069612789944292e-01
2.423557399999999973e+00 3.798579039656542478e-02 1.948994366245460075e-01 1.948994366245460075e-01
2.429755000000000109e+00 3.759532162767068031e-02 1.938951304898363925e-01 1.938951304898363925e-01
2.435956700000000197e+00 3.720757093199452553e-02 1.928926409482604465e-01 1.928926409482604465e-01
2.442158399999999840e+00 3.682283798913183609e-02 1.918927773240353962e-01 1.918927773240353962e-01
2.448355999999999977e+00 3.644148936423027840e-02 1.908965409959810511e-01 1.908965409959810511e-01
2.454557700000000064e+00 3.606319895626109578e-02 1.899031304540846621e-01 1.899031304540846621e-01
2.460759400000000152e+00 3.568844804708979496e-02 1.889138640944327263e-01 1.889138640944327263e-01
2.466956999999999844e+00 3.531774276151143643e-02 1.879301539442551350e-01 1.879301539442551350e-01
2.473158699999999932e+00 3.495087315234994552e-02 1.869515262102718067e-01 1.869515262102718067e-01
2.479360400000000020e+00 3.458836925955555142e-02 1.859794861256357790e-01 1.859794861256357790e-01
2.485558000000000156e+00 3.423073756472730378e-02 1.850155062818446550e-01 1.850155062818446550e-01
2.491759699999999800e+00 3.387775074483789783e-02 1.840590957949046758e-01 1.840590957949046758e-01
2.497957299999999936e+00 3.353008418801022711e-02 1.831122174733576524e-01 1.831122174733576524e-01
2.504159000000000024e+00 3.318744051186520161e-02 1.821742037497768307e-01 1.821742037497768307e-01
2.510360700000000111e+00 3.285016121899278496e-02 1.812461343559988447e-01 1.812461343559988447e-01
2.516558299999999804e+00 3.251851688025437365e-02 1.803289130457297884e-01 1.803289130457297884e-01
2.522759999999999891e+00 3.219206366890185050e-02 1.794214693644599901e-01 1.794214693644599901e-01
2.528961699999999979e+00 3.187096117939856171e-02 1.785243993951486918e-01 1.785243993951486918e-01
2.535159300000000115e+00 3.155530218077325783e-02 1.776381214175979106e-01 1.776381214175979106e-01
2.541361000000000203e+00 3.124450790043850276e-02 1.767611606106909983e-01 1.767611606106909983e-01
2.547562699999999847e+00 3.093858834755638249e-02 1.758936847858853236e-01 1.758936847858853236e-01
2.553760299999999983e+00 3.063751011988910880e-02 1.750357395502104563e-01 1.750357395502104563e-01
2.559962000000000071e+00 3.034062283004466606e-02 1.741855988020957757e-01 1.741855988020957757e-01
2.566163700000000158e+00 3.004786365834483802e-02 1.733431961697511625e-01 1.733431961697511625e-01
2.572361299999999851e+00 2.975915707139363542e-02 1.725084260881005194e-01 1.725084260881005194e-01
2.578562999999999938e+00 2.947386302508747322e-02 1.716795358366496604e-01 1.716795358366496604e-01
2.584760600000000075e+00 2.919211591786119442e-02 1.708570042985103898e-01 1.708570042985103898e-01
2.590962300000000162e+00 2.891332160928402825e-02 1.700391766896206525e-01 1.700391766896206525e-01
2.597163999999999806e+00 2.863747295837216697e-02 1.692261001098003537e-01 1.692261001098003537e-01
2.603361599999999942e+00 2.836458546406461084e-02 1.684178893825255541e-01 1.684178893825255541e-01
2.609563300000000030e+00 2.809416644457326737e-02 1.676131452021984714e-01 1.676131452021984714e-01
2.615765000000000118e+00 2.782629848145108317e-02 1.668121652681574807e-01 1.668121652681574807e-01
2.621962599999999810e+00 2.756108918695604829e-02 1.660153281686846116e-01 1.660153281686846116e-01
2.628164299999999898e+00 2.729815018206501256e-02 1.652215185200311964e-01 1.652215185200311964e-01
2.634365999999999985e+00 2.703764643195179229e-02 1.644312817925828729e-01 1.644312817925828729e-01
2.640563600000000122e+00 2.677975856491816853e-02 1.636452216379022939e-01 1.636452216379022939e-01
2.646765300000000209e+00 2.652417376663399745e-02 1.628624381698677570e-01 1.628624381698677570e-01
2.652966999999999853e+00 2.627110468054008260e-02 1.620836348325767340e-01 1.620836348325767340e-01
2.659164599999999989e+00 2.602076541046212041e-02 1.613095329187401727e-01 1.613095329187401727e-01
2.665366300000000077e+00 2.577287777769314212e-02 1.605393340514814082e-01 1.605393340514814082e-01
2.671568000000000165e+00 2.552766112421319192e-02 1.597737810913079370e-01 1.597737810913079370e-01
2.677765599999999857e+00 2.528532425361868993e-02 1.590135977003812318e-01 1.590135977003812318e-01
2.683967299999999945e+00 2.504558986001676271e-02 1.582579851382443226e-01 1.582579851382443226e-01
2.690164900000000081e+00 2.480881037999170535e-02 1.575081279807226398e-01 1.575081279807226398e-01
2.696366600000000169e+00 2.457469912323016412e-02 1.567631944151118839e-01 1.567631944151118839e-01
2.702568299999999812e+00 2.434343099746754183e-02 1.560238154816999123e-01 1.560238154816999123e-01
2.708765899999999949e+00 2.411516436068157979e-02 1.552905803990750067e-01 1.552905803990750067e-01
2.714967600000000036e+00 2.388959713004710356e-02 1.545625993895259898e-01 1.545625993895259898e-01
2.721169300000000124e+00 2.366687383928672145e-02 1.538404167937890143e-01 1.538404167937890143e-01
2.727366899999999816e+00 2.344712532428888663e-02 1.531245418745436904e-01 1.531245418745436904e-01
2.733568599999999904e+00 2.323004223752867664e-02 1.524140486881989387e-01 1.524140486881989387e-01
2.739770299999999992e+00 2.301574833484295105e-02 1.517094207188299515e-01 1.517094207188299515e-01
2.745967900000000128e+00 2.280435689048400383e-02 1.510111151223114678e-01 1.510111151223114678e-01
2.752169600000000216e+00 2.259555997410872541e-02 1.503181957519073020e-01 1.503181957519073020e-01
2.758371299999999859e+00 2.238946765572924144e-02 1.496311052412874487e-01 1.496311052412874487e-01
2.764568899999999996e+00 2.218618022320851049e-02 1.489502609034590030e-01 1.489502609034590030e-01
2.770770600000000083e+00 2.198539223265122064e-02 1.482747187913408815e-01 1.482747187913408815e-01
2.776968200000000220e+00 2.178732874350110260e-02 1.476053140760897608e-01 1.476053140760897608e-01
2.783169899999999863e+00 2.159168225820487161e-02 1.469410843100215913e-01 1.469410843100215913e-01
2.789371599999999951e+00 2.139853314912690610e-02 1.462823747042920619e-01 1.462823747042920619e-01
2.795569200000000087e+00 2.120794815260943975e-02 1.456294892959850984e-01 1.456294892959850984e-01
2.801770900000000175e+00 2.101960874338404048e-02 1.449814082680397909e-01 1.449814082680397909e-01
2.807972599999999819e+00 2.083356706570302017e-02 1.443383769678148465e-01 1.443383769678148465e-01
2.814170199999999955e+00 2.064986080351265477e-02 1.437005943046605894e-01 1.437005943046605894e-01
2.820371900000000043e+00 2.046815587210332535e-02 1.430669628953635253e-01 1.430669628953635253e-01
2.826573600000000130e+00 2.028847653291887196e-02 1.424376233054977237e-01 1.424376233054977237e-01
2.832771199999999823e+00 2.011083639244596113e-02 1.418126806475568935e-01 1.418126806475568935e-01
2.838972899999999910e+00 1.993489404765671699e-02 1.411909843001907805e-01 1.411909843001907805e-01
2.845174599999999998e+00 1.976066076546499281e-02 1.405726174098817505e-01 1.405726174098817505e-01
2.851372200000000134e+00 1.958814593052392652e-02 1.399576576344571666e-01 1.399576576344571666e-01
2.857573899999999778e+00 1.941702310775893572e-02 1.393449787676575569e-01 1.393449787676575569e-01
2.863775599999999866e+00 1.924731817239469858e-02 1.387347042826512777e-01 1.387347042826512777e-01
2.869973200000000002e+00 1.907906609839463835e-02 1.381269926494985978e-01 1.381269926494985978e-01
2.876174900000000090e+00 1.891198440390730318e-02 1.375208507969148120e-01 1.375208507969148120e-01
2.882372600000000062e+00 1.874625019221692890e-02 1.369169463295794031e-01 1.369169463295794031e-01
2.888574199999999870e+00 1.858163173815848002e-02 1.363144590208921203e-01 1.363144590208921203e-01
2.894775899999999957e+00 1.841823269321235523e-02 1.357137896207027128e-01 1.357137896207027128e-01
2.900973500000000094e+00 1.825618655068414128e-02 1.351154563722601620e-01 1.351154563722601620e-01
2.907175200000000181e+00 1.809532479186322027e-02 1.345188640743863184e-01 1.345188640743863184e-01
2.913376899999999825e+00 1.793582120849828571e-02 1.339246848362850850e-01 1.339246848362850850e-01
2.919574499999999961e+00 1.777786365972528274e-02 1.333336553902475241e-01 1.333336553902475241e-01
2.925776200000000049e+00 1.762134112880183595e-02 1.327453996521229251e-01 1.327453996521229251e-01
2.931977900000000137e+00 1.746646648182403547e-02 1.321607599926091225e-01 1.321607599926091225e-01
2.938175499999999829e+00 1.731345311888986965e-02 1.315805955256696136e-01 1.315805955256696136e-01
2.944377199999999917e+00 1.716221081226641104e-02 1.310046213393497583e-01 1.310046213393497583e-01
2.950578900000000004e+00 1.701294757278239839e-02 1.304336903287735550e-01 1.304336903287735550e-01
2.956776500000000141e+00 1.686585454982362717e-02 1.298686049429330913e-01 1.298686049429330913e-01
2.962978199999999784e+00 1.672081474323473468e-02 1.293089894138637896e-01 1.293089894138637896e-01
2.969175900000000201e+00 1.657807365901014726e-02 1.287558684449378599e-01 1.287558684449378599e-01
2.975377500000000008e+00 1.643747992993046733e-02 1.282087357785360315e-01 1.282087357785360315e-01
2.981579200000000096e+00 1.629912418577263850e-02 1.276680233487330063e-01 1.276680233487330063e-01
2.987776900000000069e+00 1.616306808515895546e-02 1.271340555679671414e-01 1.271340555679671414e-01
2.993978499999999876e+00 1.602907995774712283e-02 1.266060028503669388e-01 1.266060028503669388e-01
3.000180199999999964e+00 1.589715618110888046e-02 1.260839251495164959e-01 1.260839251495164959e-01
3.006377899999999936e+00 1.576726695185188057e-02 1.255677783185315532e-01 1.255677783185315532e-01
3.012579500000000188e+00 1.563910762284475425e-02 1.250564177595246684e-01 1.250564177595246684e-01
3.018781199999999831e+00 1.551260010491561578e-02 1.245495889391675798e-01 1.245495889391675798e-01
3.024978899999999804e+00 1.538765454119171705e-02 1.240469852160531877e-01 1.240469852160531877e-01
3.031180500000000055e+00 1.526393214788001641e-02 1.235472870923518818e-01 1.235472870923518818e-01
3.037382200000000143e+00 1.514132973727482824e-02 1.230501106755895191e-01 1.230501106755895191e-01
3.043579900000000116e+00 1.501975339370396033e-02 1.225551034992176935e-01 1.225551034992176935e-01
3.049781499999999923e+00 1.489888702930640060e-02 1.220609971666068300e-01 1.220609971666068300e-01
3.055979199999999896e+00 1.477874090308688333e-02 1.215678448566350212e-01 1.215678448566350212e-01
3.062180899999999983e+00 1.465904477783143596e-02 1.210745422367205809e-01 1.210745422367205809e-01
3.068382499999999791e+00 1.453979049675151874e-02 1.205810536392493137e-01 1.205810536392493137e-01
3.074580200000000207e+00 1.442099568046281699e-02 1.200874501372346387e-01 1.200874501372346387e-01
3.080781899999999851e+00 1.430248854088015352e-02 1.195930120905070032e-01 1.195930120905070032e-01
3.086983500000000102e+00 1.418436259810041192e-02 1.190981217236460471e-01 1.190981217236460471e-01
3.093181200000000075e+00 1.406673885417100527e-02 1.186032834881522446e-01 1.186032834881522446e-01
3.099382900000000163e+00 1.394954812839818876e-02 1.181082051696586838e-01 1.181082051696586838e-01
3.105584499999999970e+00 1.383297700846036413e-02 1.176136769617392996e-01 1.176136769617392996e-01
3.111782199999999943e+00 1.371722761496427072e-02 1.171205687100445730e-01 1.171205687100445730e-01
3.117983800000000194e+00 1.360230234312338575e-02 1.166289086938713804e-01 1.166289086938713804e-01
3.124185499999999838e+00 1.348843048164668178e-02 1.161397024348120172e-01 1.161397024348120172e-01
3.130383199999999810e+00 1.337584678078788253e-02 1.156539959568534809e-01 1.156539959568534809e-01
3.136584800000000062e+00 1.326456350109738065e-02 1.151718867653794276e-01 1.151718867653794276e-01
3.142782500000000034e+00 1.315486433715889678e-02 1.146946569686613515e-01 1.146946569686613515e-01
3.148984200000000122e+00 1.304673474130740342e-02 1.142223040448204358e-01 1.142223040448204358e-01
3.155185799999999929e+00 1.294034855888166746e-02 1.137556528656122057e-01 1.137556528656122057e-01
3.161383499999999902e+00 1.283584078616980574e-02 1.132953696590015408e-01 1.132953696590015408e-01
3.167585199999999990e+00 1.273311704143010800e-02 1.128411141447571292e-01 1.128411141447571292e-01
3.173786799999999797e+00 1.263225094098848270e-02 1.123932869035712545e-01 1.123932869035712545e-01
3.179984500000000214e+00 1.253327108821855607e-02 1.119520928264342713e-01 1.119520928264342713e-01
3.186186199999999857e+00 1.243598552224546398e-02 1.115167499627094799e-01 1.115167499627094799e-01
3.192387800000000109e+00 1.234036240635355726e-02 1.110871838078252710e-01 1.110871838078252710e-01
3.198585500000000081e+00 1.224633292915949627e-02 1.106631507285035509e-01 1.106631507285035509e-01
3.204787200000000169e+00 1.215362833276039702e-02 1.102434956483165779e-01 1.102434956483165779e-01
3.210988799999999976e+00 1.206214518069668486e-02 1.098277978505290964e-01 1.098277978505290964e-01
3.217186499999999949e+00 1.197176215929046141e-02 1.094155480692321908e-01 1.094155480692321908e-01
3.223388200000000037e+00 1.188218458008167590e-02 1.090054337181485394e-01 1.090054337181485394e-01
3.229589799999999844e+00 1.179329693408168352e-02 1.085969471674120418e-01 1.085969471674120418e-01
3.235787499999999817e+00 1.170498863471745171e-02 1.081895957785102974e-01 1.081895957785102974e-01
3.241989199999999904e+00 1.161700009421407984e-02 1.077821882047960700e-01 1.077821882047960700e-01
3.248186800000000041e+00 1.152932239838468619e-02 1.073746822970139680e-01 1.073746822970139680e-01
3.254388500000000128e+00 1.144174330686247021e-02 1.069660848440404932e-01 1.069660848440404932e-01
3.260590200000000216e+00 1.135425568446472334e-02 1.065563498082808952e-01 1.065563498082808952e-01
3.266787799999999908e+00 1.126688518253678162e-02 1.061455848471182656e-01 1.061455848471182656e-01
3.272989499999999996e+00 1.117951768475547274e-02 1.057332383158459399e-01 1.057332383158459399e-01
3.279191200000000084e+00 1.109224520061182113e-02 1.053197284491933228e-01 1.053197284491933228e-01
3.285388800000000220e+00 1.100518986018642759e-02 1.049056235870433618e-01 1.049056235870433618e-01
3.291590499999999864e+00 1.091832787535119975e-02 1.044908028266181843e-01 1.044908028266181843e-01
3.297792199999999951e+00 1.083183050100445730e-02 1.040760803499269777e-01 1.040760803499269777e-01
3.303989800000000088e+00 1.074588460796543216e-02 1.036623586841695921e-01 1.036623586841695921e-01
3.310191500000000175e+00 1.066051702863773064e-02 1.032497797994636479e-01 1.032497797994636479e-01
3.316393199999999819e+00 1.057592930941422121e-02 1.028393373637453007e-01 1.028393373637453007e-01
3.322590799999999955e+00 1.049231823858346770e-02 1.024320176438181240e-01 1.024320176438181240e-01
3.328792500000000043e+00 1.040970587529592428e-02 1.020279661430919804e-01 1.020279661430919804e-01
3.334990100000000179e+00 1.032831913940880121e-02 1.016283382694453119e-01 1.016283382694453119e-01
3.341191799999999823e+00 1.024814815487255087e-02 1.012331376322622434e-01 1.012331376322622434e-01
3.347393499999999911e+00 1.016932088857146199e-02 1.008430507698545447e-01 1.008430507698545447e-01
3.353591100000000047e+00 1.009193463834857397e-02 1.004586215232349949e-01 1.004586215232349949e-01
3.359792800000000135e+00 1.001590464030401202e-02 1.000794916069421836e-01 1.000794916069421836e-01
3.365994499999999778e+00 9.941270753792924228e-03 9.970592135772540776e-02 9.970592135772540776e-02
3.372192099999999915e+00 9.868040527528255251e-03 9.933801149372910311e-02 9.933801149372910311e-02
3.378393800000000002e+00 9.796049989948927769e-03 9.897499679186116950e-02 9.897499679186116950e-02
3.384595500000000090e+00 9.725257356347011967e-03 9.861671945642387638e-02 9.861671945642387638e-02
3.390793099999999782e+00 9.655598191806029004e-03 9.826290343667863636e-02 9.826290343667863636e-02
3.396994799999999870e+00 9.586855502387508360e-03 9.791248900108458220e-02 9.791248900108458220e-02
3.403196499999999958e+00 9.518941423296277751e-03 9.756506251366971194e-02 9.756506251366971194e-02
3.409394100000000094e+00 9.451762098600012540e-03 9.722017331089269354e-02 9.722017331089269354e-02
3.415595800000000182e+00 9.385092432299801252e-03 9.687668673266959518e-02 9.687668673266959518e-02
3.421793399999999874e+00 9.318891687640169785e-03 9.653440675551991368e-02 9.653440675551991368e-02
3.427995099999999962e+00 9.252955430868488665e-03 9.619228363475153254e-02 9.619228363475153254e-02
3.434196800000000049e+00 9.187227140422067270e-03 9.585002420668482792e-02 9.585002420668482792e-02
3.440394400000000186e+00 9.121669665337211325e-03 9.550743251358613517e-02 9.550743251358613517e-02
3.446596099999999829e+00 9.056138281532443227e-03 9.516374457498213979e-02 9.516374457498213979e-02
3.452797799999999917e+00 8.990642348238009687e-03 9.481899782342148586e-02 9.481899782342148586e-02
3.458995400000000053e+00 8.925215505321200046e-03 9.447335870668090163e-02 9.447335870668090163e-02
3.465197100000000141e+00 8.859785328040289606e-03 9.412643267456963225e-02 9.412643267456963225e-02
3.471398799999999785e+00 8.794431422179461652e-03 9.377862988005029876e-02 9.377862988005029876e-02
3.477596399999999921e+00 8.729252825310590547e-03 9.343047053991856976e-02 9.343047053991856976e-02
3.483798100000000009e+00 8.664235633686061255e-03 9.308187596780621853e-02 9.308187596780621853e-02
3.489999800000000096e+00 8.599507937833074378e-03 9.273353189560437637e-02 9.273353189560437637e-02
3.496197399999999789e+00 8.535205353584273541e-03 9.238617512152061395e-02 9.238617512152061395e-02
3.502399099999999876e+00 8.471339827889057261e-03 9.203988172465812911e-02 9.203988172465812911e-02
3.508600799999999964e+00 8.408050524199401146e-03 9.169542259131259476e-02 9.169542259131259476e-02
3.514798400000000100e+00 8.345470246019798949e-03 9.135354533908247865e-02 9.135354533908247865e-02
3.521000100000000188e+00 8.283599071142384515e-03 9.101427949032164788e-02 9.101427949032164788e-02
3.527197699999999880e+00 8.222589557337551744e-03 9.067849556172373482e-02 9.067849556172373482e-02
3.533399399999999968e+00 8.162417035499913709e-03 9.034609585089946326e-02 9.034609585089946326e-02
3.539601100000000056e+00 8.103161504935002882e-03 9.001756220280020260e-02 9.001756220280020260e-02
3.545798700000000192e+00 8.044882683406100535e-03 8.969327000063104238e-02 8.969327000063104238e-02
3.552000399999999836e+00 7.987506717134544576e-03 8.937285223788342392e-02 8.937285223788342392e-02
3.558202099999999923e+00 7.931057962933769218e-03 8.905648748369637824e-02 8.905648748369637824e-02
3.564399700000000060e+00 7.875541774340360721e-03 8.874424924658702585e-02 8.874424924658702585e-02
3.570601400000000147e+00 7.820838912491381162e-03 8.843550707996976346e-02 8.843550707996976346e-02
3.576803099999999791e+00 7.766928248993598509e-03 8.813017785635972323e-02 8.813017785635972323e-02
3.583000699999999927e+00 7.713777036956332746e-03 8.782811074454655031e-02 8.782811074454655031e-02
3.589202400000000015e+00 7.661240840952756800e-03 8.752851444502389444e-02 8.752851444502389444e-02
3.595404100000000103e+00 7.609277624198970517e-03 8.723117346567665908e-02 8.723117346567665908e-02
3.601601699999999795e+00 7.557843719007348304e-03 8.693585979909181083e-02 8.693585979909181083e-02
3.607803399999999883e+00 7.506796449511889124e-03 8.664177081241986045e-02 8.664177081241986045e-02
3.614001000000000019e+00 7.456134335787765327e-03 8.634891044933783177e-02 8.634891044933783177e-02
3.620202700000000107e+00 7.405729214809924840e-03 8.605654661215453305e-02 8.605654661215453305e-02
3.626404400000000194e+00 7.355563298892727267e-03 8.576458067811401631e-02 8.576458067811401631e-02
3.632601999999999887e+00 7.305629227826006440e-03 8.547297366902596727e-02 8.547297366902596727e-02
3.638803699999999974e+00 7.255832454170404663e-03 8.518117429438505639e-02 8.518117429438505639e-02
3.645005400000000062e+00 7.206189630101562937e-03 8.488927865226304770e-02 8.488927865226304770e-02
3.651203000000000198e+00 7.156728724198623166e-03 8.459745105024514544e-02 8.459745105024514544e-02
3.657404699999999842e+00 7.107390534008045137e-03 8.430534107639944819e-02 8.430534107639944819e-02
3.663606399999999930e+00 7.058223812244627214e-03 8.401323593484914809e-02 8.401323593484914809e-02
3.669804000000000066e+00 7.009285056756247786e-03 8.372147309236889490e-02 8.372147309236889490e-02
3.676005700000000154e+00 6.960540135690126105e-03 8.342985158616864072e-02 8.342985158616864072e-02
3.682207399999999797e+00 6.912056665657563548e-03 8.313877955357273919e-02 8.313877955357273919e-02
3.688404999999999934e+00 6.863904163688314304e-03 8.284868232922183717e-02 8.284868232922183717e-02
3.694606700000000021e+00 6.816057372089565254e-03 8.255941722232276736e-02 8.255941722232276736e-02
3.700804300000000158e+00 6.768616924771234285e-03 8.227160460797658392e-02 8.227160460797658392e-02
3.707005999999999801e+00 6.721554859097247578e-03 8.198508924857768332e-02 8.198508924857768332e-02
3.713207699999999889e+00 6.674933624255520621e-03 8.170026697787174941e-02 8.170026697787174941e-02
3.719405300000000025e+00 6.628809630737162416e-03 8.141750199273595223e-02 8.141750199273595223e-02
3.725607000000000113e+00 6.583142342987700034e-03 8.113656600440827260e-02 8.113656600440827260e-02
3.731808700000000201e+00 6.537977020605986907e-03 8.085775794941377215e-02 8.085775794941377215e-02
3.738006299999999893e+00 6.493351634555178005e-03 8.058133552228566310e-02 8.058133552228566310e-02
3.744207999999999981e+00 6.449210005958984533e-03 8.030697358236696393e-02 8.030697358236696393e-02
3.750409700000000068e+00 6.405579386060140240e-03 8.003486356619932129e-02 8.003486356619932129e-02
3.756607300000000205e+00 6.362481001424087103e-03 7.976516157712015831e-02 7.976516157712015831e-02
3.762808999999999848e+00 6.319846787164445229e-03 7.949746402976917703e-02 7.949746402976917703e-02
3.769010699999999936e+00 6.277691266176547123e-03 7.923188288925454847e-02 7.923188288925454847e-02
3.775208300000000072e+00 6.236025426496030408e-03 7.896850908112695855e-02 7.896850908112695855e-02
3.781410000000000160e+00 6.194776249951271414e-03 7.870690090424899144e-02 7.870690090424899144e-02
3.787611699999999804e+00 6.153952798575825119e-03 7.844713378177577134e-02 7.844713378177577134e-02
3.793809299999999940e+00 6.113562867217026825e-03 7.818927590927689242e-02 7.818927590927689242e-02
3.800011000000000028e+00 6.073534569587967294e-03 7.793288503313583471e-02 7.793288503313583471e-02
3.806208600000000164e+00 6.033903076733225859e-03 7.767820206939154981e-02 7.767820206939154981e-02
3.812410299999999808e+00 5.994599056953516317e-03 7.742479613762968949e-02 7.742479613762968949e-02
3.818611999999999895e+00 5.955632892255282446e-03 7.717274708247259807e-02 7.717274708247259807e-02
3.824809600000000032e+00 5.917014985173164356e-03 7.692213585940763099e-02 7.692213585940763099e-02
3.831011300000000119e+00 5.878680010945174297e-03 7.667255057023454612e-02 7.667255057023454612e-02
3.837213000000000207e+00 5.840640032368745946e-03 7.642408018660575009e-02 7.642408018660575009e-02
3.843410599999999899e+00 5.802906812115569274e-03 7.617681282460936343e-02 7.617681282460936343e-02
3.849612299999999987e+00 5.765417658904961086e-03 7.593034741725446235e-02 7.593034741725446235e-02
3.855814000000000075e+00 5.728185095773235917e-03 7.568477453076831452e-02 7.568477453076831452e-02
3.862011600000000211e+00 5.691221193477202789e-03 7.544018288337590861e-02 7.544018288337590861e-02
3.868213299999999855e+00 5.654465050493681297e-03 7.519617710026009483e-02 7.519617710026009483e-02
3.874414999999999942e+00 5.617929678435945248e-03 7.495284970190223273e-02 7.495284970190223273e-02
3.880612600000000079e+00 5.581628260722383723e-03 7.471029554701535957e-02 7.471029554701535957e-02
3.886814300000000166e+00 5.545503128028720675e-03 7.446813498422476252e-02 7.446813498422476252e-02
3.893011899999999859e+00 5.509593963149241047e-03 7.422663917455270266e-02 7.422663917455270266e-02
3.899213599999999946e+00 5.473847183883613632e-03 7.398545251523176713e-02 7.398545251523176713e-02
3.905415300000000034e+00 5.438283027977793178e-03 7.374471525457124144e-02 7.374471525457124144e-02
3.911612900000000170e+00 5.402924181640334639e-03 7.350458612658351820e-02 7.350458612658351820e-02
3.917814599999999814e+00 5.367726519511356424e-03 7.326476997514805301e-02 7.326476997514805301e-02
3.924016299999999902e+00 5.332719715792805758e-03 7.302547306106825509e-02 7.302547306106825509e-02
3.930213900000000038e+00 5.297936615089994181e-03 7.278692612749898538e-02 7.278692612749898538e-02
3.936415600000000126e+00 5.263344717318633841e-03 7.254891258536294574e-02 7.254891258536294574e-02
3.942617300000000213e+00 5.228984012450998455e-03 7.231171421319645964e-02 7.231171421319645964e-02
3.948814899999999906e+00 5.194896819694314223e-03 7.207563263471444825e-02 7.207563263471444825e-02
3.955016599999999993e+00 5.161060195035399589e-03 7.184051917292497147e-02 7.184051917292497147e-02
3.961218300000000081e+00 5.127520444842175243e-03 7.160670670294909390e-02 7.160670670294909390e-02
3.967415900000000217e+00 5.094323631096736062e-03 7.137453068915225463e-02 7.137453068915225463e-02
3.973617599999999861e+00 5.061449497331508424e-03 7.114386479051801326e-02 7.114386479051801326e-02
3.979815199999999997e+00 5.028963483585606464e-03 7.091518514102326809e-02 7.091518514102326809e-02
3.986016900000000085e+00 4.996841773136154186e-03 7.068834255473921413e-02 7.068834255473921413e-02
3.992218600000000173e+00 4.965121217021790587e-03 7.046361626415288681e-02 7.046361626415288681e-02
3.998416199999999865e+00 4.933832664838536629e-03 7.024124617942463511e-02 7.024124617942463511e-02
4.004617900000000397e+00 4.902939210352838702e-03 7.002099121229889145e-02 7.002099121229889145e-02
4.010819599999999596e+00 4.872459753354204531e-03 6.980300676442387220e-02 6.980300676442387220e-02
4.017017199999999733e+00 4.842405297569967945e-03 6.958739323735275983e-02 6.958739323735275983e-02
4.023218899999999820e+00 4.812720437979441275e-03 6.937377341603555292e-02 6.937377341603555292e-02
4.029420599999999908e+00 4.783402857167623305e-03 6.916214902074416249e-02 6.916214902074416249e-02
4.035618200000000044e+00 4.754443121988797226e-03 6.895247002094122279e-02 6.895247002094122279e-02
4.041819900000000132e+00 4.725769131897848002e-03 6.874422980801987715e-02 6.874422980801987715e-02
4.048021600000000220e+00 4.697362149700143839e-03 6.853730480329776886e-02 6.853730480329776886e-02
4.054219200000000356e+00 4.669199888490749469e-03 6.833154387609538527e-02 6.833154387609538527e-02
4.060420900000000444e+00 4.641202950761024251e-03 6.812637485409761551e-02 6.812637485409761551e-02
4.066618499999999692e+00 4.613366608788796105e-03 6.792176829845344987e-02 6.792176829845344987e-02
4.072820199999999780e+00 4.585614312887347117e-03 6.771716409365757805e-02 6.771716409365757805e-02
4.079017799999999916e+00 4.557946813609613929e-03 6.751256781970016441e-02 6.751256781970016441e-02
4.085211400000000381e+00 4.530332948085831826e-03 6.730774805388925475e-02 6.730774805388925475e-02
4.091404899999999678e+00 4.502731415139231419e-03 6.710239500300441140e-02 6.710239500300441140e-02
4.097639199999999704e+00 4.474943822398452613e-03 6.689502090887222696e-02 6.689502090887222696e-02
4.103832699999999889e+00 4.447326447960820925e-03 6.668827819010489377e-02 6.668827819010489377e-02
4.110026300000000354e+00 4.419698764925423899e-03 6.648081501399800974e-02 6.648081501399800974e-02
4.116219799999999651e+00 4.392072597388560831e-03 6.627271382242137798e-02 6.627271382242137798e-02
4.122413400000000117e+00 4.364466848406192527e-03 6.606411165228964766e-02 6.606411165228964766e-02
4.128606900000000302e+00 4.336910348322637471e-03 6.585522263513074459e-02 6.585522263513074459e-02
4.134841200000000327e+00 4.309257029933085022e-03 6.564493148700122072e-02 6.564493148700122072e-02
4.141034699999999624e+00 4.281909703037149739e-03 6.543630263880402531e-02 6.543630263880402531e-02
4.147228300000000090e+00 4.254731208440398933e-03 6.522830067110746421e-02 6.522830067110746421e-02
4.153421800000000275e+00 4.227769012435246554e-03 6.502129660684448365e-02 6.502129660684448365e-02
4.159615399999999852e+00 4.201068824501316690e-03 6.481565261957421276e-02 6.481565261957421276e-02
4.165808900000000037e+00 4.174676016849278477e-03 6.461173281107138178e-02 6.461173281107138178e-02
4.172043200000000063e+00 4.148460250867441051e-03 6.440854175392764225e-02 6.440854175392764225e-02
4.178236700000000248e+00 4.122799339984666196e-03 6.420902849276467761e-02 6.420902849276467761e-02
4.184430299999999825e+00 4.097547035504839515e-03 6.401208507387366742e-02 6.401208507387366742e-02
4.190623800000000010e+00 4.072722191190367332e-03 6.381788300461217756e-02 6.381788300461217756e-02
4.196817399999999587e+00 4.048332229409296219e-03 6.362650571427992674e-02 6.362650571427992674e-02
4.203010899999999772e+00 4.024375820009968088e-03 6.343796828406446375e-02 6.343796828406446375e-02
4.209245199999999798e+00 4.000686329779015553e-03 6.325097888395890544e-02 6.325097888395890544e-02
4.215438699999999983e+00 3.977551073497218037e-03 6.306782914844316634e-02 6.306782914844316634e-02
4.221632299999999560e+00 3.954781383216002429e-03 6.288705258808049980e-02 6.288705258808049980e-02
4.227825799999999745e+00 3.932338068594728488e-03 6.270835724681940448e-02 6.270835724681940448e-02
4.234019400000000211e+00 3.910174031433937686e-03 6.253138437164124097e-02 6.253138437164124097e-02
4.240212900000000396e+00 3.888239033106562128e-03 6.235574579063714318e-02 6.235574579063714318e-02
4.246447200000000421e+00 3.866336369756143837e-03 6.217987109793766259e-02 6.217987109793766259e-02
4.252640699999999718e+00 3.844698655365571399e-03 6.200563406147518303e-02 6.200563406147518303e-02
4.258834300000000184e+00 3.823129829785563809e-03 6.183146310565167114e-02 6.183146310565167114e-02
4.265027800000000369e+00 3.801582791354700484e-03 6.165697682626598147e-02 6.165697682626598147e-02
4.271221399999999946e+00 3.780015074188084346e-03 6.148182718647913353e-02 6.148182718647913353e-02
4.277414900000000131e+00 3.758393350227847221e-03 6.130573668285739519e-02 6.130573668285739519e-02
4.283649200000000157e+00 3.736549118361988647e-03 6.112731892011941115e-02 6.112731892011941115e-02
4.289842700000000342e+00 3.714753473072041068e-03 6.094877745346530956e-02 6.094877745346530956e-02
4.296036299999999919e+00 3.692859355127016928e-03 6.076890121704536102e-02 6.076890121704536102e-02
4.302229800000000104e+00 3.670874210665612310e-03 6.058773977188464110e-02 6.058773977188464110e-02
4.308423399999999681e+00 3.648814466769872977e-03 6.040541752831340983e-02 6.040541752831340983e-02
4.314616899999999866e+00 3.626707552023498374e-03 6.022215167215048959e-02 6.022215167215048959e-02
4.320810400000000051e+00 3.604588178983393794e-03 6.003822265010343856e-02 6.003822265010343856e-02
4.327044700000000077e+00 3.582352866872197741e-03 5.985275989352702858e-02 5.985275989352702858e-02
4.333238299999999654e+00 3.560339310253256718e-03 5.966857891933791125e-02 5.966857891933791125e-02
4.339431799999999839e+00 3.538452154091733387e-03 5.948489013263564412e-02 5.948489013263564412e-02
4.345625400000000305e+00 3.516740942442348958e-03 5.930211583444851275e-02 5.930211583444851275e-02
4.351818899999999601e+00 3.495255089318599455e-03 5.912068241587371820e-02 5.912068241587371820e-02
4.358012399999999786e+00 3.474039312380240978e-03 5.894098160346705056e-02 5.894098160346705056e-02
4.364246699999999812e+00 3.452996488690024054e-03 5.876220289174006323e-02 5.876220289174006323e-02
4.370440300000000278e+00 3.432434111901759826e-03 5.858697903034222609e-02 5.858697903034222609e-02
4.376633799999999574e+00 3.412237661248851070e-03 5.841436177216054182e-02 5.841436177216054182e-02
4.382827400000000040e+00 3.392420506517264921e-03 5.824448906563834544e-02 5.824448906563834544e-02
4.389020900000000225e+00 3.372987202151082366e-03 5.807742420382538268e-02 5.807742420382538268e-02
4.395214400000000410e+00 3.353931133063405446e-03 5.791313437436627909e-02 5.791313437436627909e-02
4.401448700000000436e+00 3.335114133009846327e-03 5.775044703731604945e-02 5.775044703731604945e-02
4.407642300000000013e+00 3.316756772167905268e-03 5.759129076664201013e-02 5.759129076664201013e-02
4.413835800000000198e+00 3.298702056829408077e-03 5.743432820908944691e-02 5.743432820908944691e-02
4.420029399999999775e+00 3.280909646958994012e-03 5.727922526500331402e-02 5.727922526500331402e-02
4.426222899999999960e+00 3.263335608291961960e-03 5.712561254194095661e-02 5.712561254194095661e-02
4.432416400000000145e+00 3.245932299643785896e-03 5.697308399273981472e-02 5.697308399273981472e-02
4.438650700000000171e+00 3.228537990383768992e-03 5.682022518772491398e-02 5.682022518772491398e-02
4.444844299999999748e+00 3.211332797204090404e-03 5.666862268666929964e-02 5.666862268666929964e-02
4.451037799999999933e+00 3.194159177282285440e-03 5.651689284879597014e-02 5.651689284879597014e-02
4.457231400000000399e+00 3.176977522815413024e-03 5.636468329384467651e-02 5.636468329384467651e-02
4.463424899999999695e+00 3.159755714313375145e-03 5.621170442455356714e-02 5.621170442455356714e-02
4.469618399999999880e+00 3.142468395614595594e-03 5.605772378196063888e-02 5.605772378196063888e-02
4.475852699999999906e+00 3.124984234474843543e-03 5.590155842617308690e-02 5.590155842617308690e-02
4.482046300000000372e+00 3.107524119711511500e-03 5.574517126811533857e-02 5.574517126811533857e-02
4.488239799999999669e+00 3.089975915395124298e-03 5.558755180249553424e-02 5.558755180249553424e-02
4.494433299999999853e+00 3.072349527770149025e-03 5.542877887677256921e-02 5.542877887677256921e-02
4.500626900000000319e+00 3.054662938847284726e-03 5.526900522758922130e-02 5.526900522758922130e-02
4.506820399999999616e+00 3.036942070378858063e-03 5.510845733985717670e-02 5.510845733985717670e-02
4.513054699999999642e+00 3.019101096791553234e-03 5.494634743812870648e-02 5.494634743812870648e-02
4.519248300000000107e+00 3.001408916152767479e-03 5.478511582677148689e-02 5.478511582677148689e-02
4.525441800000000292e+00 2.983787446446452187e-03 5.462405556571620774e-02 5.462405556571620774e-02
4.531635299999999589e+00 2.966275463443600324e-03 5.446352415556305476e-02 5.446352415556305476e-02
4.537828900000000054e+00 2.948910965857768664e-03 5.430387615868473988e-02 5.430387615868473988e-02
4.544022400000000239e+00 2.931730373114660275e-03 5.414545570142207526e-02 5.414545570142207526e-02
4.550256700000000265e+00 2.914654374540377475e-03 5.398753906727345175e-02 5.398753906727345175e-02
4.556450299999999842e+00 2.897933102231526302e-03 5.383245398671257509e-02 5.383245398671257509e-02
4.562643800000000027e+00 2.881475119944211342e-03 5.367937331922021521e-02 5.367937331922021521e-02
4.568837300000000212e+00 2.865293744114253381e-03 5.352843864820132358e-02 5.352843864820132358e-02
4.575030899999999789e+00 2.849394975784173400e-03 5.337972438842461531e-02 5.337972438842461531e-02
4.581224399999999974e+00 2.833778175544890594e-03 5.323324314321729173e-02 5.323324314321729173e-02
4.587458700000000000e+00 2.818334569605930161e-03 5.308798893917465039e-02 5.308798893917465039e-02
4.593652299999999578e+00 2.803251018827673021e-03 5.294573655005351681e-02 5.294573655005351681e-02
4.599845799999999763e+00 2.788405274542804600e-03 5.280535270730424974e-02 5.280535270730424974e-02
4.606039299999999947e+00 2.773771543960567958e-03 5.266660748482446253e-02 5.266660748482446253e-02
4.612232900000000413e+00 2.759320481240148427e-03 5.252923453887509836e-02 5.252923453887509836e-02
4.618426399999999710e+00 2.745021184775203651e-03 5.239294976211211069e-02 5.239294976211211069e-02
4.624660699999999736e+00 2.730748072305284012e-03 5.225656008871311375e-02 5.225656008871311375e-02
4.630854300000000201e+00 2.716655762608129535e-03 5.212154796826481279e-02 5.212154796826481279e-02
4.637047800000000386e+00 2.702620891986069838e-03 5.198673765477181824e-02 5.198673765477181824e-02
4.643241299999999683e+00 2.688616077585193921e-03 5.185186667406675026e-02 5.185186667406675026e-02
4.649434900000000148e+00 2.674617819180759911e-03 5.171670735053383178e-02 5.171670735053383178e-02
4.655628400000000333e+00 2.660607952024540961e-03 5.158108133826336261e-02 5.158108133826336261e-02
4.661862700000000359e+00 2.646480275074627238e-03 5.144395275515507154e-02 5.144395275515507154e-02
4.668056299999999936e+00 2.632411539813564374e-03 5.130703206982025616e-02 5.130703206982025616e-02
4.674249800000000121e+00 2.618307515658409475e-03 5.116940018857372985e-02 5.116940018857372985e-02
4.680443300000000306e+00 2.604171016291887721e-03 5.103107892541453722e-02 5.103107892541453722e-02
4.686636899999999883e+00 2.590009806195456635e-03 5.089213894301806984e-02 5.089213894301806984e-02
4.692830400000000068e+00 2.575836687357524815e-03 5.075270128138525960e-02 5.075270128138525960e-02
4.699064700000000094e+00 2.561574081637290300e-03 5.061199543228156461e-02 5.061199543228156461e-02
4.705258299999999672e+00 2.547427212932015881e-03 5.047204387511977641e-02 5.047204387511977641e-02
4.711451799999999857e+00 2.533323615873545823e-03 5.033213303520471527e-02 5.033213303520471527e-02
4.717645300000000042e+00 2.519284319971997355e-03 5.019247274215524884e-02 5.019247274215524884e-02
4.723838899999999619e+00 2.505330220058594667e-03 5.005327381958741412e-02 5.005327381958741412e-02
4.730032399999999804e+00 2.491481861509870638e-03 4.991474593253852204e-02 4.991474593253852204e-02
4.736266699999999830e+00 2.477667334390436151e-03 4.977617235576110855e-02 4.977617235576110855e-02
4.742460300000000295e+00 2.464083117564878130e-03 4.963953180243421692e-02 4.963953180243421692e-02
4.748653799999999592e+00 2.450651603936538237e-03 4.950405643921049897e-02 4.950405643921049897e-02
4.754847299999999777e+00 2.437382014455742249e-03 4.936984924481481463e-02 4.936984924481481463e-02
4.761040900000000242e+00 2.424280047465245287e-03 4.923697845588460853e-02 4.923697845588460853e-02
4.767234400000000427e+00 2.411348480738540780e-03 4.910548320440947384e-02 4.910548320440947384e-02
4.773428000000000004e+00 2.398585830377118148e-03 4.897535942060168151e-02 4.897535942060168151e-02
4.779662300000000030e+00 2.385905836537602007e-03 4.884573509056448076e-02 4.884573509056448076e-02
4.785855800000000215e+00 2.373467227164208649e-03 4.871824326845343445e-02 4.871824326845343445e-02
4.792049300000000400e+00 2.361177187789859945e-03 4.859194570903556387e-02 4.859194570903556387e-02
4.798242899999999977e+00 2.349024467652924102e-03 4.846673568183568204e-02 4.846673568183568204e-02
4.804436400000000162e+00 2.336997202360015409e-03 4.834249892547979460e-02 4.834249892547979460e-02
4.810629999999999740e+00 2.325082106287074644e-03 4.821910519998348632e-02 4.821910519998348632e-02
4.816864299999999766e+00 2.313189027688263791e-03 4.809562378936636795e-02 4.809562378936636795e-02
4.823057799999999951e+00 2.301460752374887616e-03 4.797354221208693925e-02 4.797354221208693925e-02
4.829251300000000136e+00 2.289807319020666695e-03 4.785193119426494474e-02 4.785193119426494474e-02
4.835444899999999713e+00 2.278217865170797333e-03 4.773068054376343461e-02 4.773068054376343461e-02
4.841638399999999898e+00 2.266683476251162010e-03 4.760969939257295863e-02 4.760969939257295863e-02
4.847832000000000363e+00 2.255196034550808505e-03 4.748890433091511321e-02 4.748890433091511321e-02
4.854066300000000389e+00 2.243674499886802280e-03 4.736744134832281822e-02 4.736744134832281822e-02
4.860259799999999686e+00 2.232264935982517049e-03 4.724685106948945529e-02 4.724685106948945529e-02
4.866453299999999871e+00 2.220888802519324287e-03 4.712630690515992593e-02 4.712630690515992593e-02
4.872646900000000336e+00 2.209544284059699725e-03 4.700578989932729240e-02 4.700578989932729240e-02
4.878840399999999633e+00 2.198231313609981877e-03 4.688529954697934904e-02 4.688529954697934904e-02
4.885034000000000098e+00 2.186950092095733822e-03 4.676483820239019790e-02 4.676483820239019790e-02
4.891268300000000124e+00 2.175628363512759154e-03 4.664363154293155178e-02 4.664363154293155178e-02
4.897461800000000309e+00 2.164416104848868906e-03 4.652328561966436599e-02 4.652328561966436599e-02
4.903655299999999606e+00 2.153241494465679522e-03 4.640303324639111909e-02 4.640303324639111909e-02
4.909848900000000071e+00 2.142107017196099878e-03 4.628290199626747259e-02 4.628290199626747259e-02
4.916042400000000256e+00 2.131015871780189263e-03 4.616292746111525652e-02 4.616292746111525652e-02
4.922235999999999834e+00 2.119970648906217055e-03 4.604313899927129500e-02 4.604313899927129500e-02
4.928470199999999579e+00 2.108902647421272147e-03 4.592279006573176531e-02 4.592279006573176531e-02
4.934663800000000045e+00 2.097959165472968596e-03 4.580348420669511089e-02 4.580348420669511089e-02
4.940857300000000230e+00 2.087071377351818434e-03 4.568447632787114160e-02 4.568447632787114160e-02
4.947050899999999807e+00 2.076242344811089248e-03 4.556580236110288618e-02 4.556580236110288618e-02
4.953244399999999992e+00 2.065476053220348385e-03 4.544750876803203138e-02 4.544750876803203138e-02
4.959437999999999569e+00 2.054776057850271793e-03 4.532963774232341703e-02 4.532963774232341703e-02
4.965672200000000203e+00 2.044077294873759571e-03 4.521147304472349776e-02 4.521147304472349776e-02
4.971865799999999780e+00 2.033523625509265232e-03 4.509460749922616918e-02 4.509460749922616918e-02
4.978059299999999965e+00 2.023050041919029207e-03 4.497832858076241530e-02 4.497832858076241530e-02
4.984252900000000430e+00 2.012661106873796062e-03 4.486269170339421408e-02 4.486269170339421408e-02
4.990446399999999727e+00 2.002362095706062151e-03 4.474776078985474859e-02 4.474776078985474859e-02
4.996640000000000192e+00 1.992157486367363960e-03 4.463359145719022342e-02 4.463359145719022342e-02
5.002874199999999938e+00 1.981986014615862157e-03 4.451950150906748560e-02 4.451950150906748560e-02
5.009067800000000403e+00 1.971984092531245229e-03 4.440702751289760802e-02 4.440702751289760802e-02
5.015261299999999700e+00 1.962088399404576973e-03 4.429546702998600483e-02 4.429546702998600483e-02
5.021454900000000166e+00 1.952300643665009659e-03 4.418484631256523743e-02 4.418484631256523743e-02
5.027648400000000350e+00 1.942621873069303329e-03 4.407518432257888363e-02 4.407518432257888363e-02
5.033841999999999928e+00 1.933051008526650606e-03 4.396647596210834230e-02 4.396647596210834230e-02
5.040076199999999673e+00 1.923524081829449707e-03 4.385799906322049302e-02 4.385799906322049302e-02
5.046269800000000139e+00 1.914160985714690897e-03 4.375112553654695452e-02 4.375112553654695452e-02
5.052463300000000324e+00 1.904893538726664358e-03 4.364508607766359044e-02 4.364508607766359044e-02
5.058656899999999901e+00 1.895713794197673814e-03 4.353979552314955065e-02 4.353979552314955065e-02
5.064850400000000086e+00 1.886612847081991758e-03 4.343515680968576542e-02 4.343515680968576542e-02
5.071043999999999663e+00 1.877579883304274872e-03 4.333104987539852793e-02 4.333104987539852793e-02
5.077278200000000297e+00 1.868544847767845051e-03 4.322666824736606100e-02 4.322666824736606100e-02
5.083471799999999874e+00 1.859613220674143216e-03 4.312323295712119225e-02 4.312323295712119225e-02
5.089665300000000059e+00 1.850713835922182743e-03 4.301992370893029105e-02 4.301992370893029105e-02
5.095858899999999636e+00 1.841834435531412026e-03 4.291659860160648710e-02 4.291659860160648710e-02
5.102052399999999821e+00 1.832964167705025075e-03 4.281313078606871492e-02 4.281313078606871492e-02
5.108246000000000286e+00 1.824092939651548442e-03 4.270940106875240061e-02 4.270940106875240061e-02
5.114480200000000032e+00 1.815154638214448550e-03 4.260463165213904807e-02 4.260463165213904807e-02
5.120673799999999609e+00 1.806259877767100704e-03 4.250011620886583880e-02 4.250011620886583880e-02
5.126867299999999794e+00 1.797347423743198220e-03 4.239513443478152427e-02 4.239513443478152427e-02
5.133060900000000260e+00 1.788416588002364601e-03 4.228967472093353441e-02 4.228967472093353441e-02
5.139254399999999556e+00 1.779470191899158466e-03 4.218376692400950534e-02 4.218376692400950534e-02
5.145448000000000022e+00 1.770513416941563558e-03 4.207746923166320180e-02 4.207746923166320180e-02
5.151682199999999767e+00 1.761495979039429680e-03 4.197017964030449327e-02 4.197017964030449327e-02
5.157875800000000233e+00 1.752546231473387991e-03 4.186342355175205060e-02 4.186342355175205060e-02
5.164069300000000418e+00 1.743618608587999604e-03 4.175665945197244017e-02 4.175665945197244017e-02
5.170262899999999995e+00 1.734727519526561889e-03 4.165006025837852260e-02 4.165006025837852260e-02
5.176456400000000180e+00 1.725889040520550873e-03 4.154382072607851889e-02 4.154382072607851889e-02
5.182649999999999757e+00 1.717119113676403384e-03 4.143813598216506550e-02 4.143813598216506550e-02
5.188884200000000391e+00 1.708377232702457203e-03 4.133252028007072115e-02 4.133252028007072115e-02
5.195077799999999968e+00 1.699792344606975000e-03 4.122853798774551298e-02 4.122853798774551298e-02
5.201271300000000153e+00 1.691320705351971989e-03 4.112566966448050199e-02 4.112566966448050199e-02
5.207464899999999730e+00 1.682973103008054278e-03 4.102405517508056487e-02 4.102405517508056487e-02
5.213658399999999915e+00 1.674758035699309760e-03 4.092380768818206643e-02 4.092380768818206643e-02
5.219851900000000100e+00 1.666680324978845511e-03 4.082499632552152175e-02 4.082499632552152175e-02
5.226045499999999677e+00 1.658741224652142410e-03 4.072764693242346412e-02 4.072764693242346412e-02
5.232279799999999703e+00 1.650887680711500159e-03 4.063111714820920317e-02 4.063111714820920317e-02
5.238473299999999888e+00 1.643216234267907017e-03 4.053660363508401754e-02 4.053660363508401754e-02
5.244666900000000354e+00 1.635665263622409831e-03 4.044335870847536041e-02 4.044335870847536041e-02
5.250860399999999650e+00 1.628222125800563242e-03 4.035123450156839070e-02 4.035123450156839070e-02
5.257053899999999835e+00 1.620871061112199576e-03 4.026004298448027791e-02 4.026004298448027791e-02
5.263247500000000301e+00 1.613594172251247433e-03 4.016956773791880569e-02 4.016956773791880569e-02
5.269481800000000327e+00 1.606325046831762237e-03 4.007898510231718003e-02 4.007898510231718003e-02
5.275675299999999623e+00 1.599138743322332671e-03 3.998923284238312115e-02 3.998923284238312115e-02
5.281868900000000089e+00 1.591967739583740509e-03 3.989947041733436783e-02 3.989947041733436783e-02
5.288062400000000274e+00 1.584793609248566883e-03 3.980946632710073013e-02 3.980946632710073013e-02
5.294255899999999571e+00 1.577599393935502116e-03 3.971900544997951366e-02 3.971900544997951366e-02
5.300449500000000036e+00 1.570370678831446969e-03 3.962790278113954151e-02 3.962790278113954151e-02
5.306683800000000062e+00 1.563048483800806967e-03 3.953540797564642634e-02 3.953540797564642634e-02
5.312877300000000247e+00 1.555721047652046732e-03 3.944262982677557844e-02 3.944262982677557844e-02
5.319070899999999824e+00 1.548337073609519412e-03 3.934891451628010767e-02 3.934891451628010767e-02
5.325264400000000009e+00 1.540897565143856682e-03 3.925426811372053487e-02 3.925426811372053487e-02
5.331457900000000194e+00 1.533407340652232637e-03 3.915874539170315083e-02 3.915874539170315083e-02
5.337651499999999771e+00 1.525875195423277058e-03 3.906245250138906666e-02 3.906245250138906666e-02
5.343885799999999797e+00 1.518264029325703613e-03 3.896490766479119433e-02 3.896490766479119433e-02
5.350079299999999982e+00 1.510689055825852794e-03 3.886758361187189759e-02 3.886758361187189759e-02
5.356272899999999559e+00 1.503118479411824594e-03 3.877007195520566080e-02 3.877007195520566080e-02
5.362466399999999744e+00 1.495572249379114281e-03 3.867262920178966140e-02 3.867262920178966140e-02
5.368659899999999929e+00 1.488070748589633181e-03 3.857552006894571228e-02 3.857552006894571228e-02
5.374853500000000395e+00 1.480634278380949355e-03 3.847901088101082084e-02 3.847901088101082084e-02
5.381087800000000421e+00 1.473234422319631871e-03 3.838273599314712820e-02 3.838273599314712820e-02
5.387281299999999717e+00 1.465985644357379247e-03 3.828819197033700439e-02 3.828819197033700439e-02
5.393474900000000183e+00 1.458854143612182573e-03 3.819494918981019421e-02 3.819494918981019421e-02
5.399668400000000368e+00 1.451851951314237551e-03 3.810317508179911911e-02 3.810317508179911911e-02
5.405861899999999665e+00 1.444986996891478971e-03 3.801298458279064180e-02 3.801298458279064180e-02
5.412055500000000130e+00 1.438263110483787004e-03 3.792443948806346193e-02 3.792443948806346193e-02
5.418289800000000156e+00 1.431637257399288226e-03 3.783698266774569718e-02 3.783698266774569718e-02
5.424483300000000341e+00 1.425191396177097987e-03 3.775170719553087861e-02 3.775170719553087861e-02
5.430676899999999918e+00 1.418872881776123531e-03 3.766792908796717104e-02 3.766792908796717104e-02
5.436870400000000103e+00 1.412669494280530211e-03 3.758549579665712570e-02 3.758549579665712570e-02
5.443063900000000288e+00 1.406565534058772061e-03 3.750420688481189563e-02 3.750420688481189563e-02
5.449257499999999865e+00 1.400542800327778505e-03 3.742382663929195996e-02 3.742382663929195996e-02
5.455491799999999891e+00 1.394542534808206969e-03 3.734357421040743197e-02 3.734357421040743197e-02
5.461685300000000076e+00 1.388622324614332106e-03 3.726422311835216744e-02 3.726422311835216744e-02
5.467878899999999653e+00 1.382721871632158111e-03 3.718496835593863847e-02 3.718496835593863847e-02
5.474072399999999838e+00 1.376821466550234505e-03 3.710554495692301030e-02 3.710554495692301030e-02
5.480265900000000023e+00 1.370902796727344703e-03 3.702570454059374988e-02 3.702570454059374988e-02
5.486459499999999601e+00 1.364949979019084401e-03 3.694522944872699610e-02 3.694522944872699610e-02
5.492693799999999626e+00 1.358910787434005002e-03 3.686340715986525379e-02 3.686340715986525379e-02
5.498887299999999811e+00 1.352854984007699664e-03 3.678117703401700272e-02 3.678117703401700272e-02
5.505080900000000277e+00 1.346737897643285201e-03 3.669792770230064644e-02 3.669792770230064644e-02
5.511274399999999574e+00 1.340558590754808727e-03 3.661363940876143780e-02 3.661363940876143780e-02
5.517467899999999759e+00 1.334319901598490137e-03 3.652834381132670505e-02 3.652834381132670505e-02
5.523661500000000224e+00 1.328028553297863016e-03 3.644212608092265576e-02 3.644212608092265576e-02
5.529895800000000250e+00 1.321653281616244971e-03 3.635454966873121613e-02 3.635454966873121613e-02
5.536089300000000435e+00 1.315290924606127548e-03 3.626693982963171553e-02 3.626693982963171553e-02
5.542282900000000012e+00 1.308915634272918380e-03 3.617893909822285370e-02 3.617893909822285370e-02
5.548476400000000197e+00 1.302545175986591190e-03 3.609079073651048908e-02 3.609079073651048908e-02
5.554669900000000382e+00 1.296197936144326789e-03 3.600274900815667728e-02 3.600274900815667728e-02
5.560863499999999959e+00 1.289892427633601872e-03 3.591507242974183167e-02 3.591507242974183167e-02
5.567097799999999985e+00 1.283605888758022201e-03 3.582744602616857316e-02 3.582744602616857316e-02
5.573291300000000170e+00 1.277437100502430570e-03 3.574125208358586159e-02 3.574125208358586159e-02
5.579484899999999747e+00 1.271358999249474608e-03 3.565612148354718042e-02 3.565612148354718042e-02
5.585678399999999932e+00 1.265383485048607965e-03 3.557222912678664056e-02 3.557222912678664056e-02
5.591871900000000117e+00 1.259519023937504716e-03 3.548970306916507389e-02 3.548970306916507389e-02
5.598065499999999695e+00 1.253770643218813253e-03 3.540862385378473060e-02 3.540862385378473060e-02
5.604299799999999721e+00 1.248103344393989645e-03 3.532850611608123748e-02 3.532850611608123748e-02
5.610493299999999905e+00 1.242589114588117096e-03 3.525037750986671770e-02 3.525037750986671770e-02
5.616686900000000371e+00 1.237184857624743037e-03 3.517363867479085526e-02 3.517363867479085526e-02
5.622880399999999668e+00 1.231882082191226163e-03 3.509817776169051051e-02 3.509817776169051051e-02
5.629073899999999853e+00 1.226669331703578994e-03 3.502383947689886173e-02 3.502383947689886173e-02
5.635267500000000318e+00 1.221532987831504963e-03 3.495043616081929677e-02 3.495043616081929677e-02
5.641501800000000344e+00 1.216424865181003900e-03 3.487728293862645684e-02 3.487728293862645684e-02
5.647695299999999641e+00 1.211395675274191258e-03 3.480510990176861191e-02 3.480510990176861191e-02
5.653888799999999826e+00 1.206395628516484598e-03 3.473320642434966216e-02 3.473320642434966216e-02
5.660082400000000291e+00 1.201408949720158582e-03 3.466134662300584396e-02 3.466134662300584396e-02
5.666275899999999588e+00 1.196421222335101097e-03 3.458932237461585790e-02 3.458932237461585790e-02
5.672469500000000053e+00 1.191419395868922046e-03 3.451694360555294244e-02 3.451694360555294244e-02
5.678703800000000079e+00 1.186359699376333867e-03 3.444357268600825583e-02 3.444357268600825583e-02
5.684897300000000264e+00 1.181300068936535878e-03 3.437004610029692486e-02 3.437004610029692486e-02
5.691090799999999561e+00 1.176202128933378620e-03 3.429580337203633200e-02 3.429580337203633200e-02
5.697284400000000026e+00 1.171063367516340459e-03 3.422080313955738057e-02 3.422080313955738057e-02
5.703477900000000211e+00 1.165884444582148500e-03 3.414505007438337764e-02 3.414505007438337764e-02
