6.126431699999999869e-02 5.916455068634861592e-01
6.746437800000000540e-02 5.919073456166523695e-01
7.366443899999999823e-02 5.921943343423776707e-01
7.986490799999999834e-02 5.925080471032803109e-01
8.606497000000000452e-02 5.928507549523134301e-01
9.226543900000000464e-02 5.932256873944443676e-01
9.846549999999999747e-02 5.936369513782108198e-01
1.046659699999999971e-01 5.940898118250860227e-01
1.108660300000000043e-01 5.945905310741996797e-01
1.170665000000000039e-01 5.951466377958947174e-01
1.232665599999999972e-01 5.957666518034101522e-01
1.294666200000000045e-01 5.964602837899422028e-01
1.356670899999999902e-01 5.972382545853744951e-01
1.418671499999999974e-01 5.981119810289180494e-01
1.480676200000000109e-01 5.990937697836851150e-01
1.542676799999999904e-01 6.001961275034601861e-01
1.604681500000000038e-01 6.014320248395751412e-01
1.666682100000000111e-01 6.028140232948108190e-01
1.728686799999999968e-01 6.043546309518138537e-01
1.790687400000000040e-01 6.060652621868320988e-01
1.852688100000000060e-01 6.079566327240648604e-01
1.914692699999999970e-01 6.100382195487779047e-01
1.976693399999999989e-01 6.123175935055910069e-01
2.038697999999999899e-01 6.148011733508944587e-01
2.100698699999999919e-01 6.174929392902199776e-01
2.162703400000000054e-01 6.203956087217870063e-01
2.224704000000000126e-01 6.235092351175983705e-01
2.286704599999999921e-01 6.268325306117620288e-01
2.348709300000000055e-01 6.303624418869011592e-01
2.410709900000000128e-01 6.340935163090396509e-01
2.472714599999999985e-01 6.380197317601699059e-01
2.534715200000000057e-01 6.421327124926483609e-01
2.596719900000000192e-01 6.464240064178902179e-01
2.658720500000000264e-01 6.508831208561228765e-01
2.720725199999999844e-01 6.554999966398020739e-01
2.782725799999999916e-01 6.602628512543401440e-01
2.844726399999999988e-01 6.651604752822081190e-01
2.906731100000000123e-01 6.701815256234294749e-01
2.968731700000000195e-01 6.753136395858976293e-01
3.030736399999999775e-01 6.805459076314029909e-01
3.092736999999999847e-01 6.858662726621644889e-01
3.154741699999999982e-01 6.912643859818954351e-01
3.216742300000000054e-01 6.967288697191210689e-01
3.278747000000000189e-01 7.022502261095630027e-01
3.340747600000000261e-01 7.078179916738105426e-01
3.402752299999999841e-01 7.134236832438958231e-01
3.464752899999999913e-01 7.190578714316975262e-01
3.526753499999999986e-01 7.247127741974149773e-01
3.588758200000000120e-01 7.303811468951039165e-01
3.650758800000000193e-01 7.360551391693511691e-01
3.712763499999999772e-01 7.417288999584341624e-01
3.774764199999999792e-01 7.473955612954474859e-01
3.836768799999999979e-01 7.530501614895355189e-01
3.898769499999999999e-01 7.586867149273959221e-01
3.960770100000000071e-01 7.643006663445636173e-01
4.022774800000000206e-01 7.698878236664743469e-01
4.084763100000000091e-01 7.754420726166710853e-01
4.146780099999999858e-01 7.809634212793844510e-01
4.208797000000000232e-01 7.864454733037838929e-01
4.270773099999999878e-01 7.918810480399098850e-01
4.332790100000000200e-01 7.972738373341543561e-01
4.394807000000000019e-01 8.026168789711148888e-01
4.456783100000000220e-01 8.079034683557660967e-01
4.518800000000000039e-01 8.131373996171896712e-01
4.580776200000000187e-01 8.183087012514714820e-01
4.642793100000000006e-01 8.234211325497825529e-01
4.704809999999999826e-01 8.284683039764106915e-01
4.766786199999999973e-01 8.334440598167853764e-01
4.828803099999999793e-01 8.383520942157489664e-01
4.890820000000000167e-01 8.431863519710036670e-01
4.952796199999999760e-01 8.479410608150845796e-01
5.014813099999999579e-01 8.526198944400432689e-01
5.076829999999999954e-01 8.572172498694152765e-01
5.138806200000000102e-01 8.617278700342373421e-01
5.200823100000000476e-01 8.661555041323960591e-01
5.262839999999999741e-01 8.704951461246850375e-01
5.324816199999999888e-01 8.747421929268565099e-01
5.386833100000000263e-01 8.789005622538779150e-01
5.448849999999999527e-01 8.829659651395218578e-01
5.510826199999999675e-01 8.869345539135041756e-01
5.572843100000000049e-01 8.908104709449380376e-01
5.634819300000000197e-01 8.945877643493723719e-01
5.696836199999999462e-01 8.982707357527266456e-01
5.758853099999999836e-01 9.018564188569506701e-01
5.820829299999999984e-01 9.053423070398991523e-01
5.882846200000000358e-01 9.087329319173195197e-01
5.944863099999999623e-01 9.120261257419223222e-01
6.006839200000000378e-01 9.152201688276611069e-01
6.068856200000000145e-01 9.183198173219542237e-01
6.130873100000000520e-01 9.213236650115615989e-01
6.192849200000000165e-01 9.242307620710651372e-01
6.254866199999999932e-01 9.270460545111627315e-01
6.316883100000000306e-01 9.297688864290819533e-01
6.378859199999999952e-01 9.323990384641793749e-01
6.440876100000000326e-01 9.349416258580669492e-01
6.502852300000000474e-01 9.373951271773942606e-01
6.564869199999999738e-01 9.397647488079359235e-01
6.626886100000000113e-01 9.420509892229446125e-01
6.688862300000000261e-01 9.442547074917652106e-01
6.750879199999999525e-01 9.463812051432006767e-01
6.812896099999999899e-01 9.484315292858965796e-01
6.874872300000000047e-01 9.504070204211512163e-01
6.936889200000000422e-01 9.523129585359327853e-01
6.998906099999999686e-01 9.541507587218542863e-01
7.060882299999999834e-01 9.559220393854337416e-01
7.122899200000000208e-01 9.576318845336224683e-01
7.184916099999999473e-01 9.592818404538386856e-01
7.246892299999999620e-01 9.608735555280100149e-01
7.308909199999999995e-01 9.624117133864872331e-01
7.370885400000000143e-01 9.638967809463074854e-01
7.432902300000000517e-01 9.653330700117637164e-01
7.494919199999999782e-01 9.667218059480607861e-01
7.556895399999999929e-01 9.680641795228651647e-01
7.618912300000000304e-01 9.693638410032251462e-01
7.680929199999999568e-01 9.706216076372923274e-01
7.742905300000000324e-01 9.718382301407039181e-01
7.804922300000000090e-01 9.730166804083195675e-01
7.866939200000000465e-01 9.741573496897579787e-01
7.928915300000000110e-01 9.752605891152987816e-01
7.990932299999999877e-01 9.763287889609115755e-01
8.052949200000000252e-01 9.773620385106441821e-01
8.114925299999999897e-01 9.783604426107143093e-01
8.176942200000000271e-01 9.793260082432309055e-01
8.238959200000000038e-01 9.802587304453401762e-01
8.300935299999999684e-01 9.811586803260856637e-01
8.362952200000000058e-01 9.820277175292234650e-01
8.424928400000000206e-01 9.828654106921019817e-01
8.486945299999999470e-01 9.836736269840588021e-01
8.548962199999999845e-01 9.844526425193984576e-01
8.610938399999999993e-01 9.852028876195582097e-01
8.672955300000000367e-01 9.859263425797086811e-01
8.734972199999999631e-01 9.866235813541957000e-01
8.796948399999999779e-01 9.872953208659246416e-01
8.858965300000000154e-01 9.879436562862341509e-01
8.920982200000000528e-01 9.885694004615416253e-01
8.982958399999999566e-01 9.891734555113137484e-01
9.044975299999999940e-01 9.897579150006241555e-01
9.106992200000000315e-01 9.903236621229525305e-01
9.168968400000000463e-01 9.908715913129947372e-01
9.230985299999999727e-01 9.914036090287692282e-01
9.292961499999999875e-01 9.919201194641087405e-01
9.354978400000000249e-01 9.924228014518885477e-01
9.416995299999999514e-01 9.929121924561443713e-01
9.478971499999999661e-01 9.933887331384998465e-01
9.540988400000000036e-01 9.938536590666037229e-01
9.603005300000000410e-01 9.943071208135748629e-01
9.664981400000000056e-01 9.947491583190022357e-01
9.726998399999999823e-01 9.951805485559537257e-01
9.789015300000000197e-01 9.956010688679022280e-01
9.850991399999999842e-01 9.960104224617771784e-01
9.913008399999999609e-01 9.964090319399006024e-01
9.975025299999999984e-01 9.967964425531993244e-01
1.003700100000000095e+00 9.971721891088528578e-01
1.009901799999999961e+00 9.975365370054639635e-01
1.016099499999999933e+00 9.978887829313760616e-01
1.022301099999999963e+00 9.982291829202206701e-01
1.028502800000000050e+00 9.985573765614887964e-01
1.034700500000000023e+00 9.988730894599582300e-01
1.040902100000000052e+00 9.991767409484062501e-01
1.047103799999999918e+00 9.994682457565647882e-01
1.053301400000000054e+00 9.997476327345569125e-01
1.059503099999999920e+00 1.000015589766972468e+00
1.065704800000000008e+00 1.000272347136380136e+00
1.071902399999999922e+00 1.000518257936596767e+00
1.078104100000000010e+00 1.000754241619718599e+00
1.084305800000000097e+00 1.000980793789513212e+00
1.090503400000000012e+00 1.001198484765571717e+00
1.096705100000000099e+00 1.001408344078717816e+00
1.102906799999999965e+00 1.001610976392112828e+00
1.109104400000000101e+00 1.001806993998936690e+00
1.115306099999999967e+00 1.001997363863835755e+00
1.121503799999999940e+00 1.002182493258023444e+00
1.127705399999999969e+00 1.002363207050388283e+00
1.133907100000000057e+00 1.002539897278790004e+00
1.140104800000000029e+00 1.002712865382060503e+00
1.146306400000000059e+00 1.002882647659301352e+00
1.152508099999999924e+00 1.003049351047693438e+00
1.158705799999999897e+00 1.003212981984167973e+00
1.164907399999999926e+00 1.003373767858263488e+00
1.171109100000000014e+00 1.003531539707070541e+00
1.177306799999999987e+00 1.003686054107540304e+00
1.183508400000000016e+00 1.003837305814488712e+00
1.189710100000000104e+00 1.003984952369331829e+00
1.195907800000000076e+00 1.004128626226973298e+00
1.202109400000000106e+00 1.004268227455516360e+00
1.208307100000000078e+00 1.004403304879380121e+00
1.214508799999999944e+00 1.004533777968298125e+00
1.220710399999999973e+00 1.004659340809904489e+00
1.226908099999999946e+00 1.004779755582434930e+00
1.233109800000000034e+00 1.004895068741880948e+00
1.239311400000000063e+00 1.005005157592361753e+00
1.245509100000000036e+00 1.005109986970820435e+00
1.251710799999999901e+00 1.005209786895504331e+00
1.257912399999999931e+00 1.005304649876741951e+00
1.264110099999999903e+00 1.005394747094844998e+00
1.270311799999999991e+00 1.005480471674185416e+00
1.276513400000000020e+00 1.005562085199452449e+00
1.282711099999999993e+00 1.005639896357376051e+00
1.288912700000000022e+00 1.005714378255148533e+00
1.295110399999999995e+00 1.005785819442234663e+00
1.301312100000000083e+00 1.005854688039542255e+00
1.307513699999999890e+00 1.005921295653702918e+00
1.313711400000000085e+00 1.005985934216613975e+00
1.319913099999999950e+00 1.006048978556806750e+00
1.326114699999999980e+00 1.006110632036226527e+00
1.332312399999999952e+00 1.006171053106106994e+00
1.338514100000000040e+00 1.006230459018525814e+00
1.344715700000000069e+00 1.006288894144531376e+00
1.350913400000000042e+00 1.006346353942109362e+00
1.357115099999999908e+00 1.006402891186592319e+00
1.363316699999999937e+00 1.006458401697933658e+00
1.369514399999999910e+00 1.006512748121926482e+00
1.375716099999999997e+00 1.006565864860383464e+00
1.381913699999999912e+00 1.006617526289048881e+00
1.388115399999999999e+00 1.006667632006658541e+00
1.394317100000000087e+00 1.006715975365470195e+00
1.400514700000000001e+00 1.006762360034794357e+00
1.406716400000000089e+00 1.006806694872741215e+00
1.412918099999999955e+00 1.006848816689251302e+00
1.419115700000000091e+00 1.006888594638005063e+00
1.425317399999999957e+00 1.006926006967220122e+00
1.431519100000000044e+00 1.006960985927511043e+00
1.437716699999999959e+00 1.006993505276851719e+00
1.443918400000000046e+00 1.007023637483003053e+00
1.450120099999999912e+00 1.007051423165618464e+00
1.456317700000000048e+00 1.007076939849011366e+00
1.462519399999999914e+00 1.007100341863532256e+00
1.468721100000000002e+00 1.007121754568436112e+00
1.474918699999999916e+00 1.007141325696338630e+00
1.481120400000000004e+00 1.007159252749510125e+00
1.487317999999999918e+00 1.007175689419932407e+00
1.493519700000000006e+00 1.007190835443817933e+00
1.499721400000000093e+00 1.007204852833996966e+00
1.505919000000000008e+00 1.007217897219644387e+00
1.512120700000000095e+00 1.007230136387506469e+00
1.518322399999999961e+00 1.007241695438039430e+00
1.524520000000000097e+00 1.007252682326921889e+00
1.530721699999999963e+00 1.007263206095746710e+00
1.536923400000000051e+00 1.007273332651744013e+00
1.543120999999999965e+00 1.007283107847420922e+00
1.549322700000000053e+00 1.007292576455390831e+00
1.555524399999999918e+00 1.007301744768307028e+00
1.561722000000000055e+00 1.007310602751429141e+00
1.567923699999999920e+00 1.007319142911922816e+00
1.574121300000000057e+00 1.007327322260366032e+00
1.580322999999999922e+00 1.007335109913513493e+00
1.586524700000000010e+00 1.007342451162523966e+00
1.592722299999999924e+00 1.007349287488061407e+00
1.598924000000000012e+00 1.007355571088618174e+00
1.605125700000000100e+00 1.007361239774202000e+00
1.611323300000000014e+00 1.007366234207164313e+00
1.617525000000000102e+00 1.007370507579485208e+00
1.623726699999999967e+00 1.007374007080789058e+00
1.629924300000000104e+00 1.007376687220134848e+00
1.636125999999999969e+00 1.007378513751829185e+00
1.642327700000000057e+00 1.007379453726102270e+00
1.648525299999999971e+00 1.007379484017384863e+00
1.654727000000000059e+00 1.007378589211640696e+00
1.660924599999999973e+00 1.007376763347264781e+00
1.667126300000000061e+00 1.007374005436161957e+00
1.673327999999999927e+00 1.007370326585586007e+00
1.679525600000000063e+00 1.007365749217422835e+00
1.685727299999999929e+00 1.007360295263158401e+00
1.691929000000000016e+00 1.007354004250191393e+00
1.698126599999999931e+00 1.007346926440713775e+00
1.704328300000000018e+00 1.007339105863093831e+00
1.710530000000000106e+00 1.007330607810882572e+00
1.716727600000000020e+00 1.007321505924914984e+00
1.722929300000000108e+00 1.007311860988730823e+00
1.729130999999999974e+00 1.007301755741505156e+00
1.735328600000000110e+00 1.007291276547139791e+00
1.741530299999999976e+00 1.007280489371619847e+00
1.747732000000000063e+00 1.007269479414525826e+00
1.753929599999999978e+00 1.007258328808684267e+00
1.760131300000000065e+00 1.007247091600232070e+00
1.766328899999999980e+00 1.007235843315093859e+00
1.772530600000000067e+00 1.007224619638803276e+00
1.778732299999999933e+00 1.007213466590765050e+00
1.784929900000000069e+00 1.007202416456814742e+00
1.791131599999999935e+00 1.007191464916233681e+00
1.797333300000000023e+00 1.007180614253158302e+00
1.803530899999999937e+00 1.007169851022708729e+00
1.809732600000000025e+00 1.007159125445307168e+00
1.815934299999999890e+00 1.007148395162893006e+00
1.822131900000000027e+00 1.007137605560973759e+00
1.828333599999999892e+00 1.007126670542701996e+00
1.834535299999999980e+00 1.007115517985645248e+00
1.840732899999999894e+00 1.007104072077522838e+00
1.846934599999999982e+00 1.007092233335913800e+00
1.853132199999999896e+00 1.007079935810770488e+00
1.859333899999999984e+00 1.007067087782808512e+00
1.865535600000000072e+00 1.007053631402322624e+00
1.871733199999999986e+00 1.007039523243733248e+00
1.877934900000000074e+00 1.007024707253095785e+00
1.884136599999999939e+00 1.007009172913293948e+00
1.890334200000000076e+00 1.006992930913037876e+00
1.896535899999999941e+00 1.006975979598343729e+00
1.902737600000000029e+00 1.006958369468310188e+00
1.908935199999999943e+00 1.006940172064593630e+00
1.915136900000000031e+00 1.006921440272968926e+00
1.921338599999999897e+00 1.006902278212451263e+00
1.927536200000000033e+00 1.006882803273613014e+00
1.933737899999999899e+00 1.006863102493288142e+00
1.939935500000000035e+00 1.006843318907243434e+00
1.946137199999999901e+00 1.006823543283120959e+00
1.952338899999999988e+00 1.006803901016876557e+00
1.958536499999999902e+00 1.006784508044545889e+00
1.964738199999999990e+00 1.006765428598926260e+00
1.970939900000000078e+00 1.006746748607111552e+00
1.977137499999999992e+00 1.006728533012281712e+00
1.983339200000000080e+00 1.006710788565980508e+00
1.989540899999999946e+00 1.006693534831872627e+00
1.995738500000000082e+00 1.006676766233250309e+00
2.001940199999999948e+00 1.006660420845101100e+00
2.008141900000000035e+00 1.006644448519444124e+00
2.014339500000000172e+00 1.006628779025720455e+00
2.020541199999999815e+00 1.006613295364897853e+00
2.026742899999999903e+00 1.006597899855571576e+00
2.032940500000000039e+00 1.006582487259064740e+00
2.039142200000000127e+00 1.006566919234335389e+00
2.045339799999999819e+00 1.006551100869782722e+00
2.051541499999999907e+00 1.006534902786735852e+00
2.057743199999999995e+00 1.006518238499717777e+00
2.063940800000000131e+00 1.006501038422072281e+00
2.070142500000000219e+00 1.006483217739376990e+00
2.076344199999999862e+00 1.006464747224347533e+00
2.082541799999999999e+00 1.006445622732333955e+00
2.088743500000000086e+00 1.006425826094308862e+00
2.094945200000000174e+00 1.006405400807847128e+00
2.101142799999999866e+00 1.006384414725630227e+00
2.107344499999999954e+00 1.006362914412908260e+00
2.113546200000000042e+00 1.006341005529356680e+00
2.119743800000000178e+00 1.006318808665926934e+00
2.125945499999999821e+00 1.006296409797194036e+00
2.132143099999999958e+00 1.006273958661688006e+00
2.138344800000000046e+00 1.006251545787332669e+00
2.144546500000000133e+00 1.006229301451141867e+00
2.150744099999999825e+00 1.006207345982775614e+00
2.156945799999999913e+00 1.006185742463260757e+00
2.163147500000000001e+00 1.006164580348537951e+00
2.169345100000000137e+00 1.006143927748937461e+00
2.175546799999999781e+00 1.006123789770053012e+00
2.181748499999999868e+00 1.006104189514793967e+00
2.187946100000000005e+00 1.006085125505229882e+00
2.194147800000000093e+00 1.006066536401309941e+00
2.200349500000000180e+00 1.006048378536248400e+00
2.206547099999999872e+00 1.006030589541579534e+00
2.212748799999999960e+00 1.006013057734547855e+00
2.218946400000000096e+00 1.005995708044626680e+00
2.225148100000000184e+00 1.005978413299392749e+00
2.231349799999999828e+00 1.005961079344162679e+00
2.237547399999999964e+00 1.005943615173738648e+00
2.243749100000000052e+00 1.005925902396198834e+00
2.249950800000000140e+00 1.005907868314792175e+00
2.256148399999999832e+00 1.005889455532187560e+00
2.262350099999999919e+00 1.005870587125799354e+00
2.268551800000000007e+00 1.005851241589940770e+00
2.274749400000000144e+00 1.005831418786869769e+00
2.280951099999999787e+00 1.005811099448283175e+00
2.287152799999999875e+00 1.005790323268502595e+00
2.293350400000000011e+00 1.005769149509037730e+00
2.299552100000000099e+00 1.005747611502412653e+00
2.305749699999999791e+00 1.005725812486905735e+00
2.311951399999999879e+00 1.005703808654027531e+00
2.318153099999999966e+00 1.005681705997910402e+00
2.324350700000000103e+00 1.005659613500383687e+00
2.330552400000000191e+00 1.005637595109380555e+00
2.336754099999999834e+00 1.005615753761772480e+00
2.342951699999999970e+00 1.005594183542643183e+00
2.349153400000000058e+00 1.005572924348247632e+00
2.355355100000000146e+00 1.005552045073733192e+00
2.361552699999999838e+00 1.005531597835837454e+00
2.367754399999999926e+00 1.005511577368789267e+00
2.373956100000000013e+00 1.005492001806658875e+00
2.380153700000000150e+00 1.005472871130604462e+00
2.386355399999999793e+00 1.005454131547195873e+00
2.392557099999999881e+00 1.005435753064089832e+00
2.398754700000000017e+00 1.005417692664613227e+00
2.404956400000000105e+00 1.005399862158770752e+00
2.411153999999999797e+00 1.005382214368457205e+00
2.417355699999999885e+00 1.005364651692324918e+00
2.423557399999999973e+00 1.005347111236786439e+00
2.429755000000000109e+00 1.005329532729051900e+00
2.435956700000000197e+00 1.005311826478345161e+00
2.442158399999999840e+00 1.005293945534363909e+00
2.448355999999999977e+00 1.005275853344323789e+00
2.454557700000000064e+00 1.005257488886364348e+00
2.460759400000000152e+00 1.005238839474085433e+00
2.466956999999999844e+00 1.005219906172570843e+00
2.473158699999999932e+00 1.005200665332944832e+00
2.479360400000000020e+00 1.005181143179165071e+00
2.485558000000000156e+00 1.005161378025662078e+00
2.491759699999999800e+00 1.005141378783140027e+00
2.497957299999999936e+00 1.005121215063090379e+00
2.504159000000000024e+00 1.005100909523855890e+00
2.510360700000000111e+00 1.005080528783121041e+00
2.516558299999999804e+00 1.005060141401573182e+00
2.522759999999999891e+00 1.005039775015976966e+00
2.528961699999999979e+00 1.005019495258227868e+00
2.535159300000000115e+00 1.004999363186540151e+00
2.541361000000000203e+00 1.004979394001752624e+00
2.547562699999999847e+00 1.004959635736384582e+00
2.553760299999999983e+00 1.004940127772826042e+00
2.559962000000000071e+00 1.004920862213714905e+00
2.566163700000000158e+00 1.004901861169548827e+00
2.572361299999999851e+00 1.004883137454410713e+00
2.578562999999999938e+00 1.004864658720157067e+00
2.584760600000000075e+00 1.004846434542296940e+00
2.590962300000000162e+00 1.004828419661121464e+00
2.597163999999999806e+00 1.004810599957607131e+00
2.603361599999999942e+00 1.004792956998556752e+00
2.609563300000000030e+00 1.004775434934388700e+00
2.615765000000000118e+00 1.004758011819275598e+00
2.621962599999999810e+00 1.004740665558740087e+00
2.628164299999999898e+00 1.004723340925997910e+00
2.634365999999999985e+00 1.004706019386815141e+00
2.640563600000000122e+00 1.004688685497363787e+00
2.646765300000000209e+00 1.004671293166748969e+00
2.652966999999999853e+00 1.004653834900995024e+00
2.659164599999999989e+00 1.004636307872792234e+00
2.665366300000000077e+00 1.004618679049554153e+00
2.671568000000000165e+00 1.004600954702515203e+00
2.677765599999999857e+00 1.004583145717525827e+00
2.683967299999999945e+00 1.004565231675759840e+00
2.690164900000000081e+00 1.004547243094221054e+00
2.696366600000000169e+00 1.004529166265260010e+00
2.702568299999999812e+00 1.004511025945981517e+00
2.708765899999999949e+00 1.004492849357611961e+00
2.714967600000000036e+00 1.004474629439340516e+00
2.721169300000000124e+00 1.004456396541387742e+00
2.727366899999999816e+00 1.004438181939026009e+00
2.733568599999999904e+00 1.004419981220830982e+00
2.739770299999999992e+00 1.004401826208069393e+00
2.745967900000000128e+00 1.004383748294010559e+00
2.752169600000000216e+00 1.004365742344871082e+00
2.758371299999999859e+00 1.004347838131991244e+00
2.764568899999999996e+00 1.004330063819105945e+00
2.770770600000000083e+00 1.004312410661563293e+00
2.776968200000000220e+00 1.004294914774562786e+00
2.783169899999999863e+00 1.004277563493722436e+00
2.789371599999999951e+00 1.004260376329931814e+00
2.795569200000000087e+00 1.004243369481173875e+00
2.801770900000000175e+00 1.004226522319538129e+00
2.807972599999999819e+00 1.004209844698622955e+00
2.814170199999999955e+00 1.004193342562987423e+00
2.820371900000000043e+00 1.004176985640855113e+00
2.826573600000000130e+00 1.004160772973362814e+00
2.832771199999999823e+00 1.004144699880713310e+00
2.838972899999999910e+00 1.004128726749668354e+00
2.845174599999999998e+00 1.004112843197219940e+00
2.851372200000000134e+00 1.004097036412556321e+00
2.857573899999999778e+00 1.004081260673653553e+00
2.863775599999999866e+00 1.004065500791744059e+00
2.869973200000000002e+00 1.004049741506392035e+00
2.876174900000000090e+00 1.004033937130204723e+00
2.882372600000000062e+00 1.004018085236808799e+00
2.888574199999999870e+00 1.004002145186079664e+00
2.894775899999999957e+00 1.003986109741949795e+00
2.900973500000000094e+00 1.003969977239495437e+00
2.907175200000000181e+00 1.003953718674394757e+00
2.913376899999999825e+00 1.003937342502523311e+00
2.919574499999999961e+00 1.003920863300853172e+00
2.925776200000000049e+00 1.003904268841429692e+00
2.931977900000000137e+00 1.003887585408590022e+00
2.938175499999999829e+00 1.003870845014535496e+00
2.944377199999999917e+00 1.003854051340252074e+00
2.950578900000000004e+00 1.003837245407633860e+00
2.956776500000000141e+00 1.003820471385994839e+00
2.962978199999999784e+00 1.003803742092966855e+00
2.969175900000000201e+00 1.003787114999383556e+00
2.975377500000000008e+00 1.003770603813965545e+00
2.981579200000000096e+00 1.003754251541805420e+00
2.987776900000000069e+00 1.003738098061564443e+00
2.993978499999999876e+00 1.003722147226074668e+00
3.000180199999999964e+00 1.003706427568428872e+00
3.006377899999999936e+00 1.003690961003486759e+00
3.012579500000000188e+00 1.003675732117416342e+00
3.018781199999999831e+00 1.003660746998427111e+00
3.024978899999999804e+00 1.003646004032290096e+00
3.031180500000000055e+00 1.003631465602179862e+00
3.037382200000000143e+00 1.003617115092317214e+00
3.043579900000000116e+00 1.003602930125021109e+00
3.049781499999999923e+00 1.003588856106097493e+00
3.055979199999999896e+00 1.003574870863021218e+00
3.062180899999999983e+00 1.003560914830284423e+00
3.068382499999999791e+00 1.003546955349723602e+00
3.074580200000000207e+00 1.003532960624630155e+00
3.080781899999999851e+00 1.003518875618347295e+00
3.086983500000000102e+00 1.003504677087964980e+00
3.093181200000000075e+00 1.003490347490386236e+00
3.099382900000000163e+00 1.003475849421541888e+00
3.105584499999999970e+00 1.003461181265600022e+00
3.111782199999999943e+00 1.003446349746839994e+00
3.117983800000000194e+00 1.003431342569774731e+00
3.124185499999999838e+00 1.003416183765845293e+00
3.130383199999999810e+00 1.003400906558884698e+00
3.136584800000000062e+00 1.003385521755881804e+00
3.142782500000000034e+00 1.003370084965907960e+00
3.148984200000000122e+00 1.003354617358884315e+00
3.155185799999999929e+00 1.003339172898391807e+00
3.161383499999999902e+00 1.003323805835950155e+00
3.167585199999999990e+00 1.003308540655709846e+00
3.173786799999999797e+00 1.003293429021415939e+00
3.179984500000000214e+00 1.003278517109236878e+00
3.186186199999999857e+00 1.003263817066367025e+00
3.192387800000000109e+00 1.003249362712138604e+00
3.198585500000000081e+00 1.003235178257112947e+00
3.204787200000000169e+00 1.003221252277398001e+00
3.210988799999999976e+00 1.003207591647697017e+00
3.217186499999999949e+00 1.003194192786678318e+00
3.223388200000000037e+00 1.003181018300173255e+00
3.229589799999999844e+00 1.003168049038531295e+00
3.235787499999999817e+00 1.003155258147184314e+00
3.241989199999999904e+00 1.003142589609121726e+00
3.248186800000000041e+00 1.003130016867547880e+00
3.254388500000000128e+00 1.003117478529559792e+00
3.260590200000000216e+00 1.003104938387976874e+00
3.266787799999999908e+00 1.003092362301830631e+00
3.272989499999999996e+00 1.003079694961469537e+00
3.279191200000000084e+00 1.003066911324762334e+00
3.285388800000000220e+00 1.003053993320316417e+00
3.291590499999999864e+00 1.003040904905547093e+00
3.297792199999999951e+00 1.003027644034203858e+00
3.303989800000000088e+00 1.003014217884094617e+00
3.310191500000000175e+00 1.003000615701727272e+00
3.316393199999999819e+00 1.002986861737199753e+00
3.322590799999999955e+00 1.002972988335830484e+00
3.328792500000000043e+00 1.002959006939430742e+00
3.334990100000000179e+00 1.002944971191818135e+00
3.341191799999999823e+00 1.002930901599149438e+00
3.347393499999999911e+00 1.002916848765536884e+00
3.353591100000000047e+00 1.002902863755174900e+00
3.359792800000000135e+00 1.002888968650814006e+00
3.365994499999999778e+00 1.002875210436860343e+00
3.372192099999999915e+00 1.002861631315250968e+00
3.378393800000000002e+00 1.002848240840417127e+00
3.384595500000000090e+00 1.002835068788375361e+00
3.390793099999999782e+00 1.002822136811386544e+00
3.396994799999999870e+00 1.002809432997175954e+00
3.403196499999999958e+00 1.002796963131665775e+00
3.409394100000000094e+00 1.002784724613607015e+00
3.415595800000000182e+00 1.002772683447670898e+00
3.421793399999999874e+00 1.002760831474605485e+00
3.427995099999999962e+00 1.002749123739072434e+00
3.434196800000000049e+00 1.002737534989021073e+00
3.440394400000000186e+00 1.002726037244453972e+00
3.446596099999999829e+00 1.002714578835042891e+00
3.452797799999999917e+00 1.002703131503479783e+00
3.458995400000000053e+00 1.002691668986750217e+00
3.465197100000000141e+00 1.002680145612655283e+00
3.471398799999999785e+00 1.002668542904677329e+00
3.477596399999999921e+00 1.002656847985891941e+00
3.483798100000000009e+00 1.002645030812330473e+00
3.489999800000000096e+00 1.002633090988092057e+00
3.496197399999999789e+00 1.002621035048896658e+00
3.502399099999999876e+00 1.002608852038560538e+00
3.508600799999999964e+00 1.002596560971430906e+00
3.514798400000000100e+00 1.002584186592192284e+00
3.521000100000000188e+00 1.002571733667599441e+00
3.527197699999999880e+00 1.002559243401324851e+00
3.533399399999999968e+00 1.002546726536703181e+00
3.539601100000000056e+00 1.002534219939318350e+00
3.545798700000000192e+00 1.002521760581915000e+00
3.552000399999999836e+00 1.002509359686053259e+00
3.558202099999999923e+00 1.002497051123914185e+00
3.564399700000000060e+00 1.002484865463771246e+00
3.570601400000000147e+00 1.002472805263827871e+00
3.576803099999999791e+00 1.002460892853452412e+00
3.583000699999999927e+00 1.002449145315544188e+00
3.589202400000000015e+00 1.002437551425549467e+00
3.595404100000000103e+00 1.002426118317517156e+00
3.601601699999999795e+00 1.002414847931061725e+00
3.607803399999999883e+00 1.002403715537613538e+00
3.614001000000000019e+00 1.002392722275068149e+00
3.620202700000000107e+00 1.002381836928463388e+00
3.626404400000000194e+00 1.002371047844016649e+00
3.632601999999999887e+00 1.002360341664851884e+00
3.638803699999999974e+00 1.002349683218914045e+00
3.645005400000000062e+00 1.002339058821197559e+00
3.651203000000000198e+00 1.002328455694241338e+00
3.657404699999999842e+00 1.002317841713079138e+00
3.663606399999999930e+00 1.002307208053866860e+00
3.669804000000000066e+00 1.002296548663406561e+00
3.676005700000000154e+00 1.002285839371616749e+00
3.682207399999999797e+00 1.002275080379093852e+00
3.688404999999999934e+00 1.002264275300530860e+00
3.694606700000000021e+00 1.002253409502480430e+00
3.700804300000000158e+00 1.002242500037419104e+00
3.707005999999999801e+00 1.002231537899824110e+00
3.713207699999999889e+00 1.002220538101107561e+00
3.719405300000000025e+00 1.002209517707227659e+00
3.725607000000000113e+00 1.002198473398334455e+00
3.731808700000000201e+00 1.002187424748135713e+00
3.738006299999999893e+00 1.002176391893665475e+00
3.744207999999999981e+00 1.002165373176295837e+00
3.750409700000000068e+00 1.002154388532212836e+00
3.756607300000000205e+00 1.002143457128020998e+00
3.762808999999999848e+00 1.002132575454735441e+00
3.769010699999999936e+00 1.002121760476641033e+00
3.775208300000000072e+00 1.002111027549195788e+00
3.781410000000000160e+00 1.002100369185418449e+00
3.787611699999999804e+00 1.002089797590828280e+00
3.793809299999999940e+00 1.002079323082320839e+00
3.800011000000000028e+00 1.002068933576440557e+00
3.806208600000000164e+00 1.002058642999801963e+00
3.812410299999999808e+00 1.002048436423378819e+00
3.818611999999999895e+00 1.002038317969734305e+00
3.824809600000000032e+00 1.002028290245960740e+00
3.831011300000000119e+00 1.002018334829893886e+00
3.837213000000000207e+00 1.002008452200689126e+00
3.843410599999999899e+00 1.001998641758978348e+00
3.849612299999999987e+00 1.001988882714099915e+00
3.855814000000000075e+00 1.001979173163622949e+00
3.862011600000000211e+00 1.001969510630029481e+00
3.868213299999999855e+00 1.001959873193624562e+00
3.874414999999999942e+00 1.001950258010466221e+00
3.880612600000000079e+00 1.001940662255418113e+00
3.886814300000000166e+00 1.001931064342957534e+00
3.893011899999999859e+00 1.001921468568252482e+00
3.899213599999999946e+00 1.001911854538575231e+00
3.905415300000000034e+00 1.001902221829693795e+00
3.911612900000000170e+00 1.001892571219211714e+00
3.917814599999999814e+00 1.001882885692747305e+00
3.924016299999999902e+00 1.001873168941345371e+00
3.930213900000000038e+00 1.001863426467339613e+00
3.936415600000000126e+00 1.001853646286404276e+00
3.942617300000000213e+00 1.001843837679085025e+00
3.948814899999999906e+00 1.001834011960299531e+00
3.955016599999999993e+00 1.001824162851774780e+00
3.961218300000000081e+00 1.001814305373931679e+00
3.967415900000000217e+00 1.001804456178666092e+00
3.973617599999999861e+00 1.001794613714257931e+00
3.979815199999999997e+00 1.001784803474717434e+00
3.986016900000000085e+00 1.001775025585752266e+00
3.992218600000000173e+00 1.001765299826551825e+00
3.998416199999999865e+00 1.001755645521143823e+00
4.004617900000000397e+00 1.001746062030844486e+00
4.010819599999999596e+00 1.001736566587028587e+00
4.017017199999999733e+00 1.001727174394917430e+00
4.023218899999999820e+00 1.001717879824800983e+00
4.029420599999999908e+00 1.001708693337658218e+00
4.035618200000000044e+00 1.001699622252259836e+00
4.041819900000000132e+00 1.001690652891952915e+00
4.048021600000000220e+00 1.001681786535844054e+00
4.054219200000000356e+00 1.001673021183735246e+00
4.060420900000000444e+00 1.001664334662420996e+00
4.066618499999999692e+00 1.001655725404256847e+00
4.072820199999999780e+00 1.001647166900826669e+00
4.079017799999999916e+00 1.001638653847791938e+00
4.085211400000000381e+00 1.001630168534362486e+00
4.091404899999999678e+00 1.001621687883382128e+00
4.097639199999999704e+00 1.001613138488329557e+00
4.103832699999999889e+00 1.001604616094209144e+00
4.110026300000000354e+00 1.001596050448469555e+00
4.116219799999999651e+00 1.001587430057915284e+00
4.122413400000000117e+00 1.001578745856966490e+00
4.128606900000000302e+00 1.001569992742523008e+00
4.134841200000000327e+00 1.001561110527568133e+00
4.141034699999999624e+00 1.001552217650708343e+00
4.147228300000000090e+00 1.001543262088444797e+00
4.153421800000000275e+00 1.001534253819265086e+00
4.159615399999999852e+00 1.001525205591909051e+00
4.165808900000000037e+00 1.001516133620179216e+00
4.172043200000000063e+00 1.001506996188198384e+00
4.178236700000000248e+00 1.001497932788053102e+00
4.184430299999999825e+00 1.001488904043154049e+00
4.190623800000000010e+00 1.001479930758953474e+00
4.196817399999999587e+00 1.001471032249866777e+00
4.203010899999999772e+00 1.001462226666581579e+00
4.209245199999999798e+00 1.001453472309483228e+00
4.215438699999999983e+00 1.001444895983837124e+00
4.221632299999999560e+00 1.001436448294016790e+00
4.227825799999999745e+00 1.001428133782110486e+00
4.234019400000000211e+00 1.001419952091446630e+00
4.240212900000000396e+00 1.001411899001719563e+00
4.246447200000000421e+00 1.001403913757188846e+00
4.252640699999999718e+00 1.001396088145140695e+00
4.258834300000000184e+00 1.001388353312121282e+00
4.265027800000000369e+00 1.001380690652009298e+00
4.271221399999999946e+00 1.001373079058650362e+00
4.277414900000000131e+00 1.001365496768338303e+00
4.283649200000000157e+00 1.001357871469002569e+00
4.289842700000000342e+00 1.001350281253188923e+00
4.296036299999999919e+00 1.001342656053622715e+00
4.302229800000000104e+00 1.001334978443312540e+00
4.308423399999999681e+00 1.001327233591288612e+00
4.314616899999999866e+00 1.001319410849036862e+00
4.320810400000000051e+00 1.001311503319725738e+00
4.327044700000000077e+00 1.001303455677384102e+00
4.333238299999999654e+00 1.001295375268588250e+00
4.339431799999999839e+00 1.001287216517057654e+00
4.345625400000000305e+00 1.001278989824227805e+00
4.351818899999999601e+00 1.001270709796956204e+00
4.358012399999999786e+00 1.001262393722664790e+00
4.364246699999999812e+00 1.001254006476687275e+00
4.370440300000000278e+00 1.001245679125062127e+00
4.376633799999999574e+00 1.001237379019238594e+00
4.382827400000000040e+00 1.001229127552405007e+00
4.389020900000000225e+00 1.001220945469009971e+00
4.395214400000000410e+00 1.001212851080959920e+00
4.401448700000000436e+00 1.001204807772087646e+00
4.407642300000000013e+00 1.001196932972458598e+00
4.413835800000000198e+00 1.001189182221262408e+00
4.420029399999999775e+00 1.001181559313570668e+00
4.426222899999999960e+00 1.001174064175076373e+00
4.432416400000000145e+00 1.001166692052301688e+00
4.438650700000000171e+00 1.001159386789264083e+00
4.444844299999999748e+00 1.001152231452925978e+00
4.451037799999999933e+00 1.001145162625758589e+00
4.457231400000000399e+00 1.001138162191363978e+00
4.463424899999999695e+00 1.001131210848287045e+00
4.469618399999999880e+00 1.001124288144222163e+00
4.475852699999999906e+00 1.001117328210885615e+00
4.482046300000000372e+00 1.001110402493547991e+00
4.488239799999999669e+00 1.001103447879256203e+00
4.494433299999999853e+00 1.001096448815808948e+00
4.500626900000000319e+00 1.001089392674235024e+00
4.506820399999999616e+00 1.001082270546561626e+00
4.513054699999999642e+00 1.001075029236580649e+00
4.519248300000000107e+00 1.001067761793728472e+00
4.525441800000000292e+00 1.001060423533779442e+00
4.531635299999999589e+00 1.001053020228653834e+00
4.537828900000000054e+00 1.001045560990325933e+00
4.544022400000000239e+00 1.001038058193340685e+00
4.550256700000000265e+00 1.001030476519128465e+00
4.556450299999999842e+00 1.001022931362532287e+00
4.562643800000000027e+00 1.001015390631320168e+00
4.568837300000000212e+00 1.001007871687380257e+00
4.575030899999999789e+00 1.001000391453564786e+00
4.581224399999999974e+00 1.000992966087020486e+00
4.587458700000000000e+00 1.000985561424468040e+00
4.593652299999999578e+00 1.000978286197623746e+00
4.599845799999999763e+00 1.000971101077313463e+00
4.606039299999999947e+00 1.000964012060247210e+00
4.612232900000000413e+00 1.000957021960120930e+00
4.618426399999999710e+00 1.000950130710141828e+00
4.624660699999999736e+00 1.000943290327063195e+00
4.630854300000000201e+00 1.000936583908128563e+00
4.637047800000000386e+00 1.000929957758507349e+00
4.643241299999999683e+00 1.000923400836615018e+00
4.649434900000000148e+00 1.000916900516473529e+00
4.655628400000000333e+00 1.000910443450953036e+00
4.661862700000000359e+00 1.000903973237366129e+00
4.668056299999999936e+00 1.000897560474482306e+00
4.674249800000000121e+00 1.000891149689070891e+00
4.680443300000000306e+00 1.000884728665423218e+00
4.686636899999999883e+00 1.000878286755276569e+00
4.692830400000000068e+00 1.000871815533368681e+00
4.699064700000000094e+00 1.000865265429584205e+00
4.705258299999999672e+00 1.000858717902110895e+00
4.711451799999999857e+00 1.000852128653516582e+00
4.717645300000000042e+00 1.000845498144301127e+00
4.723838899999999619e+00 1.000838829034781163e+00
4.730032399999999804e+00 1.000832126301974823e+00
4.736266699999999830e+00 1.000825351909715000e+00
4.742460300000000295e+00 1.000818602332901097e+00
4.748653799999999592e+00 1.000811842434063292e+00
4.754847299999999777e+00 1.000805081638683092e+00
4.761040900000000242e+00 1.000798329621344296e+00
4.767234400000000427e+00 1.000791596257595728e+00
4.773428000000000004e+00 1.000784890513275238e+00
4.779662300000000030e+00 1.000778177205395414e+00
4.785855800000000215e+00 1.000771551487260158e+00
4.792049300000000400e+00 1.000764975395550538e+00
4.798242899999999977e+00 1.000758453532865966e+00
4.804436400000000162e+00 1.000751989343853676e+00
4.810629999999999740e+00 1.000745584358910811e+00
4.816864299999999766e+00 1.000739197459376451e+00
4.823057799999999951e+00 1.000732911030829397e+00
4.829251300000000136e+00 1.000726680723537543e+00
4.835444899999999713e+00 1.000720502993266425e+00
4.841638399999999898e+00 1.000714373687832559e+00
4.847832000000000363e+00 1.000708287547713127e+00
4.854066300000000389e+00 1.000702199468314957e+00
4.860259799999999686e+00 1.000696183125988847e+00
4.866453299999999871e+00 1.000690192561356051e+00
4.872646900000000336e+00 1.000684221734142954e+00
4.878840399999999633e+00 1.000678265101820896e+00
4.885034000000000098e+00 1.000672317077907936e+00
4.891268300000000124e+00 1.000666333756749404e+00
4.897461800000000309e+00 1.000660388931795985e+00
4.903655299999999606e+00 1.000654439646018412e+00
4.909848900000000071e+00 1.000648482666371297e+00
4.916042400000000256e+00 1.000642515736550164e+00
4.922235999999999834e+00 1.000636536922580921e+00
4.928470199999999579e+00 1.000630505975886875e+00
4.934663800000000045e+00 1.000624501139895539e+00
4.940857300000000230e+00 1.000618483681100734e+00
4.947050899999999807e+00 1.000612454502067150e+00
4.953244399999999992e+00 1.000606415568066065e+00
4.959437999999999569e+00 1.000600369101086962e+00
4.965672200000000203e+00 1.000594278554957750e+00
4.971865799999999780e+00 1.000588226872627162e+00
4.978059299999999965e+00 1.000582178600900596e+00
4.984252900000000430e+00 1.000576138082221789e+00
4.990446399999999727e+00 1.000570110396921342e+00
4.996640000000000192e+00 1.000564100479585994e+00
5.002874199999999938e+00 1.000558074523944185e+00
5.009067800000000403e+00 1.000552116286160143e+00
5.015261299999999700e+00 1.000546191612756708e+00
5.021454900000000166e+00 1.000540305066136559e+00
5.027648400000000350e+00 1.000534461102115857e+00
5.033841999999999928e+00 1.000528663145190622e+00
5.040076199999999673e+00 1.000522876573143982e+00
5.046269800000000139e+00 1.000517178611879388e+00
5.052463300000000324e+00 1.000511532271886050e+00
5.058656899999999901e+00 1.000505936971275212e+00
5.064850400000000086e+00 1.000500391268720479e+00
5.071043999999999663e+00 1.000494892126996049e+00
5.077278200000000297e+00 1.000489399935268864e+00
5.083471799999999874e+00 1.000483981012440182e+00
5.089665300000000059e+00 1.000478593359145352e+00
5.095858899999999636e+00 1.000473229801721153e+00
5.102052399999999821e+00 1.000467882916953544e+00
5.108246000000000286e+00 1.000462544593436753e+00
5.114480200000000032e+00 1.000457171914124199e+00
5.120673799999999609e+00 1.000451827056760612e+00
5.126867299999999794e+00 1.000446467913317150e+00
5.133060900000000260e+00 1.000441087941877250e+00
5.139254399999999556e+00 1.000435682068260723e+00
5.145448000000000022e+00 1.000430246236279963e+00
5.151682199999999767e+00 1.000424742267135070e+00
5.157875800000000233e+00 1.000419241253685643e+00
5.164069300000000418e+00 1.000413708760858889e+00
5.170262899999999995e+00 1.000408147636430822e+00
5.176456400000000180e+00 1.000402562841253395e+00
5.182649999999999757e+00 1.000396960598562091e+00
5.188884200000000391e+00 1.000391312021728041e+00
5.195077799999999968e+00 1.000385699704622100e+00
5.201271300000000153e+00 1.000380096767413463e+00
5.207464899999999730e+00 1.000374513268147858e+00
5.213658399999999915e+00 1.000368959666625424e+00
5.219851900000000100e+00 1.000363445773569948e+00
5.226045499999999677e+00 1.000357980607810671e+00
5.232279799999999703e+00 1.000352536838700290e+00
5.238473299999999888e+00 1.000347192032116750e+00
5.244666900000000354e+00 1.000341914797586718e+00
5.250860399999999650e+00 1.000336707747520482e+00
5.257053899999999835e+00 1.000331571020055765e+00
5.263247500000000301e+00 1.000326502486593716e+00
5.269481800000000327e+00 1.000321465266835741e+00
5.275675299999999623e+00 1.000316518801930732e+00
5.281868900000000089e+00 1.000311621603082290e+00
5.288062400000000274e+00 1.000306764040815422e+00
5.294255899999999571e+00 1.000301935081474358e+00
5.300449500000000036e+00 1.000297122961509189e+00
5.306683800000000062e+00 1.000292284212369598e+00
5.312877300000000247e+00 1.000287470305351922e+00
5.319070899999999824e+00 1.000282638482712372e+00
5.325264400000000009e+00 1.000277779056483407e+00
5.331457900000000194e+00 1.000272883682413516e+00
5.337651499999999771e+00 1.000267945941490266e+00
5.343885799999999797e+00 1.000262928863073109e+00
5.350079299999999982e+00 1.000257896282373160e+00
5.356272899999999559e+00 1.000252816178152759e+00
5.362466399999999744e+00 1.000247691914641024e+00
5.368659899999999929e+00 1.000242528956434951e+00
5.374853500000000395e+00 1.000237334898643971e+00
5.381087800000000421e+00 1.000232085012830563e+00
5.387281299999999717e+00 1.000226858950267639e+00
5.393474900000000183e+00 1.000221634290321848e+00
5.399668400000000368e+00 1.000216423669652466e+00
5.405861899999999665e+00 1.000211239460356838e+00
5.412055500000000130e+00 1.000206093504487415e+00
5.418289800000000156e+00 1.000200963470848858e+00
5.424483300000000341e+00 1.000195925867345403e+00
5.430676899999999918e+00 1.000190954362579987e+00
5.436870400000000103e+00 1.000186054401824398e+00
5.443063900000000288e+00 1.000181228755575802e+00
5.449257499999999865e+00 1.000176477647264806e+00
5.455491799999999891e+00 1.000171768379084059e+00
5.461685300000000076e+00 1.000167157759085823e+00
5.467878899999999653e+00 1.000162607673501736e+00
5.474072399999999838e+00 1.000158109333014744e+00
5.480265900000000023e+00 1.000153652161139828e+00
5.486459499999999601e+00 1.000149224463820374e+00
5.492693799999999626e+00 1.000144785106878986e+00
5.498887299999999811e+00 1.000140379684472336e+00
5.505080900000000277e+00 1.000135967050993502e+00
5.511274399999999574e+00 1.000131536253310971e+00
5.517467899999999759e+00 1.000127077453277336e+00
5.523661500000000224e+00 1.000122582525195369e+00
5.529895800000000250e+00 1.000118015549510186e+00
5.536089300000000435e+00 1.000113432437768290e+00
5.542282900000000012e+00 1.000108801983741191e+00
5.548476400000000197e+00 1.000104125356940932e+00
5.554669900000000382e+00 1.000099405840182198e+00
5.560863499999999959e+00 1.000094648886140192e+00
5.567097799999999985e+00 1.000089830485707099e+00
5.573291300000000170e+00 1.000085022726327155e+00
5.579484899999999747e+00 1.000080204336189382e+00
5.585678399999999932e+00 1.000075386484019724e+00
5.591871900000000117e+00 1.000070580404347931e+00
5.598065499999999695e+00 1.000065797161348469e+00
5.604299799999999721e+00 1.000061016265471947e+00
5.610493299999999905e+00 1.000056309721981451e+00
5.616686900000000371e+00 1.000051654065639006e+00
5.622880399999999668e+00 1.000047055726051459e+00
5.629073899999999853e+00 1.000042518936861580e+00
5.635267500000000318e+00 1.000038045823030464e+00
5.641501800000000344e+00 1.000033607724301721e+00
5.647695299999999641e+00 1.000029260551943189e+00
5.653888799999999826e+00 1.000024970961920001e+00
5.660082400000000291e+00 1.000020733018904817e+00
5.666275899999999588e+00 1.000016539496896728e+00
5.672469500000000053e+00 1.000012381738815792e+00
5.678703800000000079e+00 1.000008223427038434e+00
5.684897300000000264e+00 1.000004109179158052e+00
5.691090799999999561e+00 1.000000002033726743e+00
5.697284400000000026e+00 9.999958926612919630e-01
5.703477900000000211e+00 9.999917726987853639e-01
