4.173085900000000209e-02 8.864534696054850171e-02
4.372891599999999962e-02 9.243088963064731434e-02
4.582263899999999834e-02 9.684217592957124199e-02
4.801661100000000071e-02 1.020011160308828824e-01
5.031562600000000218e-02 1.080606889277564153e-01
5.272471799999999681e-02 1.152152326584086894e-01
5.524915700000000013e-02 1.237145083384388472e-01
5.789446300000000017e-02 1.338832036025097427e-01
6.066642800000000141e-02 1.461480833124346457e-01
6.357111299999999854e-02 1.610757711643053813e-01
6.661487300000000500e-02 1.794256991151790548e-01
6.980436700000000605e-02 2.022237830796740632e-01
7.314657400000000587e-02 2.308636695825311835e-01
7.664880200000000199e-02 2.672411372640138283e-01
8.031871599999999833e-02 3.139195952385067101e-01
8.416434700000000046e-02 3.742972891294642501e-01
8.819410199999999644e-02 4.526753315206902273e-01
9.241680200000000622e-02 5.539618592851346390e-01
9.684167999999999943e-02 6.824451744649981944e-01
1.014784199999999997e-01 8.387644700966014888e-01
1.063371699999999948e-01 1.014685963604693208e+00
1.114285500000000012e-01 1.188292754809747720e+00
1.167637100000000067e-01 1.327208980548689743e+00
1.223543099999999939e-01 1.404917582535954779e+00
1.282125799999999927e-01 1.417974267262743115e+00
1.343513500000000083e-01 1.385009136710148026e+00
1.407840399999999992e-01 1.330853063135429615e+00
1.475247299999999928e-01 1.273913005271725130e+00
1.545881500000000075e-01 1.223534810457915123e+00
1.619897700000000051e-01 1.182756231834405369e+00
1.697457800000000128e-01 1.151471825994512699e+00
1.778731400000000129e-01 1.128241281259400930e+00
1.863896399999999953e-01 1.111157915063294199e+00
1.953139000000000125e-01 1.098479600319739014e+00
2.046654499999999988e-01 1.089013589986101316e+00
2.144647500000000095e-01 1.082144108135219884e+00
2.247332400000000008e-01 1.077585281163714770e+00
2.354933800000000022e-01 1.074883195258300006e+00
2.467687100000000022e-01 1.073128559238897051e+00
2.585838999999999777e-01 1.071252661874187995e+00
2.709647900000000109e-01 1.068456867804338017e+00
2.839384799999999931e-01 1.064647656100308204e+00
2.975333499999999742e-01 1.060284109703505173e+00
3.117791200000000207e-01 1.055631554054553112e+00
3.267069899999999749e-01 1.050705054487302004e+00
3.423495899999999814e-01 1.045590020285392496e+00
3.587411500000000086e-01 1.040737690788150704e+00
3.759175399999999945e-01 1.036532211363917710e+00
3.939163199999999865e-01 1.033067698492265096e+00
4.127768700000000179e-01 1.030124618561537808e+00
4.325404700000000102e-01 1.027655167377466761e+00
4.532503299999999791e-01 1.025637072532602945e+00
4.749517999999999796e-01 1.023773589146131036e+00
4.976922899999999816e-01 1.021833322095545116e+00
5.215216200000000191e-01 1.019901372790804173e+00
5.464918600000000515e-01 1.018002769041650879e+00
5.726576599999999573e-01 1.016196963080276738e+00
6.000763099999999461e-01 1.014661692199068099e+00
6.288076999999999694e-01 1.013365986348893744e+00
6.589147899999999725e-01 1.012256234157018708e+00
6.904633500000000312e-01 1.011246975962573291e+00
7.235224799999999679e-01 1.010221280876239414e+00
7.581644699999999792e-01 1.009234097455686152e+00
7.944650599999999452e-01 1.008327218197581310e+00
8.325037600000000371e-01 1.007572140551716178e+00
8.723636799999999747e-01 1.006911095598341133e+00
9.141321100000000532e-01 1.006289896240714077e+00
9.579004100000000355e-01 1.005675214109391646e+00
1.003764300000000054e+00 1.005115641405325055e+00
1.051824099999999929e+00 1.004644052791966669e+00
1.102185100000000029e+00 1.004218352428819294e+00
1.154957299999999965e+00 1.003801565926538464e+00
1.210256199999999893e+00 1.003419223854084885e+00
1.268202800000000074e+00 1.003094130448456633e+00
1.328923800000000099e+00 1.002792216700845840e+00
1.392552100000000070e+00 1.002500874078296356e+00
1.459227000000000052e+00 1.002249565184835767e+00
1.529094200000000070e+00 1.002020929099168178e+00
1.602306699999999973e+00 1.001802679350885406e+00
1.679024400000000083e+00 1.001614430316724258e+00
1.759415500000000021e+00 1.001438298787598713e+00
1.843655599999999950e+00 1.001276237378998735e+00
1.931929100000000066e+00 1.001131907395841347e+00
2.024429099999999870e+00 1.000995334923540536e+00
2.121357999999999855e+00 1.000879436798984390e+00
2.222927799999999898e+00 1.000764382593266166e+00
2.329360700000000062e+00 1.000666488219446482e+00
2.440889499999999934e+00 1.000574003692673353e+00
2.557758399999999988e+00 1.000492760099306100e+00
2.680222899999999964e+00 1.000400787912709033e+00
2.808550900000000183e+00 1.000382999592458022e+00
2.943023199999999839e+00 1.000222949853287080e+00
3.083934000000000175e+00 1.000256036973518281e+00
3.231591499999999950e+00 1.000177233743372529e+00
3.386318900000000021e+00 1.000034029618486420e+00
3.548454500000000067e+00 1.000183796815898418e+00
3.718353099999999856e+00 9.999573398512558997e-01
3.896386399999999917e+00 9.999556721183202601e-01
4.082943799999999790e+00 1.000047873546319854e+00
4.278433599999999615e+00 9.998553176682056787e-01
