3.577503900000000153e-02 8.571184887328431312e-02
4.190623799999999843e-02 8.630059423157966647e-02
4.803784500000000263e-02 8.699102603534465683e-02
5.416904399999999953e-02 8.778702066910348822e-02
6.030024300000000337e-02 8.869324010581264295e-02
6.643184900000000115e-02 8.971507682279936113e-02
7.256304800000000499e-02 9.085847759328950779e-02
7.869424699999999495e-02 9.213042158665768477e-02
8.482544599999999879e-02 9.353874184737498432e-02
9.095705299999999605e-02 9.509239664201774023e-02
9.708825199999999989e-02 9.680116111694188341e-02
1.032198599999999966e-01 9.867650925336263201e-02
1.093510599999999999e-01 1.007308499709693300e-01
1.154822600000000032e-01 1.029785437857966141e-01
1.216134600000000066e-01 1.054356063780586550e-01
1.277450599999999936e-01 1.081202241231132150e-01
1.338762599999999969e-01 1.110522764011217106e-01
1.400074600000000002e-01 1.142546473286524394e-01
1.461390700000000098e-01 1.177530762741907239e-01
1.522702700000000131e-01 1.215756903741957301e-01
1.584014599999999939e-01 1.257547505726671899e-01
1.645330700000000035e-01 1.303264733875472425e-01
1.706642700000000068e-01 1.353303929681093087e-01
1.767954700000000101e-01 1.408116889544826777e-01
1.829270799999999919e-01 1.468209259879495465e-01
1.890582799999999952e-01 1.534132751036979825e-01
1.951894700000000038e-01 1.606515324341594164e-01
2.013210800000000134e-01 1.686058384485151496e-01
2.074522799999999889e-01 1.773525508745596169e-01
2.135834799999999922e-01 1.869782522953896409e-01
2.197146799999999955e-01 1.975784692840704959e-01
2.258462800000000104e-01 2.092597800755886528e-01
2.319774800000000137e-01 2.221374476621395533e-01
2.381086799999999892e-01 2.363406092906772948e-01
2.442402899999999988e-01 2.520108134559859159e-01
2.503714899999999743e-01 2.692985012129585076e-01
2.565026899999999777e-01 2.883687668141784455e-01
2.626342899999999925e-01 3.093974007155224637e-01
2.687654899999999958e-01 3.325638368592499505e-01
2.748966899999999991e-01 3.580554145441153246e-01
2.810283000000000087e-01 3.860580691789232688e-01
2.871595000000000120e-01 4.167415831598537124e-01
2.932907000000000153e-01 4.502594321234394958e-01
2.994222999999999746e-01 4.867292133627298956e-01
3.055534999999999779e-01 5.262064519039625354e-01
3.116846999999999812e-01 5.686773533213924647e-01
3.178163099999999908e-01 6.140288198314589607e-01
3.239475099999999941e-01 6.620142422855481712e-01
3.300787099999999974e-01 7.122502147751439416e-01
3.362103100000000122e-01 7.641932736372706314e-01
3.423415100000000155e-01 8.171259916286759406e-01
3.484727100000000188e-01 8.701904678407408333e-01
3.546039100000000222e-01 9.224074404394415616e-01
3.607355199999999762e-01 9.727354100634288958e-01
3.668667099999999848e-01 1.020126002952295607e+00
3.729979099999999881e-01 1.063621775103851697e+00
3.791295199999999976e-01 1.102419155755790747e+00
3.852607200000000010e-01 1.135922589272372996e+00
3.913919200000000043e-01 1.163796883116512415e+00
3.975235200000000191e-01 1.185966133639018150e+00
4.036547200000000224e-01 1.202592038313221368e+00
4.097842899999999955e-01 1.214039523854461899e+00
4.159167100000000228e-01 1.220828829402595739e+00
4.220491399999999893e-01 1.223557790148072755e+00
4.281815600000000166e-01 1.222868439984509781e+00
4.343099000000000265e-01 1.219399814362173151e+00
4.404423299999999930e-01 1.213744413858632409e+00
4.465747500000000203e-01 1.206441825140856183e+00
4.527071699999999921e-01 1.197959929964737213e+00
4.588355199999999967e-01 1.188699716936965967e+00
4.649679400000000240e-01 1.178972684704967522e+00
4.711003599999999958e-01 1.169044076747784544e+00
4.772287100000000004e-01 1.159122910673034967e+00
4.833611300000000277e-01 1.149350007011235686e+00
4.894935499999999995e-01 1.139845940178179307e+00
4.956259700000000268e-01 1.130692155771686025e+00
5.017543199999999759e-01 1.121949968862867353e+00
5.078867400000000032e-01 1.113643385823483323e+00
5.140191600000000305e-01 1.105798819316854864e+00
5.201515799999999468e-01 1.098425556906620804e+00
5.262799299999999514e-01 1.091529372436183865e+00
5.324123499999999787e-01 1.085097101473975201e+00
5.385447700000000060e-01 1.079126114783196533e+00
5.446771900000000333e-01 1.073607173822885619e+00
5.508055400000000379e-01 1.068533428209256231e+00
5.569379599999999542e-01 1.063887867288600741e+00
5.630703799999999815e-01 1.059663812673994565e+00
5.691987299999999861e-01 1.055853536550399374e+00
5.753311500000000134e-01 1.052441670469548507e+00
5.814635700000000407e-01 1.049419935155258665e+00
5.875959899999999569e-01 1.046776190506219839e+00
5.937243399999999616e-01 1.044497882916226583e+00
5.998567599999999889e-01 1.042565640164018870e+00
6.059891800000000162e-01 1.040961818411087592e+00
6.121216000000000435e-01 1.039663843794839559e+00
6.182499500000000481e-01 1.038646243922096923e+00
6.243823699999999643e-01 1.037878162776773028e+00
6.305147899999999916e-01 1.037327646735874076e+00
6.366472100000000189e-01 1.036959268116220523e+00
6.427755600000000236e-01 1.036735701943627408e+00
6.489079800000000509e-01 1.036618110895880074e+00
6.550403999999999671e-01 1.036568004138674892e+00
6.611687499999999718e-01 1.036547667623430202e+00
6.673011699999999990e-01 1.036521415281882241e+00
6.734335900000000263e-01 1.036456675129677762e+00
6.795660199999999929e-01 1.036324879567982249e+00
6.856943599999999472e-01 1.036102451113852574e+00
6.918267799999999745e-01 1.035770742176236991e+00
6.979592100000000521e-01 1.035317288821993031e+00
7.040916299999999683e-01 1.034735464505961211e+00
7.102199700000000337e-01 1.034025059540812475e+00
7.163523899999999500e-01 1.033190059714042874e+00
7.224848200000000276e-01 1.032241069825650559e+00
7.286131599999999819e-01 1.031193674486982070e+00
7.347455800000000092e-01 1.030065313789804371e+00
7.408780099999999758e-01 1.028878705046109010e+00
7.470104300000000030e-01 1.027658247638744582e+00
7.531387699999999574e-01 1.026430563099917981e+00
7.592712000000000350e-01 1.025220247865217038e+00
7.654036199999999512e-01 1.024053807889707679e+00
7.715360399999999785e-01 1.022955360536971670e+00
7.776643899999999832e-01 1.021947129667792886e+00
7.837968100000000105e-01 1.021045937822438576e+00
7.899292300000000377e-01 1.020266483739329377e+00
7.960616499999999540e-01 1.019618007024597484e+00
8.021899999999999586e-01 1.019104922718176764e+00
8.083224199999999859e-01 1.018725436212664093e+00
8.144548400000000132e-01 1.018473733786070090e+00
8.205831900000000179e-01 1.018338984333770458e+00
8.267156100000000452e-01 1.018306079608036097e+00
8.328480299999999614e-01 1.018356975569455480e+00
8.389804499999999887e-01 1.018471221171614483e+00
8.451087999999999933e-01 1.018627002132112436e+00
8.512412200000000206e-01 1.018802627570935426e+00
8.573736400000000479e-01 1.018976885698419155e+00
8.635060599999999642e-01 1.019130351130758561e+00
8.696344099999999688e-01 1.019246000849978406e+00
8.757668299999999961e-01 1.019310101698161830e+00
8.818992500000000234e-01 1.019312160485236429e+00
8.880316700000000507e-01 1.019245508016956236e+00
8.941600200000000553e-01 1.019107382410149976e+00
9.002924399999999716e-01 1.018898403768692562e+00
9.064248599999999989e-01 1.018622866311309050e+00
9.125532100000000035e-01 1.018288271853857063e+00
9.186856300000000308e-01 1.017903973430456910e+00
9.248180499999999471e-01 1.017481941655902222e+00
9.309504699999999744e-01 1.017035271934976670e+00
9.370788199999999790e-01 1.016578019387764709e+00
9.432112400000000063e-01 1.016123291868204159e+00
9.493436600000000336e-01 1.015684418263903765e+00
9.554760799999999499e-01 1.015273107437060451e+00
9.616044299999999545e-01 1.014899435665732153e+00
9.677368499999999818e-01 1.014570434686164813e+00
9.738692700000000091e-01 1.014291272908064423e+00
9.799976200000000137e-01 1.014064197003383239e+00
9.861300400000000410e-01 1.013888216220614202e+00
9.922624599999999573e-01 1.013760153807593101e+00
9.983948900000000348e-01 1.013674301358292285e+00
1.004523199999999949e+00 1.013623029035961354e+00
1.010655700000000046e+00 1.013597182913720030e+00
1.016788100000000084e+00 1.013586854518157221e+00
1.022920499999999899e+00 1.013581818771634779e+00
1.029048799999999986e+00 1.013572172433761631e+00
1.035181300000000082e+00 1.013548841588578275e+00
1.041313699999999898e+00 1.013504078595344415e+00
1.047446099999999936e+00 1.013431819263664879e+00
1.053574500000000080e+00 1.013328036218904993e+00
1.059706899999999896e+00 1.013190604687730367e+00
1.065839299999999934e+00 1.013019752775245808e+00
1.071967600000000020e+00 1.012817895072936514e+00
1.078100099999999895e+00 1.012588958666324812e+00
1.084232499999999932e+00 1.012338956575843163e+00
1.090364899999999970e+00 1.012075107466329005e+00
1.096493299999999893e+00 1.011805750430652351e+00
1.102625699999999931e+00 1.011539185442373645e+00
1.108758099999999969e+00 1.011284261366585335e+00
1.114890500000000007e+00 1.011049189656171299e+00
1.121018899999999929e+00 1.010841384458499137e+00
1.127151299999999967e+00 1.010666523803491534e+00
1.133283700000000005e+00 1.010529026702966959e+00
1.139416100000000043e+00 1.010431238467885962e+00
1.145544499999999966e+00 1.010373461795183614e+00
1.151676900000000003e+00 1.010353813673395162e+00
1.157809300000000041e+00 1.010368551029572570e+00
1.163937699999999964e+00 1.010412072089500235e+00
1.170070100000000002e+00 1.010477412356165061e+00
1.176202500000000040e+00 1.010556454294455841e+00
1.182334900000000077e+00 1.010640463785936749e+00
1.188463300000000000e+00 1.010720480335458804e+00
1.194595700000000038e+00 1.010787978076528537e+00
1.200728100000000076e+00 1.010834968330167172e+00
1.206860499999999892e+00 1.010854592610856528e+00
1.212988900000000037e+00 1.010841397831810262e+00
1.219121300000000074e+00 1.010791513795886498e+00
1.225253699999999890e+00 1.010702853492960962e+00
1.231382100000000035e+00 1.010575269381524643e+00
1.237514500000000073e+00 1.010410180433603866e+00
1.243646900000000111e+00 1.010210985898448932e+00
1.249779299999999926e+00 1.009982598648705654e+00
1.255907700000000071e+00 1.009731462373323341e+00
1.262040100000000109e+00 1.009464599214044522e+00
1.268172499999999925e+00 1.009190271454665666e+00
1.274305000000000021e+00 1.008916964140569750e+00
1.280433300000000107e+00 1.008653339785376080e+00
1.286565699999999923e+00 1.008407111889798591e+00
1.292698099999999961e+00 1.008185740891634152e+00
1.298830600000000057e+00 1.007995352385275156e+00
1.304958899999999922e+00 1.007840718293963267e+00
1.311091299999999960e+00 1.007724620494955481e+00
1.317223800000000056e+00 1.007648348109595471e+00
1.323352099999999920e+00 1.007611230404735769e+00
1.329484499999999958e+00 1.007610735186314166e+00
1.335616899999999996e+00 1.007642779504945629e+00
1.341749400000000092e+00 1.007701848012677148e+00
1.347877699999999956e+00 1.007781278099832312e+00
1.354010099999999994e+00 1.007873848913183101e+00
1.360142600000000090e+00 1.007971831811053542e+00
1.366274999999999906e+00 1.008067568314763518e+00
1.372403299999999993e+00 1.008153739361230761e+00
1.378535700000000030e+00 1.008223906050154328e+00
1.384668199999999905e+00 1.008272431786374046e+00
1.390800599999999942e+00 1.008294935547851656e+00
1.396928900000000029e+00 1.008288399390542045e+00
1.403061399999999903e+00 1.008251210966421008e+00
1.409193799999999941e+00 1.008183212447700150e+00
1.415322100000000027e+00 1.008085735036174713e+00
1.421454500000000065e+00 1.007961217509253382e+00
1.427586999999999939e+00 1.007813450354881013e+00
1.433719399999999977e+00 1.007647151858335866e+00
1.439847700000000064e+00 1.007467902805004645e+00
1.445980199999999938e+00 1.007281404117143175e+00
1.452112599999999976e+00 1.007093932113941603e+00
1.458245000000000013e+00 1.006911554053883995e+00
1.464373300000000100e+00 1.006740078244091618e+00
1.470505799999999974e+00 1.006584325157700466e+00
1.476638200000000012e+00 1.006448590530008902e+00
1.482766500000000098e+00 1.006336031831756017e+00
1.488898999999999972e+00 1.006248373741054802e+00
1.495031400000000010e+00 1.006186293461624137e+00
1.501163800000000048e+00 1.006149093006620143e+00
1.507292099999999913e+00 1.006134860668089992e+00
1.513424600000000009e+00 1.006140581619810348e+00
1.519557000000000047e+00 1.006162379735801471e+00
1.525689400000000084e+00 1.006195696624197167e+00
1.531817800000000007e+00 1.006235537737401264e+00
1.537950200000000045e+00 1.006276848212745989e+00
1.544082600000000083e+00 1.006314614525547935e+00
1.550214999999999899e+00 1.006344213276824773e+00
1.556343400000000043e+00 1.006361596639147482e+00
1.562475800000000081e+00 1.006363509083071150e+00
1.568608199999999897e+00 1.006347552446729132e+00
1.574736600000000042e+00 1.006312361744679640e+00
1.580869000000000080e+00 1.006257527394861295e+00
1.587001399999999895e+00 1.006183728546845568e+00
1.593133799999999933e+00 1.006092605169065735e+00
1.599262200000000078e+00 1.005986756079438882e+00
1.605394599999999894e+00 1.005869321693238616e+00
1.611526999999999932e+00 1.005744237075199443e+00
1.617659399999999970e+00 1.005615769988223107e+00
1.623787799999999892e+00 1.005488453216189404e+00
1.629920199999999930e+00 1.005366526444320341e+00
1.636052599999999968e+00 1.005254211866118741e+00
1.642180999999999891e+00 1.005155220296832574e+00
1.648313399999999929e+00 1.005072391147217692e+00
1.654445799999999966e+00 1.005007923578570939e+00
1.660578200000000004e+00 1.004962992308268577e+00
1.666706599999999927e+00 1.004937765194713117e+00
1.672838999999999965e+00 1.004931345575343471e+00
1.678971400000000003e+00 1.004941921828929274e+00
1.685103800000000041e+00 1.004966793465833064e+00
1.691232199999999963e+00 1.005002518085755581e+00
1.697364600000000001e+00 1.005045197890161557e+00
1.703497000000000039e+00 1.005090544889589710e+00
1.709629499999999913e+00 1.005134190644275893e+00
1.715757800000000000e+00 1.005171859884045116e+00
1.721890200000000037e+00 1.005199678698176502e+00
1.728022600000000075e+00 1.005214201613323421e+00
1.734150999999999998e+00 1.005212683590591460e+00
1.740283400000000036e+00 1.005193160366196548e+00
1.746415800000000074e+00 1.005154537748298882e+00
1.752548299999999948e+00 1.005096645194675231e+00
1.758676600000000034e+00 1.005020299160010788e+00
1.764809000000000072e+00 1.004927047827482323e+00
1.770941400000000110e+00 1.004819412362543130e+00
1.777073899999999984e+00 1.004700584650703998e+00
1.783202200000000071e+00 1.004574425985172104e+00
1.789334600000000108e+00 1.004444942201258240e+00
1.795467099999999983e+00 1.004316605816528485e+00
1.801599500000000020e+00 1.004193816001806905e+00
1.807727800000000107e+00 1.004080821970488646e+00
1.813860299999999981e+00 1.003981220532166319e+00
1.819992700000000019e+00 1.003898221281422476e+00
1.826121000000000105e+00 1.003834194027795057e+00
1.832253399999999921e+00 1.003790470591865436e+00
1.838385900000000017e+00 1.003767525349442913e+00
1.844518300000000055e+00 1.003764770177274501e+00
1.850646599999999919e+00 1.003780621254660277e+00
1.856779100000000016e+00 1.003812646763288408e+00
1.862911500000000053e+00 1.003857634543695587e+00
1.869043900000000091e+00 1.003911800821214229e+00
1.875172199999999956e+00 1.003970943064090626e+00
1.881304700000000052e+00 1.004030816213517863e+00
1.887437100000000090e+00 1.004087100566231516e+00
1.893569499999999906e+00 1.004135769475148487e+00
1.899697900000000050e+00 1.004173210862445709e+00
1.905830300000000088e+00 1.004196475802413113e+00
1.911962699999999904e+00 1.004203254046482474e+00
1.918090999999999990e+00 1.004192085262675338e+00
1.924223500000000087e+00 1.004162340885644156e+00
1.930355899999999902e+00 1.004114286601461625e+00
1.936488299999999940e+00 1.004049041811899690e+00
1.942616700000000085e+00 1.003968583457947261e+00
1.948749099999999901e+00 1.003875435135210603e+00
1.954881499999999939e+00 1.003772863344646771e+00
1.961013899999999976e+00 1.003664526025756620e+00
1.967142299999999899e+00 1.003554418797026448e+00
1.973274699999999937e+00 1.003446395741907304e+00
1.979407099999999975e+00 1.003344405913846771e+00
1.985535499999999898e+00 1.003252063385506432e+00
1.991667899999999936e+00 1.003172299983818183e+00
1.997800299999999973e+00 1.003107570625850542e+00
2.003932700000000011e+00 1.003059479543376487e+00
2.010061100000000156e+00 1.003028778738621618e+00
2.016193499999999972e+00 1.003015269669511822e+00
2.022325899999999788e+00 1.003017944949185614e+00
2.028458300000000047e+00 1.003034967610005657e+00
2.034586700000000192e+00 1.003063789480576729e+00
2.040719100000000008e+00 1.003101384332112156e+00
2.046851499999999824e+00 1.003144306053012524e+00
2.052983900000000084e+00 1.003188945552929257e+00
2.059112299999999784e+00 1.003231678162088247e+00
2.065244700000000044e+00 1.003269155146903291e+00
2.071377099999999860e+00 1.003298297023199837e+00
2.077505500000000005e+00 1.003316541610373758e+00
2.083637899999999821e+00 1.003321967575235396e+00
2.089770300000000081e+00 1.003313301450945438e+00
2.095902699999999896e+00 1.003290021348509642e+00
2.102031100000000041e+00 1.003252383865095521e+00
2.108163499999999857e+00 1.003201296233310780e+00
2.114295900000000117e+00 1.003138412619713149e+00
2.120428400000000213e+00 1.003065960958551273e+00
2.126556700000000077e+00 1.002986711726005620e+00
2.132689099999999893e+00 1.002903618464449309e+00
2.138821500000000153e+00 1.002819988914326776e+00
2.144949899999999854e+00 1.002739157558958816e+00
2.151082300000000114e+00 1.002664154588981171e+00
2.157214699999999930e+00 1.002597857596305264e+00
2.163347200000000026e+00 1.002542622223560054e+00
2.169475499999999890e+00 1.002500234858511474e+00
2.175607900000000150e+00 1.002471707474889895e+00
2.181740299999999966e+00 1.002457397642827930e+00
2.187872800000000062e+00 1.002456873000331150e+00
2.194001099999999926e+00 1.002468964332458246e+00
2.200133500000000186e+00 1.002491880106263222e+00
2.206265999999999838e+00 1.002523265165495836e+00
2.212398400000000098e+00 1.002560358739604141e+00
2.218526699999999963e+00 1.002600119735486128e+00
2.224659099999999778e+00 1.002639494399168774e+00
2.230791599999999875e+00 1.002675414441263957e+00
2.236919900000000183e+00 1.002705035258615540e+00
2.243052299999999999e+00 1.002725923237807404e+00
2.249184800000000095e+00 1.002736045358308736e+00
2.255317199999999911e+00 1.002733943565258024e+00
2.261445500000000219e+00 1.002718789806113175e+00
2.267577900000000035e+00 1.002690369067679832e+00
2.273710400000000131e+00 1.002649144461801090e+00
2.279842799999999947e+00 1.002596205487959580e+00
2.285971099999999812e+00 1.002533263936254970e+00
2.292103599999999908e+00 1.002462402655239115e+00
2.298236000000000168e+00 1.002386233613201449e+00
2.304368399999999983e+00 1.002307605705831106e+00
2.310496699999999848e+00 1.002229561086198872e+00
2.316629199999999944e+00 1.002154974961659173e+00
2.322761600000000204e+00 1.002086724390022665e+00
2.328889900000000068e+00 1.002027358531969892e+00
2.335022400000000165e+00 1.001978869918427106e+00
2.341154799999999980e+00 1.001942826785643614e+00
2.347287199999999796e+00 1.001920122220211651e+00
2.353415500000000105e+00 1.001910978398694585e+00
2.359548000000000201e+00 1.001914925505789977e+00
2.365680400000000017e+00 1.001930870330193235e+00
2.371812799999999832e+00 1.001957131138844437e+00
2.377941199999999977e+00 1.001991521280873654e+00
2.384073599999999793e+00 1.002031564741553638e+00
2.390206000000000053e+00 1.002074493423842583e+00
2.396338399999999869e+00 1.002117474020159715e+00
2.402466800000000013e+00 1.002157702146333040e+00
2.408599199999999829e+00 1.002192636250719193e+00
2.414731600000000089e+00 1.002219953955119536e+00
2.420859999999999790e+00 1.002237751052570180e+00
2.426992400000000050e+00 1.002244631506333361e+00
2.433124799999999865e+00 1.002239690829585195e+00
2.439257200000000125e+00 1.002222600968040167e+00
2.445385599999999826e+00 1.002193625218076090e+00
2.451518000000000086e+00 1.002153518198353410e+00
2.457650399999999902e+00 1.002103601027244162e+00
2.463782800000000162e+00 1.002045632223036664e+00
2.469911199999999862e+00 1.001981784838150036e+00
2.476043600000000122e+00 1.001914376649244653e+00
2.482175999999999938e+00 1.001846009170973106e+00
2.488304400000000083e+00 1.001779322089402458e+00
2.494436799999999899e+00 1.001716732246805908e+00
2.500569200000000158e+00 1.001660571915349074e+00
2.506701599999999974e+00 1.001612795881580587e+00
2.512830000000000119e+00 1.001574948051123570e+00
2.518962399999999935e+00 1.001547993500706779e+00
2.525094800000000195e+00 1.001532420161320047e+00
2.531227200000000011e+00 1.001528116094691834e+00
2.537355600000000155e+00 1.001534405539276307e+00
2.543487999999999971e+00 1.001550117952164198e+00
2.549620399999999787e+00 1.001573633893181992e+00
2.555752899999999883e+00 1.001602988446407272e+00
2.561881200000000192e+00 1.001635953123395817e+00
2.568013600000000007e+00 1.001670245145296123e+00
2.574145999999999823e+00 1.001703507769720281e+00
2.580274399999999968e+00 1.001733492711046392e+00
2.586406799999999784e+00 1.001758218328661298e+00
2.592539200000000044e+00 1.001775939781790248e+00
2.598671700000000140e+00 1.001785304424313017e+00
2.604800000000000004e+00 1.001785388577618008e+00
2.610932399999999820e+00 1.001775727738366095e+00
2.617064800000000080e+00 1.001756330296441400e+00
2.623197300000000176e+00 1.001727679277836014e+00
2.629325600000000041e+00 1.001690733394032362e+00
2.635457999999999856e+00 1.001646775109465537e+00
2.641590499999999953e+00 1.001597498565856892e+00
2.647722900000000212e+00 1.001544839152771704e+00
2.653851200000000077e+00 1.001490933630173163e+00
2.659983599999999893e+00 1.001437874571508457e+00
2.666116099999999989e+00 1.001387818452670331e+00
2.672244399999999853e+00 1.001342762873223435e+00
2.678376800000000113e+00 1.001304357344103613e+00
2.684509300000000209e+00 1.001273998455890490e+00
2.690641700000000025e+00 1.001252633410783410e+00
2.696769999999999889e+00 1.001240744726383580e+00
2.702902400000000149e+00 1.001238304230898546e+00
2.709034899999999801e+00 1.001244824966921243e+00
2.715167300000000061e+00 1.001259353579774247e+00
2.721295599999999926e+00 1.001280521603400198e+00
2.727428100000000022e+00 1.001306682631005307e+00
2.733560499999999838e+00 1.001335914421886519e+00
2.739688800000000146e+00 1.001366154636871508e+00
2.745821199999999962e+00 1.001395372363281133e+00
2.751953700000000058e+00 1.001421547099232923e+00
2.758086099999999874e+00 1.001442844246761110e+00
2.764214400000000182e+00 1.001457675141623760e+00
2.770346899999999835e+00 1.001464802358176920e+00
2.776479300000000094e+00 1.001463335195575288e+00
2.782611699999999910e+00 1.001452814673941871e+00
2.788740000000000219e+00 1.001433237793206255e+00
2.794872499999999871e+00 1.001405000832433778e+00
2.801004900000000131e+00 1.001368963698621162e+00
2.807137299999999946e+00 1.001326365088206272e+00
2.813265700000000091e+00 1.001278812559589504e+00
2.819398099999999907e+00 1.001228083253631551e+00
2.825530500000000167e+00 1.001176225699269784e+00
2.831658899999999868e+00 1.001125371921263163e+00
2.837791300000000128e+00 1.001077529133669763e+00
2.843923699999999943e+00 1.001034673394613606e+00
2.850056100000000203e+00 1.000998511265698054e+00
2.856184499999999904e+00 1.000970436449849510e+00
2.862316900000000164e+00 1.000951386254017583e+00
2.868449299999999980e+00 1.000941899074210495e+00
2.874581699999999795e+00 1.000942007250584354e+00
2.880710099999999940e+00 1.000951249153374745e+00
2.886842500000000200e+00 1.000968726523112418e+00
2.892974900000000016e+00 1.000993119112815188e+00
2.899103300000000161e+00 1.001022755288486943e+00
2.905235699999999976e+00 1.001055778347458958e+00
2.911368099999999792e+00 1.001090126962145055e+00
2.917500500000000052e+00 1.001123713162276330e+00
2.923628900000000197e+00 1.001154487311252561e+00
2.929761300000000013e+00 1.001180612397089220e+00
2.935893699999999829e+00 1.001200427480682054e+00
2.942026100000000088e+00 1.001212604378175719e+00
2.948154499999999789e+00 1.001216185009092374e+00
2.954286900000000049e+00 1.001210626369833268e+00
2.960419299999999865e+00 1.001195809719800600e+00
2.966551700000000125e+00 1.001172061641099287e+00
2.972680099999999825e+00 1.001140158956979276e+00
2.978812500000000085e+00 1.001101208018158717e+00
2.984944899999999901e+00 1.001056720659899701e+00
2.991073300000000046e+00 1.001008500350942354e+00
2.997205699999999862e+00 1.000958448891849040e+00
3.003338100000000122e+00 1.000908661800323562e+00
3.009470600000000218e+00 1.000861199004949631e+00
3.015598900000000082e+00 1.000818038794106135e+00
3.021731299999999898e+00 1.000780857141828628e+00
3.027863700000000158e+00 1.000751112596913739e+00
3.033996199999999810e+00 1.000729848337564620e+00
3.040124500000000118e+00 1.000717673574842870e+00
3.046256899999999934e+00 1.000714705188261000e+00
3.052389400000000030e+00 1.000720615745715580e+00
3.058521799999999846e+00 1.000734617851486430e+00
3.064650100000000155e+00 1.000755508952739792e+00
3.070782499999999970e+00 1.000781801564635920e+00
3.076915000000000067e+00 1.000811723631366057e+00
3.083043299999999931e+00 1.000843342690722615e+00
3.089175700000000191e+00 1.000874742256552263e+00
3.095308199999999843e+00 1.000903989379745562e+00
3.101440600000000103e+00 1.000929310243432235e+00
3.107568899999999967e+00 1.000949143362881433e+00
3.113701299999999783e+00 1.000962256524025484e+00
3.119833799999999879e+00 1.000967721089371709e+00
3.125966200000000139e+00 1.000965008069503837e+00
3.132094500000000004e+00 1.000954004796126284e+00
3.138227000000000100e+00 1.000934982460439437e+00
3.144359399999999916e+00 1.000908627843470899e+00
3.150487699999999780e+00 1.000876009117782850e+00
3.156620100000000040e+00 1.000838440583266875e+00
3.162752600000000136e+00 1.000797548884587718e+00
3.168884999999999952e+00 1.000755112636591004e+00
3.175013299999999816e+00 1.000713016000396083e+00
3.181145799999999912e+00 1.000673041633503013e+00
3.187278200000000172e+00 1.000636945670382971e+00
3.193410599999999988e+00 1.000606246112264675e+00
3.199538899999999852e+00 1.000582184850055567e+00
3.205671399999999949e+00 1.000565600252325771e+00
3.211803800000000209e+00 1.000556979669868340e+00
3.217936200000000024e+00 1.000556365936841274e+00
3.224064600000000169e+00 1.000563372823536357e+00
3.230196999999999985e+00 1.000577235096633322e+00
3.236329399999999801e+00 1.000596828829061868e+00
3.242457700000000109e+00 1.000620734338119044e+00
3.248590200000000205e+00 1.000647380833231237e+00
3.254722600000000021e+00 1.000675033982970641e+00
3.260854999999999837e+00 1.000701950364075721e+00
3.266983399999999982e+00 1.000726433574882668e+00
3.273115799999999798e+00 1.000746978288190814e+00
3.279248200000000057e+00 1.000762244596931749e+00
3.285380599999999873e+00 1.000771184620107945e+00
3.291509000000000018e+00 1.000773072925714491e+00
3.297641399999999834e+00 1.000767538086953845e+00
3.303773800000000094e+00 1.000754570648870745e+00
3.309906199999999910e+00 1.000734532788614128e+00
3.316034600000000054e+00 1.000708157285207234e+00
3.322166999999999870e+00 1.000676441728352684e+00
3.328299400000000130e+00 1.000640704911864187e+00
3.334427799999999831e+00 1.000602484837578077e+00
3.340560200000000091e+00 1.000563378278411131e+00
3.346692599999999906e+00 1.000525109148053593e+00
3.352825000000000166e+00 1.000489341307466695e+00
3.358953399999999867e+00 1.000457634079433333e+00
3.365085800000000127e+00 1.000431279530222595e+00
3.371218199999999943e+00 1.000411356107567151e+00
3.377350600000000203e+00 1.000398585708992760e+00
3.383478999999999903e+00 1.000393319673465342e+00
3.389611400000000163e+00 1.000395514492508964e+00
3.395743799999999979e+00 1.000404758965999230e+00
3.401876300000000075e+00 1.000420283431389334e+00
3.408004599999999940e+00 1.000440995581278747e+00
3.414137000000000199e+00 1.000465602496268591e+00
3.420269400000000015e+00 1.000492597209679424e+00
3.426397800000000160e+00 1.000520371810688980e+00
3.432530199999999976e+00 1.000547358044540536e+00
3.438662599999999792e+00 1.000571994174078272e+00
3.444795099999999888e+00 1.000592869929097128e+00
3.450923400000000196e+00 1.000608761340100017e+00
3.457055800000000012e+00 1.000618724389110259e+00
3.463188199999999828e+00 1.000622069239617717e+00
3.469320699999999924e+00 1.000618434799954493e+00
3.475448999999999788e+00 1.000607800170087991e+00
3.481581400000000048e+00 1.000590451235155998e+00
3.487713900000000145e+00 1.000567009671873286e+00
3.493842200000000009e+00 1.000538403831327416e+00
3.499974599999999825e+00 1.000505750099833557e+00
3.506107000000000085e+00 1.000470417150710611e+00
3.512239500000000181e+00 1.000433887273887601e+00
3.518367800000000045e+00 1.000397728028002975e+00
3.524500199999999861e+00 1.000363415131889866e+00
3.530632699999999957e+00 1.000332403526644098e+00
3.536765100000000217e+00 1.000305956740211277e+00
3.542893400000000081e+00 1.000285114763130645e+00
3.549025799999999897e+00 1.000270591368497497e+00
3.555158299999999993e+00 1.000262821182438699e+00
3.561290699999999809e+00 1.000261881420636101e+00
3.567419000000000118e+00 1.000267501974088757e+00
3.573551500000000214e+00 1.000279105329077822e+00
3.579683900000000030e+00 1.000295818597282116e+00
3.585812199999999894e+00 1.000316520897887695e+00
3.591944600000000154e+00 1.000339959884348762e+00
3.598077099999999806e+00 1.000364734886030060e+00
3.604209500000000066e+00 1.000389418555177601e+00
3.610337799999999930e+00 1.000412600652811568e+00
3.616470300000000027e+00 1.000433012509779784e+00
3.622602699999999842e+00 1.000449489837367478e+00
3.628735100000000102e+00 1.000461088435425916e+00
3.634863399999999967e+00 1.000467104230172266e+00
3.640995900000000063e+00 1.000467114566737203e+00
3.647128299999999879e+00 1.000460970784502912e+00
3.653260700000000138e+00 1.000448823500454054e+00
3.659389099999999839e+00 1.000431122443397269e+00
3.665521500000000099e+00 1.000408546786019759e+00
3.671653899999999915e+00 1.000382043404569155e+00
3.677782199999999779e+00 1.000352760980878886e+00
3.683914699999999876e+00 1.000321925615707874e+00
3.690047100000000135e+00 1.000290900295858876e+00
3.696179499999999951e+00 1.000261037529456942e+00
3.702307900000000096e+00 1.000233647975509399e+00
3.708440299999999912e+00 1.000209862788045356e+00
3.714572700000000172e+00 1.000190680714712954e+00
3.720705099999999987e+00 1.000176842477510819e+00
3.726833500000000132e+00 1.000168814466398937e+00
3.732965899999999948e+00 1.000166748864903754e+00
3.739098300000000208e+00 1.000170509326622881e+00
3.745226699999999909e+00 1.000179649414061345e+00
3.751359100000000169e+00 1.000193474165799179e+00
3.757491499999999984e+00 1.000211044083211265e+00
3.763623899999999800e+00 1.000231247154759862e+00
3.769752299999999945e+00 1.000252838993252569e+00
3.775884700000000205e+00 1.000274562932096378e+00
3.782017100000000021e+00 1.000295127518004090e+00
3.788149499999999836e+00 1.000313323975533075e+00
3.794277899999999981e+00 1.000328060371036942e+00
3.800410299999999797e+00 1.000338447193944935e+00
3.806542700000000057e+00 1.000343779616492679e+00
3.812675099999999873e+00 1.000343610188320076e+00
3.818803500000000017e+00 1.000337764232263726e+00
3.824935899999999833e+00 1.000326330024797983e+00
3.831068300000000093e+00 1.000309679256878415e+00
3.837196699999999794e+00 1.000288456066154463e+00
3.843329100000000054e+00 1.000263493664782510e+00
3.849461499999999869e+00 1.000235859882640854e+00
3.855593900000000129e+00 1.000206755065470299e+00
3.861722299999999830e+00 1.000177485281115608e+00
3.867854700000000090e+00 1.000149321058287910e+00
3.873987099999999906e+00 1.000123545516530044e+00
3.880119600000000002e+00 1.000101309568446339e+00
3.886247899999999866e+00 1.000083600280850193e+00
3.892380300000000126e+00 1.000071140851032547e+00
3.898512699999999942e+00 1.000064423004857206e+00
3.904641100000000087e+00 1.000063628335139843e+00
3.910773499999999903e+00 1.000068634756141384e+00
3.916905900000000162e+00 1.000079027692594380e+00
3.923038399999999815e+00 1.000094118773600993e+00
3.929166700000000123e+00 1.000112972152102486e+00
3.935299099999999939e+00 1.000134509078130840e+00
3.941431500000000199e+00 1.000157488077366263e+00
3.947563999999999851e+00 1.000180616696107139e+00
3.953692300000000159e+00 1.000202588090077338e+00
3.959824699999999975e+00 1.000222203164692569e+00
3.965957200000000071e+00 1.000238337052183457e+00
3.972089599999999887e+00 1.000250049701822963e+00
3.978217900000000196e+00 1.000256612121128263e+00
3.984350300000000011e+00 1.000257552209714129e+00
3.990482800000000108e+00 1.000252650521550768e+00
3.996611099999999972e+00 1.000241982375893013e+00
4.002743500000000232e+00 1.000225877981204547e+00
4.008875999999999884e+00 1.000204952563074512e+00
4.015008400000000144e+00 1.000180057661465005e+00
4.021136699999999564e+00 1.000152266191665085e+00
4.027269200000000104e+00 1.000122748091772040e+00
4.033401600000000364e+00 1.000092826505932342e+00
4.039533999999999736e+00 1.000063836156465547e+00
4.045662300000000045e+00 1.000037090675971463e+00
4.051794799999999697e+00 1.000013742624765722e+00
4.057927199999999957e+00 9.999948290944939977e-01
4.064059600000000216e+00 9.999811397898195064e-01
4.070187999999999917e+00 9.999731978149489775e-01
