6.126431699999999869e-02 1.102827706958774797e+03 3.320884982890516568e+01 3.320884982890516568e+01
6.746437800000000540e-02 1.124798880056456255e+03 3.353802140938633869e+01 3.353802140938633869e+01
7.366443899999999823e-02 1.069127717004945225e+03 3.269751851448279467e+01 3.269751851448279467e+01
7.986490799999999834e-02 1.012763579631870925e+03 3.182394663821366620e+01 3.182394663821366620e+01
8.606497000000000452e-02 1.013204117469836660e+03 3.183086736910944836e+01 3.183086736910944836e+01
9.226543900000000464e-02 1.025220075636799265e+03 3.201905800670593294e+01 3.201905800670593294e+01
9.846549999999999747e-02 1.035179994326504811e+03 3.217421318892670001e+01 3.217421318892670001e+01
1.046659699999999971e-01 1.039166381799217106e+03 3.223610370065242847e+01 3.223610370065242847e+01
1.108660300000000043e-01 1.033798181512089741e+03 3.215273210027554995e+01 3.215273210027554995e+01
1.170665000000000039e-01 1.024371014533940524e+03 3.200579657708804149e+01 3.200579657708804149e+01
1.232665599999999972e-01 1.015506258456285764e+03 3.186700893488885100e+01 3.186700893488885100e+01
1.294666200000000045e-01 1.007977757331307885e+03 3.174866544173641003e+01 3.174866544173641003e+01
1.356670899999999902e-01 9.986885449722936983e+02 3.160203387398181007e+01 3.160203387398181007e+01
1.418671499999999974e-01 9.840844146682194378e+02 3.137011977452779021e+01 3.137011977452779021e+01
1.480676200000000109e-01 9.641489763801337176e+02 3.105074840289898219e+01 3.105074840289898219e+01
1.542676799999999904e-01 9.406796423624775798e+02 3.067050117559994504e+01 3.067050117559994504e+01
1.604681500000000038e-01 9.146116761453108666e+02 3.024254744801288908e+01 3.024254744801288908e+01
1.666682100000000111e-01 8.874730157403417934e+02 2.979048532233642277e+01 2.979048532233642277e+01
1.728686799999999968e-01 8.614098479443632641e+02 2.934978446163384191e+01 2.934978446163384191e+01
1.790687400000000040e-01 8.384167565464757672e+02 2.895542706551702139e+01 2.895542706551702139e+01
1.852688100000000060e-01 8.191549764880030580e+02 2.862088357280402207e+01 2.862088357280402207e+01
1.914692699999999970e-01 8.031718566725998016e+02 2.834028681352042867e+01 2.834028681352042867e+01
1.976693399999999989e-01 7.885343559238472153e+02 2.808085390303947193e+01 2.808085390303947193e+01
2.038697999999999899e-01 7.731202025019629218e+02 2.780503915663423342e+01 2.780503915663423342e+01
2.100698699999999919e-01 7.557602642020453914e+02 2.749109427072784584e+01 2.749109427072784584e+01
2.162703400000000054e-01 7.356439081700450515e+02 2.712275627900020680e+01 2.712275627900020680e+01
2.224704000000000126e-01 7.124469865102902304e+02 2.669170257796025680e+01 2.669170257796025680e+01
2.286704599999999921e-01 6.867626835160817791e+02 2.620615735883614406e+01 2.620615735883614406e+01
2.348709300000000055e-01 6.593816006076184522e+02 2.567842675491663584e+01 2.567842675491663584e+01
2.410709900000000128e-01 6.310772080472181642e+02 2.512125012906838251e+01 2.512125012906838251e+01
2.472714599999999985e-01 6.028737462115511789e+02 2.455348745517734343e+01 2.455348745517734343e+01
2.534715200000000057e-01 5.761001909617655201e+02 2.400208722094321345e+01 2.400208722094321345e+01
2.596719900000000192e-01 5.516343338712279092e+02 2.348689706775307329e+01 2.348689706775307329e+01
2.658720500000000264e-01 5.294385752938525229e+02 2.300953227021037151e+01 2.300953227021037151e+01
2.720725199999999844e-01 5.090189511605350958e+02 2.256144833915888270e+01 2.256144833915888270e+01
2.782725799999999916e-01 4.897310764163088947e+02 2.212986842293258860e+01 2.212986842293258860e+01
2.844726399999999988e-01 4.710279605186809704e+02 2.170317858099778263e+01 2.170317858099778263e+01
2.906731100000000123e-01 4.524546303038837891e+02 2.127098094362090919e+01 2.127098094362090919e+01
2.968731700000000195e-01 4.337182414453343995e+02 2.082590313636684343e+01 2.082590313636684343e+01
3.030736399999999775e-01 4.146849963129051275e+02 2.036381585835290053e+01 2.036381585835290053e+01
3.092736999999999847e-01 3.954517982021619105e+02 1.988596988336656324e+01 1.988596988336656324e+01
3.154741699999999982e-01 3.762321681414426848e+02 1.939670508466431897e+01 1.939670508466431897e+01
3.216742300000000054e-01 3.572352234056388625e+02 1.890066727408423830e+01 1.890066727408423830e+01
3.278747000000000189e-01 3.386389171918291936e+02 1.840214436395468667e+01 1.840214436395468667e+01
3.340747600000000261e-01 3.205714122695715673e+02 1.790450815491929504e+01 1.790450815491929504e+01
3.402752299999999841e-01 3.031193607125270546e+02 1.741032339482891445e+01 1.741032339482891445e+01
3.464752899999999913e-01 2.863774471661387793e+02 1.692269030521266515e+01 1.692269030521266515e+01
3.526753499999999986e-01 2.704645398734441528e+02 1.644580614848187139e+01 1.644580614848187139e+01
3.588758200000000120e-01 2.554605571353974938e+02 1.598313352053962788e+01 1.598313352053962788e+01
3.650758800000000193e-01 2.413817239889427810e+02 1.553646433359092072e+01 1.553646433359092072e+01
3.712763499999999772e-01 2.281597600709550591e+02 1.510495812873888966e+01 1.510495812873888966e+01
3.774764199999999792e-01 2.157233011784745997e+02 1.468752195499549273e+01 1.468752195499549273e+01
3.836768799999999979e-01 2.040012430925500837e+02 1.428290037396291901e+01 1.428290037396291901e+01
3.898769499999999999e-01 1.929510645934850572e+02 1.389068265397655111e+01 1.389068265397655111e+01
3.960770100000000071e-01 1.825325041773394616e+02 1.351045906612130842e+01 1.351045906612130842e+01
4.022774800000000206e-01 1.727057303798839314e+02 1.314175522446997668e+01 1.314175522446997668e+01
4.084763100000000091e-01 1.634403796680892640e+02 1.278438030051082563e+01 1.278438030051082563e+01
4.146780099999999858e-01 1.547197768992172371e+02 1.243864047632285441e+01 1.243864047632285441e+01
4.208797000000000232e-01 1.465365669128791808e+02 1.210522890790914374e+01 1.210522890790914374e+01
4.270773099999999878e-01 1.388800773902313779e+02 1.178473917361904810e+01 1.178473917361904810e+01
4.332790100000000200e-01 1.317304358253234966e+02 1.147738802277432413e+01 1.147738802277432413e+01
4.394807000000000019e-01 1.250754462323218803e+02 1.118371343661495487e+01 1.118371343661495487e+01
4.456783100000000220e-01 1.188894429285129064e+02 1.090364356206277030e+01 1.090364356206277030e+01
4.518800000000000039e-01 1.131320604493240580e+02 1.063635559998461488e+01 1.063635559998461488e+01
4.580776200000000187e-01 1.077639575487769434e+02 1.038094203571029261e+01 1.038094203571029261e+01
4.642793100000000006e-01 1.027390035071667000e+02 1.013602503485299700e+01 1.013602503485299700e+01
4.704809999999999826e-01 9.802145930321766798e+01 9.900578735771846439e+00 9.900578735771846439e+00
4.766786199999999973e-01 9.358065576022490006e+01 9.673709513946803895e+00 9.673709513946803895e+00
4.828803099999999793e-01 8.939125209561527186e+01 9.454694711920383909e+00 9.454694711920383909e+00
4.890820000000000167e-01 8.543595133580008394e+01 9.243157000495019204e+00 9.243157000495019204e+00
4.952796199999999760e-01 8.169850159999170103e+01 9.038722343339887999e+00 9.038722343339887999e+00
5.014813099999999579e-01 7.816032861769309648e+01 8.840833027361906460e+00 8.840833027361906460e+00
5.076829999999999954e-01 7.481163959827226506e+01 8.649372208332362533e+00 8.649372208332362533e+00
5.138806200000000102e-01 7.164451788910631080e+01 8.464308470814748020e+00 8.464308470814748020e+00
5.200823100000000476e-01 6.864989729094629922e+01 8.285523356490299918e+00 8.285523356490299918e+00
5.262839999999999741e-01 6.582322801008437807e+01 8.113151546106134759e+00 8.113151546106134759e+00
5.324816199999999888e-01 6.315799184709757697e+01 7.947200252107504248e+00 7.947200252107504248e+00
5.386833100000000263e-01 6.064403070864971568e+01 7.787427733767403382e+00 7.787427733767403382e+00
5.448849999999999527e-01 5.827321043939034695e+01 7.633689176236503116e+00 7.633689176236503116e+00
5.510826199999999675e-01 5.603782012169104831e+01 7.485841310212970612e+00 7.485841310212970612e+00
5.572843100000000049e-01 5.392841557389363771e+01 7.343596909818351115e+00 7.343596909818351115e+00
5.634819300000000197e-01 5.193584589449375244e+01 7.206652891217514068e+00 7.206652891217514068e+00
5.696836199999999462e-01 5.004890619040527611e+01 7.074525156532081915e+00 7.074525156532081915e+00
5.758853099999999836e-01 4.825868740991177219e+01 6.946847300028393235e+00 6.946847300028393235e+00
5.820829299999999984e-01 4.655654094898397233e+01 6.823235372532884924e+00 6.823235372532884924e+00
5.882846200000000358e-01 4.493409869394904632e+01 6.703290139472485087e+00 6.703290139472485087e+00
5.944863099999999623e-01 4.338365987673549995e+01 6.586627352198961560e+00 6.586627352198961560e+00
6.006839200000000378e-01 4.189785320540919855e+01 6.472855104620309774e+00 6.472855104620309774e+00
6.068856200000000145e-01 4.046962991388440400e+01 6.361574483874601782e+00 6.361574483874601782e+00
6.130873100000000520e-01 3.909368215512279932e+01 6.252494074777104061e+00 6.252494074777104061e+00
6.192849200000000165e-01 3.776506984442836057e+01 6.145329107902062660e+00 6.145329107902062660e+00
6.254866199999999932e-01 3.647926129211140278e+01 6.039806395250712612e+00 6.039806395250712612e+00
6.316883100000000306e-01 3.523349271877115285e+01 5.935780716870456608e+00 5.935780716870456608e+00
6.378859199999999952e-01 3.402562330823821668e+01 5.833148661592486128e+00 5.833148661592486128e+00
6.440876100000000326e-01 3.285354970031153954e+01 5.731801610341336506e+00 5.731801610341336506e+00
6.502852300000000474e-01 3.171596760872495580e+01 5.631693138721689529e+00 5.631693138721689529e+00
6.564869199999999738e-01 3.061197789492388210e+01 5.532809222711721375e+00 5.532809222711721375e+00
6.626886100000000113e-01 2.954164340314866166e+01 5.435222479636750315e+00 5.435222479636750315e+00
6.688862300000000261e-01 2.850558688474485436e+01 5.339062360072680313e+00 5.339062360072680313e+00
6.750879199999999525e-01 2.750410454450526387e+01 5.244435579212053611e+00 5.244435579212053611e+00
6.812896099999999899e-01 2.653808408183387257e+01 5.151512795464442185e+00 5.151512795464442185e+00
6.874872300000000047e-01 2.560786661632687355e+01 5.060421584841215292e+00 5.060421584841215292e+00
6.936889200000000422e-01 2.471376909329638139e+01 4.971294508807176271e+00 4.971294508807176271e+00
6.998906099999999686e-01 2.385592716779594014e+01 4.884252979504228875e+00 4.884252979504228875e+00
7.060882299999999834e-01 2.303382271800752079e+01 4.799356489989832220e+00 4.799356489989832220e+00
7.122899200000000208e-01 2.224617173598722886e+01 4.716584753398080032e+00 4.716584753398080032e+00
7.184916099999999473e-01 2.149210088327990675e+01 4.635957385835196121e+00 4.635957385835196121e+00
7.246892299999999620e-01 2.077045697289373294e+01 4.557461680902400225e+00 4.557461680902400225e+00
7.308909199999999995e-01 2.007994490111190089e+01 4.481065152518081796e+00 4.481065152518081796e+00
7.370885400000000143e-01 1.941922951380036366e+01 4.406725486548982218e+00 4.406725486548982218e+00
7.432902300000000517e-01 1.878684458247764155e+01 4.334379376851735799e+00 4.334379376851735799e+00
7.494919199999999782e-01 1.818114028268995597e+01 4.263934835652388067e+00 4.263934835652388067e+00
7.556895399999999929e-01 1.760040566436297027e+01 4.195283740626249092e+00 4.195283740626249092e+00
7.618912300000000304e-01 1.704307572025930639e+01 4.128326019134063607e+00 4.128326019134063607e+00
7.680929199999999568e-01 1.650760733574038142e+01 4.062955492709757088e+00 4.062955492709757088e+00
7.742905300000000324e-01 1.599274076341377615e+01 3.999092492480484928e+00 3.999092492480484928e+00
7.804922300000000090e-01 1.549701611995320150e+01 3.936624965621338124e+00 3.936624965621338124e+00
7.866939200000000465e-01 1.501938122774200046e+01 3.875484644240252852e+00 3.875484644240252852e+00
7.928915300000000110e-01 1.455858193544132284e+01 3.815570984196378745e+00 3.815570984196378745e+00
7.990932299999999877e-01 1.411386260959579531e+01 3.756842106024126604e+00 3.756842106024126604e+00
8.052949200000000252e-01 1.368424930926444638e+01 3.699222798002905765e+00 3.699222798002905765e+00
8.114925299999999897e-01 1.326903492676113316e+01 3.642668654539022555e+00 3.642668654539022555e+00
8.176942200000000271e-01 1.286731044132372048e+01 3.587103349685330844e+00 3.587103349685330844e+00
8.238959200000000038e-01 1.247867626901950366e+01 3.532516987789231067e+00 3.532516987789231067e+00
8.300935299999999684e-01 1.210266333820082352e+01 3.478888233071137925e+00 3.478888233071137925e+00
8.362952200000000058e-01 1.173896130529035808e+01 3.426216762741429278e+00 3.426216762741429278e+00
8.424928400000000206e-01 1.138734306133230589e+01 3.374513751836300646e+00 3.374513751836300646e+00
8.486945299999999470e-01 1.104760554011975948e+01 3.323793847415895453e+00 3.323793847415895453e+00
8.548962199999999845e-01 1.071939641441773361e+01 3.274048932807470003e+00 3.274048932807470003e+00
8.610938399999999993e-01 1.040253375764536337e+01 3.225295917841549453e+00 3.225295917841549453e+00
8.672955300000000367e-01 1.009658681044375328e+01 3.177512676677113124e+00 3.177512676677113124e+00
8.734972199999999631e-01 9.801240363889448304e+00 3.130693272086783274e+00 3.130693272086783274e+00
8.796948399999999779e-01 9.516151295565530077e+00 3.084825974923955272e+00 3.084825974923955272e+00
8.858965300000000154e-01 9.241006754532802958e+00 3.039902425166439937e+00 3.039902425166439937e+00
8.920982200000000528e-01 8.975392412931846309e+00 2.995895928254492357e+00 2.995895928254492357e+00
8.982958399999999566e-01 8.718936012702968696e+00 2.952784450768963342e+00 2.952784450768963342e+00
9.044975299999999940e-01 8.471286928189268650e+00 2.910547530652826786e+00 2.910547530652826786e+00
9.106992200000000315e-01 8.232076462444670284e+00 2.869159539385126134e+00 2.869159539385126134e+00
9.168968400000000463e-01 8.000957618152286344e+00 2.828596404252873509e+00 2.828596404252873509e+00
9.230985299999999727e-01 7.777571771961194536e+00 2.788829821262171382e+00 2.788829821262171382e+00
9.292961499999999875e-01 7.561574670254538333e+00 2.749831753081366070e+00 2.749831753081366070e+00
9.354978400000000249e-01 7.352617779795823871e+00 2.711571090677104667e+00 2.711571090677104667e+00
9.416995299999999514e-01 7.150406163026953088e+00 2.674024338525540223e+00 2.674024338525540223e+00
9.478971499999999661e-01 6.954660939126533492e+00 2.637169114623962418e+00 2.637169114623962418e+00
9.540988400000000036e-01 6.765130179667254495e+00 2.600986385905788456e+00 2.600986385905788456e+00
9.603005300000000410e-01 6.581589402493055907e+00 2.565460855770957949e+00 2.565460855770957949e+00
9.664981400000000056e-01 6.403831091285666410e+00 2.530579200753390268e+00 2.530579200753390268e+00
9.726998399999999823e-01 6.231698795643403344e+00 2.496337075725833188e+00 2.496337075725833188e+00
9.789015300000000197e-01 6.065048179370978509e+00 2.462731852916792530e+00 2.462731852916792530e+00
9.850991399999999842e-01 5.903770256134857064e+00 2.429767531294888538e+00 2.429767531294888538e+00
9.913008399999999609e-01 5.747768719541300975e+00 2.397450462374833169e+00 2.397450462374833169e+00
9.975025299999999984e-01 5.596937300762710343e+00 2.365784711414525621e+00 2.365784711414525621e+00
1.003700100000000095e+00 5.451192128263292247e+00 2.334778817846198340e+00 2.334778817846198340e+00
1.009901799999999961e+00 5.310449404644886684e+00 2.304441234799639471e+00 2.304441234799639471e+00
1.016099499999999933e+00 5.174605416969161986e+00 2.274775904780328428e+00 2.274775904780328428e+00
1.022301099999999963e+00 5.043566363191184010e+00 2.245788583814421369e+00 2.245788583814421369e+00
1.028502800000000050e+00 4.917199718870669756e+00 2.217475979322137025e+00 2.217475979322137025e+00
1.034700500000000023e+00 4.795379253347688220e+00 2.189835439787128912e+00 2.189835439787128912e+00
1.040902100000000052e+00 4.677961033473171604e+00 2.162859457633151905e+00 2.162859457633151905e+00
1.047103799999999918e+00 4.564812524472658950e+00 2.136542188788383978e+00 2.136542188788383978e+00
1.053301400000000054e+00 4.455769105040069178e+00 2.110869277108383457e+00 2.110869277108383457e+00
1.059503099999999920e+00 4.350679638777316782e+00 2.085828286023879929e+00 2.085828286023879929e+00
1.065704800000000008e+00 4.249358186472197652e+00 2.061397144286417404e+00 2.061397144286417404e+00
1.071902399999999922e+00 4.151627804023817703e+00 2.037554368360220636e+00 2.037554368360220636e+00
1.078104100000000010e+00 4.057304918142198957e+00 2.014275283605048816e+00 2.014275283605048816e+00
1.084305800000000097e+00 3.966211380010410625e+00 1.991534930652839597e+00 1.991534930652839597e+00
1.090503400000000012e+00 3.878175796047106605e+00 1.969308456298074939e+00 1.969308456298074939e+00
1.096705100000000099e+00 3.793037492076576811e+00 1.947572204586155209e+00 1.947572204586155209e+00
1.102906799999999965e+00 3.710627772833262839e+00 1.926298983240468443e+00 1.926298983240468443e+00
1.109104400000000101e+00 3.630791260165731504e+00 1.905463528951874652e+00 1.905463528951874652e+00
1.115306099999999967e+00 3.553380186583604328e+00 1.885041163100584560e+00 1.885041163100584560e+00
1.121503799999999940e+00 3.478233464162614030e+00 1.865002269211116559e+00 1.865002269211116559e+00
1.127705399999999969e+00 3.405181513320118203e+00 1.845313391627589672e+00 1.845313391627589672e+00
1.133907100000000057e+00 3.334080756900732467e+00 1.825946537251496915e+00 1.825946537251496915e+00
1.140104800000000029e+00 3.264768823175813406e+00 1.806867129363920244e+00 1.806867129363920244e+00
1.146306400000000059e+00 3.197092926059641904e+00 1.788041645504836019e+00 1.788041645504836019e+00
1.152508099999999924e+00 3.130889035450248770e+00 1.769431839729987743e+00 1.769431839729987743e+00
1.158705799999999897e+00 3.066046806939940694e+00 1.751013080173857706e+00 1.751013080173857706e+00
1.164907399999999926e+00 3.002461970704016991e+00 1.732761371540818107e+00 1.732761371540818107e+00
1.171109100000000014e+00 2.940062824855612877e+00 1.714661139950285573e+00 1.714661139950285573e+00
1.177306799999999987e+00 2.878780373086077482e+00 1.696696900771047511e+00 1.696696900771047511e+00
1.183508400000000016e+00 2.818566120498982475e+00 1.678858576682080939e+00 1.678858576682080939e+00
1.189710100000000104e+00 2.759371404642160908e+00 1.661135576839579020e+00 1.661135576839579020e+00
1.195907800000000076e+00 2.701137333824385145e+00 1.643513715739660430e+00 1.643513715739660430e+00
1.202109400000000106e+00 2.643802064119796569e+00 1.625977264330530803e+00 1.625977264330530803e+00
1.208307100000000078e+00 2.587328424022400597e+00 1.608517461522379843e+00 1.608517461522379843e+00
1.214508799999999944e+00 2.531721017931932050e+00 1.591138277439120730e+00 1.591138277439120730e+00
1.220710399999999973e+00 2.477007638429551850e+00 1.573851212290905188e+00 1.573851212290905188e+00
1.226908099999999946e+00 2.423238732596629585e+00 1.556675538638874423e+00 1.556675538638874423e+00
1.233109800000000034e+00 2.370423914967159984e+00 1.539618106858697599e+00 1.539618106858697599e+00
1.239311400000000063e+00 2.318595302990609675e+00 1.522693436969703829e+00 1.522693436969703829e+00
1.245509100000000036e+00 2.267781526494046407e+00 1.505915511074258806e+00 1.505915511074258806e+00
1.251710799999999901e+00 2.217990385560311584e+00 1.489291907437998441e+00 1.489291907437998441e+00
1.257912399999999931e+00 2.169254264775299035e+00 1.472838845486938775e+00 1.472838845486938775e+00
1.264110099999999903e+00 2.121566893454653879e+00 1.456559951891666538e+00 1.456559951891666538e+00
1.270311799999999991e+00 2.074960010434253821e+00 1.440472148441008127e+00 1.440472148441008127e+00
1.276513400000000020e+00 2.029454520417218966e+00 1.424589246210015148e+00 1.424589246210015148e+00
1.282711099999999993e+00 1.985072731534292645e+00 1.408926091579786322e+00 1.408926091579786322e+00
1.288912700000000022e+00 1.941858178036004468e+00 1.393505715107047793e+00 1.393505715107047793e+00
1.295110399999999995e+00 1.899836221273044634e+00 1.378345465140377923e+00 1.378345465140377923e+00
1.301312100000000083e+00 1.859045752979441746e+00 1.363468280884979622e+00 1.363468280884979622e+00
1.307513699999999890e+00 1.819508427721181709e+00 1.348891555211604754e+00 1.348891555211604754e+00
1.313711400000000085e+00 1.781230212794635559e+00 1.334627368517008694e+00 1.334627368517008694e+00
1.319913099999999950e+00 1.744202158137175829e+00 1.320682459237335404e+00 1.320682459237335404e+00
1.326114699999999980e+00 1.708426006518016127e+00 1.307067713057749714e+00 1.307067713057749714e+00
1.332312399999999952e+00 1.673887335141932331e+00 1.293787979207540850e+00 1.293787979207540850e+00
1.338514100000000040e+00 1.640592637662202646e+00 1.280856212719523990e+00 1.280856212719523990e+00
1.344715700000000069e+00 1.608521402741424078e+00 1.268274971266650786e+00 1.268274971266650786e+00
1.350913400000000042e+00 1.577635143869711598e+00 1.256039467480903449e+00 1.256039467480903449e+00
1.357115099999999908e+00 1.547878107112126811e+00 1.244137495260120740e+00 1.244137495260120740e+00
1.363316699999999937e+00 1.519184310278707706e+00 1.232551950336661317e+00 1.232551950336661317e+00
1.369514399999999910e+00 1.491496809325790762e+00 1.221268524660236610e+00 1.221268524660236610e+00
1.375716099999999997e+00 1.464748835426223694e+00 1.210268084114517029e+00 1.210268084114517029e+00
1.381913699999999912e+00 1.438890610383501079e+00 1.199537665262538244e+00 1.199537665262538244e+00
1.388115399999999999e+00 1.413852984382819811e+00 1.189055500968234869e+00 1.189055500968234869e+00
1.394317100000000087e+00 1.389564624640146295e+00 1.178797957514410744e+00 1.178797957514410744e+00
1.400514700000000001e+00 1.365980691283803727e+00 1.168751766323287145e+00 1.168751766323287145e+00
1.406716400000000089e+00 1.343008840869618137e+00 1.158882582865761401e+00 1.158882582865761401e+00
1.412918099999999955e+00 1.320591907506969864e+00 1.149170095115153112e+00 1.149170095115153112e+00
1.419115700000000091e+00 1.298671173965451286e+00 1.139592547345519957e+00 1.139592547345519957e+00
1.425317399999999957e+00 1.277215904965821380e+00 1.130139772313947688e+00 1.130139772313947688e+00
1.431519100000000044e+00 1.256193348371646090e+00 1.120800316011574926e+00 1.120800316011574926e+00
1.437716699999999959e+00 1.235589205032397331e+00 1.111570602810454611e+00 1.111570602810454611e+00
1.443918400000000046e+00 1.215389639191770454e+00 1.102447114011266605e+00 1.102447114011266605e+00
1.450120099999999912e+00 1.195570606477554421e+00 1.093421513633948239e+00 1.093421513633948239e+00
1.456317700000000048e+00 1.176126936703082881e+00 1.084493861994194397e+00 1.084493861994194397e+00
1.462519399999999914e+00 1.157036537475299331e+00 1.075656328701365183e+00 1.075656328701365183e+00
1.468721100000000002e+00 1.138304809396126993e+00 1.066913684135753826e+00 1.066913684135753826e+00
1.474918699999999916e+00 1.119919363676606272e+00 1.058262426658249211e+00 1.058262426658249211e+00
1.481120400000000004e+00 1.101869899095918814e+00 1.049699909067310033e+00 1.049699909067310033e+00
1.487317999999999918e+00 1.084154961687555430e+00 1.041227622418631205e+00 1.041227622418631205e+00
1.493519700000000006e+00 1.066775434046803195e+00 1.032848214427852573e+00 1.032848214427852573e+00
1.499721400000000093e+00 1.049722878339666821e+00 1.024559846148416442e+00 1.024559846148416442e+00
1.505919000000000008e+00 1.032999100176585916e+00 1.016365633114670874e+00 1.016365633114670874e+00
1.512120700000000095e+00 1.016588377057355386e+00 1.008260074116472893e+00 1.008260074116472893e+00
1.518322399999999961e+00 1.000503151095708310e+00 1.000251543910684715e+00 1.000251543910684715e+00
1.524520000000000097e+00 9.847280133853254513e-01 9.923346277266179571e-01 9.923346277266179571e-01
1.530721699999999963e+00 9.692574998399586805e-01 9.845087606720209772e-01 9.845087606720209772e-01
1.536923400000000051e+00 9.540951178398495713e-01 9.767779265727954963e-01 9.767779265727954963e-01
1.543120999999999965e+00 9.392252141905286233e-01 9.691363238422799897e-01 9.691363238422799897e-01
1.549322700000000053e+00 9.246606122355448543e-01 9.615927475992863682e-01 9.615927475992863682e-01
1.555524399999999918e+00 9.103848451902230021e-01 9.541408937836293180e-01 9.541408937836293180e-01
1.561722000000000055e+00 8.963987576810837909e-01 9.467833742103226591e-01 9.467833742103226591e-01
1.567923699999999920e+00 8.827012162616335589e-01 9.395218019086271077e-01 9.395218019086271077e-01
1.574121300000000057e+00 8.692860133502299247e-01 9.323550897325706410e-01 9.323550897325706410e-01
1.580322999999999922e+00 8.561507988824975657e-01 9.252841719615101379e-01 9.252841719615101379e-01
1.586524700000000010e+00 8.432892995087947208e-01 9.183078457188497135e-01 9.183078457188497135e-01
1.592722299999999924e+00 8.306872680000934039e-01 9.114204671830085092e-01 9.114204671830085092e-01
1.598924000000000012e+00 8.183352777829614455e-01 9.046188577422877852e-01 9.046188577422877852e-01
1.605125700000000100e+00 8.062174472240414280e-01 8.978961227358326358e-01 8.978961227358326358e-01
1.611323300000000014e+00 7.943224096227000652e-01 8.912476701920180044e-01 8.912476701920180044e-01
1.617525000000000102e+00 7.826346343460464094e-01 8.846663972063403270e-01 8.846663972063403270e-01
1.623726699999999967e+00 7.711427389990841430e-01 8.781473333097835621e-01 8.781473333097835621e-01
1.629924300000000104e+00 7.598346175233344768e-01 8.716849301917146686e-01 8.716849301917146686e-01
1.636125999999999969e+00 7.486979811147139729e-01 8.652733562954044721e-01 8.652733562954044721e-01
1.642327700000000057e+00 7.377231464728979393e-01 8.589081129392700520e-01 8.589081129392700520e-01
1.648525299999999971e+00 7.268970307372704109e-01 8.525825653491105882e-01 8.525825653491105882e-01
1.654727000000000059e+00 7.162112291221993665e-01 8.462926379936194232e-01 8.462926379936194232e-01
1.660924599999999973e+00 7.056560892205350211e-01 8.400333857773362167e-01 8.400333857773362167e-01
1.667126300000000061e+00 6.952258330722066448e-01 8.338020347014072353e-01 8.338020347014072353e-01
1.673327999999999927e+00 6.849144976739621749e-01 8.275956124061812913e-01 8.275956124061812913e-01
1.679525600000000063e+00 6.747221424865054162e-01 8.214147201545060062e-01 8.214147201545060062e-01
1.685727299999999929e+00 6.646540981148904015e-01 8.152632078751563816e-01 8.152632078751563816e-01
1.691929000000000016e+00 6.547164059938143099e-01 8.091454788811554000e-01 8.091454788811554000e-01
1.698126599999999931e+00 6.449161139246686325e-01 8.030666933229572146e-01 8.030666933229572146e-01
1.704328300000000018e+00 6.352567911367728026e-01 7.970299813286654267e-01 7.970299813286654267e-01
1.710530000000000106e+00 6.257453138122495151e-01 7.910406524397146644e-01 7.910406524397146644e-01
1.716727600000000020e+00 6.163874690802321199e-01 7.851034766705801138e-01 7.851034766705801138e-01
1.722929300000000108e+00 6.071872472211471417e-01 7.792222065759850658e-01 7.792222065759850658e-01
1.729130999999999974e+00 5.981508745508999914e-01 7.734021428409026955e-01 7.734021428409026955e-01
1.735328600000000110e+00 5.892823928321081484e-01 7.676473101835947777e-01 7.676473101835947777e-01
1.741530299999999976e+00 5.805859499825900549e-01 7.619619084853193058e-01 7.619619084853193058e-01
1.747732000000000063e+00 5.720659823751670370e-01 7.563504362232938982e-01 7.563504362232938982e-01
1.753929599999999978e+00 5.637267181516713022e-01 7.508173667088896552e-01 7.508173667088896552e-01
1.760131300000000065e+00 5.555725361815064822e-01 7.453673833630678480e-01 7.453673833630678480e-01
1.766328899999999980e+00 5.476043692518403061e-01 7.400029521913006336e-01 7.400029521913006336e-01
1.772530600000000067e+00 5.398244516672829896e-01 7.347274676145454375e-01 7.347274676145454375e-01
1.778732299999999933e+00 5.322270427619916200e-01 7.295389247750880823e-01 7.295389247750880823e-01
1.784929900000000069e+00 5.248064361114767040e-01 7.244352532224509478e-01 7.244352532224509478e-01
1.791131599999999935e+00 5.175573205212319339e-01 7.194145679100694135e-01 7.194145679100694135e-01
1.797333300000000023e+00 5.104741821277316571e-01 7.144747596155736069e-01 7.144747596155736069e-01
1.803530899999999937e+00 5.035478629484173574e-01 7.096110645617198509e-01 7.096110645617198509e-01
1.809732600000000025e+00 4.967735314190269147e-01 7.048216309244679234e-01 7.048216309244679234e-01
1.815934299999999890e+00 4.901433802685247754e-01 7.001024069866670363e-01 7.001024069866670363e-01
1.822131900000000027e+00 4.836517892070039126e-01 6.954507812972848813e-01 6.954507812972848813e-01
1.828333599999999892e+00 4.772916952881140484e-01 6.908630076130245490e-01 6.908630076130245490e-01
1.834535299999999980e+00 4.710569357738655927e-01 6.863358767934731874e-01 6.863358767934731874e-01
1.840732899999999894e+00 4.649405937854678705e-01 6.818655247081112369e-01 6.818655247081112369e-01
1.846934599999999982e+00 4.589380318422188743e-01 6.774496526253585005e-01 6.774496526253585005e-01
1.853132199999999896e+00 4.530424968697455701e-01 6.730843163153822362e-01 6.730843163153822362e-01
1.859333899999999984e+00 4.472495129584830309e-01 6.687671590011601275e-01 6.687671590011601275e-01
1.865535600000000072e+00 4.415524559528719029e-01 6.644941353788398342e-01 6.644941353788398342e-01
1.871733199999999986e+00 4.359484719270447228e-01 6.602639411076790532e-01 6.602639411076790532e-01
1.877934900000000074e+00 4.304357867051174513e-01 6.560760525313490410e-01 6.560760525313490410e-01
1.884136599999999939e+00 4.250113258277711248e-01 6.519289269757641003e-01 6.519289269757641003e-01
1.890334200000000076e+00 4.196747082370457238e-01 6.478230531843134354e-01 6.478230531843134354e-01
1.896535899999999941e+00 4.144207855712007671e-01 6.437552217816960853e-01 6.437552217816960853e-01
1.902737600000000029e+00 4.092507024610105848e-01 6.397270530945291522e-01 6.397270530945291522e-01
1.908935199999999943e+00 4.041596532188937996e-01 6.357355214386669617e-01 6.357355214386669617e-01
1.915136900000000031e+00 3.991437964137264927e-01 6.317782810557248663e-01 6.317782810557248663e-01
1.921338599999999897e+00 3.942027331204073226e-01 6.278556626489939507e-01 6.278556626489939507e-01
1.927536200000000033e+00 3.893311061593732747e-01 6.239640263343498860e-01 6.239640263343498860e-01
1.933737899999999899e+00 3.845265481526731199e-01 6.201020465638483747e-01 6.201020465638483747e-01
1.939935500000000035e+00 3.797853333610451965e-01 6.162672580634518393e-01 6.162672580634518393e-01
1.946137199999999901e+00 3.751058952113945910e-01 6.124588926706792114e-01 6.124588926706792114e-01
1.952338899999999988e+00 3.704864493291915584e-01 6.086759805752084418e-01 6.086759805752084418e-01
1.958536499999999902e+00 3.659252284333008864e-01 6.049175385400070715e-01 6.049175385400070715e-01
1.964738199999999990e+00 3.614188450253102425e-01 6.011812081438592248e-01 6.011812081438592248e-01
1.970939900000000078e+00 3.569657171743749191e-01 5.974660803546716359e-01 5.974660803546716359e-01
1.977137499999999992e+00 3.525653507151397248e-01 5.937721370316560998e-01 5.937721370316560998e-01
1.983339200000000080e+00 3.482166279002762432e-01 5.900988289263725539e-01 5.900988289263725539e-01
1.989540899999999946e+00 3.439174468411195229e-01 5.864447517380639852e-01 5.864447517380639852e-01
1.995738500000000082e+00 3.396678132586362087e-01 5.828102720943035830e-01 5.828102720943035830e-01
2.001940199999999948e+00 3.354680439092473376e-01 5.791960323666308641e-01 5.791960323666308641e-01
2.008141900000000035e+00 3.313155806663661274e-01 5.756001916837468757e-01 5.756001916837468757e-01
2.014339500000000172e+00 3.272118292313739296e-01 5.720243257339445719e-01 5.720243257339445719e-01
2.020541199999999815e+00 3.231565325055769100e-01 5.684685853286678414e-01 5.684685853286678414e-01
2.026742899999999903e+00 3.191503387294638561e-01 5.649339242154465257e-01 5.649339242154465257e-01
2.032940500000000039e+00 3.151910463072923885e-01 5.614187797956997628e-01 5.614187797956997628e-01
2.039142200000000127e+00 3.112823553564602608e-01 5.579268369208101319e-01 5.579268369208101319e-01
2.045339799999999819e+00 3.074220228993106430e-01 5.544565112786670191e-01 5.544565112786670191e-01
2.051541499999999907e+00 3.036117298335986314e-01 5.510097366050791257e-01 5.510097366050791257e-01
2.057743199999999995e+00 2.998539235072919529e-01 5.475891922849572824e-01 5.475891922849572824e-01
2.063940800000000131e+00 2.961471068927831185e-01 5.441939974795597657e-01 5.441939974795597657e-01
2.070142500000000219e+00 2.924926435864859675e-01 5.408258902701367221e-01 5.408258902701367221e-01
2.076344199999999862e+00 2.888906924058432524e-01 5.374855276245521507e-01 5.374855276245521507e-01
2.082541799999999999e+00 2.853422457604278262e-01 5.341743589507341738e-01 5.341743589507341738e-01
2.088743500000000086e+00 2.818453808314587139e-01 5.308911195635680480e-01 5.308911195635680480e-01
2.094945200000000174e+00 2.784018150784374757e-01 5.276379583373788096e-01 5.276379583373788096e-01
2.101142799999999866e+00 2.750092923192594685e-01 5.244132838890138704e-01 5.244132838890138704e-01
2.107344499999999954e+00 2.716675153833131295e-01 5.212173398720663098e-01 5.212173398720663098e-01
2.113546200000000042e+00 2.683760311940273091e-01 5.180502207257779990e-01 5.180502207257779990e-01
2.119743800000000178e+00 2.651333598244305922e-01 5.149110212691417887e-01 5.149110212691417887e-01
2.125945499999999821e+00 2.619381666793203500e-01 5.117989514246003013e-01 5.117989514246003013e-01
2.132143099999999958e+00 2.587898867626678423e-01 5.087139537723216476e-01 5.087139537723216476e-01
2.138344800000000046e+00 2.556882089490885579e-01 5.056562161677522482e-01 5.056562161677522482e-01
2.144546500000000133e+00 2.526307905791119746e-01 5.026239056979999731e-01 5.026239056979999731e-01
2.150744099999999825e+00 2.496192374185548513e-01 4.996190923279001939e-01 4.996190923279001939e-01
2.156945799999999913e+00 2.466505492794234811e-01 4.966392546702520505e-01 4.966392546702520505e-01
2.163147500000000001e+00 2.437255430846528015e-01 4.936856723509938094e-01 4.936856723509938094e-01
2.169345100000000137e+00 2.408422503208522691e-01 4.907568138302842442e-01 4.907568138302842442e-01
2.175546799999999781e+00 2.380027937633018009e-01 4.878553000258394334e-01 4.878553000258394334e-01
2.181748499999999868e+00 2.352044425404396788e-01 4.849788062796555610e-01 4.849788062796555610e-01
2.187946100000000005e+00 2.324483998311740462e-01 4.821290281980271097e-01 4.821290281980271097e-01
2.194147800000000093e+00 2.297341305376220111e-01 4.793058841049440133e-01 4.793058841049440133e-01
2.200349500000000180e+00 2.270619928937672449e-01 4.765102232835800034e-01 4.765102232835800034e-01
2.206547099999999872e+00 2.244304880194918916e-01 4.737409503299159774e-01 4.737409503299159774e-01
2.212748799999999960e+00 2.218420381180227219e-01 4.710011020348282562e-01 4.710011020348282562e-01
2.218946400000000096e+00 2.192941440054378965e-01 4.682885264507746781e-01 4.682885264507746781e-01
2.225148100000000184e+00 2.167891767332496833e-01 4.656062464499909348e-01 4.656062464499909348e-01
2.231349799999999828e+00 2.143265179309043478e-01 4.629541207624189303e-01 4.629541207624189303e-01
2.237547399999999964e+00 2.119045194648646047e-01 4.603308804163203094e-01 4.603308804163203094e-01
2.243749100000000052e+00 2.095244151301194069e-01 4.577383697376913307e-01 4.577383697376913307e-01
2.249950800000000140e+00 2.071863309377328100e-01 4.551772522191028791e-01 4.551772522191028791e-01
2.256148399999999832e+00 2.048883746438652786e-01 4.526459705375330822e-01 4.526459705375330822e-01
2.262350099999999919e+00 2.026315552519636909e-01 4.501461487694454200e-01 4.501461487694454200e-01
2.268551800000000007e+00 2.004157739166053109e-01 4.476782035308456975e-01 4.476782035308456975e-01
2.274749400000000144e+00 1.982379313310023428e-01 4.452391844065415882e-01 4.452391844065415882e-01
2.280951099999999787e+00 1.960998365393896437e-01 4.428316119467868850e-01 4.428316119467868850e-01
2.287152799999999875e+00 1.939982957961416676e-01 4.404523763088827870e-01 4.404523763088827870e-01
2.293350400000000011e+00 1.919330321987773036e-01 4.381016231409983197e-01 4.381016231409983197e-01
2.299552100000000099e+00 1.899028430532244960e-01 4.357784334420698458e-01 4.357784334420698458e-01
2.305749699999999791e+00 1.879073968211558698e-01 4.334828679673002338e-01 4.334828679673002338e-01
2.311951399999999879e+00 1.859435794744936921e-01 4.312117571153338824e-01 4.312117571153338824e-01
2.318153099999999966e+00 1.840121013413202056e-01 4.289663172573345840e-01 4.289663172573345840e-01
2.324350700000000103e+00 1.821127565204561372e-01 4.267467123721706557e-01 4.267467123721706557e-01
2.330552400000000191e+00 1.802425223065310111e-01 4.245497877829301214e-01 4.245497877829301214e-01
2.336754099999999834e+00 1.784013033764386413e-01 4.223757845526168730e-01 4.223757845526168730e-01
2.342951699999999970e+00 1.765880577952279318e-01 4.202238186909779682e-01 4.202238186909779682e-01
2.349153400000000058e+00 1.748028756686734464e-01 4.180943382403945474e-01 4.180943382403945474e-01
2.355355100000000146e+00 1.730438679095016030e-01 4.159854179048847467e-01 4.159854179048847467e-01
2.361552699999999838e+00 1.713101813819885300e-01 4.138963413488799259e-01 4.138963413488799259e-01
2.367754399999999926e+00 1.696020230671997087e-01 4.118276618528673994e-01 4.118276618528673994e-01
2.373956100000000013e+00 1.679196093677661483e-01 4.097799523741567085e-01 4.097799523741567085e-01
2.380153700000000150e+00 1.662612221671662116e-01 4.077514220296064029e-01 4.077514220296064029e-01
2.386355399999999793e+00 1.646261547429134775e-01 4.057414875791154341e-01 4.057414875791154341e-01
2.392557099999999881e+00 1.630146535639659111e-01 4.037507319670961548e-01 4.037507319670961548e-01
2.398754700000000017e+00 1.614259739787077264e-01 4.017785135851688616e-01 4.017785135851688616e-01
2.404956400000000105e+00 1.598603660347444055e-01 3.998254194454679555e-01 3.998254194454679555e-01
2.411153999999999797e+00 1.583160547006050856e-01 3.978895006161950465e-01 3.978895006161950465e-01
2.417355699999999885e+00 1.567932017034974757e-01 3.959712132257817152e-01 3.959712132257817152e-01
2.423557399999999973e+00 1.552919203020660666e-01 3.940709584606128524e-01 3.940709584606128524e-01
2.429755000000000109e+00 1.538102938876471371e-01 3.921865549552242536e-01 3.921865549552242536e-01
2.435956700000000197e+00 1.523483917584486369e-01 3.903183210642931500e-01 3.903183210642931500e-01
2.442158399999999840e+00 1.509061643315861290e-01 3.884664262604763940e-01 3.884664262604763940e-01
2.448355999999999977e+00 1.494806033696061409e-01 3.866272149882961084e-01 3.866272149882961084e-01
2.454557700000000064e+00 1.480736117565838728e-01 3.848033416650430971e-01 3.848033416650430971e-01
2.460759400000000152e+00 1.466830955999031960e-01 3.829922918283124034e-01 3.829922918283124034e-01
2.466956999999999844e+00 1.453098721665373461e-01 3.811953202316856193e-01 3.811953202316856193e-01
2.473158699999999932e+00 1.439518799677227401e-01 3.794099102128498102e-01 3.794099102128498102e-01
2.479360400000000020e+00 1.426099257436959922e-01 3.776372938994452810e-01 3.776372938994452810e-01
2.485558000000000156e+00 1.412828762034001873e-01 3.758761447650012522e-01 3.758761447650012522e-01
2.491759699999999800e+00 1.399706347974817022e-01 3.741264957169990191e-01 3.741264957169990191e-01
2.497957299999999936e+00 1.386730599087324101e-01 3.723883187060684774e-01 3.723883187060684774e-01
2.504159000000000024e+00 1.373891235712514092e-01 3.706603884572121643e-01 3.706603884572121643e-01
2.510360700000000111e+00 1.361187530724670691e-01 3.689427503996616786e-01 3.689427503996616786e-01
2.516558299999999804e+00 1.348609431433615558e-01 3.672341802492812279e-01 3.672341802492812279e-01
2.522759999999999891e+00 1.336166813459325198e-01 3.655361560036606283e-01 3.655361560036606283e-01
2.528961699999999979e+00 1.323850221600380295e-01 3.638475259776243753e-01 3.638475259776243753e-01
2.535159300000000115e+00 1.311669898490905872e-01 3.621698356421895193e-01 3.621698356421895193e-01
2.541361000000000203e+00 1.299597771113038536e-01 3.604993441204905613e-01 3.604993441204905613e-01
2.547562699999999847e+00 1.287644293735521472e-01 3.588376086387157771e-01 3.588376086387157771e-01
2.553760299999999983e+00 1.275820459293271758e-01 3.571862902314801302e-01 3.571862902314801302e-01
2.559962000000000071e+00 1.264117752254035887e-01 3.555443365115011911e-01 3.555443365115011911e-01
2.566163700000000158e+00 1.252527710901517877e-01 3.539106823623042186e-01 3.539106823623042186e-01
2.572361299999999851e+00 1.241070709581272996e-01 3.522883349731116276e-01 3.522883349731116276e-01
2.578562999999999938e+00 1.229718910739181492e-01 3.506734821367565869e-01 3.506734821367565869e-01
2.584760600000000075e+00 1.218492311269135375e-01 3.490690921965357019e-01 3.490690921965357019e-01
2.590962300000000162e+00 1.207392001058053832e-01 3.474754669121337680e-01 3.474754669121337680e-01
2.597163999999999806e+00 1.196408483293150554e-01 3.458913822709595021e-01 3.458913822709595021e-01
2.603361599999999942e+00 1.185541794455895886e-01 3.443169752504072756e-01 3.443169752504072756e-01
2.609563300000000030e+00 1.174792359281159881e-01 3.427524411701775020e-01 3.427524411701775020e-01
2.615765000000000118e+00 1.164150015025240820e-01 3.411964265676357688e-01 3.411964265676357688e-01
2.621962599999999810e+00 1.153623951398642794e-01 3.396504013538984013e-01 3.396504013538984013e-01
2.628164299999999898e+00 1.143214060307058688e-01 3.381144865732698124e-01 3.381144865732698124e-01
2.634365999999999985e+00 1.132909734217628639e-01 3.365872448886957913e-01 3.365872448886957913e-01
2.640563600000000122e+00 1.122719945193823843e-01 3.350701337323014339e-01 3.350701337323014339e-01
2.646765300000000209e+00 1.112634417969085160e-01 3.335617511000152358e-01 3.335617511000152358e-01
2.652966999999999853e+00 1.102652351316477097e-01 3.320620952949127624e-01 3.320620952949127624e-01
2.659164599999999989e+00 1.092773014700350737e-01 3.305711745903370247e-01 3.305711745903370247e-01
2.665366300000000077e+00 1.082995983743634399e-01 3.290890432304962587e-01 3.290890432304962587e-01
2.671568000000000165e+00 1.073311166039677689e-01 3.276142802198460102e-01 3.276142802198460102e-01
2.677765599999999857e+00 1.063727898410931350e-01 3.261484168919008275e-01 3.261484168919008275e-01
2.683967299999999945e+00 1.054236491212042354e-01 3.246900816489537434e-01 3.246900816489537434e-01
2.690164900000000081e+00 1.044846620142790838e-01 3.232408730564237942e-01 3.232408730564237942e-01
2.696366600000000169e+00 1.035539117862313702e-01 3.217979362678253241e-01 3.217979362678253241e-01
2.702568299999999812e+00 1.026324056107792149e-01 3.203629279594928381e-01 3.203629279594928381e-01
2.708765899999999949e+00 1.017201954498492683e-01 3.189360366121227197e-01 3.189360366121227197e-01
2.714967600000000036e+00 1.008173368583848983e-01 3.175174591394698265e-01 3.175174591394698265e-01
2.721169300000000124e+00 9.992291813285512914e-02 3.161058653882510838e-01 3.161058653882510838e-01
2.727366899999999816e+00 9.903699999361477435e-02 3.147014458079510635e-01 3.147014458079510635e-01
2.733568599999999904e+00 9.816064346799661944e-02 3.133059901565825589e-01 3.133059901565825589e-01
2.739770299999999992e+00 9.729292548756893200e-02 3.119181390807032606e-01 3.119181390807032606e-01
2.745967900000000128e+00 9.643389379624836555e-02 3.105380714119419516e-01 3.105380714119419516e-01
2.752169600000000216e+00 9.558360641565613602e-02 3.091659852177405243e-01 3.091659852177405243e-01
2.758371299999999859e+00 9.474208871192706105e-02 3.078020284402412377e-01 3.078020284402412377e-01
2.764568899999999996e+00 9.390837262890175396e-02 3.064447301372659749e-01 3.064447301372659749e-01
2.770770600000000083e+00 9.308345783730541390e-02 3.050958174693737535e-01 3.050958174693737535e-01
2.776968200000000220e+00 9.226791090147740126e-02 3.037563347511906819e-01 3.037563347511906819e-01
2.783169899999999863e+00 9.146015608185950607e-02 3.024238021086625983e-01 3.024238021086625983e-01
2.789371599999999951e+00 9.066015692612525156e-02 3.010982512837383496e-01 3.010982512837383496e-01
2.795569200000000087e+00 8.986845405930429798e-02 2.997806765942466201e-01 2.997806765942466201e-01
2.801770900000000175e+00 8.908462512100473463e-02 2.984704761295574604e-01 2.984704761295574604e-01
2.807972599999999819e+00 8.830802641984283885e-02 2.971666643818630660e-01 2.971666643818630660e-01
2.814170199999999955e+00 8.753958480204009074e-02 2.958708921168827777e-01 2.958708921168827777e-01
2.820371900000000043e+00 8.677828675709303718e-02 2.945815451739858259e-01 2.945815451739858259e-01
2.826573600000000130e+00 8.602428364965042373e-02 2.932989663289838900e-01 2.932989663289838900e-01
2.832771199999999823e+00 8.527773244426993526e-02 2.920235135126449388e-01 2.920235135126449388e-01
2.838972899999999910e+00 8.453764181769889141e-02 2.907535757608131211e-01 2.907535757608131211e-01
2.845174599999999998e+00 8.380517321986243051e-02 2.894912316804473251e-01 2.894912316804473251e-01
2.851372200000000134e+00 8.307914237370980781e-02 2.882345266856658483e-01 2.882345266856658483e-01
2.857573899999999778e+00 8.236016287335472252e-02 2.869846038960186529e-01 2.869846038960186529e-01
2.863775599999999866e+00 8.164766078611973565e-02 2.857405480258616293e-01 2.857405480258616293e-01
2.869973200000000002e+00 8.094186128742707209e-02 2.845028317740037616e-01 2.845028317740037616e-01
2.876174900000000090e+00 8.024242459567994257e-02 2.832709384947209030e-01 2.832709384947209030e-01
2.882372600000000062e+00 7.954958255083971475e-02 2.820453554853185607e-01 2.820453554853185607e-01
2.888574199999999870e+00 7.886379099657406244e-02 2.808269769743890754e-01 2.808269769743890754e-01
2.894775899999999957e+00 7.818391817784280107e-02 2.796138733644001340e-01 2.796138733644001340e-01
2.900973500000000094e+00 7.751040284546194259e-02 2.784069015765628374e-01 2.784069015765628374e-01
2.907175200000000181e+00 7.684408711781891277e-02 2.772076606405726729e-01 2.772076606405726729e-01
2.913376899999999825e+00 7.618382751871100034e-02 2.760141799232622706e-01 2.760141799232622706e-01
2.919574499999999961e+00 7.553004385551143063e-02 2.748272982356582128e-01 2.748272982356582128e-01
2.925776200000000049e+00 7.488276767666335321e-02 2.736471590875069748e-01 2.736471590875069748e-01
2.931977900000000137e+00 7.424141669439751623e-02 2.724727815661548425e-01 2.724727815661548425e-01
2.938175499999999829e+00 7.360696696209712009e-02 2.713060393026611727e-01 2.713060393026611727e-01
2.944377199999999917e+00 7.297804408557671818e-02 2.701444874240018779e-01 2.701444874240018779e-01
2.950578900000000004e+00 7.235580062317573113e-02 2.689903355572012544e-01 2.689903355572012544e-01
2.956776500000000141e+00 7.173941862554615578e-02 2.678421524434609347e-01 2.678421524434609347e-01
2.962978199999999784e+00 7.112906904570484579e-02 2.667003356685267446e-01 2.667003356685267446e-01
2.969175900000000201e+00 7.052430898994679898e-02 2.655641334780485807e-01 2.655641334780485807e-01
2.975377500000000008e+00 6.992549986077568891e-02 2.644343015963997456e-01 2.644343015963997456e-01
2.981579200000000096e+00 6.933220170486972811e-02 2.633100865991839235e-01 2.633100865991839235e-01
2.987776900000000069e+00 6.874456685247580523e-02 2.621918512320239869e-01 2.621918512320239869e-01
2.993978499999999876e+00 6.816217586735676126e-02 2.610788690556107849e-01 2.610788690556107849e-01
3.000180199999999964e+00 6.758538861601769143e-02 2.599718996661325443e-01 2.599718996661325443e-01
3.006377899999999936e+00 6.701378588721541851e-02 2.588702105056033820e-01 2.588702105056033820e-01
3.012579500000000188e+00 6.644697096600254982e-02 2.577730997718779560e-01 2.577730997718779560e-01
3.018781199999999831e+00 6.588572222580788007e-02 2.566821423975728655e-01 2.566821423975728655e-01
3.024978899999999804e+00 6.532945454596986168e-02 2.555962725588342144e-01 2.555962725588342144e-01
3.031180500000000055e+00 6.477799322616314970e-02 2.545152121704381543e-01 2.545152121704381543e-01
3.037382200000000143e+00 6.423195304409792805e-02 2.534402356456013083e-01 2.534402356456013083e-01
3.043579900000000116e+00 6.369077168342399120e-02 2.523703066595275879e-01 2.523703066595275879e-01
3.049781499999999923e+00 6.315489112252031800e-02 2.513063690448777976e-01 2.513063690448777976e-01
3.055979199999999896e+00 6.262395437695468525e-02 2.502477859581472841e-01 2.502477859581472841e-01
3.062180899999999983e+00 6.209801353783096084e-02 2.491947301566206086e-01 2.491947301566206086e-01
3.068382499999999791e+00 6.157730830795265370e-02 2.481477549927716963e-01 2.481477549927716963e-01
3.074580200000000207e+00 6.106168237283652461e-02 2.471066214670026295e-01 2.471066214670026295e-01
3.080781899999999851e+00 6.055137752148147950e-02 2.460718950255828819e-01 2.460718950255828819e-01
3.086983500000000102e+00 6.004583226620425346e-02 2.450425111408309486e-01 2.450425111408309486e-01
3.093181200000000075e+00 5.954605345270450739e-02 2.440206004678795726e-01 2.440206004678795726e-01
3.099382900000000163e+00 5.905028979712347026e-02 2.430026538890542043e-01 2.430026538890542043e-01
3.105584499999999970e+00 5.856051508311903298e-02 2.419927996513925872e-01 2.419927996513925872e-01
3.111782199999999943e+00 5.807514775078394947e-02 2.409878580982534602e-01 2.409878580982534602e-01
3.117983800000000194e+00 5.759477163216333850e-02 2.399891073198184566e-01 2.399891073198184566e-01
3.124185499999999838e+00 5.711897041759146643e-02 2.389957539739805958e-01 2.389957539739805958e-01
3.130383199999999810e+00 5.664830606785591777e-02 2.380090461891226361e-01 2.380090461891226361e-01
3.136584800000000062e+00 5.618176574188465250e-02 2.370269304148468481e-01 2.370269304148468481e-01
3.142782500000000034e+00 5.571970314801165391e-02 2.360502131920487190e-01 2.360502131920487190e-01
3.148984200000000122e+00 5.526267741291830682e-02 2.350801510398491945e-01 2.350801510398491945e-01
3.155185799999999929e+00 5.480966368134980449e-02 2.341146379049157400e-01 2.341146379049157400e-01
3.161383499999999902e+00 5.436062234790206560e-02 2.331536453669598163e-01 2.331536453669598163e-01
3.167585199999999990e+00 5.391631616285670614e-02 2.321988720103022041e-01 2.321988720103022041e-01
3.173786799999999797e+00 5.347553340337965477e-02 2.312477749155214257e-01 2.312477749155214257e-01
3.179984500000000214e+00 5.303884159648125651e-02 2.303016317712083816e-01 2.303016317712083816e-01
3.186186199999999857e+00 5.260603617151553280e-02 2.293600579253404770e-01 2.293600579253404770e-01
3.192387800000000109e+00 5.217710868110365247e-02 2.284230913920561878e-01 2.284230913920561878e-01
3.198585500000000081e+00 5.175205863129597045e-02 2.274907880141434913e-01 2.274907880141434913e-01
3.204787200000000169e+00 5.133070654159268414e-02 2.265628092639934699e-01 2.265628092639934699e-01
3.210988799999999976e+00 5.091326449656365105e-02 2.256396784622856366e-01 2.256396784622856366e-01
3.217186499999999949e+00 5.049936086319706946e-02 2.247206284772207407e-01 2.247206284772207407e-01
3.223388200000000037e+00 5.008903041347877866e-02 2.238057872653850255e-01 2.238057872653850255e-01
3.229589799999999844e+00 4.968270025095262998e-02 2.228961647291236581e-01 2.228961647291236581e-01
3.235787499999999817e+00 4.927961687703138333e-02 2.219901278819204349e-01 2.219901278819204349e-01
3.241989199999999904e+00 4.888080664174346279e-02 2.210900419325652622e-01 2.210900419325652622e-01
3.248186800000000041e+00 4.848511835752039589e-02 2.201933658344873701e-01 2.201933658344873701e-01
3.254388500000000128e+00 4.809298397435105010e-02 2.193011262496183666e-01 2.193011262496183666e-01
3.260590200000000216e+00 4.770502273554340367e-02 2.184147951388444864e-01 2.184147951388444864e-01
3.266787799999999908e+00 4.732046684207705939e-02 2.175326799404564415e-01 2.175326799404564415e-01
3.272989499999999996e+00 4.693933476444114156e-02 2.166548747765467131e-01 2.166548747765467131e-01
3.279191200000000084e+00 4.656222717501513203e-02 2.157828240963935718e-01 2.157828240963935718e-01
3.285388800000000220e+00 4.618835468452231474e-02 2.149147614393257799e-01 2.149147614393257799e-01
3.291590499999999864e+00 4.581850456284870809e-02 2.140525742962431921e-01 2.140525742962431921e-01
3.297792199999999951e+00 4.545167613066551648e-02 2.131939870884390631e-01 2.131939870884390631e-01
3.303989800000000088e+00 4.508824541972695360e-02 2.123399289340724971e-01 2.123399289340724971e-01
3.310191500000000175e+00 4.472839067606842328e-02 2.114908761059644815e-01 2.114908761059644815e-01
3.316393199999999819e+00 4.437188844723900794e-02 2.106463587324476083e-01 2.106463587324476083e-01
3.322590799999999955e+00 4.401870684848782633e-02 2.098063555960300863e-01 2.098063555960300863e-01
3.328792500000000043e+00 4.366882470141735667e-02 2.089708704614529622e-01 2.089708704614529622e-01
3.334990100000000179e+00 4.332181264943402166e-02 2.081389263194994566e-01 2.081389263194994566e-01
3.341191799999999823e+00 4.297804741656156835e-02 2.073114743967674478e-01 2.073114743967674478e-01
3.347393499999999911e+00 4.263730485893085786e-02 2.064880259456486067e-01 2.064880259456486067e-01
3.353591100000000047e+00 4.229976452412486515e-02 2.056690655497925568e-01 2.056690655497925568e-01
3.359792800000000135e+00 4.196502126832601237e-02 2.048536581765773856e-01 2.048536581765773856e-01
3.365994499999999778e+00 4.163345959163122084e-02 2.040427886293245674e-01 2.040427886293245674e-01
3.372192099999999915e+00 4.130487996915111620e-02 2.032360203535562015e-01 2.032360203535562015e-01
3.378393800000000002e+00 4.097849786965172131e-02 2.024314646235898796e-01 2.024314646235898796e-01
3.384595500000000090e+00 4.065570476321140464e-02 2.016325984636695712e-01 2.016325984636695712e-01
3.390793099999999782e+00 4.033552359568019774e-02 2.008370573267796999e-01 2.008370573267796999e-01
3.396994799999999870e+00 4.001817566817895272e-02 2.000454340098242467e-01 2.000454340098242467e-01
3.403196499999999958e+00 3.970407573583334404e-02 1.992588159551123839e-01 1.992588159551123839e-01
3.409394100000000094e+00 3.939225749323049808e-02 1.984748283617610298e-01 1.984748283617610298e-01
3.415595800000000182e+00 3.908413334617474172e-02 1.976970747031294440e-01 1.976970747031294440e-01
3.421793399999999874e+00 3.877834078818369334e-02 1.969221693669447881e-01 1.969221693669447881e-01
3.427995099999999962e+00 3.847549838371278064e-02 1.961517228670520141e-01 1.961517228670520141e-01
3.434196800000000049e+00 3.817582563658061812e-02 1.953863496679863199e-01 1.953863496679863199e-01
3.440394400000000186e+00 3.787874425311182902e-02 1.946246239639574105e-01 1.946246239639574105e-01
3.446596099999999829e+00 3.758466611651197636e-02 1.938676510316044987e-01 1.938676510316044987e-01
3.452797799999999917e+00 3.729359875044609141e-02 1.931155062402967471e-01 1.931155062402967471e-01
3.458995400000000053e+00 3.700514892044721310e-02 1.923672241325096732e-01 1.923672241325096732e-01
3.465197100000000141e+00 3.671991249132696561e-02 1.916244047383499904e-01 1.916244047383499904e-01
3.471398799999999785e+00 3.643728905312700744e-02 1.908855391409391422e-01 1.908855391409391422e-01
3.477596399999999921e+00 3.615746559889802814e-02 1.901511651263226577e-01 1.901511651263226577e-01
3.483798100000000009e+00 3.588003682409288825e-02 1.894202650829442947e-01 1.894202650829442947e-01
3.489999800000000096e+00 3.560557977458273654e-02 1.886944084348625705e-01 1.886944084348625705e-01
3.496197399999999789e+00 3.533368010372266166e-02 1.879725514635651740e-01 1.879725514635651740e-01
3.502399099999999876e+00 3.506452148622270226e-02 1.872552308647817132e-01 1.872552308647817132e-01
3.508600799999999964e+00 3.479788788097198937e-02 1.865419199026642216e-01 1.865419199026642216e-01
3.514798400000000100e+00 3.453375932366133105e-02 1.858326110338584525e-01 1.858326110338584525e-01
3.521000100000000188e+00 3.427192729766947998e-02 1.851267870883883671e-01 1.851267870883883671e-01
3.527197699999999880e+00 3.401257453366321459e-02 1.844249834855983261e-01 1.844249834855983261e-01
3.533399399999999968e+00 3.375609085484736899e-02 1.837283071680773094e-01 1.837283071680773094e-01
3.539601100000000056e+00 3.350147858877070700e-02 1.830340913293769523e-01 1.830340913293769523e-01
3.545798700000000192e+00 3.324932819476184021e-02 1.823439831602947092e-01 1.823439831602947092e-01
3.552000399999999836e+00 3.299944639113892159e-02 1.816574974812185383e-01 1.816574974812185383e-01
3.558202099999999923e+00 3.275203258500796605e-02 1.809752264399963895e-01 1.809752264399963895e-01
3.564399700000000060e+00 3.250709449826499897e-02 1.802972392974029892e-01 1.802972392974029892e-01
3.570601400000000147e+00 3.226405057874711518e-02 1.796219657468070274e-01 1.796219657468070274e-01
3.576803099999999791e+00 3.202350766505915325e-02 1.789511320586130161e-01 1.789511320586130161e-01
3.583000699999999927e+00 3.178508071999682633e-02 1.782837085097705443e-01 1.782837085097705443e-01
3.589202400000000015e+00 3.154898576577924718e-02 1.776203416441350380e-01 1.776203416441350380e-01
3.595404100000000103e+00 3.131523671554033161e-02 1.769611163943659582e-01 1.769611163943659582e-01
3.601601699999999795e+00 3.108384779365984396e-02 1.763061195581702989e-01 1.763061195581702989e-01
3.607803399999999883e+00 3.085463353429944780e-02 1.756548705111800890e-01 1.756548705111800890e-01
3.614001000000000019e+00 3.062760375598437557e-02 1.750074391446957145e-01 1.750074391446957145e-01
3.620202700000000107e+00 3.040276971403285330e-02 1.743639002604405186e-01 1.743639002604405186e-01
3.626404400000000194e+00 3.017993584701666315e-02 1.737237342651160588e-01 1.737237342651160588e-01
3.632601999999999887e+00 2.995950120062553998e-02 1.730881313106867603e-01 1.730881313106867603e-01
3.638803699999999974e+00 2.974166692130514669e-02 1.724577250264688610e-01 1.724577250264688610e-01
3.645005400000000062e+00 2.952543606164414677e-02 1.718296716566849180e-01 1.718296716566849180e-01
3.651203000000000198e+00 2.931139890194759540e-02 1.712057209965472948e-01 1.712057209965472948e-01
3.657404699999999842e+00 2.909935016956297082e-02 1.705853163949434814e-01 1.705853163949434814e-01
3.663606399999999930e+00 2.888928103781766496e-02 1.699684707168293285e-01 1.699684707168293285e-01
3.669804000000000066e+00 2.868137999060777626e-02 1.693557793244971632e-01 1.693557793244971632e-01
3.676005700000000154e+00 2.847524065603161333e-02 1.687460833798272719e-01 1.687460833798272719e-01
3.682207399999999797e+00 2.827125058357023504e-02 1.681405679292485300e-01 1.681405679292485300e-01
3.688404999999999934e+00 2.806900094309727062e-02 1.675380581930484003e-01 1.675380581930484003e-01
3.694606700000000021e+00 2.786848776642859501e-02 1.669385748304704764e-01 1.669385748304704764e-01
3.700804300000000158e+00 2.766989878650532794e-02 1.663427148585273352e-01 1.663427148585273352e-01
3.707005999999999801e+00 2.747263729962095072e-02 1.657487173392933055e-01 1.657487173392933055e-01
3.713207699999999889e+00 2.727789065707406091e-02 1.651601969515477941e-01 1.651601969515477941e-01
3.719405300000000025e+00 2.708406862619437694e-02 1.645723811160134387e-01 1.645723811160134387e-01
3.725607000000000113e+00 2.689216828684385524e-02 1.639883175315968999e-01 1.639883175315968999e-01
3.731808700000000201e+00 2.670199188456622019e-02 1.634074413377989976e-01 1.634074413377989976e-01
3.738006299999999893e+00 2.651334747122270977e-02 1.628291972320158321e-01 1.628291972320158321e-01
3.744207999999999981e+00 2.632624131739350407e-02 1.622536326785736505e-01 1.622536326785736505e-01
3.750409700000000068e+00 2.614088069760008015e-02 1.616814172921553772e-01 1.616814172921553772e-01
3.756607300000000205e+00 2.595687538459763924e-02 1.611113757144344016e-01 1.611113757144344016e-01
3.762808999999999848e+00 2.577443272316102055e-02 1.605441768584616735e-01 1.605441768584616735e-01
3.769010699999999936e+00 2.559376055043948231e-02 1.599805005319069606e-01 1.599805005319069606e-01
3.775208300000000072e+00 2.541426828790296216e-02 1.594185318208111157e-01 1.594185318208111157e-01
3.781410000000000160e+00 2.523636254865425574e-02 1.588595686405268326e-01 1.588595686405268326e-01
3.787611699999999804e+00 2.505964864182213397e-02 1.583023961973479832e-01 1.583023961973479832e-01
3.793809299999999940e+00 2.488452802500629515e-02 1.577483059338714300e-01 1.577483059338714300e-01
3.800011000000000028e+00 2.471060484075298172e-02 1.571960713273489463e-01 1.571960713273489463e-01
3.806208600000000164e+00 2.453827637913875287e-02 1.566469801149666385e-01 1.566469801149666385e-01
3.812410299999999808e+00 2.436714440876765544e-02 1.560997899062252225e-01 1.560997899062252225e-01
3.818611999999999895e+00 2.419760091754513329e-02 1.555557807268670156e-01 1.555557807268670156e-01
3.824809600000000032e+00 2.402884860505278414e-02 1.550124143578596736e-01 1.550124143578596736e-01
3.831011300000000119e+00 2.386147716767618096e-02 1.544716063478210333e-01 1.544716063478210333e-01
3.837213000000000207e+00 2.369528335082382239e-02 1.539327234567875180e-01 1.539327234567875180e-01
3.843410599999999899e+00 2.353025925632624624e-02 1.533957602293044009e-01 1.533957602293044009e-01
3.849612299999999987e+00 2.336659800759574579e-02 1.528613685912688092e-01 1.528613685912688092e-01
3.855814000000000075e+00 2.320429539618260387e-02 1.523295617934437574e-01 1.523295617934437574e-01
3.862011600000000211e+00 2.304274940040397512e-02 1.517983840507005355e-01 1.517983840507005355e-01
3.868213299999999855e+00 2.288235403841682933e-02 1.512691443699501759e-01 1.512691443699501759e-01
3.874414999999999942e+00 2.272310831603912423e-02 1.507418598665915543e-01 1.507418598665915543e-01
3.880612600000000079e+00 2.256500976282181659e-02 1.502165429066379954e-01 1.502165429066379954e-01
3.886814300000000166e+00 2.240766207572880697e-02 1.496918904808433870e-01 1.496918904808433870e-01
3.893011899999999859e+00 2.225146522548656497e-02 1.491692502678972632e-01 1.491692502678972632e-01
3.899213599999999946e+00 2.209681904321020990e-02 1.486499883727214200e-01 1.486499883727214200e-01
3.905415300000000034e+00 2.194293492150958466e-02 1.481314784963330689e-01 1.481314784963330689e-01
3.911612900000000170e+00 2.179001532350050355e-02 1.476144143486688987e-01 1.476144143486688987e-01
3.917814599999999814e+00 2.163806731733895761e-02 1.470988352004833355e-01 1.470988352004833355e-01
3.924016299999999902e+00 2.148689695108950762e-02 1.465840951504954748e-01 1.465840951504954748e-01
3.930213900000000038e+00 2.133750515777375900e-02 1.460736292346218046e-01 1.460736292346218046e-01
3.936415600000000126e+00 2.118850715366921503e-02 1.455627258389633749e-01 1.455627258389633749e-01
3.942617300000000213e+00 2.104070110838679800e-02 1.450541316487979071e-01 1.450541316487979071e-01
3.948814899999999906e+00 2.089409253999682456e-02 1.445478901264104499e-01 1.445478901264104499e-01
3.955016599999999993e+00 2.074848570895134608e-02 1.440433466320167888e-01 1.440433466320167888e-01
3.961218300000000081e+00 2.060368189465444644e-02 1.435398268588005677e-01 1.435398268588005677e-01
3.967415900000000217e+00 2.046027872500863834e-02 1.430394306651443515e-01 1.430394306651443515e-01
3.973617599999999861e+00 2.031767895866410864e-02 1.425400959683418567e-01 1.425400959683418567e-01
3.979815199999999997e+00 2.017587885282953047e-02 1.420418207882084560e-01 1.420418207882084560e-01
3.986016900000000085e+00 2.003566980585953783e-02 1.415474118656344094e-01 1.415474118656344094e-01
3.992218600000000173e+00 1.989645246039446758e-02 1.410547853154740239e-01 1.410547853154740239e-01
3.998416199999999865e+00 1.975762371444028664e-02 1.405618145672582198e-01 1.405618145672582198e-01
4.004617900000000397e+00 1.962037063874304613e-02 1.400727333878476477e-01 1.400727333878476477e-01
4.010819599999999596e+00 1.948409272048758079e-02 1.395854316198061607e-01 1.395854316198061607e-01
4.017017199999999733e+00 1.934858420142171812e-02 1.390991883564448306e-01 1.390991883564448306e-01
4.023218899999999820e+00 1.921443765789075664e-02 1.386161522258165801e-01 1.386161522258165801e-01
4.029420599999999908e+00 1.908105107754557231e-02 1.381341778038497337e-01 1.381341778038497337e-01
4.035618200000000044e+00 1.894901924651243644e-02 1.376554366761895687e-01 1.376554366761895687e-01
4.041819900000000132e+00 1.881734624924224358e-02 1.371763326862263099e-01 1.371763326862263099e-01
4.048021600000000220e+00 1.868722379519126633e-02 1.367012208986857213e-01 1.367012208986857213e-01
4.054219200000000356e+00 1.855825457936794223e-02 1.362286848625058888e-01 1.362286848625058888e-01
4.060420900000000444e+00 1.843004287317514742e-02 1.357572939962164438e-01 1.357572939962164438e-01
4.066618499999999692e+00 1.830259308168927235e-02 1.352870765509007200e-01 1.352870765509007200e-01
4.072820199999999780e+00 1.817650589652659160e-02 1.348202725725125839e-01 1.348202725725125839e-01
4.079017799999999916e+00 1.805158698422544561e-02 1.343561944393538155e-01 1.343561944393538155e-01
4.085211400000000381e+00 1.792724470113372243e-02 1.338926611175299819e-01 1.338926611175299819e-01
4.091404899999999678e+00 1.780448187183891057e-02 1.334334361089412613e-01 1.334334361089412613e-01
4.097639199999999704e+00 1.768271065116813062e-02 1.329763537294060827e-01 1.329763537294060827e-01
4.103832699999999889e+00 1.756173113460876914e-02 1.325206819127066338e-01 1.325206819127066338e-01
4.110026300000000354e+00 1.744194988762032619e-02 1.320679744965460034e-01 1.320679744965460034e-01
4.116219799999999651e+00 1.732337037723882117e-02 1.316182752403283196e-01 1.316182752403283196e-01
4.122413400000000117e+00 1.720579911778526844e-02 1.311708775520895320e-01 1.311708775520895320e-01
4.128606900000000302e+00 1.708923724801128183e-02 1.307258094180765995e-01 1.307258094180765995e-01
4.134841200000000327e+00 1.697408751076459610e-02 1.302846403486020987e-01 1.302846403486020987e-01
4.141034699999999624e+00 1.685994356086982504e-02 1.298458453739272378e-01 1.298458453739272378e-01
4.147228300000000090e+00 1.674660763750944123e-02 1.294086845521174589e-01 1.294086845521174589e-01
4.153421800000000275e+00 1.663467551209898629e-02 1.289754841514424710e-01 1.289754841514424710e-01
4.159615399999999852e+00 1.652374440720712559e-02 1.285447175391004893e-01 1.285447175391004893e-01
4.165808900000000037e+00 1.641420745396718339e-02 1.281179435284815205e-01 1.281179435284815205e-01
4.172043200000000063e+00 1.630546703195734012e-02 1.276928621026145738e-01 1.276928621026145738e-01
4.178236700000000248e+00 1.619810549298622213e-02 1.272717780695556411e-01 1.272717780695556411e-01
4.184430299999999825e+00 1.609132496180152791e-02 1.268515863590263804e-01 1.268515863590263804e-01
4.190623800000000010e+00 1.598611702614260305e-02 1.264362172249020033e-01 1.264362172249020033e-01
4.196817399999999587e+00 1.588168010567133845e-02 1.260225380861349775e-01 1.260225380861349775e-01
4.203010899999999772e+00 1.577860718291427058e-02 1.256129260184407626e-01 1.256129260184407626e-01
4.209245199999999798e+00 1.567630195323331185e-02 1.252050396479043870e-01 1.252050396479043870e-01
4.215438699999999983e+00 1.557555090979732652e-02 1.248020468974661012e-01 1.248020468974661012e-01
4.221632299999999560e+00 1.547536114551500280e-02 1.244000046041598972e-01 1.244000046041598972e-01
4.227825799999999745e+00 1.537673017072386725e-02 1.240029442018368705e-01 1.240029442018368705e-01
4.234019400000000211e+00 1.527926065645522635e-02 1.236093065123141377e-01 1.236093065123141377e-01
4.240212900000000396e+00 1.518275636298924147e-02 1.232183280319500279e-01 1.232183280319500279e-01
4.246447200000000421e+00 1.508682559823397613e-02 1.228284396963259389e-01 1.228284396963259389e-01
4.252640699999999718e+00 1.499266199307747703e-02 1.224445261866673879e-01 1.224445261866673879e-01
4.258834300000000184e+00 1.489907828861381824e-02 1.220617806220023055e-01 1.220617806220023055e-01
4.265027800000000369e+00 1.480667922594410164e-02 1.216826989589896574e-01 1.216826989589896574e-01
4.271221399999999946e+00 1.471566860508163703e-02 1.213081555588149119e-01 1.213081555588149119e-01
4.277414900000000131e+00 1.462545475849666952e-02 1.209357464048437109e-01 1.209357464048437109e-01
4.283649200000000157e+00 1.453644332993185746e-02 1.205671735172217512e-01 1.205671735172217512e-01
4.289842700000000342e+00 1.444843477599570998e-02 1.202016421518263267e-01 1.202016421518263267e-01
4.296036299999999919e+00 1.436123584461329594e-02 1.198383738399904086e-01 1.198383738399904086e-01
4.302229800000000104e+00 1.427544613787361596e-02 1.194798984677908765e-01 1.194798984677908765e-01
4.308423399999999681e+00 1.419046864292894741e-02 1.191237534790142022e-01 1.191237534790142022e-01
4.314616899999999866e+00 1.410650444896896331e-02 1.187708063834247291e-01 1.187708063834247291e-01
4.320810400000000051e+00 1.402355144387906240e-02 1.184210768566097000e-01 1.184210768566097000e-01
4.327044700000000077e+00 1.394161069851052905e-02 1.180745980239210069e-01 1.180745980239210069e-01
4.333238299999999654e+00 1.386067265886105696e-02 1.177313580099246804e-01 1.177313580099246804e-01
4.339431799999999839e+00 1.378053747100888710e-02 1.173905339923491803e-01 1.173905339923491803e-01
4.345625400000000305e+00 1.370139985179342351e-02 1.170529788249467101e-01 1.170529788249467101e-01
4.351818899999999601e+00 1.362305591098728931e-02 1.167178474398293947e-01 1.167178474398293947e-01
4.358012399999999786e+00 1.354569897277264554e-02 1.163859913081151110e-01 1.163859913081151110e-01
4.364246699999999812e+00 1.346952876907586000e-02 1.160582990099194023e-01 1.160582990099194023e-01
4.370440300000000278e+00 1.339393589078617143e-02 1.157321731014594318e-01 1.157321731014594318e-01
4.376633799999999574e+00 1.331872067077278891e-02 1.154067618069790080e-01 1.154067618069790080e-01
4.382827400000000040e+00 1.324487589951518426e-02 1.150863845097029048e-01 1.150863845097029048e-01
4.389020900000000225e+00 1.317140346150204311e-02 1.147667349953898630e-01 1.147667349953898630e-01
4.395214400000000410e+00 1.309909880371543274e-02 1.144512944606369820e-01 1.144512944606369820e-01
4.401448700000000436e+00 1.302716725849665212e-02 1.141366166420603734e-01 1.141366166420603734e-01
4.407642300000000013e+00 1.295620220810883745e-02 1.138253144432680164e-01 1.138253144432680164e-01
4.413835800000000198e+00 1.288600869383225121e-02 1.135165569149815812e-01 1.135165569149815812e-01
4.420029399999999775e+00 1.281658832404056030e-02 1.132103719808417591e-01 1.132103719808417591e-01
4.426222899999999960e+00 1.274794644679741289e-02 1.129068042537623717e-01 1.129068042537623717e-01
4.432416400000000145e+00 1.267968760525530272e-02 1.126041189533282666e-01 1.126041189533282666e-01
4.438650700000000171e+00 1.261221633000319045e-02 1.123041242786888549e-01 1.123041242786888549e-01
4.444844299999999748e+00 1.254573301559446831e-02 1.120077364095644484e-01 1.120077364095644484e-01
4.451037799999999933e+00 1.247964630251803368e-02 1.117123372887615929e-01 1.117123372887615929e-01
4.457231400000000399e+00 1.241415974711776796e-02 1.114188482579036854e-01 1.114188482579036854e-01
4.463424899999999695e+00 1.234947645451652323e-02 1.111281982870078039e-01 1.111281982870078039e-01
4.469618399999999880e+00 1.228520118928271183e-02 1.108386267926606550e-01 1.108386267926606550e-01
4.475852699999999906e+00 1.222173688631537393e-02 1.105519646424945879e-01 1.105519646424945879e-01
4.482046300000000372e+00 1.215908129559155858e-02 1.102682243241068921e-01 1.102682243241068921e-01
4.488239799999999669e+00 1.209663918210517400e-02 1.099847224941044865e-01 1.099847224941044865e-01
4.494433299999999853e+00 1.203500705381833034e-02 1.097041797463448043e-01 1.097041797463448043e-01
4.500626900000000319e+00 1.197398650160008682e-02 1.094257122508237867e-01 1.094257122508237867e-01
4.506820399999999616e+00 1.191337529416096851e-02 1.091484094898362150e-01 1.091484094898362150e-01
4.513054699999999642e+00 1.185337260362804256e-02 1.088731950648461622e-01 1.088731950648461622e-01
4.519248300000000107e+00 1.179377102181322461e-02 1.085991299311979963e-01 1.085991299311979963e-01
4.525441800000000292e+00 1.173476879005109358e-02 1.083271378282057856e-01 1.083271378282057856e-01
4.531635299999999589e+00 1.167636226286693051e-02 1.080572175417585379e-01 1.080572175417585379e-01
4.537828900000000054e+00 1.161794986676297804e-02 1.077865940957546814e-01 1.077865940957546814e-01
4.544022400000000239e+00 1.156052465663847534e-02 1.075198802856405511e-01 1.075198802856405511e-01
4.550256700000000265e+00 1.150348793648179810e-02 1.072543143024176776e-01 1.072543143024176776e-01
4.556450299999999842e+00 1.144663286955486386e-02 1.069889380709747179e-01 1.069889380709747179e-01
4.562643800000000027e+00 1.138995977586837634e-02 1.067237545060535087e-01 1.067237545060535087e-01
4.568837300000000212e+00 1.133426458344425833e-02 1.064625031804355970e-01 1.064625031804355970e-01
4.575030899999999789e+00 1.127834955186575623e-02 1.061995741604727789e-01 1.061995741604727789e-01
4.581224399999999974e+00 1.122321340978170608e-02 1.059396687260334285e-01 1.059396687260334285e-01
4.587458700000000000e+00 1.116845893103890312e-02 1.056809298361767041e-01 1.056809298361767041e-01
4.593652299999999578e+00 1.111408406152490820e-02 1.054233563377912353e-01 1.054233563377912353e-01
4.599845799999999763e+00 1.105989327318856671e-02 1.051660271817309172e-01 1.051660271817309172e-01
4.606039299999999947e+00 1.100608846087646614e-02 1.049099064000939135e-01 1.049099064000939135e-01
4.612232900000000413e+00 1.095227377515255694e-02 1.046531116362650615e-01 1.046531116362650615e-01
4.618426399999999710e+00 1.089944918467937625e-02 1.044004271288167529e-01 1.044004271288167529e-01
4.624660699999999736e+00 1.084662234420791932e-02 1.041471187513505758e-01 1.041471187513505758e-01
4.630854300000000201e+00 1.079419235825993320e-02 1.038951026673535366e-01 1.038951026673535366e-01
4.637047800000000386e+00 1.074236278382388783e-02 1.036453702961395579e-01 1.036453702961395579e-01
4.643241299999999683e+00 1.069073726838708216e-02 1.033960215307488661e-01 1.033960215307488661e-01
4.649434900000000148e+00 1.063951712341747527e-02 1.031480349954252695e-01 1.031480349954252695e-01
4.655628400000000333e+00 1.058870368761802641e-02 1.029014270436422462e-01 1.029014270436422462e-01
4.661862700000000359e+00 1.053790050657110039e-02 1.026542766112113897e-01 1.026542766112113897e-01
4.668056299999999936e+00 1.048810150327972833e-02 1.024114324832912787e-01 1.024114324832912787e-01
4.674249800000000121e+00 1.043830967504682031e-02 1.021680462524698629e-01 1.021680462524698629e-01
4.680443300000000306e+00 1.038872532847003385e-02 1.019250966566627031e-01 1.019250966566627031e-01
4.686636899999999883e+00 1.033974474846447063e-02 1.016845354440116950e-01 1.016845354440116950e-01
4.692830400000000068e+00 1.029096714023059259e-02 1.014444041839203253e-01 1.014444041839203253e-01
4.699064700000000094e+00 1.024259161045174525e-02 1.012056896150198976e-01 1.012056896150198976e-01
4.705258299999999672e+00 1.019421317328249484e-02 1.009663962577772439e-01 1.009663962577772439e-01
4.711451799999999857e+00 1.014662909842056066e-02 1.007304775051749701e-01 1.007304775051749701e-01
4.717645300000000042e+00 1.009923881005321371e-02 1.004949690783235872e-01 1.004949690783235872e-01
4.723838899999999619e+00 1.005223971904668431e-02 1.002608583598139924e-01 1.002608583598139924e-01
4.730032399999999804e+00 1.000543062174963013e-02 1.000271494232922304e-01 1.000271494232922304e-01
4.736266699999999830e+00 9.958811704230411538e-03 9.979384602384262781e-02 9.979384602384262781e-02
4.742460300000000295e+00 9.912977320267940540e-03 9.956393584158844401e-02 9.956393584158844401e-02
4.748653799999999592e+00 9.866931173602556601e-03 9.933242760348987010e-02 9.933242760348987010e-02
4.754847299999999777e+00 9.821670905884757191e-03 9.910434352683417103e-02 9.910434352683417103e-02
4.761040900000000242e+00 9.776398920398938000e-03 9.887567405787400787e-02 9.887567405787400787e-02
4.767234400000000427e+00 9.731515331146387698e-03 9.864844312581109997e-02 9.864844312581109997e-02
4.773428000000000004e+00 9.686821784112559577e-03 9.842165302469045585e-02 9.842165302469045585e-02
4.779662300000000030e+00 9.642520801138618897e-03 9.819633802305775816e-02 9.819633802305775816e-02
4.785855800000000215e+00 9.598811188245673018e-03 9.797352289392105562e-02 9.797352289392105562e-02
4.792049300000000400e+00 9.555097521440328659e-03 9.775017913763804633e-02 9.775017913763804633e-02
4.798242899999999977e+00 9.511980457539778375e-03 9.752938253439205618e-02 9.752938253439205618e-02
4.804436400000000162e+00 9.468863092369187925e-03 9.730808338657784273e-02 9.730808338657784273e-02
4.810629999999999740e+00 9.426146283933414805e-03 9.708834267785919347e-02 9.708834267785919347e-02
4.816864299999999766e+00 9.384031925229973509e-03 9.687121308846077805e-02 9.687121308846077805e-02
4.823057799999999951e+00 9.342319306072637691e-03 9.665567394660613820e-02 9.665567394660613820e-02
4.829251300000000136e+00 9.300212014054226942e-03 9.643760684532889926e-02 9.643760684532889926e-02
4.835444899999999713e+00 9.258907328423665248e-03 9.622321616129687893e-02 9.622321616129687893e-02
4.841638399999999898e+00 9.218006197207747471e-03 9.601044837520418540e-02 9.601044837520418540e-02
4.847832000000000363e+00 9.176909226344561604e-03 9.579618586532848146e-02 9.579618586532848146e-02
4.854066300000000389e+00 9.136814371887031633e-03 9.558668511820582470e-02 9.558668511820582470e-02
4.860259799999999686e+00 9.096320631911574903e-03 9.537463306305075939e-02 9.537463306305075939e-02
4.866453299999999871e+00 9.056625525239730620e-03 9.516630456857999576e-02 9.516630456857999576e-02
4.872646900000000336e+00 9.017328383369412406e-03 9.495961448620889034e-02 9.495961448620889034e-02
4.878840399999999633e+00 8.977828895064947703e-03 9.475140576827843775e-02 9.475140576827843775e-02
4.885034000000000098e+00 8.938924073762399836e-03 9.454588343107488135e-02 9.454588343107488135e-02
4.891268300000000124e+00 8.900414286183933044e-03 9.434200700739800438e-02 9.434200700739800438e-02
4.897461800000000309e+00 8.861896446582388440e-03 9.413764627704682142e-02 9.413764627704682142e-02
4.903655299999999606e+00 8.823770442066178679e-03 9.393492663576301360e-02 9.393492663576301360e-02
4.909848900000000071e+00 8.786035547050525737e-03 9.373385486072001449e-02 9.373385486072001449e-02
4.916042400000000256e+00 8.748691757580870712e-03 9.353444155807458249e-02 9.353444155807458249e-02
4.922235999999999834e+00 8.711539523080640349e-03 9.333562836923872674e-02 9.333562836923872674e-02
4.928470199999999579e+00 8.674181059778398803e-03 9.313528364577196295e-02 9.313528364577196295e-02
4.934663800000000045e+00 8.637613174919317460e-03 9.293876034744232018e-02 9.293876034744232018e-02
4.940857300000000230e+00 8.601438709374626193e-03 9.274394163164850768e-02 9.274394163164850768e-02
4.947050899999999807e+00 8.565059961848241546e-03 9.254760916332870069e-02 9.254760916332870069e-02
4.953244399999999992e+00 8.529476542849181650e-03 9.235516522019318608e-02 9.235516522019318608e-02
4.959437999999999569e+00 8.493691694187909674e-03 9.216122663131122439e-02 9.216122663131122439e-02
4.965672200000000203e+00 8.458705756215574925e-03 9.197122243514856132e-02 9.197122243514856132e-02
4.971865799999999780e+00 8.423320557865600702e-03 9.177864979321498362e-02 9.177864979321498362e-02
4.978059299999999965e+00 8.388735808798088861e-03 9.159004208317675366e-02 9.159004208317675366e-02
4.984252900000000430e+00 8.354153773599075003e-03 9.140106002448261657e-02 9.140106002448261657e-02
4.990446399999999727e+00 8.320174132540443523e-03 9.121498853006804186e-02 9.121498853006804186e-02
4.996640000000000192e+00 8.285998516389227533e-03 9.102746023255414709e-02 9.102746023255414709e-02
5.002874199999999938e+00 8.252226891145566720e-03 9.084176842810562369e-02 9.084176842810562369e-02
5.009067800000000403e+00 8.218457310312718422e-03 9.065570754405218035e-02 9.065570754405218035e-02
5.015261299999999700e+00 8.185089684196657223e-03 9.047148547579318689e-02 9.047148547579318689e-02
5.021454900000000166e+00 8.151923359335795649e-03 9.028800230006085725e-02 9.028800230006085725e-02
5.027648400000000350e+00 8.118757456416736754e-03 9.010414783136642958e-02 9.010414783136642958e-02
5.033841999999999928e+00 8.086189925319179489e-03 8.992324463296005876e-02 8.992324463296005876e-02
5.040076199999999673e+00 8.053621512079544090e-03 8.974197185308301072e-02 8.974197185308301072e-02
5.046269800000000139e+00 8.021048482627364529e-03 8.956030640092386974e-02 8.956030640092386974e-02
5.052463300000000324e+00 7.988870318520488109e-03 8.938048063487065431e-02 8.938048063487065431e-02
5.058656899999999901e+00 7.956886172943430230e-03 8.920137988250759209e-02 8.920137988250759209e-02
5.064850400000000086e+00 7.925095163150758584e-03 8.902300356172419826e-02 8.902300356172419826e-02
5.071043999999999663e+00 7.893296876179388757e-03 8.884422815343373525e-02 8.884422815343373525e-02
5.077278200000000297e+00 7.862091178140014763e-03 8.866843394433000791e-02 8.866843394433000791e-02
5.083471799999999874e+00 7.831076657834801572e-03 8.849337069992757598e-02 8.849337069992757598e-02
5.089665300000000059e+00 7.800054874201810609e-03 8.831791932672446166e-02 8.831791932672446166e-02
5.095858899999999636e+00 7.769226021673586273e-03 8.814321313449825779e-02 8.814321313449825779e-02
5.102052399999999821e+00 7.738191749588924084e-03 8.796699238685454225e-02 8.796699238685454225e-02
5.108246000000000286e+00 7.707951614695341715e-03 8.779494071240860620e-02 8.779494071240860620e-02
5.114480200000000032e+00 7.677708804561772342e-03 8.762253594002955559e-02 8.762253594002955559e-02
5.120673799999999609e+00 7.647662860711917053e-03 8.745091686604501702e-02 8.745091686604501702e-02
5.126867299999999794e+00 7.617616454892119429e-03 8.727895768678793631e-02 8.727895768678793631e-02
5.133060900000000260e+00 7.588170064335055497e-03 8.711010311287122054e-02 8.711010311287122054e-02
5.139254399999999556e+00 7.558526093280672556e-03 8.693978429511239892e-02 8.693978429511239892e-02
5.145448000000000022e+00 7.529484464447238831e-03 8.677260203801219485e-02 8.677260203801219485e-02
5.151682199999999767e+00 7.500248161176595665e-03 8.660397312581331886e-02 8.660397312581331886e-02
5.157875800000000233e+00 7.471415243138476714e-03 8.643734865865840278e-02 8.643734865865840278e-02
5.164069300000000418e+00 7.442787034582405703e-03 8.627158880293329946e-02 8.627158880293329946e-02
5.170262899999999995e+00 7.414563114262515131e-03 8.610785744786891849e-02 8.610785744786891849e-02
5.176456400000000180e+00 7.386343794145105654e-03 8.594384093200109487e-02 8.594384093200109487e-02
5.182649999999999757e+00 7.358328014722695203e-03 8.578069721518177815e-02 8.578069721518177815e-02
5.188884200000000391e+00 7.330515807800547061e-03 8.561843147243791696e-02 8.561843147243791696e-02
5.195077799999999968e+00 7.302704216279419860e-03 8.545586121665042778e-02 8.545586121665042778e-02
5.201271300000000153e+00 7.275691824902539434e-03 8.529766599914993808e-02 8.529766599914993808e-02
5.207464899999999730e+00 7.248478593299415712e-03 8.513799735311734784e-02 8.513799735311734784e-02
5.213658399999999915e+00 7.221462482768410858e-03 8.497918852735893147e-02 8.497918852735893147e-02
5.219851900000000100e+00 7.194442316558982697e-03 8.482005845646996278e-02 8.482005845646996278e-02
5.226045499999999677e+00 7.168215830940852067e-03 8.466531657615680717e-02 8.466531657615680717e-02
5.232279799999999703e+00 7.141584338211274391e-03 8.450789512354023314e-02 8.450789512354023314e-02
5.238473299999999888e+00 7.115543962856016487e-03 8.435368375391803786e-02 8.435368375391803786e-02
5.244666900000000354e+00 7.089495707017285341e-03 8.419914314894948182e-02 8.419914314894948182e-02
5.250860399999999650e+00 7.063838882838741583e-03 8.404664706482194159e-02 8.404664706482194159e-02
5.257053899999999835e+00 7.038173867066967702e-03 8.389382496386112165e-02 8.389382496386112165e-02
5.263247500000000301e+00 7.012501245578019703e-03 8.374067855933589599e-02 8.374067855933589599e-02
5.269481800000000327e+00 6.987421636911361929e-03 8.359079875746709687e-02 8.359079875746709687e-02
5.275675299999999623e+00 6.962335388436073288e-03 8.344060994765123418e-02 8.344060994765123418e-02
5.281868900000000089e+00 6.937643999550221520e-03 8.329252066992702541e-02 8.329252066992702541e-02
5.288062400000000274e+00 6.912949273705693357e-03 8.314414756136292994e-02 8.314414756136292994e-02
5.294255899999999571e+00 6.888652271628138701e-03 8.299790522433767026e-02 8.299790522433767026e-02
5.300449500000000036e+00 6.864554961082009257e-03 8.285260986282814988e-02 8.285260986282814988e-02
5.306683800000000062e+00 6.840259686004912174e-03 8.270586246454909862e-02 8.270586246454909862e-02
5.312877300000000247e+00 6.816566064799054608e-03 8.256249793216684230e-02 8.256249793216684230e-02
5.319070899999999824e+00 6.792876401993832094e-03 8.241890803689304323e-02 8.241890803689304323e-02
5.325264400000000009e+00 6.769591216689760903e-03 8.227752558681963868e-02 8.227752558681963868e-02
5.331457900000000194e+00 6.746311735833188279e-03 8.213593449783833378e-02 8.213593449783833378e-02
5.337651499999999771e+00 6.723437864663245160e-03 8.199657227386547564e-02 8.199657227386547564e-02
5.343885799999999797e+00 6.700570703971907988e-03 8.185701377384779764e-02 8.185701377384779764e-02
5.350079299999999982e+00 6.677908254397640735e-03 8.171846948149262546e-02 8.171846948149262546e-02
5.356272899999999559e+00 6.655450584157061519e-03 8.158094498200582634e-02 8.158094498200582634e-02
5.362466399999999744e+00 6.632996802831272326e-03 8.144321213478304677e-02 8.144321213478304677e-02
5.368659899999999929e+00 6.610745782691043390e-03 8.130649286921090568e-02 8.130649286921090568e-02
5.374853500000000395e+00 6.588895941699447582e-03 8.117201452286032515e-02 8.117201452286032515e-02
5.381087800000000421e+00 6.567047008524555529e-03 8.103731861632981759e-02 8.103731861632981759e-02
5.387281299999999717e+00 6.545395577061438423e-03 8.090361906034512773e-02 8.090361906034512773e-02
5.393474900000000183e+00 6.523941090789553074e-03 8.077091735760807967e-02 8.077091735760807967e-02
5.399668400000000368e+00 6.502482328846970021e-03 8.063797076344970949e-02 8.063797076344970949e-02
5.405861899999999665e+00 6.481617624455190962e-03 8.050849411369703779e-02 8.050849411369703779e-02
5.412055500000000130e+00 6.460946471652905497e-03 8.038001288661818233e-02 8.038001288661818233e-02
5.418289800000000156e+00 6.440668629907584514e-03 8.025377642147181467e-02 8.025377642147181467e-02
5.424483300000000341e+00 6.420382470268761951e-03 8.012728917334444034e-02 8.012728917334444034e-02
5.430676899999999918e+00 6.399888721533481678e-03 7.999930450656106418e-02 7.999930450656106418e-02
5.436870400000000103e+00 6.379987127098648604e-03 7.987482160918200902e-02 7.987482160918200902e-02
5.443063900000000288e+00 6.360478215180953923e-03 7.975260632218206247e-02 7.975260632218206247e-02
5.449257499999999865e+00 6.341362982898466304e-03 7.963267534686038762e-02 7.963267534686038762e-02
5.455491799999999891e+00 6.322243020731004547e-03 7.951253373356306775e-02 7.951253373356306775e-02
5.461685300000000076e+00 6.303318550662658296e-03 7.939344148393277789e-02 7.939344148393277789e-02
5.467878899999999653e+00 6.284791331060686319e-03 7.927667583255926242e-02 7.927667583255926242e-02
5.474072399999999838e+00 6.266462915249059254e-03 7.916099364743382771e-02 7.916099364743382771e-02
5.480265900000000023e+00 6.248534667046323592e-03 7.904767338161397539e-02 7.904767338161397539e-02
5.486459499999999601e+00 6.231207888848526791e-03 7.893800028407438329e-02 7.893800028407438329e-02
5.492693799999999626e+00 6.213684559920921828e-03 7.882692788584952370e-02 7.882692788584952370e-02
5.498887299999999811e+00 6.196964588027339613e-03 7.872080149507713898e-02 7.872080149507713898e-02
5.505080900000000277e+00 6.180049556097957572e-03 7.861329121782116569e-02 7.861329121782116569e-02
5.511274399999999574e+00 6.163739635649776415e-03 7.850948755182252103e-02 7.850948755182252103e-02
5.517467899999999759e+00 6.147835134141282215e-03 7.840813181131968401e-02 7.840813181131968401e-02
5.523661500000000224e+00 6.132136040615517730e-03 7.830795643237996317e-02 7.830795643237996317e-02
5.529895800000000250e+00 6.116642634637452225e-03 7.820896773796118251e-02 7.820896773796118251e-02
5.536089300000000435e+00 6.101952723460988930e-03 7.811499678973934935e-02 7.811499678973934935e-02
5.542282900000000012e+00 6.087066314119563178e-03 7.801965338374404479e-02 7.801965338374404479e-02
5.548476400000000197e+00 6.072782258256371676e-03 7.792805822203176247e-02 7.792805822203176247e-02
5.554669900000000382e+00 6.059099277247767361e-03 7.784021632323337436e-02 7.784021632323337436e-02
5.560863499999999959e+00 6.045216343444803804e-03 7.775098934061741573e-02 7.775098934061741573e-02
5.567097799999999985e+00 6.032132637304178993e-03 7.766680524718509726e-02 7.766680524718509726e-02
5.573291300000000170e+00 6.019245629788367614e-03 7.758379746949982392e-02 7.758379746949982392e-02
5.579484899999999747e+00 6.006954867114699601e-03 7.750454739636054857e-02 7.750454739636054857e-02
5.585678399999999932e+00 5.994659529958029989e-03 7.742518666401800032e-02 7.742518666401800032e-02
5.591871900000000117e+00 5.983158705202558381e-03 7.735088044232307780e-02 7.735088044232307780e-02
5.598065499999999695e+00 5.971652026941050122e-03 7.727646489676562314e-02 7.727646489676562314e-02
5.604299799999999721e+00 5.961139493521292257e-03 7.720841595008469394e-02 7.720841595008469394e-02
5.610493299999999905e+00 5.950420366956092784e-03 7.713896788884391786e-02 7.713896788884391786e-02
5.616686900000000371e+00 5.940295258532297951e-03 7.707331093531857857e-02 7.707331093531857857e-02
5.622880399999999668e+00 5.930764675238182036e-03 7.701145807760155504e-02 7.701145807760155504e-02
5.629073899999999853e+00 5.921429392949847763e-03 7.695082451117628286e-02 7.695082451117628286e-02
5.635267500000000318e+00 5.912690283582707623e-03 7.689401981677579379e-02 7.689401981677579379e-02
5.641501800000000344e+00 5.904548783342344898e-03 7.684106183117425659e-02 7.684106183117425659e-02
5.647695299999999641e+00 5.896605333100044151e-03 7.678935689989885294e-02 7.678935689989885294e-02
5.653888799999999826e+00 5.889461462715328208e-03 7.674282678345467623e-02 7.674282678345467623e-02
5.660082400000000291e+00 5.882718374809634172e-03 7.669888118355856765e-02 7.669888118355856765e-02
5.666275899999999588e+00 5.876777136924821870e-03 7.666014047029148792e-02 7.666014047029148792e-02
5.672469500000000053e+00 5.871238734009699353e-03 7.662400886151611579e-02 7.662400886151611579e-02
5.678703800000000079e+00 5.866704270574331533e-03 7.659441409511748289e-02 7.659441409511748289e-02
5.684897300000000264e+00 5.862173694935344549e-03 7.656483327830959640e-02 7.656483327830959640e-02
5.691090799999999561e+00 5.858647639168705623e-03 7.654180321346437665e-02 7.654180321346437665e-02
5.697284400000000026e+00 5.855926212267180408e-03 7.652402375899466924e-02 7.652402375899466924e-02
5.703477900000000211e+00 5.853809268399149876e-03 7.651019061797682819e-02 7.651019061797682819e-02
