5.986972826788450330e-02 -1.150656678865063232e-01 -3.645361048492563039e-01 0.000000000000000000e+00 0.000000000000000000e+00 1.271211015127355626e-01 7.729148684116003698e-02 0.000000000000000000e+00 0.000000000000000000e+00
6.987933799356604858e-02 -1.125987848498187227e-01 -3.567208463987532330e-01 0.000000000000000000e+00 0.000000000000000000e+00 1.248856451510595572e-01 9.021383743102683039e-02 0.000000000000000000e+00 0.000000000000000000e+00
8.127480133808655249e-02 -1.097903560772984649e-01 -3.478235471062231521e-01 0.000000000000000000e+00 0.000000000000000000e+00 1.223636048296615764e-01 1.049253173495751645e-01 0.000000000000000000e+00 0.000000000000000000e+00
9.506446737350382481e-02 -1.063918721833360670e-01 -3.370569118113241336e-01 0.000000000000000000e+00 0.000000000000000000e+00 1.193442031627313521e-01 1.227276996512195462e-01 0.000000000000000000e+00 0.000000000000000000e+00
1.107717901506947156e-01 -1.025207773922541671e-01 -3.247930120524915032e-01 0.000000000000000000e+00 0.000000000000000000e+00 1.159490853523636872e-01 1.430057661610744657e-01 0.000000000000000000e+00 0.000000000000000000e+00
1.285964107218982855e-01 -9.812786596694005048e-02 -3.108759606039977474e-01 0.000000000000000000e+00 0.000000000000000000e+00 1.121545115422265676e-01 1.660172523693203284e-01 0.000000000000000000e+00 0.000000000000000000e+00
1.487497796669686179e-01 -9.316101444158282618e-02 -2.951406266709937776e-01 0.000000000000000000e+00 0.000000000000000000e+00 1.079405613509699657e-01 1.920351398007306976e-01 0.000000000000000000e+00 0.000000000000000000e+00
1.714548486595780519e-01 -8.756524640572777018e-02 -2.774128411299358610e-01 0.000000000000000000e+00 0.000000000000000000e+00 1.032930025344341446e-01 2.213472578283529335e-01 0.000000000000000000e+00 0.000000000000000000e+00
1.969456473285476072e-01 -8.128281041889309777e-02 -2.575096433675556074e-01 0.000000000000000000e+00 0.000000000000000000e+00 9.820569480303652232e-02 2.542557374038347251e-01 0.000000000000000000e+00 0.000000000000000000e+00
2.254667447502816113e-01 -7.425325357515474844e-02 -2.352395143386229182e-01 0.000000000000000000e+00 0.000000000000000000e+00 9.268368224924342091e-02 2.910763158471463830e-01 0.000000000000000000e+00 0.000000000000000000e+00
2.572725964236561857e-01 -6.641345603053264157e-02 -2.104024859511272605e-01 0.000000000000000000e+00 0.000000000000000000e+00 8.674716039340663043e-02 3.321374937947874084e-01 0.000000000000000000e+00 0.000000000000000000e+00
2.926267790990940698e-01 -5.769756358329844459e-02 -1.827899274759645643e-01 0.000000000000000000e+00 0.000000000000000000e+00 8.043651916480344666e-02 3.777795473683693284e-01 0.000000000000000000e+00 0.000000000000000000e+00
3.005373612100958325e-01 -5.574699044059447384e-02 -1.766103749758546337e-01 0.000000000000000000e+00 0.000000000000000000e+00 7.906852931996030676e-02 3.879920649599413740e-01 0.000000000000000000e+00 0.000000000000000000e+00
3.086617901519569940e-01 -5.374352897434217513e-02 -1.702632685579476834e-01 0.000000000000000000e+00 0.000000000000000000e+00 7.768050887233657331e-02 3.984806576230326414e-01 0.000000000000000000e+00 0.000000000000000000e+00
3.170058468478038072e-01 -5.168572091454288336e-02 -1.637439883206267266e-01 0.000000000000000000e+00 0.000000000000000000e+00 7.627307146031972462e-02 4.092527884973076735e-01 0.000000000000000000e+00 0.000000000000000000e+00
3.255754684965047607e-01 -4.957206375788430347e-02 -1.570477742280352584e-01 0.000000000000000000e+00 0.000000000000000000e+00 7.484693059160792139e-02 4.203161224735468271e-01 0.000000000000000000e+00 0.000000000000000000e+00
3.343767527972738574e-01 -4.740100883502969958e-02 -1.501697199871140087e-01 0.000000000000000000e+00 0.000000000000000000e+00 7.340290831386749038e-02 4.316785316475852952e-01 0.000000000000000000e+00 0.000000000000000000e+00
3.434159622884779273e-01 -4.517095923084288311e-02 -1.431047664587278001e-01 0.000000000000000000e+00 0.000000000000000000e+00 7.194194446005018617e-02 4.433481009216897473e-01 0.000000000000000000e+00 0.000000000000000000e+00
3.526995288037343967e-01 -4.288026754590719414e-02 -1.358476945660007096e-01 0.000000000000000000e+00 0.000000000000000000e+00 7.046510647550473239e-02 4.553331337573554571e-01 0.000000000000000000e+00 0.000000000000000000e+00
3.622340580484717520e-01 -4.052723348802669129e-02 -1.283931176640229210e-01 0.000000000000000000e+00 0.000000000000000000e+00 6.897359982793532795e-02 4.676421580836205849e-01 0.000000000000000000e+00 0.000000000000000000e+00
3.720263343002069845e-01 -3.811010128315805295e-02 -1.207354733375014533e-01 0.000000000000000000e+00 0.000000000000000000e+00 6.746877898630472548e-02 4.802839323650982539e-01 0.000000000000000000e+00 0.000000000000000000e+00
3.820833252358869503e-01 -3.562705689662323122e-02 -1.128690145973670067e-01 0.000000000000000000e+00 0.000000000000000000e+00 6.595215894397324363e-02 4.932674518340474101e-01 0.000000000000000000e+00 0.000000000000000000e+00
3.924121868897260668e-01 -3.307622505759585246e-02 -1.047878004541381858e-01 0.000000000000000000e+00 0.000000000000000000e+00 6.442542723532684867e-02 5.066019548909138637e-01 0.000000000000000000e+00 0.000000000000000000e+00
4.030202687450705201e-01 -3.045566608290408914e-02 -9.648568585550626464e-02 0.000000000000000000e+00 0.000000000000000000e+00 6.289045637239232267e-02 5.202969296778985342e-01 0.000000000000000000e+00 0.000000000000000000e+00
4.139151189639094786e-01 -2.776337250040180477e-02 -8.795631098893821886e-02 0.000000000000000000e+00 0.000000000000000000e+00 6.134931659117517921e-02 5.343621208302277159e-01 0.000000000000000000e+00 0.000000000000000000e+00
4.251044897577571091e-01 -2.499726547766563389e-02 -7.919308996753862684e-02 0.000000000000000000e+00 0.000000000000000000e+00 5.980428875201766747e-02 5.488075364099315179e-01 0.000000000000000000e+00 0.000000000000000000e+00
4.365963429037246213e-01 -2.215519106891161022e-02 -7.018919894001832138e-02 0.000000000000000000e+00 0.000000000000000000e+00 5.825787717900914042e-02 5.636434550270627009e-01 0.000000000000000000e+00 0.000000000000000000e+00
4.483988554097091961e-01 -1.923491630187178572e-02 -6.093756369364519004e-02 0.000000000000000000e+00 0.000000000000000000e+00 5.671282214927599041e-02 5.788804331534237457e-01 0.000000000000000000e+00 0.000000000000000000e+00
4.605204253327289665e-01 -1.623412513734643486e-02 -5.143084685382214721e-02 0.000000000000000000e+00 0.000000000000000000e+00 5.517211164638301246e-02 5.945293126340051026e-01 0.000000000000000000e+00 0.000000000000000000e+00
4.729696777545464581e-01 -1.315041434731369259e-02 -4.166143482564945572e-02 0.000000000000000000e+00 0.000000000000000000e+00 5.363899187140292596e-02 6.106012284014823432e-01 0.000000000000000000e+00 0.000000000000000000e+00
4.857554709188296460e-01 -9.981289373139802870e-03 -3.162142467244435234e-02 0.000000000000000000e+00 0.000000000000000000e+00 5.211697585528748955e-02 6.271076163992561625e-01 0.000000000000000000e+00 0.000000000000000000e+00
4.988869025342203556e-01 -6.724160243684009462e-03 -2.130261118401108669e-02 0.000000000000000000e+00 0.000000000000000000e+00 5.060984933327220686e-02 6.440602217186793821e-01 0.000000000000000000e+00 0.000000000000000000e+00
5.123733162477919212e-01 -3.376337654026167080e-03 -1.069647445377501505e-02 0.000000000000000000e+00 0.000000000000000000e+00 4.912167282116190747e-02 6.614711069562547729e-01 0.000000000000000000e+00 0.000000000000000000e+00
5.262243082935059713e-01 6.497067081212708792e-05 2.058316412038442946e-04 6.497067081212708792e-05 2.058316412038442946e-04 4.765677857722524363e-02 6.793526607967553810e-01 2.239038506886832907e-03 7.561352357872400576e-05
5.404497343203947812e-01 3.602663176569221790e-03 1.141348958027820805e-02 3.602663176569221790e-03 1.141348958027820805e-02 4.621976084824987174e-02 6.977176068283706956e-01 1.146079296121207403e-01 4.192815829706209030e-03
5.550597164053319155e-01 7.239747065685637854e-03 2.293602639165984169e-02 7.239747065685637854e-03 2.293602639165984169e-02 4.481545749290433145e-02 7.165790125961540857e-01 2.125989889273313116e-01 8.425690832686306628e-03
5.700646502553773365e-01 1.097934005869602089e-02 3.478331923263278808e-02 1.097934005869602089e-02 3.478331923263278808e-02 4.344892078621821058e-02 7.359502989002106865e-01 2.976191228939117361e-01 1.277786696719902630e-02
5.854752126048252681e-01 1.482467108911029313e-02 4.696559759098558468e-02 1.482467108911029313e-02 4.696559759098558468e-02 4.212537497246765517e-02 7.558452493452449961e-01 3.709509240123423091e-01 1.725310209870942885e-02
6.013023688122151045e-01 1.877907965665427323e-02 5.949344123603217405e-02 1.877907965665427323e-02 5.949344123603217405e-02 4.085015802503757371e-02 7.762780201482597509e-01 4.337629855739330020e-01 2.185528277076251649e-02
6.175573806627134843e-01 2.284601353019111852e-02 7.237777294130598449e-02 2.284601353019111852e-02 7.237777294130598449e-02 3.962864517994639513e-02 7.972631502113878277e-01 4.871193816173806646e-01 2.658842153161998512e-02
6.342518143814173115e-01 2.702902445827451428e-02 8.562984489529160137e-02 2.702902445827451428e-02 8.562984489529160137e-02 3.846615225410973671e-02 8.188155714670223295e-01 5.319883796885110927e-01 3.145665194215865185e-02
6.513975488632811617e-01 3.133176151256115982e-02 9.926121761288875245e-02 3.133176151256115982e-02 9.926121761288875245e-02 3.736781766216449446e-02 8.409506195026066333e-01 5.692504487505146704e-01 3.646422082886661281e-02
6.690067841255240566e-01 3.575796165736706833e-02 1.132837300591053448e-01 3.575796165736706833e-02 1.132837300591053448e-01 3.633846352138825342e-02 8.636840444726450183e-01 5.997056197234510444e-01 4.161547730859752048e-02
6.870920499885300181e-01 4.031143710725546003e-02 1.277094595970093838e-01 4.031143710725546003e-02 1.277094595970093838e-01 3.538243833293997637e-02 8.870320223056968878e-01 6.240802515873377088e-01 4.691485807520352769e-02
7.056662149914201265e-01 4.499605900278018378e-02 1.425506702713393303e-01 4.499605900278018378e-02 1.425506702713393303e-01 3.450344639520713796e-02 9.110111662143308697e-01 6.430332517274265358e-01 5.236686840120047953e-02
7.247424955486385656e-01 4.981573690077704258e-02 1.578197478323088432e-01 4.981573690077704258e-02 1.578197478323088432e-01 3.370437211887395562e-02 9.356385385162266921e-01 6.571617952053471212e-01 5.797605826836154524e-02
7.443344653540692191e-01 5.477439353741597738e-02 1.735291197831863863e-01 5.477439353741597738e-02 1.735291197831863863e-01 3.298711036008939584e-02 9.609316627748372142e-01 6.670065838839566164e-01 6.374699299670222308e-02
7.644560650393737999e-01 5.987593427638259608e-02 1.896911585899916930e-01 5.987593427638259608e-02 1.896911585899916930e-01 3.235241618073204928e-02 9.869085362682494811e-01 6.730566828046904426e-01 6.968421768796510818e-02
7.851216120934234599e-01 6.512421059722287020e-02 2.063180660100116248e-01 6.512421059722287020e-02 2.063180660100116248e-01 3.179978842988281929e-02 1.013587642795116261e+00 6.757539679103850006e-01 7.579221473298626555e-02
8.063458110498831211e-01 7.052297690625568272e-02 2.234217362657422434e-01 7.052297690625568272e-02 2.234217362657422434e-01 3.132740066199176526e-02 1.040987965826770001e+00 6.754972161314642953e-01 8.207535354779864345e-02
8.281437639501966208e-01 7.607583986150090460e-02 2.410135955027075949e-01 7.607583986150090460e-02 2.410135955027075949e-01 3.093208992497076606e-02 1.069129002014879148e+00 6.726458660258832767e-01 8.853783159747097287e-02
8.505309810894171596e-01 8.178619929280017686e-02 2.591044146202591825e-01 8.178619929280017686e-02 2.591044146202591825e-01 3.060940908650613967e-02 1.098030775064255948e+00 6.675234746085949578e-01 9.518360563834700472e-02
8.735233920525312667e-01 8.765717967137827416e-02 2.777040921623408209e-01 8.765717967137827416e-02 2.777040921623408209e-01 3.035374233528154164e-02 1.127713849980688687e+00 6.604208937551977465e-01 1.020163119616281922e-01
8.971373570491264493e-01 9.369155094760660274e-02 2.968214035259719163e-01 9.369155094760660274e-02 2.968214035259719163e-01 3.015847734829162421e-02 1.158199347703934512e+00 6.515991876472740918e-01 1.090391742635624106e-01
9.213896785544697376e-01 9.989163744712327431e-02 3.164637123377674888e-01 9.989163744712327431e-02 3.164637123377674888e-01 3.001622246168581670e-02 1.189508960136288707e+00 6.412923111675596921e-01 1.162548976178274657e-01
9.462976132652790584e-01 1.062592134178856201e-01 3.366366395396755973e-01 1.062592134178856201e-01 3.366366395396755973e-01 2.991905386099784694e-02 1.221664965577417439e+00 6.297095679594069129e-01 1.236655469121346745e-01
9.718788843786967391e-01 1.127953837875561721e-01 3.573436856200142286e-01 1.127953837875561721e-01 3.573436856200142286e-01 2.985877667850471776e-02 1.254690244576445401e+00 6.170378660199800080e-01 1.312724080724690656e-01
9.981516942031968265e-01 1.195004487631349671e-01 3.785858016556115091e-01 1.195004487631349671e-01 3.785858016556115091e-01 2.982718479266262268e-02 1.288608296212566451e+00 6.034437881484936428e-01 1.390758304827725833e-01
1.025134737110408478e+00 1.263737511285625281e-01 4.003609055399037220e-01 1.263737511285625281e-01 4.003609055399037220e-01 2.981630652352894664e-02 1.323443254815776848e+00 5.890754942268625616e-01 1.470750492683503552e-01
1.052847212837060953e+00 1.334135055142558479e-01 4.226633410968528293e-01 1.334135055142558479e-01 4.226633410968528293e-01 2.981862659738477445e-02 1.359219907139610939e+00 5.740644720340363216e-01 1.552679865980306495e-01
1.081308840146524286e+00 1.406166095563087248e-01 4.454832798200504818e-01 1.406166095563087248e-01 4.454832798200504818e-01 2.982727804789897866e-02 1.395963709998115476e+00 5.585271529137030289e-01 1.636510319093329724e-01
1.110539870859658551e+00 1.479784377390551409e-01 4.688060677515023533e-01 1.479784377390551409e-01 4.688060677515023533e-01 2.983620064368495625e-02 1.433700808379597680e+00 5.425664079322226607e-01 1.722188019803587433e-01
1.140561104264964154e+00 1.554926197926295717e-01 4.926115234295589951e-01 1.554926197926295717e-01 4.926115234295589951e-01 2.984026471331533911e-02 1.472458054050049148e+00 5.262729389892768506e-01 1.809638830266317444e-01
1.171393901918276637e+00 1.631508067198506884e-01 5.168731966456761029e-01 1.631508067198506884e-01 5.168731966456761029e-01 2.983536079074865233e-02 1.512263024659469934e+00 5.097265775301220714e-01 1.898765584008196006e-01
1.203060202842545223e+00 1.709424287272875154e-01 5.415576015530572107e-01 1.709424287272875154e-01 5.415576015530572107e-01 2.981845635374020392e-02 1.553144043364698135e+00 4.929975009945279374e-01 1.989445268704611580e-01
1.235582539138505576e+00 1.788544503668554053e-01 5.666234409380588311e-01 1.788544503668554053e-01 5.666234409380588311e-01 2.978762115841761607e-02 1.595130198982702030e+00 4.761473739932382543e-01 2.081526176492802804e-01
1.268984052017357422e+00 1.868711288758191091e-01 5.920208406243737675e-01 1.868711288758191091e-01 5.920208406243737675e-01 2.974202239634447797e-02 1.638251366688677102e+00 4.592304176584338649e-01 2.174825091508381381e-01
1.303288508266850831e+00 1.949737818838957748e-01 6.176906135528439368e-01 1.949737818838957748e-01 6.176906135528439368e-01 2.968189026110992085e-02 1.682538229273673469e+00 4.422944070666252614e-01 2.269124586437109570e-01
1.338520317162505080e+00 2.031405702729881524e-01 6.435635718658682114e-01 2.031405702729881524e-01 6.435635718658682114e-01 2.960845371790300426e-02 1.728022298976883864e+00 4.253815936077672277e-01 2.364170495414522066e-01
1.374704547835981838e+00 2.113463011107503398e-01 6.695599025871191712e-01 2.113463011107503398e-01 6.695599025871191712e-01 2.952384562201759016e-02 1.774735939908118176e+00 4.085295472480884316e-01 2.459669620546839630e-01
1.411866947112986104e+00 2.195622545022752337e-01 6.955886190755474763e-01 2.195622545022752337e-01 6.955886190755474763e-01 2.943097622380747361e-02 1.822712391076434235e+00 3.917719133015153954e-01 2.555287716793401276e-01
1.450033957833370524e+00 2.277560373630289625e-01 7.215470977677833631e-01 2.277560373630289625e-01 7.215470977677833631e-01 2.933337495563298480e-02 1.871985790041290620e+00 3.751390798464780962e-01 2.650647790161291262e-01
1.489232737666495554e+00 2.358914670647942469e-01 7.473207095603260353e-01 2.358914670647942469e-01 7.473207095603260353e-01 2.923500254572768825e-02 1.922591197203072033e+00 3.586587551843565258e-01 2.745328743565063068e-01
1.529491178435217646e+00 2.439284891526677934e-01 7.727825591312217357e-01 2.439284891526677934e-01 7.727825591312217357e-01 2.914003896488113338e-02 1.974564620750251409e+00 3.423564591567352933e-01 2.838864419208836920e-01
1.570837925962270232e+00 2.518231361281330072e-01 7.977933543619469825e-01 2.518231361281330072e-01 7.977933543619469825e-01 2.905265700484524830e-02 2.027943042280957453e+00 3.262559367206625538e-01 2.930743118899531985e-01
1.613302400453144880e+00 2.595275384327688784e-01 8.222014411345693885e-01 2.595275384327688784e-01 8.222014411345693885e-01 2.897679538141097536e-02 2.082764443117159470e+00 3.103795056874724678e-01 3.020407731876380009e-01
1.656914817429990139e+00 2.669900034707536340e-01 8.458430536805799926e-01 2.669900034707536340e-01 8.458430536805799926e-01 2.891594780134922396e-02 2.139067831330218272e+00 2.947483518198053543e-01 3.107256654482816183e-01
1.701706209231411915e+00 2.741551825170844281e-01 8.685428433578381568e-01 2.741551825170844281e-01 8.685428433578381568e-01 2.887298430540362684e-02 2.196893269497004031e+00 2.793827829119183703e-01 3.190645732661209211e-01
1.747708447093477613e+00 2.809643472800257835e-01 8.901147548198020676e-01 2.809643472800257835e-01 8.901147548198020676e-01 2.885001813238506976e-02 2.256281903206355022e+00 2.643024492499190803e-01 3.269891480614604551e-01
1.794954263827641894e+00 2.873557967465139584e-01 9.103633149302994276e-01 2.873557967465139584e-01 9.103633149302994276e-01 2.884832625198825024e-02 2.317275990336150393e+00 2.495265321089705779e-01 3.344275815714669586e-01
1.843477277111716495e+00 2.932654107340486038e-01 9.290853864547388152e-01 2.932654107340486038e-01 9.290853864547388152e-01 2.886832633250258420e-02 2.379918931121824510e+00 2.350738965273412584e-01 3.413052500794578337e-01
1.893312013410475059e+00 2.986273604924326031e-01 9.460724192962518542e-01 2.986273604924326031e-01 9.460724192962518542e-01 2.890960887174504404e-02 2.444255299037734641e+00 2.209632013800056638e-01 3.475455414203904581e-01
1.944493932542892711e+00 3.033749807138590437e-01 9.611132130847986899e-01 3.033749807138590437e-01 9.611132130847986899e-01 2.897102098304828177e-02 2.510330872513330647e+00 2.072129598454636457e-01 3.530708698350179531e-01
1.997059452913523492e+00 3.074418030597713125e-01 9.739971914627369998e-01 3.074418030597713125e-01 9.739971914627369998e-01 2.905079675304337444e-02 2.578192667506723712e+00 1.938415463682814366e-01 3.578038787988983560e-01
2.051045977425947076e+00 3.107627487205403272e-01 9.845181801975074753e-01 3.107627487205403272e-01 9.845181801975074753e-01 2.914672615093671232e-02 2.647888970958802268e+00 1.808671503478294085e-01 3.616688289354043628e-01
2.106491920096742909e+00 3.132754740530827031e-01 9.924786702559714735e-01 3.132754740530827031e-01 9.924786702559714735e-01 2.925634904846968753e-02 2.719469375151723156e+00 1.683076795744531395e-01 3.645931640823886766e-01
2.163436733388913513e+00 3.149218548749289637e-01 9.976945201521048023e-01 3.149218548749289637e-01 9.976945201521048023e-01 2.937715460611292281e-02 2.792984812996212263e+00 1.561806162520498475e-01 3.665092387286272846e-01
2.221920936284217163e+00 3.156495786174280394e-01 1.000000000000000000e+00 3.156495786174280394e-01 1.000000000000000000e+00 2.950676336927827298e-02 2.868487594272787877e+00 1.445028258083443928e-01 3.673561709778165318e-01
2.281986143114376198e+00 3.154137909319890687e-01 9.992530080779079560e-01 3.154137909319890687e-01 9.992530080779079560e-01 2.964307376088259546e-02 2.946031442852691473e+00 1.332903164328741730e-01 3.670817588855654900e-01
2.343675093171683432e+00 3.141787220145094706e-01 9.953402231380727994e-01 3.141787220145094706e-01 9.953402231380727994e-01 2.978436547465589113e-02 3.025671534925015393e+00 1.225579489502890557e-01 3.656443731922079388e-01
2.407031681120068267e+00 3.119192077072632241e-01 9.881819233641807587e-01 3.119192077072632241e-01 9.881819233641807587e-01 2.992936322021904141e-02 3.107464538257222131e+00 1.123191037251540098e-01 3.630147275965596165e-01
2.472100988228271401e+00 3.086220256955354846e-01 9.777362195359998731e-01 3.086220256955354846e-01 9.777362195359998731e-01 3.007726802926425497e-02 3.191468652516997295e+00 1.025853211589842218e-01 3.591774338350707807e-01
2.538929314447335717e+00 3.042869800181884354e-01 9.640024908349038579e-01 3.042869800181884354e-01 9.640024908349038579e-01 3.022775834791005881e-02 3.277743650684115106e+00 9.336593904638165742e-02 3.541322638461879557e-01
2.607564211355263950e+00 2.989276704846033916e-01 9.470238224106998226e-01 2.989276704846033916e-01 9.470238224106998226e-01 3.038095634156866287e-02 3.366350921581804823e+00 8.466774868824737676e-02 3.478950452255704096e-01
2.678054515992251083e+00 2.925718666686254466e-01 9.268881902206714818e-01 2.925718666686254466e-01 9.268881902206714818e-01 3.053735632034303843e-02 3.457353513557850810e+00 7.649468342659850040e-02 3.404980964840239599e-01
2.750450385610602400e+00 2.852613833406901778e-01 9.037280663898215050e-01 2.852613833406901778e-01 9.037280663898215050e-01 3.069772385049469171e-02 3.550816179346543588e+00 6.884754644278551217e-02 3.319900820741508163e-01
2.824803333364031666e+00 2.770513650604506939e-01 8.777181527501453084e-01 2.770513650604506939e-01 8.777181527501453084e-01 3.086298406822447424e-02 3.646805422143364339e+00 6.172378826014499054e-02 3.224351797920156915e-01
2.901166264961760888e+00 2.680089636405444953e-01 8.490711909531022394e-01 2.680089636405444953e-01 8.490711909531022394e-01 3.103411267237381199e-02 3.745389542925224635e+00 5.511735808310212065e-02 3.119115415961061233e-01
2.979593516313479018e+00 2.582115099550425508e-01 8.180321706305799800e-01 2.582115099550425508e-01 8.180321706305799800e-01 3.121202737748363099e-02 3.846638689049900250e+00 4.901866341251261139e-02 3.005091659395217052e-01
3.060140892191968387e+00 2.477443577176993705e-01 7.848714983331854800e-01 2.477443577176993705e-01 7.848714983331854800e-01 3.139747153822441267e-02 3.950624904169266483e+00 4.341466307375760336e-02 2.883273883373007607e-01
3.142865705940889764e+00 2.366985423632763652e-01 7.498775807021066386e-01 2.366985423632763652e-01 7.498775807021066386e-01 3.159089712974943315e-02 4.057422179491827485e+00 3.828908964484792343e-02 2.754721567488345180e-01
3.227826820255987883e+00 2.251683001859312305e-01 7.133489649255592147e-01 2.251683001859312305e-01 7.133489649255592147e-01 3.179237644212518088e-02 4.167106506431027313e+00 3.362277089284780585e-02 2.620531443260422089e-01
3.315084689068746204e+00 2.132484885718881618e-01 6.755861658549795479e-01 2.132484885718881618e-01 6.755861658549795479e-01 3.200157461558439387e-02 4.279755930676815368e+00 2.939402156327485666e-02 2.481807470540694227e-01
3.404701400562271996e+00 2.010321259091162882e-01 6.368838722663723306e-01 2.010321259091162882e-01 6.368838722663723306e-01 3.221779952454360829e-02 4.395450607728915493e+00 2.557910276686624351e-02 2.339632206732993602e-01
3.496740721350034331e+00 1.886084719643729701e-01 5.975248653601696880e-01 1.886084719643729701e-01 5.975248653601696880e-01 3.244013668925400939e-02 4.514272859931330650e+00 2.215275950418022638e-02 2.195044466027472885e-01
3.591268141848880546e+00 1.760620131111365338e-01 5.577768038921613325e-01 1.760620131111365338e-01 5.577768038921613325e-01 3.266767379484294270e-02 4.636307235048656494e+00 1.908882050104398348e-02 2.049027509380688949e-01
3.688350922878637750e+00 1.634723860751185753e-01 5.178919825939306554e-01 1.634723860751185753e-01 5.178919825939306554e-01 3.289979043984402052e-02 4.761640566425906940e+00 1.636080344888109911e-02 1.902508157058163674e-01
3.788058143521422227e+00 1.509150432082880799e-01 4.781094398076144447e-01 1.509150432082880799e-01 4.781094398076144447e-01 3.313643247445829249e-02 4.890362034774617506e+00 1.394246466934949934e-02 1.756364531160741205e-01
3.890460750274742363e+00 1.384625700825228012e-01 4.386591317149879377e-01 1.384625700825228012e-01 4.386591317149879377e-01 3.337826093891087947e-02 5.022563231629229463e+00 1.180826805913443543e-02 1.611441389912716404e-01
3.995631607533355556e+00 1.261866164312945848e-01 3.997680496961303898e-01 1.261866164312945848e-01 3.997680496961303898e-01 3.362659243068807924e-02 5.158338224518884907e+00 9.933765530464787330e-03 1.468572600156399233e-01
4.103645549435792184e+00 1.141599427635294345e-01 3.616667041456531617e-01 1.141599427635294345e-01 3.616667041456531617e-01 3.388309189434745433e-02 5.297783623901002770e+00 8.295854888383030409e-03 1.328604956051139541e-01
4.214579433112467299e+00 1.024576269497386866e-01 3.245929470221750046e-01 1.024576269497386866e-01 3.245929470221750046e-01 3.414923200344854165e-02 5.440998651904293659e+00 6.872875738224260879e-03 1.192412221444714704e-01
4.328512193373227568e+00 9.115689005927118949e-02 2.887914200885238203e-01 9.115689005927118949e-02 2.887914200885238203e-01 3.442563409827806287e-02 5.588085212930082868e+00 5.644565201295213830e-03 1.060893102949662103e-01
4.445524898873283171e+00 8.033577415974595126e-02 2.545093660876199260e-01 8.033577415974595126e-02 2.545093660876199260e-01 3.471150974894264551e-02 5.739147966162212455e+00 4.591945993721003975e-03 9.349558620393939867e-02
4.565700809797455406e+00 7.007079942630957403e-02 2.219892063003081617e-01 7.007079942630957403e-02 2.219892063003081617e-01 3.500442572014286075e-02 5.894294400037087378e+00 3.697189028001441908e-03 8.154910482488579582e-02
4.689125437103828453e+00 6.043344391461195203e-02 1.914573882192891485e-01 6.043344391461195203e-02 1.914573882192891485e-01 3.530054819390877202e-02 6.053634908726900576e+00 2.943463955421752893e-03 7.033305304165138327e-02
4.815886603368914720e+00 5.148618763972542117e-02 1.631118529137257078e-01 5.148618763972542117e-02 1.631118529137257078e-01 3.559544479435681336e-02 6.217282870690403307e+00 2.314828963892348428e-03 5.992014572748308870e-02
4.946074505277657352e+00 4.327920181310650205e-02 1.371115462997704038e-01 4.327920181310650205e-02 1.371115462997704038e-01 3.588536805285717085e-02 6.385354729347151981e+00 1.796198005992608688e-03 5.036877264553126649e-02
5.079781777802711673e+00 3.584704025306904851e-02 1.135659372969294867e-01 3.584704025306904851e-02 1.135659372969294867e-01 3.616873177372456616e-02 6.557970075932602505e+00 1.373330500800159452e-03 4.171914787890682041e-02
5.217103560118715677e+00 2.920438064704631090e-02 9.252152584826496551e-02 2.920438064704631090e-02 9.252152584826496551e-02 3.644735421932532304e-02 6.735251734593069806e+00 1.032800779673461811e-03 3.398835346864369916e-02
5.358137563298387640e+00 2.334193294823927456e-02 7.394888043405260791e-02 2.334193294823927456e-02 7.394888043405260791e-02 3.672696243341717903e-02 6.917325849781014391e+00 7.619950824833247611e-04 2.716557756434994156e-02
5.502984139838678956e+00 1.822329645880171184e-02 5.773268109091511668e-02 1.822329645880171184e-02 5.773268109091511668e-02 3.701645843887848425e-02 7.104321976012916373e+00 5.491475957780313395e-04 2.120845666584196890e-02
5.651746355066400440e+00 1.378296639529562849e-02 4.366540407139522101e-02 1.378296639529562849e-02 4.366540407139522101e-02 3.732564621612386585e-02 7.296373170053546353e+00 3.833995847478945075e-04 1.604075564386691147e-02
5.804530060474196063e+00 9.928253597696617624e-03 3.145340361670435902e-02 9.928253597696617624e-03 3.145340361670435902e-02 3.766146272375026083e-02 7.493616085592297082e+00 2.549344914226960024e-04 1.155460191685231917e-02
5.961443969038969115e+00 6.545889497260523604e-03 2.073783695809788830e-02 6.545889497260523604e-03 2.073783695809788830e-02 3.802332360394470451e-02 7.696191070478857199e+00 1.551569378675530587e-04 7.618172379289090031e-03
6.122599732576421871e+00 3.510782838577837430e-03 1.112240622640893288e-02 3.510782838577837430e-03 1.112240622640893288e-02 3.839898556096532634e-02 7.904242266587488963e+00 7.681628355858820842e-05 4.085884563393411481e-03
6.288112021186694101e+00 6.970169314260623184e-04 2.208198517099422935e-03 6.970169314260623184e-04 2.208198517099422935e-03 3.876308664442863761e-02 8.117917712380908313e+00 1.407795094328469726e-05 8.111953520005365896e-04
6.458098604847685387e+00 -2.011175972215960110e-03 -6.371546513779875048e-03 0.000000000000000000e+00 0.000000000000000000e+00 3.908098753218766652e-02 8.337369448246812809e+00 0.000000000000000000e+00 0.000000000000000000e+00
6.632680437214072633e+00 -4.709481457696571352e-03 -1.491996751056820676e-02 0.000000000000000000e+00 0.000000000000000000e+00 3.932005413684313416e-02 8.562753624681944231e+00 0.000000000000000000e+00 0.000000000000000000e+00
6.811981741681667479e+00 -7.459438373618807426e-03 -2.363202386105434094e-02 0.000000000000000000e+00 0.000000000000000000e+00 3.946838125535936243e-02 8.794230613400698005e+00 0.000000000000000000e+00 0.000000000000000000e+00
6.996130099778346434e+00 -1.026984461782160657e-02 -3.253558792254498955e-02 0.000000000000000000e+00 0.000000000000000000e+00 3.955634445694700130e-02 9.031965121447322886e+00 0.000000000000000000e+00 0.000000000000000000e+00
7.185256541944483821e+00 -1.307057706417650428e-02 -4.140850471407800382e-02 0.000000000000000000e+00 0.000000000000000000e+00 3.966871594385949079e-02 9.276126308392960595e+00 0.000000000000000000e+00 0.000000000000000000e+00
7.379495640767413711e+00 -1.568395373457643141e-02 -4.968786526905399903e-02 0.000000000000000000e+00 0.000000000000000000e+00 3.992693785671902473e-02 9.526887906700807207e+00 0.000000000000000000e+00 0.000000000000000000e+00
7.578985606736329039e+00 -1.780668713732314404e-02 -5.641283354572480813e-02 0.000000000000000000e+00 0.000000000000000000e+00 4.042302294119395206e-02 9.784428345345173028e+00 0.000000000000000000e+00 0.000000000000000000e+00
7.783868386585694132e+00 -1.901683038721407176e-02 -6.024665222272560655e-02 0.000000000000000000e+00 0.000000000000000000e+00 4.111492608825427497e-02 1.004893087677226227e+01 0.000000000000000000e+00 0.000000000000000000e+00
7.994289764297218603e+00 -1.882790187809743263e-02 -5.964811345722443453e-02 0.000000000000000000e+00 0.000000000000000000e+00 4.174451448267225279e-02 1.032058370729318142e+01 0.000000000000000000e+00 0.000000000000000000e+00
8.210399464832176974e+00 -1.679587422994268872e-02 -5.321050737184584295e-02 0.000000000000000000e+00 0.000000000000000000e+00 4.186791133812037963e-02 1.059958013100176899e+01 0.000000000000000000e+00 0.000000000000000000e+00
8.432351260667946491e+00 -1.267786298580719263e-02 -4.016435897471274524e-02 0.000000000000000000e+00 0.000000000000000000e+00 4.106007821158039889e-02 1.088611866731269018e+01 0.000000000000000000e+00 0.000000000000000000e+00
8.660303081214536292e+00 -6.608076887700957934e-03 -2.093485097190655661e-02 0.000000000000000000e+00 0.000000000000000000e+00 3.930255912288203174e-02 1.118040320221755834e+01 0.000000000000000000e+00 0.000000000000000000e+00
8.894417125188995854e+00 7.528779435377394710e-04 2.385170120725042201e-03 7.528779435377394710e-04 2.385170120725042201e-03 3.745400977928781128e-02 1.148264313335967657e+01 5.373150746299163905e-06 8.762069626802478344e-04
9.134859976027611239e+00 8.165631362799215601e-03 2.586929277259096896e-02 8.165631362799215601e-03 2.586929277259096896e-02 3.722917897234644807e-02 1.179305351903053989e+01 5.379488896576697926e-05 9.503244338843121197e-03
9.381802720418068731e+00 1.391712997470854508e-02 4.409044369920199491e-02 1.391712997470854508e-02 4.409044369920199491e-02 3.952452221535604493e-02 1.211185523119420537e+01 8.463455665477917283e-05 1.619689657405184308e-02
9.635421070035881996e+00 1.613875402743069828e-02 5.112870448970599502e-02 1.613875402743069828e-02 5.112870448970599502e-02 4.215372583475313073e-02 1.243927511264833896e+01 9.059721293386246413e-05 1.878244510839469084e-02
9.895895486571712141e+00 1.333183792317266247e-02 4.223619743630657036e-02 1.333183792317266247e-02 4.223619743630657036e-02 4.042440935102574462e-02 1.277554613843379450e+01 6.908466484508427779e-05 1.551572776686465163e-02
1.016341131013859211e+01 4.996298807122878660e-03 1.582862498662945122e-02 4.996298807122878660e-03 1.582862498662945122e-02 3.089812543213813975e-02 1.312090758160762327e+01 2.389939065655796794e-05 5.814743066931987552e-03
1.043815889115034068e+01 -7.905467744155438015e-03 -2.504507618474277261e-02 0.000000000000000000e+00 0.000000000000000000e+00 2.954848430632756734e-02 1.347560518349738246e+01 0.000000000000000000e+00 0.000000000000000000e+00
1.072033372576507659e+01 -2.518161952666799625e-02 -7.977713652261354815e-02 0.000000000000000000e+00 0.000000000000000000e+00 7.377194072417092574e-02 1.383989132855795035e+01 0.000000000000000000e+00 0.000000000000000000e+00
