6.126431699999999869e-02 2.087254735673580441e-01
6.746437800000000540e-02 2.096838070668520237e-01
7.366443899999999823e-02 2.107409550681811627e-01
7.986490799999999834e-02 2.118993692894911851e-01
8.606497000000000452e-02 2.131617430768077692e-01
9.226543900000000464e-02 2.145316295448796706e-01
9.846549999999999747e-02 2.160128481706171388e-01
1.046659699999999971e-01 2.176102783655835815e-01
1.108660300000000043e-01 2.193291470408092192e-01
1.170665000000000039e-01 2.211759392652065115e-01
1.232665599999999972e-01 2.231575441341763222e-01
1.294666200000000045e-01 2.252821336284006326e-01
1.356670899999999902e-01 2.275588686663741200e-01
1.418671499999999974e-01 2.299974158764232224e-01
1.480676200000000109e-01 2.326090179274664105e-01
1.542676799999999904e-01 2.354051655784951957e-01
1.604681500000000038e-01 2.383989230998900255e-01
1.666682100000000111e-01 2.416033599132147158e-01
1.728686799999999968e-01 2.450330286570781002e-01
1.790687400000000040e-01 2.487021333484618624e-01
1.852688100000000060e-01 2.526259348007846572e-01
1.914692699999999970e-01 2.568199461296634678e-01
1.976693399999999989e-01 2.612989193431986545e-01
2.038697999999999899e-01 2.660785459756238036e-01
2.100698699999999919e-01 2.711730105615272057e-01
2.162703400000000054e-01 2.765972215020052749e-01
2.224704000000000126e-01 2.823640137516733040e-01
2.286704599999999921e-01 2.884863858333776565e-01
2.348709300000000055e-01 2.949763625072415740e-01
2.410709900000000128e-01 3.018434307127492722e-01
2.472714599999999985e-01 3.090974377332771916e-01
2.534715200000000057e-01 3.167447879887669848e-01
2.596719900000000192e-01 3.247921138378686567e-01
2.658720500000000264e-01 3.332420568064603517e-01
2.720725199999999844e-01 3.420973511523091593e-01
2.782725799999999916e-01 3.513561761705969455e-01
2.844726399999999988e-01 3.610160113667184034e-01
2.906731100000000123e-01 3.710718258263316360e-01
2.968731700000000195e-01 3.815138009715573486e-01
3.030736399999999775e-01 3.923319023606537392e-01
3.092736999999999847e-01 4.035102391527116139e-01
3.154741699999999982e-01 4.150326982750623950e-01
3.216742300000000054e-01 4.268769982378222139e-01
3.278747000000000189e-01 4.390207959588419695e-01
3.340747600000000261e-01 4.514355107377092113e-01
3.402752299999999841e-01 4.640928938564112261e-01
3.464752899999999913e-01 4.769586994553656756e-01
3.526753499999999986e-01 4.899988083658400884e-01
3.588758200000000120e-01 5.031771473042929710e-01
3.650758800000000193e-01 5.164534668819186214e-01
3.712763499999999772e-01 5.297899549091488192e-01
3.774764199999999792e-01 5.431447839998108096e-01
3.836768799999999979e-01 5.564796053071278115e-01
3.898769499999999999e-01 5.697532931351442231e-01
3.960770100000000071e-01 5.829283610996539577e-01
4.022774800000000206e-01 5.959690285598580051e-01
4.084763100000000091e-01 6.088364713586943422e-01
4.146780099999999858e-01 6.215079035105647298e-01
4.208797000000000232e-01 6.339479771624227933e-01
4.270773099999999878e-01 6.461224653341545165e-01
4.332790100000000200e-01 6.580242501711500713e-01
4.394807000000000019e-01 6.696252185136647439e-01
4.456783100000000220e-01 6.809013028143202639e-01
4.518800000000000039e-01 6.918537231594484860e-01
4.580776200000000187e-01 7.024574981274710472e-01
4.642793100000000006e-01 7.127188524028276184e-01
4.704809999999999826e-01 7.226257466026917431e-01
4.766786199999999973e-01 7.321696553017286169e-01
4.828803099999999793e-01 7.413631713903365839e-01
4.890820000000000167e-01 7.502022562855082954e-01
4.952796199999999760e-01 7.586859539701916733e-01
5.014813099999999579e-01 7.668319372561487324e-01
5.076829999999999954e-01 7.746429707823098143e-01
5.138806200000000102e-01 7.821244981169200861e-01
5.200823100000000476e-01 7.892982738550671229e-01
5.262839999999999741e-01 7.961727637275685110e-01
5.324816199999999888e-01 8.027586139681617272e-01
5.386833100000000263e-01 8.090805650858494680e-01
5.448849999999999527e-01 8.151513095333033920e-01
5.510826199999999675e-01 8.209849678089438108e-01
5.572843100000000049e-01 8.266075699329584747e-01
5.634819300000000197e-01 8.320302898241348499e-01
5.696836199999999462e-01 8.372787049938249515e-01
5.758853099999999836e-01 8.423672144179390475e-01
5.820829299999999984e-01 8.473098667945124784e-01
5.882846200000000358e-01 8.521293095670744444e-01
5.944863099999999623e-01 8.568370386547486950e-01
6.006839200000000378e-01 8.614432062270851453e-01
6.068856200000000145e-01 8.659651958731722221e-01
6.130873100000000520e-01 8.704092636418326867e-01
6.192849200000000165e-01 8.747798289931807414e-01
6.254866199999999932e-01 8.790878387548428652e-01
6.316883100000000306e-01 8.833335455627040478e-01
6.378859199999999952e-01 8.875154916349997647e-01
6.440876100000000326e-01 8.916387404563455021e-01
6.502852300000000474e-01 8.956959619189071020e-01
6.564869199999999738e-01 8.996893834620192099e-01
6.626886100000000113e-01 9.036123394134879527e-01
6.688862300000000261e-01 9.074577998377988397e-01
6.750879199999999525e-01 9.112260659933868467e-01
6.812896099999999899e-01 9.149099282530506194e-01
6.874872300000000047e-01 9.185027783277240898e-01
6.936889200000000422e-01 9.220056868983063092e-01
6.998906099999999686e-01 9.254134427308436939e-01
7.060882299999999834e-01 9.287220540596583529e-01
7.122899200000000208e-01 9.319350688163692276e-01
7.184916099999999473e-01 9.350505569967207942e-01
7.246892299999999620e-01 9.380678753331348485e-01
7.308909199999999995e-01 9.409932278779865600e-01
7.370885400000000143e-01 9.438258028318280424e-01
7.432902300000000517e-01 9.465729562911420203e-01
7.494919199999999782e-01 9.492368303389695505e-01
7.556895399999999929e-01 9.518199531014287507e-01
7.618912300000000304e-01 9.543298544280996998e-01
7.680929199999999568e-01 9.567686758927833601e-01
7.742905300000000324e-01 9.591382743317714565e-01
7.804922300000000090e-01 9.614445413886359981e-01
7.866939200000000465e-01 9.636879174753164579e-01
7.928915300000000110e-01 9.658682157202819196e-01
7.990932299999999877e-01 9.679887169799886726e-01
8.052949200000000252e-01 9.700475886351274113e-01
8.114925299999999897e-01 9.720424843264732218e-01
8.176942200000000271e-01 9.739744219926758095e-01
8.238959200000000038e-01 9.758400810760977651e-01
8.300935299999999684e-01 9.776361260664385711e-01
8.362952200000000058e-01 9.793627909649720298e-01
8.424928400000000206e-01 9.810159296561400399e-01
8.486945299999999470e-01 9.825963031219735466e-01
8.548962199999999845e-01 9.841020534342412862e-01
8.610938399999999993e-01 9.855323451845593441e-01
8.672955300000000367e-01 9.868900902723577451e-01
8.734972199999999631e-01 9.881763944920943787e-01
8.796948399999999779e-01 9.893936162435751358e-01
8.858965300000000154e-01 9.905475323351973227e-01
8.920982200000000528e-01 9.916424707035325081e-01
8.982958399999999566e-01 9.926837561164274515e-01
9.044975299999999940e-01 9.936794167080477136e-01
9.106992200000000315e-01 9.946358776932265888e-01
9.168968400000000463e-01 9.955598893914562320e-01
9.230985299999999727e-01 9.964599748328110129e-01
9.292961499999999875e-01 9.973419576851358936e-01
9.354978400000000249e-01 9.982134523427325101e-01
9.416995299999999514e-01 9.990795404172461147e-01
9.478971499999999661e-01 9.999443177406897032e-01
9.540988400000000036e-01 1.000812414985611465e+00
9.603005300000000410e-01 1.001685476780324713e+00
9.664981400000000056e-01 1.002563788886845275e+00
9.726998399999999823e-01 1.003448026025614004e+00
9.789015300000000197e-01 1.004335831624503017e+00
9.850991399999999842e-01 1.005223662058858380e+00
9.913008399999999609e-01 1.006108705894458888e+00
9.975025299999999984e-01 1.006985571284249037e+00
1.003700100000000095e+00 1.007848301551190762e+00
1.009901799999999961e+00 1.008692327537836331e+00
1.016099499999999933e+00 1.009510763855056670e+00
1.022301099999999963e+00 1.010299067449197841e+00
1.028502800000000050e+00 1.011051581448265457e+00
1.034700500000000023e+00 1.011763370835713882e+00
1.040902100000000052e+00 1.012431729380474099e+00
1.047103799999999918e+00 1.013053600259927300e+00
1.053301400000000054e+00 1.013627120257650560e+00
1.059503099999999920e+00 1.014152733234769066e+00
1.065704800000000008e+00 1.014630909280440418e+00
1.071902399999999922e+00 1.015063381052747404e+00
1.078104100000000010e+00 1.015453773417241301e+00
1.084305800000000097e+00 1.015805759309178269e+00
1.090503400000000012e+00 1.016123865187329667e+00
1.096705100000000099e+00 1.016413793751269390e+00
1.102906799999999965e+00 1.016680951506617081e+00
1.109104400000000101e+00 1.016930922288892258e+00
1.115306099999999967e+00 1.017169669677393085e+00
1.121503799999999940e+00 1.017402184406274390e+00
1.127705399999999969e+00 1.017633547022462670e+00
1.133907100000000057e+00 1.017867706357856727e+00
1.140104800000000029e+00 1.018107764708470864e+00
1.146306400000000059e+00 1.018356366072874275e+00
1.152508099999999924e+00 1.018614730508305311e+00
1.158705799999999897e+00 1.018883061958503200e+00
1.164907399999999926e+00 1.019161145468349572e+00
1.171109100000000014e+00 1.019447401589052227e+00
1.177306799999999987e+00 1.019739471484872873e+00
1.183508400000000016e+00 1.020034963130378669e+00
1.189710100000000104e+00 1.020330497952846471e+00
1.195907800000000076e+00 1.020622425642397246e+00
1.202109400000000106e+00 1.020907585214502422e+00
1.208307100000000078e+00 1.021182187934512209e+00
1.214508799999999944e+00 1.021443414192490851e+00
1.220710399999999973e+00 1.021688315800807656e+00
1.226908099999999946e+00 1.021914524023039395e+00
1.233109800000000034e+00 1.022120705995080536e+00
1.239311400000000063e+00 1.022305757577782304e+00
1.245509100000000036e+00 1.022469333473125408e+00
1.251710799999999901e+00 1.022612076300058570e+00
1.257912399999999931e+00 1.022734953890530596e+00
1.264110099999999903e+00 1.022839569285050931e+00
1.270311799999999991e+00 1.022928201767872913e+00
1.276513400000000020e+00 1.023003299180361925e+00
1.282711099999999993e+00 1.023067596775532273e+00
1.288912700000000022e+00 1.023124061899894244e+00
1.295110399999999995e+00 1.023175490331774240e+00
1.301312100000000083e+00 1.023224671041838896e+00
1.307513699999999890e+00 1.023274030458748207e+00
1.313711400000000085e+00 1.023325633065724549e+00
1.319913099999999950e+00 1.023381196677646932e+00
1.326114699999999980e+00 1.023441840258612068e+00
1.332312399999999952e+00 1.023508142746201388e+00
1.338514100000000040e+00 1.023580276556242286e+00
1.344715700000000069e+00 1.023657775951921867e+00
1.350913400000000042e+00 1.023739700598730540e+00
1.357115099999999908e+00 1.023824868551640677e+00
1.363316699999999937e+00 1.023911624298716960e+00
1.369514399999999910e+00 1.023998091821123113e+00
1.375716099999999997e+00 1.024082438778191273e+00
1.381913699999999912e+00 1.024162596088512123e+00
1.388115399999999999e+00 1.024236788983347246e+00
1.394317100000000087e+00 1.024303250596017678e+00
1.400514700000000001e+00 1.024360481299553483e+00
1.406716400000000089e+00 1.024407401711329824e+00
1.412918099999999955e+00 1.024443169222191585e+00
1.419115700000000091e+00 1.024467350638995411e+00
1.425317399999999957e+00 1.024479944593798875e+00
1.431519100000000044e+00 1.024481274455832258e+00
1.437716699999999959e+00 1.024472041505977815e+00
1.443918400000000046e+00 1.024453230474099197e+00
1.450120099999999912e+00 1.024426092009515843e+00
1.456317700000000048e+00 1.024392084727148156e+00
1.462519399999999914e+00 1.024352713163361184e+00
1.468721100000000002e+00 1.024309592198756613e+00
1.474918699999999916e+00 1.024264320081885948e+00
1.481120400000000004e+00 1.024218311502180345e+00
1.487317999999999918e+00 1.024172950120607606e+00
1.493519700000000006e+00 1.024129301444564044e+00
1.499721400000000093e+00 1.024088287651131912e+00
1.505919000000000008e+00 1.024050567560724767e+00
1.512120700000000095e+00 1.024016460820697860e+00
1.518322399999999961e+00 1.023986102897311623e+00
1.524520000000000097e+00 1.023959376627387119e+00
1.530721699999999963e+00 1.023935898303221403e+00
1.536923400000000051e+00 1.023915160266211100e+00
1.543120999999999965e+00 1.023896512815021476e+00
1.549322700000000053e+00 1.023879181672525007e+00
1.555524399999999918e+00 1.023862388426270531e+00
1.561722000000000055e+00 1.023845357162260550e+00
1.567923699999999920e+00 1.023827323269913547e+00
1.574121300000000057e+00 1.023807648814236471e+00
1.580322999999999922e+00 1.023785752213117517e+00
1.586524700000000010e+00 1.023761215327684049e+00
1.592722299999999924e+00 1.023733761511247842e+00
1.598924000000000012e+00 1.023703193765267860e+00
1.605125700000000100e+00 1.023669495587389733e+00
1.611323300000000014e+00 1.023632770470116915e+00
1.617525000000000102e+00 1.023593138726705210e+00
1.623726699999999967e+00 1.023550858230152460e+00
1.629924300000000104e+00 1.023506231946194722e+00
1.636125999999999969e+00 1.023459483788107027e+00
1.642327700000000057e+00 1.023410909864632234e+00
1.648525299999999971e+00 1.023360772508488559e+00
1.654727000000000059e+00 1.023309177176966012e+00
1.660924599999999973e+00 1.023256294741603512e+00
1.667126300000000061e+00 1.023202083161982578e+00
1.673327999999999927e+00 1.023146531106662982e+00
1.679525600000000063e+00 1.023089564664111384e+00
1.685727299999999929e+00 1.023030943840422813e+00
1.691929000000000016e+00 1.022970507090997128e+00
1.698126599999999931e+00 1.022908085900502195e+00
1.704328300000000018e+00 1.022843399823396560e+00
1.710530000000000106e+00 1.022776328830742321e+00
1.716727600000000020e+00 1.022706819953603352e+00
1.722929300000000108e+00 1.022634762850070045e+00
1.729130999999999974e+00 1.022560281857091358e+00
1.735328600000000110e+00 1.022483615697904469e+00
1.741530299999999976e+00 1.022404962208883994e+00
1.747732000000000063e+00 1.022324779874881129e+00
1.753929599999999978e+00 1.022243629868577974e+00
1.760131300000000065e+00 1.022161993346174524e+00
1.766328899999999980e+00 1.022080624344307909e+00
1.772530600000000067e+00 1.022000091504108976e+00
1.778732299999999933e+00 1.021921122912237134e+00
1.784929900000000069e+00 1.021844405799329447e+00
1.791131599999999935e+00 1.021770404601127558e+00
1.797333300000000023e+00 1.021699633550788189e+00
1.803530899999999937e+00 1.021632466217869961e+00
1.809732600000000025e+00 1.021568988526200483e+00
1.815934299999999890e+00 1.021509249382134721e+00
1.822131900000000027e+00 1.021453108437230251e+00
1.828333599999999892e+00 1.021400136569450723e+00
1.834535299999999980e+00 1.021349848416434059e+00
1.840732899999999894e+00 1.021301601967779638e+00
1.846934599999999982e+00 1.021254537597322321e+00
1.853132199999999896e+00 1.021207833542330912e+00
1.859333899999999984e+00 1.021160493242136091e+00
1.865535600000000072e+00 1.021111604661205874e+00
1.871733199999999986e+00 1.021060295827439734e+00
1.877934900000000074e+00 1.021005671265283965e+00
1.884136599999999939e+00 1.020947054799305809e+00
1.890334200000000076e+00 1.020883934593227682e+00
1.896535899999999941e+00 1.020815854722571636e+00
1.902737600000000029e+00 1.020742686009185940e+00
1.908935199999999943e+00 1.020664527372375785e+00
1.915136900000000031e+00 1.020581537765016478e+00
1.921338599999999897e+00 1.020494238783906660e+00
1.927536200000000033e+00 1.020403354629756620e+00
1.933737899999999899e+00 1.020309592405025834e+00
1.939935500000000035e+00 1.020214032548803385e+00
1.946137199999999901e+00 1.020117594558219265e+00
1.952338899999999988e+00 1.020021430121548667e+00
1.958536499999999902e+00 1.019926683686839475e+00
1.964738199999999990e+00 1.019834255748936824e+00
1.970939900000000078e+00 1.019745132298697898e+00
1.977137499999999992e+00 1.019660143679321784e+00
1.983339200000000080e+00 1.019579768663989583e+00
1.989540899999999946e+00 1.019504443794638338e+00
1.995738500000000082e+00 1.019434361223239938e+00
2.001940199999999948e+00 1.019369336759214040e+00
2.008141900000000035e+00 1.019309091689027724e+00
2.014339500000000172e+00 1.019253114666819782e+00
2.020541199999999815e+00 1.019200590206545964e+00
2.026742899999999903e+00 1.019150654943538736e+00
2.032940500000000039e+00 1.019102321204759409e+00
2.039142200000000127e+00 1.019054436314035028e+00
2.045339799999999819e+00 1.019005956541768843e+00
2.051541499999999907e+00 1.018955741632378231e+00
2.057743199999999995e+00 1.018902827953558132e+00
2.063940800000000131e+00 1.018846385525358889e+00
2.070142500000000219e+00 1.018785637342440653e+00
2.076344199999999862e+00 1.018720114267221089e+00
2.082541799999999999e+00 1.018649579560436447e+00
2.088743500000000086e+00 1.018573887506019071e+00
2.094945200000000174e+00 1.018493265607544052e+00
2.101142799999999866e+00 1.018408180956247522e+00
2.107344499999999954e+00 1.018319138741563767e+00
2.113546200000000042e+00 1.018226993165585847e+00
2.119743800000000178e+00 1.018132752164965238e+00
2.125945499999999821e+00 1.018037339114607143e+00
2.132143099999999958e+00 1.017941983776167403e+00
2.138344800000000046e+00 1.017847671340818660e+00
2.144546500000000133e+00 1.017755533464415940e+00
2.150744099999999825e+00 1.017666604146008069e+00
2.156945799999999913e+00 1.017581605247156684e+00
2.163147500000000001e+00 1.017501262179539845e+00
2.169345100000000137e+00 1.017426083780723634e+00
2.175546799999999781e+00 1.017356206504185678e+00
2.181748499999999868e+00 1.017291683437316685e+00
2.187946100000000005e+00 1.017232320867621054e+00
2.194147800000000093e+00 1.017177588672845800e+00
2.200349500000000180e+00 1.017126878211232599e+00
2.206547099999999872e+00 1.017079404347579707e+00
2.212748799999999960e+00 1.017034161977904638e+00
2.218946400000000096e+00 1.016990186598454748e+00
2.225148100000000184e+00 1.016946358961215102e+00
2.231349799999999828e+00 1.016901658747262571e+00
2.237547399999999964e+00 1.016855126068185067e+00
2.243749100000000052e+00 1.016805809182200759e+00
2.249950800000000140e+00 1.016752985532756393e+00
2.256148399999999832e+00 1.016696110013448395e+00
2.262350099999999919e+00 1.016634714139165396e+00
2.268551800000000007e+00 1.016568645053798292e+00
2.274749400000000144e+00 1.016497970974800991e+00
2.280951099999999787e+00 1.016422822782466096e+00
2.287152799999999875e+00 1.016343661703091206e+00
2.293350400000000011e+00 1.016261129841108390e+00
2.299552100000000099e+00 1.016175846631320878e+00
2.305749699999999791e+00 1.016088761502911053e+00
2.311951399999999879e+00 1.016000667518735190e+00
2.318153099999999966e+00 1.015912560981258927e+00
2.324350700000000103e+00 1.015825427361716216e+00
2.330552400000000191e+00 1.015740028074998857e+00
2.336754099999999834e+00 1.015657209793059179e+00
2.342951699999999970e+00 1.015577691105480795e+00
2.349153400000000058e+00 1.015501885517219094e+00
2.355355100000000146e+00 1.015430198107408089e+00
2.361552699999999838e+00 1.015362844262863717e+00
2.367754399999999926e+00 1.015299725307337919e+00
2.373956100000000013e+00 1.015240701556060499e+00
2.380153700000000150e+00 1.015185460341059720e+00
2.386355399999999793e+00 1.015133439302205121e+00
2.392557099999999881e+00 1.015084071942853106e+00
2.398754700000000017e+00 1.015036701302960198e+00
2.404956400000000105e+00 1.014990527594994418e+00
2.411153999999999797e+00 1.014944860514281899e+00
2.417355699999999885e+00 1.014898906746415808e+00
2.423557399999999973e+00 1.014852014157441751e+00
2.429755000000000109e+00 1.014803611936871741e+00
2.435956700000000197e+00 1.014753135061762457e+00
2.442158399999999840e+00 1.014700233557978226e+00
2.448355999999999977e+00 1.014644695021344356e+00
2.454557700000000064e+00 1.014586332395154722e+00
2.460759400000000152e+00 1.014525203102752515e+00
2.466956999999999844e+00 1.014461499770869635e+00
2.473158699999999932e+00 1.014395403097794413e+00
2.479360400000000020e+00 1.014327317757260483e+00
2.485558000000000156e+00 1.014257730930946844e+00
2.491759699999999800e+00 1.014187044849474306e+00
2.497957299999999936e+00 1.014115875662505051e+00
2.504159000000000024e+00 1.014044655986207299e+00
2.510360700000000111e+00 1.013973939177271744e+00
2.516558299999999804e+00 1.013904234357120071e+00
2.522759999999999891e+00 1.013835850291631591e+00
2.528961699999999979e+00 1.013769157074162042e+00
2.535159300000000115e+00 1.013704431916658377e+00
2.541361000000000203e+00 1.013641729579711326e+00
2.547562699999999847e+00 1.013581138304669782e+00
2.553760299999999983e+00 1.013522648829214612e+00
2.559962000000000071e+00 1.013466052570539011e+00
2.566163700000000158e+00 1.013411185477498311e+00
2.572361299999999851e+00 1.013357821619302213e+00
2.578562999999999938e+00 1.013305589159532172e+00
2.584760600000000075e+00 1.013254233464180087e+00
2.590962300000000162e+00 1.013203357695673157e+00
2.597163999999999806e+00 1.013152679033848758e+00
2.603361599999999942e+00 1.013101941332574363e+00
2.609563300000000030e+00 1.013050827772795870e+00
2.615765000000000118e+00 1.012999171777063889e+00
2.621962599999999810e+00 1.012946864332841646e+00
2.628164299999999898e+00 1.012893751608667126e+00
2.634365999999999985e+00 1.012839842076311614e+00
2.640563600000000122e+00 1.012785201420607573e+00
2.646765300000000209e+00 1.012729835364726272e+00
2.652966999999999853e+00 1.012673897927847566e+00
2.659164599999999989e+00 1.012617574280306076e+00
2.665366300000000077e+00 1.012560955908466953e+00
2.671568000000000165e+00 1.012504252666479809e+00
2.677765599999999857e+00 1.012447669980402143e+00
2.683967299999999945e+00 1.012391286075004837e+00
2.690164900000000081e+00 1.012335304996769825e+00
2.696366600000000169e+00 1.012279752265698107e+00
2.702568299999999812e+00 1.012224730490685953e+00
2.708765899999999949e+00 1.012170305092591205e+00
2.714967600000000036e+00 1.012116398752393343e+00
2.721169300000000124e+00 1.012063010730746226e+00
2.727366899999999816e+00 1.012010112705757248e+00
2.733568599999999904e+00 1.011957552337047650e+00
2.739770299999999992e+00 1.011905271319556654e+00
2.745967900000000128e+00 1.011853208296017215e+00
2.752169600000000216e+00 1.011801205045049556e+00
2.758371299999999859e+00 1.011749221108806385e+00
2.764568899999999996e+00 1.011697237289030049e+00
2.770770600000000083e+00 1.011645157830808994e+00
2.776968200000000220e+00 1.011593054524141833e+00
2.783169899999999863e+00 1.011540892378844703e+00
2.789371599999999951e+00 1.011488769662248099e+00
2.795569200000000087e+00 1.011436810932768493e+00
2.801770900000000175e+00 1.011385058588505137e+00
2.807972599999999819e+00 1.011333672009393725e+00
2.814170199999999955e+00 1.011282814839597366e+00
2.820371900000000043e+00 1.011232545856567189e+00
2.826573600000000130e+00 1.011183011461889603e+00
2.832771199999999823e+00 1.011134333484540404e+00
2.838972899999999910e+00 1.011086506636209803e+00
2.845174599999999998e+00 1.011039585224805748e+00
2.851372200000000134e+00 1.010993579342275073e+00
2.857573899999999778e+00 1.010948364043692038e+00
2.863775599999999866e+00 1.010903862311700374e+00
2.869973200000000002e+00 1.010859954741602396e+00
2.876174900000000090e+00 1.010816400141490545e+00
2.882372600000000062e+00 1.010773045590377617e+00
2.888574199999999870e+00 1.010729608856492101e+00
2.894775899999999957e+00 1.010685883851051958e+00
2.900973500000000094e+00 1.010641674649527477e+00
2.907175200000000181e+00 1.010596715829870540e+00
2.913376899999999825e+00 1.010550860412904539e+00
2.919574499999999961e+00 1.010504005604405675e+00
2.925776200000000049e+00 1.010456006305882726e+00
2.931977900000000137e+00 1.010406867907064132e+00
2.938175499999999829e+00 1.010356660860873390e+00
2.944377199999999917e+00 1.010305418966024771e+00
2.950578900000000004e+00 1.010253336883450981e+00
2.956776500000000141e+00 1.010200667928726981e+00
2.962978199999999784e+00 1.010147609055964901e+00
2.969175900000000201e+00 1.010094533606765932e+00
2.975377500000000008e+00 1.010041702827344956e+00
2.981579200000000096e+00 1.009989488144817926e+00
2.987776900000000069e+00 1.009938255837160126e+00
2.993978499999999876e+00 1.009888250785413444e+00
3.000180199999999964e+00 1.009839777093887614e+00
3.006377899999999936e+00 1.009793084941191799e+00
3.012579500000000188e+00 1.009748269749992211e+00
3.018781199999999831e+00 1.009705441630357026e+00
3.024978899999999804e+00 1.009664627524255121e+00
3.031180500000000055e+00 1.009625693282775849e+00
3.037382200000000143e+00 1.009588501600781063e+00
3.043579900000000116e+00 1.009552837448948415e+00
3.049781499999999923e+00 1.009518351476025311e+00
3.055979199999999896e+00 1.009484730547173914e+00
3.062180899999999983e+00 1.009451537530857479e+00
3.068382499999999791e+00 1.009418380332774756e+00
3.074580200000000207e+00 1.009384863681539457e+00
3.080781899999999851e+00 1.009350546314296215e+00
3.086983500000000102e+00 1.009315086963333830e+00
3.093181200000000075e+00 1.009278197590305570e+00
3.099382900000000163e+00 1.009239586490705776e+00
3.105584499999999970e+00 1.009199110817292855e+00
3.111782199999999943e+00 1.009156716534715725e+00
3.117983800000000194e+00 1.009112360018993293e+00
3.124185499999999838e+00 1.009066167215850074e+00
3.130383199999999810e+00 1.009018358227205203e+00
3.136584800000000062e+00 1.008969140087855987e+00
3.142782500000000034e+00 1.008918911371289084e+00
3.148984200000000122e+00 1.008867999883303224e+00
3.155185799999999929e+00 1.008816868807603795e+00
3.161383499999999902e+00 1.008765998873249137e+00
3.167585199999999990e+00 1.008715774364776552e+00
3.173786799999999797e+00 1.008666657916617693e+00
3.179984500000000214e+00 1.008619067070552600e+00
3.186186199999999857e+00 1.008573272225443906e+00
3.192387800000000109e+00 1.008529563371810323e+00
3.198585500000000081e+00 1.008488137896673242e+00
3.204787200000000169e+00 1.008449022432506892e+00
3.210988799999999976e+00 1.008412227282260210e+00
3.217186499999999949e+00 1.008377658754382900e+00
3.223388200000000037e+00 1.008345067816957430e+00
3.229589799999999844e+00 1.008314191504297685e+00
3.235787499999999817e+00 1.008284693153773004e+00
3.241989199999999904e+00 1.008256129700866532e+00
3.248186800000000041e+00 1.008228100714481101e+00
3.254388500000000128e+00 1.008200118409177337e+00
3.260590200000000216e+00 1.008171758199301271e+00
3.266787799999999908e+00 1.008142623812050331e+00
3.272989499999999996e+00 1.008112306453990303e+00
3.279191200000000084e+00 1.008080515855975356e+00
3.285388800000000220e+00 1.008047039570159509e+00
3.291590499999999864e+00 1.008011681560143646e+00
3.297792199999999951e+00 1.007974400513136359e+00
3.303989800000000088e+00 1.007935250708898778e+00
3.310191500000000175e+00 1.007894296418973212e+00
3.316393199999999819e+00 1.007851761389981560e+00
3.322590799999999955e+00 1.007807946282463840e+00
3.328792500000000043e+00 1.007763124504442276e+00
3.334990100000000179e+00 1.007717731490493263e+00
3.341191799999999823e+00 1.007672111818793459e+00
3.347393499999999911e+00 1.007626710207783383e+00
3.353591100000000047e+00 1.007581962245523322e+00
3.359792800000000135e+00 1.007538188130268297e+00
3.365994499999999778e+00 1.007495753842917896e+00
3.372192099999999915e+00 1.007454963660291858e+00
3.378393800000000002e+00 1.007415971180634751e+00
3.384595500000000090e+00 1.007378932841149766e+00
3.390793099999999782e+00 1.007343916410411877e+00
3.396994799999999870e+00 1.007310836426897227e+00
3.403196499999999958e+00 1.007279596344757167e+00
3.409394100000000094e+00 1.007250020610395591e+00
3.415595800000000182e+00 1.007221811734525296e+00
3.421793399999999874e+00 1.007194698235083674e+00
3.427995099999999962e+00 1.007168299697057456e+00
3.434196800000000049e+00 1.007142270612935375e+00
3.440394400000000186e+00 1.007116262366856585e+00
3.446596099999999829e+00 1.007089889207505529e+00
3.452797799999999917e+00 1.007062846472323692e+00
3.458995400000000053e+00 1.007034874431014027e+00
3.465197100000000141e+00 1.007005711947837279e+00
3.471398799999999785e+00 1.006975215645946831e+00
3.477596399999999921e+00 1.006943313617205238e+00
3.483798100000000009e+00 1.006909940350100952e+00
3.489999800000000096e+00 1.006875162346600128e+00
3.496197399999999789e+00 1.006839114949888980e+00
3.502399099999999876e+00 1.006801919960530256e+00
3.508600799999999964e+00 1.006763819789366243e+00
3.514798400000000100e+00 1.006725097555013049e+00
3.521000100000000188e+00 1.006685985138006334e+00
3.527197699999999880e+00 1.006646829735350357e+00
3.533399399999999968e+00 1.006607874391412416e+00
3.539601100000000056e+00 1.006569425980653021e+00
3.545798700000000192e+00 1.006531763821126857e+00
3.552000399999999836e+00 1.006495055739793587e+00
3.558202099999999923e+00 1.006459499096072907e+00
3.564399700000000060e+00 1.006425236348775565e+00
3.570601400000000147e+00 1.006392286765559696e+00
3.576803099999999791e+00 1.006360681560927173e+00
3.583000699999999927e+00 1.006330393739808038e+00
3.589202400000000015e+00 1.006301286284688956e+00
3.595404100000000103e+00 1.006273238869133113e+00
3.601601699999999795e+00 1.006246093035358946e+00
3.607803399999999883e+00 1.006219611182999296e+00
3.614001000000000019e+00 1.006193611737089766e+00
3.620202700000000107e+00 1.006167839153089938e+00
3.626404400000000194e+00 1.006142095534806158e+00
3.632601999999999887e+00 1.006116198509818371e+00
3.638803699999999974e+00 1.006089938247557658e+00
3.645005400000000062e+00 1.006063186797298004e+00
3.651203000000000198e+00 1.006035853001295610e+00
3.657404699999999842e+00 1.006007829718709390e+00
3.663606399999999930e+00 1.005979103148508136e+00
3.669804000000000066e+00 1.005949699600440450e+00
3.676005700000000154e+00 1.005919622254457302e+00
3.682207399999999797e+00 1.005888963536300418e+00
3.688404999999999934e+00 1.005857842840874206e+00
3.694606700000000021e+00 1.005826336519311859e+00
3.700804300000000158e+00 1.005794615471854669e+00
3.707005999999999801e+00 1.005762771679974410e+00
3.713207699999999889e+00 1.005730957674299653e+00
3.719405300000000025e+00 1.005699317064005616e+00
3.725607000000000113e+00 1.005667916277256158e+00
3.731808700000000201e+00 1.005636865854115047e+00
3.738006299999999893e+00 1.005606253550445972e+00
3.744207999999999981e+00 1.005576082960300877e+00
3.750409700000000068e+00 1.005546394869360149e+00
3.756607300000000205e+00 1.005517206268260022e+00
3.762808999999999848e+00 1.005488456264433728e+00
3.769010699999999936e+00 1.005460125371998359e+00
3.775208300000000072e+00 1.005432180563615940e+00
3.781410000000000160e+00 1.005404525728446963e+00
3.787611699999999804e+00 1.005377117367698636e+00
3.793809299999999940e+00 1.005349913068502854e+00
3.800011000000000028e+00 1.005322822464746579e+00
3.806208600000000164e+00 1.005295836512425822e+00
3.812410299999999808e+00 1.005268886685853236e+00
3.818611999999999895e+00 1.005241971689851299e+00
3.824809600000000032e+00 1.005215104259762349e+00
3.831011300000000119e+00 1.005188257325204670e+00
3.837213000000000207e+00 1.005161469001754737e+00
3.843410599999999899e+00 1.005134786530011315e+00
3.849612299999999987e+00 1.005108210238348843e+00
3.855814000000000075e+00 1.005081795747333473e+00
3.862011600000000211e+00 1.005055596581741595e+00
3.868213299999999855e+00 1.005029608763206905e+00
3.874414999999999942e+00 1.005003871273401073e+00
3.880612600000000079e+00 1.004978410352780127e+00
3.886814300000000166e+00 1.004953187537562354e+00
3.893011899999999859e+00 1.004928215969816296e+00
3.899213599999999946e+00 1.004903426817963963e+00
3.905415300000000034e+00 1.004878786291462323e+00
3.911612900000000170e+00 1.004854247736523876e+00
3.917814599999999814e+00 1.004829706439910098e+00
3.924016299999999902e+00 1.004805100852320443e+00
3.930213900000000038e+00 1.004780368576065230e+00
3.936415600000000126e+00 1.004755401928804748e+00
3.942617300000000213e+00 1.004730150942714006e+00
3.948814899999999906e+00 1.004704579786148910e+00
3.955016599999999993e+00 1.004678619336468737e+00
3.961218300000000081e+00 1.004652272027122484e+00
3.967415900000000217e+00 1.004625564611541177e+00
3.973617599999999861e+00 1.004598495234229505e+00
3.979815199999999997e+00 1.004571157551473970e+00
3.986016900000000085e+00 1.004543596314786624e+00
3.992218600000000173e+00 1.004515930749936281e+00
3.998416199999999865e+00 1.004488296601389719e+00
4.004617900000000397e+00 1.004460785910017195e+00
4.010819599999999596e+00 1.004433550879812564e+00
4.017017199999999733e+00 1.004406741682279947e+00
4.023218899999999820e+00 1.004380447270821763e+00
4.029420599999999908e+00 1.004354795203890927e+00
4.035618200000000044e+00 1.004329890287354754e+00
4.041819900000000132e+00 1.004305761592427348e+00
4.048021600000000220e+00 1.004282457059124223e+00
4.054219200000000356e+00 1.004259988749203414e+00
4.060420900000000444e+00 1.004238289403968087e+00
4.066618499999999692e+00 1.004217315720831838e+00
4.072820199999999780e+00 1.004196935605896179e+00
4.079017799999999916e+00 1.004177043430987792e+00
4.085211400000000381e+00 1.004157482752912278e+00
4.091404899999999678e+00 1.004138069791449039e+00
4.097639199999999704e+00 1.004118496115410597e+00
4.103832699999999889e+00 1.004098837279173706e+00
4.110026300000000354e+00 1.004078793818733439e+00
4.116219799999999651e+00 1.004058211513214394e+00
4.122413400000000117e+00 1.004036958854223061e+00
4.128606900000000302e+00 1.004014936273308178e+00
4.134841200000000327e+00 1.003991925605513424e+00
4.141034699999999624e+00 1.003968203175835461e+00
4.147228300000000090e+00 1.003943637727309213e+00
4.153421800000000275e+00 1.003918288635605949e+00
4.159615399999999852e+00 1.003892253544762525e+00
4.165808900000000037e+00 1.003865668032713376e+00
4.172043200000000063e+00 1.003838518840440397e+00
4.178236700000000248e+00 1.003811352234855514e+00
4.184430299999999825e+00 1.003784197072407736e+00
4.190623800000000010e+00 1.003757267056427871e+00
4.196817399999999587e+00 1.003730771494843355e+00
4.203010899999999772e+00 1.003704909076710283e+00
4.209245199999999798e+00 1.003679693506173365e+00
4.215438699999999983e+00 1.003655601458030455e+00
4.221632299999999560e+00 1.003632572899515463e+00
4.227825799999999745e+00 1.003610673629223626e+00
4.234019400000000211e+00 1.003589921204907309e+00
4.240212900000000396e+00 1.003570286316538773e+00
4.246447200000000421e+00 1.003551571946823762e+00
4.252640699999999718e+00 1.003533900595851014e+00
4.258834300000000184e+00 1.003516985326685651e+00
4.265027800000000369e+00 1.003500634002205905e+00
4.271221399999999946e+00 1.003484630281217038e+00
4.277414900000000131e+00 1.003468745501228554e+00
4.283649200000000157e+00 1.003452640932111839e+00
4.289842700000000342e+00 1.003436301399654562e+00
4.296036299999999919e+00 1.003419414691131273e+00
4.302229800000000104e+00 1.003401800884010875e+00
4.308423399999999681e+00 1.003383313563935841e+00
4.314616899999999866e+00 1.003363848445361750e+00
4.320810400000000051e+00 1.003343345815588261e+00
4.327044700000000077e+00 1.003321648819688328e+00
4.333238299999999654e+00 1.003299078360645913e+00
4.339431799999999839e+00 1.003275580572114745e+00
4.345625400000000305e+00 1.003251281713668508e+00
4.351818899999999601e+00 1.003226347137272878e+00
4.358012399999999786e+00 1.003200971444370371e+00
4.364246699999999812e+00 1.003175202697853319e+00
4.370440300000000278e+00 1.003149608476897603e+00
4.376633799999999574e+00 1.003124253279159328e+00
4.382827400000000040e+00 1.003099360212513558e+00
4.389020900000000225e+00 1.003075136135836543e+00
4.395214400000000410e+00 1.003051759613657890e+00
4.401448700000000436e+00 1.003029230589416398e+00
4.407642300000000013e+00 1.003007946359718350e+00
4.413835800000000198e+00 1.002987812762401010e+00
4.420029399999999775e+00 1.002968836762933913e+00
4.426222899999999960e+00 1.002950978175230157e+00
4.432416400000000145e+00 1.002934149723151869e+00
4.438650700000000171e+00 1.002918120419317383e+00
4.444844299999999748e+00 1.002902934701359383e+00
4.451037799999999933e+00 1.002888293560559863e+00
4.457231400000000399e+00 1.002873986338045809e+00
4.463424899999999695e+00 1.002859794669848315e+00
4.469618399999999880e+00 1.002845500791825772e+00
4.475852699999999906e+00 1.002830800466540273e+00
4.482046300000000372e+00 1.002815698185164806e+00
4.488239799999999669e+00 1.002799940608173790e+00
4.494433299999999853e+00 1.002783402720280215e+00
4.500626900000000319e+00 1.002765998244480539e+00
4.506820399999999616e+00 1.002747683437391624e+00
4.513054699999999642e+00 1.002728326809065873e+00
4.519248300000000107e+00 1.002708222003694249e+00
4.525441800000000292e+00 1.002687325731859813e+00
4.531635299999999589e+00 1.002665752399356291e+00
4.537828900000000054e+00 1.002643645662286698e+00
4.544022400000000239e+00 1.002621172711158470e+00
4.550256700000000265e+00 1.002598364967665745e+00
4.556450299999999842e+00 1.002575709404167847e+00
4.562643800000000027e+00 1.002553243776791003e+00
4.568837300000000212e+00 1.002531143506980804e+00
4.575030899999999789e+00 1.002509566328473545e+00
4.581224399999999974e+00 1.002488646608899137e+00
4.587458700000000000e+00 1.002468357686623124e+00
4.593652299999999578e+00 1.002449035005113176e+00
4.599845799999999763e+00 1.002430577286948621e+00
4.606039299999999947e+00 1.002412980915976526e+00
4.612232900000000413e+00 1.002396206733908279e+00
4.618426399999999710e+00 1.002380183628786448e+00
4.624660699999999736e+00 1.002364711851801982e+00
4.630854300000000201e+00 1.002349869917545711e+00
4.637047800000000386e+00 1.002335415433851962e+00
4.643241299999999683e+00 1.002321199091346537e+00
4.649434900000000148e+00 1.002307069287115437e+00
4.655628400000000333e+00 1.002292879772602952e+00
4.661862700000000359e+00 1.002278399074816528e+00
4.668056299999999936e+00 1.002263697159763600e+00
4.674249800000000121e+00 1.002248583389580450e+00
4.680443300000000306e+00 1.002232985323978198e+00
4.686636899999999883e+00 1.002216857551275986e+00
4.692830400000000068e+00 1.002200183301218184e+00
4.699064700000000094e+00 1.002182857276649353e+00
4.705258299999999672e+00 1.002165141888688549e+00
4.711451799999999857e+00 1.002146984608587532e+00
4.717645300000000042e+00 1.002128462674716447e+00
4.723838899999999619e+00 1.002109667805134219e+00
4.730032399999999804e+00 1.002090702186925197e+00
4.736266699999999830e+00 1.002071546131908519e+00
4.742460300000000295e+00 1.002052555819258339e+00
4.748653799999999592e+00 1.002033706079015651e+00
4.754847299999999777e+00 1.002015086024935275e+00
4.761040900000000242e+00 1.001996771034626255e+00
4.767234400000000427e+00 1.001978820788547386e+00
4.773428000000000004e+00 1.001961275349002145e+00
4.779662300000000030e+00 1.001944045293234886e+00
4.785855800000000215e+00 1.001927358055850537e+00
4.792049300000000400e+00 1.001911083646488621e+00
4.798242899999999977e+00 1.001895190089659327e+00
4.804436400000000162e+00 1.001879633006093950e+00
4.810629999999999740e+00 1.001864357096974967e+00
4.816864299999999766e+00 1.001849203156895296e+00
4.823057799999999951e+00 1.001834305202755404e+00
4.829251300000000136e+00 1.001819500653068351e+00
4.835444899999999713e+00 1.001804730782006381e+00
4.841638399999999898e+00 1.001789944651515496e+00
4.847832000000000363e+00 1.001775099645745959e+00
4.854066300000000389e+00 1.001760066160798823e+00
4.860259799999999686e+00 1.001745020860095536e+00
4.866453299999999871e+00 1.001729857529727097e+00
4.872646900000000336e+00 1.001714578645789944e+00
4.878840399999999633e+00 1.001699196981864937e+00
4.885034000000000098e+00 1.001683732040970609e+00
4.891268300000000124e+00 1.001668107442076794e+00
4.897461800000000309e+00 1.001652556166810148e+00
4.903655299999999606e+00 1.001637005233615207e+00
4.909848900000000071e+00 1.001621481648255818e+00
4.916042400000000256e+00 1.001606009168573674e+00
4.922235999999999834e+00 1.001590604801532169e+00
4.928470199999999579e+00 1.001575179112333069e+00
4.934663800000000045e+00 1.001559935835786730e+00
4.940857300000000230e+00 1.001544769524354672e+00
4.947050899999999807e+00 1.001529667527620626e+00
4.953244399999999992e+00 1.001514612094062118e+00
4.959437999999999569e+00 1.001499580022943592e+00
4.965672200000000203e+00 1.001484447740672801e+00
4.971865799999999780e+00 1.001469386738659928e+00
4.978059299999999965e+00 1.001454275357014367e+00
4.984252900000000430e+00 1.001439094054780377e+00
4.990446399999999727e+00 1.001423830651947844e+00
4.996640000000000192e+00 1.001408480056538597e+00
5.002874199999999938e+00 1.001392945787701327e+00
5.009067800000000403e+00 1.001377444893603252e+00
5.015261299999999700e+00 1.001361901306579538e+00
5.021454900000000166e+00 1.001346348370986128e+00
5.027648400000000350e+00 1.001330828382628324e+00
5.033841999999999928e+00 1.001315388676560003e+00
5.040076199999999673e+00 1.001299981174291087e+00
5.046269800000000139e+00 1.001284859126728710e+00
5.052463300000000324e+00 1.001269971985971452e+00
5.058656899999999901e+00 1.001255363967962220e+00
5.064850400000000086e+00 1.001241071895031531e+00
5.071043999999999663e+00 1.001227120610269417e+00
5.077278200000000297e+00 1.001213434400906044e+00
5.083471799999999874e+00 1.001200188596654383e+00
5.089665300000000059e+00 1.001187274383557035e+00
5.095858899999999636e+00 1.001174656823635933e+00
5.102052399999999821e+00 1.001162286838788829e+00
5.108246000000000286e+00 1.001150101256994107e+00
5.114480200000000032e+00 1.001137947727698041e+00
5.120673799999999609e+00 1.001125902826575320e+00
5.126867299999999794e+00 1.001113802056836644e+00
5.133060900000000260e+00 1.001101559827539456e+00
5.139254399999999556e+00 1.001089095579519750e+00
5.145448000000000022e+00 1.001076336314315141e+00
5.151682199999999767e+00 1.001063134591681836e+00
5.157875800000000233e+00 1.001049617366122302e+00
5.164069300000000418e+00 1.001035673746606181e+00
5.170262899999999995e+00 1.001021297186227121e+00
5.176456400000000180e+00 1.001006503361548727e+00
5.182649999999999757e+00 1.000991328384604584e+00
5.188884200000000391e+00 1.000975727016595984e+00
5.195077799999999968e+00 1.000959978489104563e+00
5.201271300000000153e+00 1.000944073761791620e+00
5.207464899999999730e+00 1.000928115596614321e+00
5.213658399999999915e+00 1.000912215362421698e+00
5.219851900000000100e+00 1.000896486345497882e+00
5.226045499999999677e+00 1.000881039348846091e+00
5.232279799999999703e+00 1.000865880453868151e+00
5.238473299999999888e+00 1.000851298784284582e+00
5.244666900000000354e+00 1.000837266533029402e+00
5.250860399999999650e+00 1.000823835840802367e+00
5.257053899999999835e+00 1.000811033877300638e+00
5.263247500000000301e+00 1.000798861695134656e+00
5.269481800000000327e+00 1.000787219832486974e+00
5.275675299999999623e+00 1.000776208390325328e+00
5.281868900000000089e+00 1.000765672978761955e+00
5.288062400000000274e+00 1.000755516775542198e+00
5.294255899999999571e+00 1.000745625558558505e+00
5.300449500000000036e+00 1.000735873271076493e+00
5.306683800000000062e+00 1.000726063641477426e+00
5.312877300000000247e+00 1.000716191820155254e+00
5.319070899999999824e+00 1.000706066984340614e+00
5.325264400000000009e+00 1.000695574386562647e+00
5.331457900000000194e+00 1.000684615525776477e+00
5.337651499999999771e+00 1.000673113077606313e+00
5.343885799999999797e+00 1.000660933273798125e+00
5.350079299999999982e+00 1.000648210096246604e+00
5.356272899999999559e+00 1.000634869042287489e+00
5.362466399999999744e+00 1.000620942436182270e+00
5.368659899999999929e+00 1.000606489223131224e+00
5.374853500000000395e+00 1.000591593185540029e+00
5.381087800000000421e+00 1.000576259015436786e+00
5.387281299999999717e+00 1.000560810252632438e+00
5.393474900000000183e+00 1.000545281395512909e+00
5.399668400000000368e+00 1.000529812923122597e+00
5.405861899999999665e+00 1.000514544261640104e+00
5.412055500000000130e+00 1.000499608322229061e+00
5.418289800000000156e+00 1.000485032529986995e+00
5.424483300000000341e+00 1.000471110436996103e+00
5.430676899999999918e+00 1.000457824346668856e+00
5.436870400000000103e+00 1.000445227606269638e+00
5.443063900000000288e+00 1.000433343789314922e+00
5.449257499999999865e+00 1.000422166232838084e+00
5.455491799999999891e+00 1.000411591678686207e+00
5.461685300000000076e+00 1.000401693114891577e+00
5.467878899999999653e+00 1.000392308844919809e+00
5.474072399999999838e+00 1.000383327990731930e+00
5.480265900000000023e+00 1.000374623432298549e+00
5.486459499999999601e+00 1.000366058170577777e+00
5.492693799999999626e+00 1.000357435255633920e+00
5.498887299999999811e+00 1.000348728927028752e+00
5.505080900000000277e+00 1.000339753941978937e+00
5.511274399999999574e+00 1.000330396265772359e+00
5.517467899999999759e+00 1.000320560787913760e+00
5.523661500000000224e+00 1.000310175628720488e+00
5.529895800000000250e+00 1.000299121128502611e+00
5.536089300000000435e+00 1.000287523878338192e+00
5.542282900000000012e+00 1.000275323687048079e+00
5.548476400000000197e+00 1.000262558604162688e+00
5.554669900000000382e+00 1.000249291421643205e+00
5.560863499999999959e+00 1.000235607207775601e+00
5.567097799999999985e+00 1.000221517073696553e+00
5.573291300000000170e+00 1.000207323234565626e+00
5.579484899999999747e+00 1.000193059943861540e+00
5.585678399999999932e+00 1.000178856247059933e+00
5.591871900000000117e+00 1.000164837605501678e+00
5.598065499999999695e+00 1.000151121066076954e+00
5.604299799999999721e+00 1.000137724645010273e+00
5.610493299999999905e+00 1.000124909520734517e+00
5.616686900000000371e+00 1.000112650201859132e+00
5.622880399999999668e+00 1.000100986598596808e+00
5.629073899999999853e+00 1.000089932282664185e+00
5.635267500000000318e+00 1.000079474916295119e+00
5.641501800000000344e+00 1.000069514272652338e+00
5.647695299999999641e+00 1.000060120308860157e+00
5.653888799999999826e+00 1.000051146561034443e+00
5.660082400000000291e+00 1.000042497978768319e+00
5.666275899999999588e+00 1.000034069203213027e+00
5.672469500000000053e+00 1.000025748674705728e+00
5.678703800000000079e+00 1.000017369834284020e+00
5.684897300000000264e+00 1.000008934505057345e+00
5.691090799999999561e+00 1.000000290171778605e+00
5.697284400000000026e+00 9.999913522406507216e-01
5.703477900000000211e+00 9.999820532482304181e-01
