4.173085900000000209e-02 1.357941431207394800e-01
4.372891599999999962e-02 1.394813713310114611e-01
4.582263899999999834e-02 1.436429932278923682e-01
4.801661100000000071e-02 1.483482969567257448e-01
5.031562600000000218e-02 1.536775752738805123e-01
5.272471799999999681e-02 1.597237778398967190e-01
5.524915700000000013e-02 1.665941365678335062e-01
5.789446300000000017e-02 1.744117221004695406e-01
6.066642800000000141e-02 1.833166592064278400e-01
6.357111299999999854e-02 1.934664594035202523e-01
6.661487300000000500e-02 2.050349441824197427e-01
6.980436700000000605e-02 2.182086251850998415e-01
7.314657400000000587e-02 2.331792417829936792e-01
7.664880200000000199e-02 2.501307812898876382e-01
8.031871599999999833e-02 2.692196399129770379e-01
8.416434700000000046e-02 2.905474796300858698e-01
8.819410199999999644e-02 3.141297481628780308e-01
9.241680200000000622e-02 3.398690886247429099e-01
9.684167999999999943e-02 3.675515204712000994e-01
1.014784199999999997e-01 3.968935153191569531e-01
1.063371699999999948e-01 4.276686687314887325e-01
1.114285500000000012e-01 4.599243659242195359e-01
1.167637100000000067e-01 4.942522759807589927e-01
1.223543099999999939e-01 5.320128221914992572e-01
1.282125799999999927e-01 5.753739965101367648e-01
1.343513500000000083e-01 6.270347325726972620e-01
1.407840399999999992e-01 6.895520043401438537e-01
1.475247299999999928e-01 7.642364158258031503e-01
1.545881500000000075e-01 8.496862779800132826e-01
1.619897700000000051e-01 9.404444572501363675e-01
1.697457800000000128e-01 1.026996665457818425e+00
1.778731400000000129e-01 1.098424448992560531e+00
1.863896399999999953e-01 1.147064203122613923e+00
1.953139000000000125e-01 1.171872737752712501e+00
2.046654499999999988e-01 1.177876513583736573e+00
2.144647500000000095e-01 1.172768706745722866e+00
2.247332400000000008e-01 1.163432197361258247e+00
2.354933800000000022e-01 1.153858581196143707e+00
2.467687100000000022e-01 1.144761080370672701e+00
2.585838999999999777e-01 1.135052491305635458e+00
2.709647900000000109e-01 1.124327606357750531e+00
2.839384799999999931e-01 1.113861005148056416e+00
2.975333499999999742e-01 1.104959320893859953e+00
3.117791200000000207e-01 1.097290153166219362e+00
3.267069899999999749e-01 1.089878482647506308e+00
3.423495899999999814e-01 1.082675977757255437e+00
3.587411500000000086e-01 1.076125833930067222e+00
3.759175399999999945e-01 1.070250292013221971e+00
3.939163199999999865e-01 1.064753101231901145e+00
4.127768700000000179e-01 1.059512852749882494e+00
4.325404700000000102e-01 1.054670565103630109e+00
4.532503299999999791e-01 1.050275659158969921e+00
4.749517999999999796e-01 1.046119688618806887e+00
4.976922899999999816e-01 1.042243853497934358e+00
5.215216200000000191e-01 1.038744906874125462e+00
5.464918600000000515e-01 1.035431429599517061e+00
5.726576599999999573e-01 1.032401758332242458e+00
6.000763099999999461e-01 1.029628983918304153e+00
6.288076999999999694e-01 1.027041702621982022e+00
6.589147899999999725e-01 1.024692287066883090e+00
6.904633500000000312e-01 1.022513709379859081e+00
7.235224799999999679e-01 1.020527996462798015e+00
7.581644699999999792e-01 1.018693500754003889e+00
7.944650599999999452e-01 1.017022199000156002e+00
8.325037600000000371e-01 1.015480727582404930e+00
8.723636799999999747e-01 1.014077881903379330e+00
9.141321100000000532e-01 1.012787018808007478e+00
9.579004100000000355e-01 1.011607877735545058e+00
1.003764300000000054e+00 1.010530136018320091e+00
1.051824099999999929e+00 1.009542578402361279e+00
1.102185100000000029e+00 1.008641025992067508e+00
1.154957299999999965e+00 1.007817624299715664e+00
1.210256199999999893e+00 1.007064008829530621e+00
1.268202800000000074e+00 1.006375705612150728e+00
1.328923800000000099e+00 1.005748097025972232e+00
1.392552100000000070e+00 1.005174407232362288e+00
1.459227000000000052e+00 1.004649176515152842e+00
1.529094200000000070e+00 1.004176756227476819e+00
1.602306699999999973e+00 1.003732947437912193e+00
1.679024400000000083e+00 1.003343056441082126e+00
1.759415500000000021e+00 1.002969868976288481e+00
1.843655599999999950e+00 1.002645716472004622e+00
1.931929100000000066e+00 1.002346458134859120e+00
2.024429099999999870e+00 1.002064876708572250e+00
2.121357999999999855e+00 1.001813179014413802e+00
2.222927799999999898e+00 1.001589254676211294e+00
2.329360700000000062e+00 1.001368024968957826e+00
2.440889499999999934e+00 1.001198130958282029e+00
2.557758399999999988e+00 1.000997415095858045e+00
2.680222899999999964e+00 1.000847322957278296e+00
2.808550900000000183e+00 1.000750110362890188e+00
2.943023199999999839e+00 1.000508799839883833e+00
3.083934000000000175e+00 1.000495868001578748e+00
3.231591499999999950e+00 1.000345597030167566e+00
3.386318900000000021e+00 1.000203317384765089e+00
3.548454500000000067e+00 1.000195500850676877e+00
3.718353099999999856e+00 1.000047441070400778e+00
3.896386399999999917e+00 9.999822995608834697e-01
4.082943799999999790e+00 9.999558261539457371e-01
4.278433599999999615e+00 9.998189323640932491e-01
