5.986972826788450330e-02 -8.632318485657559243e-03 -6.822030902456337198e-02 0.000000000000000000e+00 0.000000000000000000e+00 3.066518292160817782e-02 7.729148684116003698e-02 0.000000000000000000e+00 0.000000000000000000e+00
6.987933799356604858e-02 -8.083259181502950447e-03 -6.378069259367352695e-02 0.000000000000000000e+00 0.000000000000000000e+00 3.039255089032521021e-02 9.021383743102683039e-02 0.000000000000000000e+00 0.000000000000000000e+00
8.127480133808655249e-02 -7.458181347117105384e-03 -5.872640100241693917e-02 0.000000000000000000e+00 0.000000000000000000e+00 3.008366088215676942e-02 1.049253173495751645e-01 0.000000000000000000e+00 0.000000000000000000e+00
9.506446737350382481e-02 -6.701773792586139360e-03 -5.261019573654542036e-02 2.374675215786212305e-05 2.040363208083057519e-04 2.971198866206410660e-02 1.227276996512195462e-01 8.368341904741502524e-02 4.297584588578851880e-05
1.107717901506947156e-01 -5.840176603642614067e-03 -4.564344185958872646e-02 2.210346381611315487e-04 1.899168949159260860e-03 2.929147862659992746e-02 1.430057661610744657e-01 4.923372190300896456e-01 4.000189365638711931e-04
1.285964107218982855e-01 -4.862438848393851008e-03 -3.773759167745553006e-02 4.449163003195208865e-04 3.822800035194831754e-03 2.881799852960965913e-02 1.660172523693203284e-01 6.334052081694223624e-01 8.051902941293985786e-04
1.487497796669686179e-01 -3.756961846648743369e-03 -2.879885990064175866e-02 6.980475857541817378e-04 5.997749090047604925e-03 2.828747194615749069e-02 1.920351398007306976e-01 6.421047610867792743e-01 1.263296355934984952e-03
1.714548486595780519e-01 -2.511516156607374300e-03 -1.872836100626895997e-02 9.832287559140954775e-04 8.448076458456653393e-03 2.769597718287087479e-02 2.213472578283529335e-01 5.906022700755374499e-01 1.779404914143168336e-03
1.969456473285476072e-01 -1.113264951586126397e-03 -7.422298283063510915e-03 1.303399108861680311e-03 1.119903711248838862e-02 2.703986846781872982e-02 2.542557374038347251e-01 5.165687298731954646e-01 2.358835383371288372e-03
2.254667447502816113e-01 4.512060486036484526e-04 5.227794092305464504e-03 2.094663451921126036e-03 1.777825759968714933e-02 2.631592337078507773e-02 2.910763158471463830e-01 6.763301961214576163e-01 3.784072635374590918e-03
2.572725964236561857e-01 2.195851859140595871e-03 1.933475403175975368e-02 3.360876355186440644e-03 2.823160611524789740e-02 2.552152111858607339e-02 3.321374937947874084e-01 8.671094891354415024e-01 6.052793807996952220e-03
2.926267790990940698e-01 4.135124267496048320e-03 3.501543579874866891e-02 4.768341951528884057e-03 3.985108010546492552e-02 2.465485714542115653e-02 3.777795473683693284e-01 9.003999646513221045e-01 8.574602663631799432e-03
3.005373612100958325e-01 4.569038380307612751e-03 3.852400343617397999e-02 5.083263347679800072e-03 4.245094530552917522e-02 2.446336682571827181e-02 3.879920649599413740e-01 8.954178937388598269e-01 9.138859113435832821e-03
3.086617901519569940e-01 5.014681332292107892e-03 4.212740863799715324e-02 5.406696991181124921e-03 4.512108417304743629e-02 2.426762747949796212e-02 3.984806576230326414e-01 8.874803515281888266e-01 9.718367267675479329e-03
3.170058468478038072e-01 5.472369953613050869e-03 4.582821321346766674e-02 5.738872788107811547e-03 4.786339471083328467e-02 2.406758096449202258e-02 4.092527884973076735e-01 8.769880484389509512e-01 1.031353905597391478e-02
3.255754684965047607e-01 5.942429592961049126e-03 4.962904784497270544e-02 6.080026819589364785e-03 5.067982589862330550e-02 2.386317120005575221e-02 4.203161224735468271e-01 8.643018673958680065e-01 1.092479747170722881e-02
3.343767527972738574e-01 6.425194338894165726e-03 5.353261387661420456e-02 6.430401501129674735e-03 5.357237900802671454e-02 2.365434446656149159e-02 4.316785316475852952e-01 8.497463946821179892e-01 1.155257685740506551e-02
3.434159622884779273e-01 6.921007245474334289e-03 5.754168513732949020e-02 6.921007245474334289e-03 5.754168513732949020e-02 2.344104972959650326e-02 4.433481009216897473e-01 8.670515199408498352e-01 1.242627633461956468e-02
3.526995288037343967e-01 7.430220562005477279e-03 6.165910979695441579e-02 7.430220562005477279e-03 6.165910979695441579e-02 2.322323899074348399e-02 4.553331337573554571e-01 8.799939430635442816e-01 1.333295313150205906e-02
3.622340580484717520e-01 7.953195966621149152e-03 6.588781225315606949e-02 7.953195966621149152e-03 6.588781225315606949e-02 2.300086766681273820e-02 4.676421580836205849e-01 8.878042377567323395e-01 1.426413389131324719e-02
3.720263343002069845e-01 8.490304803395571157e-03 7.023079504655869998e-02 8.490304803395571157e-03 7.023079504655869998e-02 2.277389499954600438e-02 4.802839323650982539e-01 8.910919485537114326e-01 1.522047979950230494e-02
3.820833252358869503e-01 9.041928322574178598e-03 7.469114080075436868e-02 9.041928322574178598e-03 7.469114080075436868e-02 2.254228449767822079e-02 4.932674518340474101e-01 8.904085768183958027e-01 1.620266967823780213e-02
3.924121868897260668e-01 9.608457923416106536e-03 7.927201418304448410e-02 9.608457923416106536e-03 7.927201418304448410e-02 2.230600441396706282e-02 5.066019548909138637e-01 8.862526241836752305e-01 1.721140041851612276e-02
4.030202687450705201e-01 1.019029539903198306e-02 8.397666388087159095e-02 1.019029539903198306e-02 8.397666388087159095e-02 2.206502825920599736e-02 5.202969296778985342e-01 8.790742179781469989e-01 1.824738741577738854e-02
4.139151189639094786e-01 1.078785318246489912e-02 8.880842458779815429e-02 1.078785318246489912e-02 8.880842458779815429e-02 2.181933535584665296e-02 5.343621208302277159e-01 8.692793523521400445e-01 1.931136500768323300e-02
4.251044897577571091e-01 1.140155459310725032e-02 9.377071899162760238e-02 1.140155459310725032e-02 9.377071899162760238e-02 2.156891143395280735e-02 5.488075364099315179e-01 8.572337761401414014e-01 2.040408691243338068e-02
4.365963429037246213e-01 1.203183408236709225e-02 9.886705975580720174e-02 1.203183408236709225e-02 9.886705975580720174e-02 2.131374927196183836e-02 5.636434550270627009e-01 8.432665560329767329e-01 2.152632666567870154e-02
4.483988554097091961e-01 1.267913747728644826e-02 1.041010514835382789e-01 1.267913747728644826e-02 1.041010514835382789e-01 2.105384938554956398e-02 5.788804331534237457e-01 8.276733413624735025e-01 2.267887805371107679e-02
4.605204253327289665e-01 1.334392222057363860e-02 1.094763926520638392e-01 1.334392222057363860e-02 1.094763926520638392e-01 2.078922076724664531e-02 5.945293126340051026e-01 8.107193547096639419e-01 2.386255554018144182e-02
4.729696777545464581e-01 1.402665760522923098e-02 1.149968775023150064e-01 1.402665760522923098e-02 1.149968775023150064e-01 2.051988168040797672e-02 6.106012284014823432e-01 7.926421306197291017e-01 2.507819468309334388e-02
4.857554709188296460e-01 1.472782500162351897e-02 1.206663978664834908e-01 1.472782500162351897e-02 1.206663978664834908e-01 2.024586051050274171e-02 6.271076163992561625e-01 7.736540229314061712e-01 2.632665253824533619e-02
4.988869025342203556e-01 1.544791807451037502e-02 1.264889449130632282e-01 1.544791807451037502e-02 1.264889449130632282e-01 1.996719667748842603e-02 6.440602217186793821e-01 7.539444995923676451e-01 2.760880804462979496e-02
5.123733162477919212e-01 1.618744298703223700e-02 1.324686107854149975e-01 1.618744298703223700e-02 1.324686107854149975e-01 1.968394161253434610e-02 6.614711069562547729e-01 7.336822423250702885e-01 2.892556238652874492e-02
5.262243082935059713e-01 1.694691858827951023e-02 1.386095901059244406e-01 1.694691858827951023e-02 1.386095901059244406e-01 1.939615980306946819e-02 6.793526607967553810e-01 7.130170671192286314e-01 3.027783932617039014e-02
5.404497343203947812e-01 1.772687658040218023e-02 1.449161813132390231e-01 1.772687658040218023e-02 1.449161813132390231e-01 1.910392990947923364e-02 6.977176068283706956e-01 6.920816802484102137e-01 3.166658549980167631e-02
5.550597164053319155e-01 1.852786166062359713e-02 1.513927877948202383e-01 1.852786166062359713e-02 1.513927877948202383e-01 1.880734595739178699e-02 7.165790125961540857e-01 6.709932833304105282e-01 3.309277066887679475e-02
5.700646502553773365e-01 1.935043163276083458e-02 1.580439187710055982e-01 1.935043163276083458e-02 1.580439187710055982e-01 1.850651860875730803e-02 7.359502989002106865e-01 6.498550398662243932e-01 3.455738791673202553e-02
5.854752126048252681e-01 2.019515748201139785e-02 1.648741898799349626e-01 2.019515748201139785e-02 1.648741898799349626e-01 1.820157651517186753e-02 7.558452493452449961e-01 6.287574146935924757e-01 3.606145377961145204e-02
6.013023688122151045e-01 2.106262340579017830e-02 1.718883234047863529e-01 2.106262340579017830e-02 1.718883234047863529e-01 1.789266775611561555e-02 7.762780201482597509e-01 6.077793968710827333e-01 3.760600829916785348e-02
6.175573806627134843e-01 2.195342679229229932e-02 1.790911480757952923e-01 2.195342679229229932e-02 1.790911480757952923e-01 1.757996136434916354e-02 7.972631502113878277e-01 5.869896156614868854e-01 3.919211498158749196e-02
6.342518143814173115e-01 2.286817813719048409e-02 1.864875983692689254e-01 2.286817813719048409e-02 1.864875983692689254e-01 1.726364893951912172e-02 8.188155714670223295e-01 5.664473585034266456e-01 4.082086064622862664e-02
6.513975488632811617e-01 2.380750088743226189e-02 1.940827132141179356e-01 2.380750088743226189e-02 1.940827132141179356e-01 1.694394635006703231e-02 8.409506195026066333e-01 5.462034991419324470e-01 4.249335514409073589e-02
6.690067841255240566e-01 2.477203119945158363e-02 2.018816340030658574e-01 2.477203119945158363e-02 2.018816340030658574e-01 1.662109552137980978e-02 8.636840444726450183e-01 5.263013434275107816e-01 4.421073092348885847e-02
6.870920499885300181e-01 2.576241759724355596e-02 2.098896017905886868e-01 2.576241759724355596e-02 2.098896017905886868e-01 1.629536630598379249e-02 8.870320223056968878e-01 5.067773996848408125e-01 4.597414241698193765e-02
7.056662149914201265e-01 2.677932051362391652e-02 2.181119535424201894e-01 2.677932051362391652e-02 2.181119535424201894e-01 1.596705842850771467e-02 9.110111662143308697e-01 4.876620799920379223e-01 4.778476521981271652e-02
7.247424955486385656e-01 2.782341169559407121e-02 2.265541172820295102e-01 2.782341169559407121e-02 2.265541172820295102e-01 1.563650349406230794e-02 9.356385385162266921e-01 4.689803381960617190e-01 4.964379502583871756e-02
7.443344653540692191e-01 2.889537345202003796e-02 2.352216059575281126e-01 2.889537345202003796e-02 2.352216059575281126e-01 1.530406704383033105e-02 9.609316627748372142e-01 4.507522500156316281e-01 5.155244628209999791e-02
7.644560650393737999e-01 2.999589771879696692e-02 2.441200098279016073e-01 2.999589771879696692e-02 2.441200098279016073e-01 1.497015063518002294e-02 9.869085362682494811e-01 4.329935401469531264e-01 5.351195051775941430e-02
7.851216120934234599e-01 3.112568491327649678e-02 2.532549871400103236e-01 3.112568491327649678e-02 2.532549871400103236e-01 1.463519391610136958e-02 1.013587642795116261e+00 4.157160608865716478e-01 5.552355429710392060e-02
8.063458110498831211e-01 3.228544254597547764e-02 2.626322528374213094e-01 3.228544254597547764e-02 2.626322528374213094e-01 1.429967665379491826e-02 1.040987965826770001e+00 3.989282264171426506e-01 5.758851673960081741e-02
8.281437639501966208e-01 3.347588355345659794e-02 2.722575650087767363e-01 3.347588355345659794e-02 2.722575650087767363e-01 1.396412066596768205e-02 1.069129002014879148e+00 3.826354065634435808e-01 5.970810654265166356e-02
8.505309810894171596e-01 3.469772431178420186e-02 2.821367087471682855e-01 3.469772431178420186e-02 2.821367087471682855e-01 1.362909158876651067e-02 1.098030775064255948e+00 3.668402835151650665e-01 6.188359843469711657e-02
8.735233920525312667e-01 3.595168228513614950e-02 2.922754770530595625e-01 3.595168228513614950e-02 2.922754770530595625e-01 1.329520039868863079e-02 1.127713849980688687e+00 3.515431747278254804e-01 6.411626897774236333e-02
8.971373570491264493e-01 3.723847325904845740e-02 3.026796483721277964e-01 3.723847325904845740e-02 3.026796483721277964e-01 1.296310458548654079e-02 1.158199347703934512e+00 3.367423249515640316e-01 6.640739162928829820e-02
9.213896785544697376e-01 3.855880810245193580e-02 3.133549603165312059e-01 3.855880810245193580e-02 3.133549603165312059e-01 1.263350884959114212e-02 1.189508960136288707e+00 3.224341700976707248e-01 6.875823096419450553e-02
9.462976132652790584e-01 3.991338899722021716e-02 3.243070790742907938e-01 3.991338899722021716e-02 3.243070790742907938e-01 1.230716517069772344e-02 1.221664965577417439e+00 3.086135754326308489e-01 7.117003594732315697e-02
9.718788843786967391e-01 4.130290506850804733e-02 3.355415639676905259e-01 4.130290506850804733e-02 3.355415639676905259e-01 1.198487206364729635e-02 1.254690244576445401e+00 2.952740503874684563e-01 7.364403213814002536e-02
9.981516942031968265e-01 4.272802734384154727e-02 3.470638265788439369e-01 4.272802734384154727e-02 3.470638265788439369e-01 1.166747280530006613e-02 1.288608296212566451e+00 2.824079420844687882e-01 7.618141269899730839e-02
1.025134737110408478e+00 4.418940296387182526e-02 3.588790838200177080e-01 4.418940296387182526e-02 3.588790838200177080e-01 1.135585238248838086e-02 1.323443254815776848e+00 2.700066095122257703e-01 7.878332806984968129e-02
1.052847212837060953e+00 4.568764856304406013e-02 3.709923042889265998e-01 4.568764856304406013e-02 3.709923042889265998e-01 1.105093287983450502e-02 1.359219907139610939e+00 2.580605801217529249e-01 8.145087416388049895e-02
1.081308840146524286e+00 4.722334273429375923e-02 3.834081472160657533e-01 4.722334273429375923e-02 3.834081472160657533e-01 1.075366700172254025e-02 1.395963709998115476e+00 2.465596904695436242e-01 8.418507893116711216e-02
1.110539870859658551e+00 4.879701748833635555e-02 3.961308932828330742e-01 4.879701748833635555e-02 3.961308932828330742e-01 1.046502941153826423e-02 1.433700808379597680e+00 2.354932123965426394e-01 8.698688713122776361e-02
1.140561104264964154e+00 5.040914861523664026e-02 4.091643665662910156e-01 5.040914861523664026e-02 4.091643665662910156e-01 1.018600558242947415e-02 1.472458054050049148e+00 2.248499661038596553e-01 8.985714315019588394e-02
1.171393901918276637e+00 5.206014485376156409e-02 4.225118468492023993e-01 5.206014485376156409e-02 4.225118468492023993e-01 9.917577898324909588e-03 1.512263024659469934e+00 2.146184213658513529e-01 9.279657169451678567e-02
1.203060202842545223e+00 5.375033577258316736e-02 4.361759715228483714e-01 5.375033577258316736e-02 4.361759715228483714e-01 9.660708833500005616e-03 1.553144043364698135e+00 2.047867880084394132e-01 9.580575619054643166e-02
1.235582539138505576e+00 5.547995826678978060e-02 4.501586263058178217e-01 5.547995826678978060e-02 4.501586263058178217e-01 9.416321185085159071e-03 1.595130198982702030e+00 1.953430966751712461e-01 9.888511471840395750e-02
1.268984052017357422e+00 5.724914157359074773e-02 4.644608240061384175e-01 5.724914157359074773e-02 4.644608240061384175e-01 9.185275542745964181e-03 1.638251366688677102e+00 1.862752708058697249e-01 1.020348733092592691e-01
1.303288508266850831e+00 5.905789071292225079e-02 4.790825705697407955e-01 5.905789071292225079e-02 4.790825705697407955e-01 8.968345452944377280e-03 1.682538229273673469e+00 1.775711906633229420e-01 1.052550364385692189e-01
1.338520317162505080e+00 6.090606826247363381e-02 4.940227176901264006e-01 6.090606826247363381e-02 4.940227176901264006e-01 8.766191058909512251e-03 1.728022298976883864e+00 1.692187501629181523e-01 1.085453545546691684e-01
1.374704547835981838e+00 6.279337438327531329e-02 5.092788013088423993e-01 6.279337438327531329e-02 5.092788013088423993e-01 8.579332343514625009e-03 1.774735939908118176e+00 1.612059071888131134e-01 1.119052884940405640e-01
1.411866947112986104e+00 6.471932502241944940e-02 5.248468654219802243e-01 6.471932502241944940e-02 5.248468654219802243e-01 8.408123425911448456e-03 1.822712391076434235e+00 1.535207280179347322e-01 1.153339706532826858e-01
1.450033957833370524e+00 6.668322823479513883e-02 5.407212707329385193e-01 6.668322823479513883e-02 5.407212707329385193e-01 8.252729607523264649e-03 1.871985790041290620e+00 1.461514264189451850e-01 1.188301628152169248e-01
1.489232737666495554e+00 6.868415858682541675e-02 5.568944878634303208e-01 6.868415858682541675e-02 5.568944878634303208e-01 8.113108968696939455e-03 1.922591197203072033e+00 1.390863979454739219e-01 1.223922105642639979e-01
1.529491178435217646e+00 7.072092963271685295e-02 5.733568750580484430e-01 7.072092963271685295e-02 5.733568750580484430e-01 7.989000235916497716e-03 1.974564620750251409e+00 1.323142498991149163e-01 1.260179942753600346e-01
1.570837925962270232e+00 7.279206448784816819e-02 5.900964405940226642e-01 7.279206448784816819e-02 5.900964405940226642e-01 7.879918348627820701e-03 2.027943042280957453e+00 1.258238273954078723e-01 1.297048767215197851e-01
1.613302400453144880e+00 7.489576456448031327e-02 6.070985904359169627e-01 7.489576456448031327e-02 6.070985904359169627e-01 7.785158669791155187e-03 2.082764443117159470e+00 1.196042359234627261e-01 1.334496474174568514e-01
1.656914817429990139e+00 7.702987658183042818e-02 6.243458620540196513e-01 7.702987658183042818e-02 6.243458620540196513e-01 7.703810159989924258e-03 2.139067831330218272e+00 1.136448607465176397e-01 1.372484639002008455e-01
1.701706209231411915e+00 7.919185801615452602e-02 6.418176457588806727e-01 7.919185801615452602e-02 6.418176457588806727e-01 7.634777155141149636e-03 2.196893269497004031e+00 1.079353834477952967e-01 1.410967902432210541e-01
1.747708447093477613e+00 8.137874121842901542e-02 6.594898954060453011e-01 8.137874121842901542e-02 6.594898954060453011e-01 7.576808747376727327e-03 2.256281903206355022e+00 1.024657958862575935e-01 1.449893332110397115e-01
1.794954263827641894e+00 8.358709650036311167e-02 6.773348309176039361e-01 8.358709650036311167e-02 6.773348309176039361e-01 7.528534250908281919e-03 2.317275990336150393e+00 9.722641179336080630e-02 1.489199765917845197e-01
1.843477277111716495e+00 8.581299457722244006e-02 6.953206357779817548e-01 8.581299457722244006e-02 6.953206357779817548e-01 7.488502895699946683e-03 2.379918931121824510e+00 9.220787621646234222e-02 1.528817144016252350e-01
1.893312013410475059e+00 8.805196886040184134e-02 7.134111535066225418e-01 8.805196886040184134e-02 7.134111535066225418e-01 7.455225754271556891e-03 2.444255299037734641e+00 8.740117299580013599e-02 1.568665838412416080e-01
1.944493932542892711e+00 9.029897821223559218e-02 7.315655880758046292e-01 9.029897821223559218e-02 7.315655880758046292e-01 7.427217962830001338e-03 2.510330872513330647e+00 8.279763044498895941e-02 1.608655990974168781e-01
1.997059452913523492e+00 9.254837090311668346e-02 7.497382142697575080e-01 9.254837090311668346e-02 7.497382142697575080e-01 7.403039516107798139e-03 2.578192667506723712e+00 7.838892538249858655e-02 1.648686873098966221e-01
2.051045977425947076e+00 9.479385063500916919e-02 7.678781049775749157e-01 9.479385063500916919e-02 7.678781049775749157e-01 7.381333246210099522e-03 2.647888970958802268e+00 7.416708562784848913e-02 1.688646282441382540e-01
2.106491920096742909e+00 9.702844560476106550e-02 7.859288832881556885e-01 9.702844560476106550e-02 7.859288832881556885e-01 7.360858974256691452e-03 2.719469375151723156e+00 7.012449103169532405e-02 1.728409994047860609e-01
2.163436733388913513e+00 9.924448167274249610e-02 8.038285079920404197e-01 9.924448167274249610e-02 8.038285079920404197e-01 7.340523174343660875e-03 2.792984812996212263e+00 6.625387306316238289e-02 1.767841284883132635e-01
2.221920936284217163e+00 1.014335607901883651e-01 8.215091017990049371e-01 1.014335607901883651e-01 8.215091017990049371e-01 7.319403742850416963e-03 2.868487594272787877e+00 6.254831294714416345e-02 1.806790552294582353e-01
2.281986143114376198e+00 1.035865459486080692e-01 8.388968324651951969e-01 1.035865459486080692e-01 8.388968324651951969e-01 7.296769584881387070e-03 2.946031442852691473e+00 5.900123834366625963e-02 1.845095048918135305e-01
2.343675093171683432e+00 1.056935540700445486e-01 8.559118582755786964e-01 1.056935540700445486e-01 8.559118582755786964e-01 7.272094731089968726e-03 3.025671534925015393e+00 5.560641859153200861e-02 1.882578759294762094e-01
2.407031681120068267e+00 1.077439584499311209e-01 8.724683508782347108e-01 1.077439584499311209e-01 8.724683508782347108e-01 7.245066651616454897e-03 3.107464538257222131e+00 5.235795857847426460e-02 1.919052446895889164e-01
2.472100988228271401e+00 1.097264025334486331e-01 8.884746098164623129e-01 1.097264025334486331e-01 8.884746098164623129e-01 7.215588419623754357e-03 3.191468652516997295e+00 4.925029131282031986e-02 1.954313903253538376e-01
2.538929314447335717e+00 1.116288268464410566e-01 9.038332834024174200e-01 1.116288268464410566e-01 9.038332834024174200e-01 7.183774426040584297e-03 3.277743650684115106e+00 4.627816922649635734e-02 1.988148431584729758e-01
2.607564211355263950e+00 1.134385107210588023e-01 9.184417090832623920e-01 1.134385107210588023e-01 9.184417090832623920e-01 7.149939415689024989e-03 3.366350921581804823e+00 4.343665414032921168e-02 2.020329594056012312e-01
2.678054515992251083e+00 1.151421300569275274e-01 9.321923831962642959e-01 1.151421300569275274e-01 9.321923831962642959e-01 7.114580636969966912e-03 3.457353513557850810e+00 4.072110572195651590e-02 2.050620244704966511e-01
2.750450385610602400e+00 1.167258318769370529e-01 9.449735660970185469e-01 1.167258318769370529e-01 9.449735660970185469e-01 7.078352890693095228e-03 3.550816179346543588e+00 3.812716823961231211e-02 2.078773861446342741e-01
2.824803333364031666e+00 1.181753260693204632e-01 9.566700256584246276e-01 1.181753260693204632e-01 9.566700256584246276e-01 7.042036379423471590e-03 3.646805422143364339e+00 3.565075550430878842e-02 2.104536184034311586e-01
2.901166264961760888e+00 1.194759945378758847e-01 9.671639207391076187e-01 1.194759945378758847e-01 9.671639207391076187e-01 7.006497672867781877e-03 3.745389542925224635e+00 3.328803406058790382e-02 2.127647161801336229e-01
2.979593516313479018e+00 1.206130178481912285e-01 9.763358250968250385e-01 1.206130178481912285e-01 9.763358250968250385e-01 6.972644810959804582e-03 3.846638689049900250e+00 3.103540482719173432e-02 2.147843212565859750e-01
3.060140892191968387e+00 1.215715190502113796e-01 9.840658888884288302e-01 1.215715190502113796e-01 9.840658888884288302e-01 6.941378305429594595e-03 3.950624904169266483e+00 2.888948341815764098e-02 2.164859786802219022e-01
3.142865705940889764e+00 1.223367235502805656e-01 9.902351283571980689e-01 1.223367235502805656e-01 9.902351283571980689e-01 6.913540301333061071e-03 4.057422179491827485e+00 2.684707931635780045e-02 2.178434216771935328e-01
3.227826820255987883e+00 1.228941329922481757e-01 9.947268269387550266e-01 1.228941329922481757e-01 9.947268269387550266e-01 6.889864473637791198e-03 4.167106506431027313e+00 2.490517404760395764e-02 2.188308814050670126e-01
3.315084689068746204e+00 1.232297105285783678e-01 9.974280263576037475e-01 1.232297105285783678e-01 9.974280263576037475e-01 6.870929674505569899e-03 4.279755930676815368e+00 2.306089859580685852e-02 2.194234168576897348e-01
3.404701400562271996e+00 1.233300745329946879e-01 9.982310836100929397e-01 1.233300745329946879e-01 9.982310836100929397e-01 6.857120956078334092e-03 4.395450607728915493e+00 2.131151042317605548e-02 2.195972596442252456e-01
3.496740721350034331e+00 1.231826968974898961e-01 9.970352623487673815e-01 1.231826968974898961e-01 9.970352623487673815e-01 6.848601844867910175e-03 4.514272859931330650e+00 1.965437043584861848e-02 2.193301667404990996e-01
3.591268141848880546e+00 1.227760999477364168e-01 9.937483101415947040e-01 1.227760999477364168e-01 9.937483101415947040e-01 6.845301139746149365e-03 4.636307235048656494e+00 1.808692004202548664e-02 2.186017705543752965e-01
3.688350922878637750e+00 1.221000435397747441e-01 9.882879531876563872e-01 1.221000435397747441e-01 9.882879531876563872e-01 6.846916375617515156e-03 4.761640566425906940e+00 1.660665832681503667e-02 2.173939112518314121e-01
3.788058143521422227e+00 1.211456928711441006e-01 9.805832318574909667e-01 1.211456928711441006e-01 9.805832318574909667e-01 6.852935188831159145e-03 4.890362034774617506e+00 1.521111954520406109e-02 2.156909344619760693e-01
3.890460750274742363e+00 1.199057583543596678e-01 9.705756070814363090e-01 1.199057583543596678e-01 9.705756070814363090e-01 6.862675087147928135e-03 5.022563231629229463e+00 1.389785147446136876e-02 2.134799389289246951e-01
3.995631607533355556e+00 1.183745997958908502e-01 9.582197749370721107e-01 1.183745997958908502e-01 9.582197749370721107e-01 6.875340865981339339e-03 5.158338224518884907e+00 1.266439530710352854e-02 2.107509602730548715e-01
4.103645549435792184e+00 1.165482873780028794e-01 9.434841290980013895e-01 1.165482873780028794e-01 9.434841290980013895e-01 6.890097316576507605e-03 5.297783623901002770e+00 1.150826767881196755e-02 2.074970774922700323e-01
4.214579433112467299e+00 1.144246142528900362e-01 9.263508298858380563e-01 1.144246142528900362e-01 9.263508298858380563e-01 6.906153868957442404e-03 5.440998651904293659e+00 1.042694548405974017e-02 2.037144329754136951e-01
4.328512193373227568e+00 1.120030614273622716e-01 9.068154864118036507e-01 1.120030614273622716e-01 9.068154864118036507e-01 6.922857017725909425e-03 5.588085212930082868e+00 9.417854369259022473e-03 1.994021672635225007e-01
4.445524898873283171e+00 1.092847201277208080e-01 8.848864949540150571e-01 1.092847201277208080e-01 8.848864949540150571e-01 6.939784525327516787e-03 5.739147966162212455e+00 8.478361641644321239e-03 1.945622778341533077e-01
4.565700809797455406e+00 1.062721753460919433e-01 8.605840650081929555e-01 1.062721753460919433e-01 8.605840650081929555e-01 6.956832815058820382e-03 5.894294400037087378e+00 7.605773630335837046e-03 1.891994085604374043e-01
4.689125437103828453e+00 1.029693520332754797e-01 8.339389467838017600e-01 1.029693520332754797e-01 8.339389467838017600e-01 6.974286242738833054e-03 6.053634908726900576e+00 6.797337048389657382e-03 1.833205725517505491e-01
4.815886603368914720e+00 9.938132827774753819e-02 8.049908972930177598e-01 9.938132827774753819e-02 8.049908972930177598e-01 6.992852749428919885e-03 6.217282870690403307e+00 6.050243989747870754e-03 1.769348162116417544e-01
4.946074505277657352e+00 9.551412170067753726e-02 7.737869375087726986e-01 9.551412170067753726e-02 7.737869375087726986e-01 7.013645369645187498e-03 6.385354729347151981e+00 5.361640156326896722e-03 1.700528357220009723e-01
5.079781777802711673e+00 9.137445519951020723e-02 7.403794527520614066e-01 9.137445519951020723e-02 7.403794527520614066e-01 7.038086857292628201e-03 6.557970075932602505e+00 4.728635733710867366e-03 1.626865570400772842e-01
5.217103560118715677e+00 8.696952165810004076e-02 7.048242979766263794e-01 8.696952165810004076e-02 7.048242979766263794e-01 7.067716151738489758e-03 6.735251734593069806e+00 4.148318915512397460e-03 1.548487145494917838e-01
5.358137563298387640e+00 8.230679316432801262e-02 6.671792792726010113e-01 8.230679316432801262e-02 6.671792792726010113e-01 7.103882051068799962e-03 6.917325849781014391e+00 3.617772851448432594e-03 1.465525096649830661e-01
5.502984139838678956e+00 7.739394011615832736e-02 6.275035437547190620e-01 7.739394011615832736e-02 6.275035437547190620e-01 7.147327647336675777e-03 7.104321976012916373e+00 3.134096658996136583e-03 1.378114660638732336e-01
5.651746355066400440e+00 7.223895051070204631e-02 5.858586119680480042e-01 7.223895051070204631e-02 5.858586119680480042e-01 7.197698071055845005e-03 7.296373170053546353e+00 2.694431006644661120e-03 1.286396426354104172e-01
5.804530060474196063e+00 6.685057209757387653e-02 5.423120482231567063e-01 6.685057209757387653e-02 5.423120482231567063e-01 7.253037934141582169e-03 7.493616085592297082e+00 2.295988756207024625e-03 1.190524228682330599e-01
5.961443969038969115e+00 6.123919926904483613e-02 4.969447569675271015e-01 6.123919926904483613e-02 4.969447569675271015e-01 7.309381806925265533e-03 7.696191070478857199e+00 1.936089762742160009e-03 1.090680979436607773e-01
6.122599732576421871e+00 5.541830075399594574e-02 4.498626834387978723e-01 5.541830075399594574e-02 4.498626834387978723e-01 7.360570349077302094e-03 7.904242266587488963e+00 1.612197423087130543e-03 9.871041483441921061e-02
6.288112021186694101e+00 4.940644686776228534e-02 4.012133918596307858e-01 4.940644686776228534e-02 4.012133918596307858e-01 7.398438187348606483e-03 8.117917712380908313e+00 1.321953759647157955e-03 8.801219408543473066e-02
6.458098604847685387e+00 4.322990791602922267e-02 3.512072866157937012e-01 4.322990791602922267e-02 3.512072866157937012e-01 7.413523698369627740e-03 8.337369448246812809e+00 1.063208528338668553e-03 7.701996665288442234e-02
6.632680437214072633e+00 3.692571020821124733e-02 3.001425498715408202e-01 3.692571020821124733e-02 3.001425498715408202e-01 7.396446026743767888e-03 8.562753624681944231e+00 8.340379688359906380e-04 6.579942741658749428e-02
6.811981741681667479e+00 3.054495761621130873e-02 2.484322292411310085e-01 3.054495761621130873e-02 2.484322292411310085e-01 7.340081327470680816e-03 8.794230613400698005e+00 6.327498870453563806e-04 5.444136287789766437e-02
6.996130099778346434e+00 2.415611524917928021e-02 1.966310054765511017e-01 2.415611524917928021e-02 1.966310054765511017e-01 7.242621482891469301e-03 9.031965121447322886e+00 4.578723699765279939e-04 4.306751213607760975e-02
7.185256541944483821e+00 1.784789008797201676e-02 1.454586665006017132e-01 1.784789008797201676e-02 1.454586665006017132e-01 7.111417305393923777e-03 9.276126308392960595e+00 3.081255174835844345e-04 3.183571001182090854e-02
7.379495640767413711e+00 1.173125935268009949e-02 9.581663136390716762e-02 1.173125935268009949e-02 9.581663136390716762e-02 6.966977438213406600e-03 9.526887906700807207e+00 1.823767715706773478e-04 2.094351129731200981e-02
7.578985606736329039e+00 5.940137588763832674e-03 4.879338261196216470e-02 5.940137588763832674e-03 4.879338261196216470e-02 6.845265394829702470e-03 9.784428345345173028e+00 7.958183444267943256e-05 1.062938850194548868e-02
7.783868386585694132e+00 6.301291904452102719e-04 5.654305708551654944e-03 1.285142650196921445e-03 1.076476449228465360e-02 6.794468904365776399e-03 1.004893087677226227e+01 1.171456636223688398e-05 2.320511394429657266e-03
7.994289764297218603e+00 -4.025235531608757286e-03 -3.218895619374963907e-02 0.000000000000000000e+00 0.000000000000000000e+00 6.861430491191311543e-03 1.032058370729318142e+01 0.000000000000000000e+00 0.000000000000000000e+00
8.210399464832176974e+00 -7.841313404123613842e-03 -6.323396103631286069e-02 0.000000000000000000e+00 0.000000000000000000e+00 7.067350281022514308e-03 1.059958013100176899e+01 0.000000000000000000e+00 0.000000000000000000e+00
8.432351260667946491e+00 -1.063264764672620759e-02 -8.597128555443084297e-02 0.000000000000000000e+00 0.000000000000000000e+00 7.383033971425367881e-03 1.088611866731269018e+01 0.000000000000000000e+00 0.000000000000000000e+00
8.660303081214536292e+00 -1.222689854036399654e-02 -9.899787535880490152e-02 0.000000000000000000e+00 0.000000000000000000e+00 7.718704446576869944e-03 1.118040320221755834e+01 0.000000000000000000e+00 0.000000000000000000e+00
8.894417125188995854e+00 -1.248216116092847397e-02 -1.011579286062175148e-01 0.000000000000000000e+00 0.000000000000000000e+00 7.932533601271697654e-03 1.148264313335967657e+01 0.000000000000000000e+00 0.000000000000000000e+00
9.134859976027611239e+00 -1.130669801010160055e-02 -9.170340220012759835e-02 0.000000000000000000e+00 0.000000000000000000e+00 7.851078032961096576e-03 1.179305351903053989e+01 0.000000000000000000e+00 0.000000000000000000e+00
9.381802720418068731e+00 -8.679173003605111097e-03 -7.045857521916898403e-02 0.000000000000000000e+00 0.000000000000000000e+00 7.301402849831387792e-03 1.211185523119420537e+01 0.000000000000000000e+00 0.000000000000000000e+00
9.635421070035881996e+00 -4.666081394587464140e-03 -3.796179808571222697e-02 0.000000000000000000e+00 0.000000000000000000e+00 6.187437663547846502e-03 1.243927511264833896e+01 0.000000000000000000e+00 0.000000000000000000e+00
9.895895486571712141e+00 5.687312786016773727e-04 4.457083724521531884e-03 5.729046850495591280e-04 4.492942375473154074e-03 4.794383592969030800e-03 1.277554613843379450e+01 4.984826844238132807e-06 1.015193208766594028e-03
1.016341131013859211e+01 6.770035087022681364e-03 5.472518192899428202e-02 6.770035087022681364e-03 5.472518192899428202e-02 4.870895504544994412e-03 1.312090758160762327e+01 4.467388171047660011e-05 1.204611271477999852e-02
1.043815889115034068e+01 1.362337585204086328e-02 1.102879152310385635e-01 1.362337585204086328e-02 1.102879152310385635e-01 8.341489664178226848e-03 1.347560518349738246e+01 8.206010149834505824e-05 2.424600706273128542e-02
1.072033372576507659e+01 2.099798580307963777e-02 1.700828707853765942e-01 2.099798580307963777e-02 1.700828707853765942e-01 1.453559406652898262e-02 1.383989132855795035e+01 1.162543526176004852e-04 3.737436238107708086e-02
