4.173085900000000209e-02 1.008595613091933131e+09
4.372891599999999962e-02 9.778389724463227987e+08
4.582263899999999834e-02 9.452894233312981129e+08
4.801661100000000071e-02 9.109613446457794905e+08
5.031562600000000218e-02 8.748937972103266716e+08
5.272471799999999681e-02 8.371536682213449478e+08
5.524915700000000013e-02 7.978391820991792679e+08
5.789446300000000017e-02 7.570827879130600691e+08
6.066642800000000141e-02 7.150533561986492872e+08
6.357111299999999854e-02 6.719579281117323637e+08
6.661487300000000500e-02 6.280419112948273420e+08
6.980436700000000605e-02 5.835880828860428333e+08
7.314657400000000587e-02 5.389137856782221794e+08
7.664880200000000199e-02 4.943662429444466233e+08
8.031871599999999833e-02 4.503154729954752922e+08
8.416434700000000046e-02 4.071452524344433546e+08
8.819410199999999644e-02 3.652419375906546116e+08
9.241680200000000622e-02 3.249812251357604861e+08
9.684167999999999943e-02 2.867141720535982251e+08
1.014784199999999997e-01 2.507525075550905764e+08
1.063371699999999948e-01 2.173550536478645802e+08
1.114285500000000012e-01 1.867162945760094523e+08
1.167637100000000067e-01 1.589581550691199601e+08
1.223543099999999939e-01 1.341269253483865708e+08
1.282125799999999927e-01 1.121950226805076599e+08
1.343513500000000083e-01 9.306814075508521497e+07
1.407840399999999992e-01 7.659655059716738760e+07
1.475247299999999928e-01 6.258827728246521205e+07
1.545881500000000075e-01 5.082241616733831912e+07
1.619897700000000051e-01 4.106038948352430761e+07
1.697457800000000128e-01 3.305508196073325723e+07
1.778731400000000129e-01 2.655850409417777508e+07
1.863896399999999953e-01 2.132986197752041370e+07
1.953139000000000125e-01 1.714487645958400518e+07
2.046654499999999988e-01 1.380485964804884233e+07
2.144647500000000095e-01 1.114244090292319655e+07
2.247332400000000008e-01 9.021361881906049326e+06
2.354933800000000022e-01 7.331236164718270302e+06
2.467687100000000022e-01 5.981394614766193554e+06
2.585838999999999777e-01 4.897548765625947155e+06
2.709647900000000109e-01 4.021134633196795359e+06
2.839384799999999931e-01 3.308328053062083200e+06
2.975333499999999742e-01 2.726875457331203856e+06
3.117791200000000207e-01 2.251725233896562364e+06
3.267069899999999749e-01 1.861846450268913759e+06
3.423495899999999814e-01 1.540010849584331037e+06
3.587411500000000086e-01 1.273958019697521813e+06
3.759175399999999945e-01 1.054728985013795318e+06
3.939163199999999865e-01 8.736145626477506012e+05
4.127768700000000179e-01 7.232417108409994980e+05
4.325404700000000102e-01 5.989015721416333690e+05
4.532503299999999791e-01 4.961991390319321072e+05
4.749517999999999796e-01 4.109375857336847694e+05
4.976922899999999816e-01 3.403533165459678276e+05
5.215216200000000191e-01 2.820383650406264351e+05
5.464918600000000515e-01 2.335963158083229791e+05
5.726576599999999573e-01 1.935624274142160430e+05
6.000763099999999461e-01 1.603908137131957337e+05
6.288076999999999694e-01 1.328873263225994306e+05
6.589147899999999725e-01 1.101380662313231151e+05
6.904633500000000312e-01 9.127575232409656746e+04
7.235224799999999679e-01 7.563945492729853140e+04
7.581644699999999792e-01 6.270700935227763694e+04
7.944650599999999452e-01 5.196955702625981212e+04
8.325037600000000371e-01 4.308455621730658459e+04
8.723636799999999747e-01 3.571033259894768707e+04
9.141321100000000532e-01 2.960608250901985230e+04
9.579004100000000355e-01 2.454819308537350298e+04
1.003764300000000054e+00 2.035106809555067957e+04
1.051824099999999929e+00 1.687203047847122070e+04
1.102185100000000029e+00 1.398938644715746159e+04
1.154957299999999965e+00 1.159977322095287855e+04
1.210256199999999893e+00 9.618352321199297876e+03
1.268202800000000074e+00 7.975393305022757886e+03
1.328923800000000099e+00 6.613076473590835121e+03
1.392552100000000070e+00 5.483852109139169443e+03
1.459227000000000052e+00 4.547638990830031616e+03
1.529094200000000070e+00 3.770699542474071677e+03
1.602306699999999973e+00 3.127154335710548366e+03
1.679024400000000083e+00 2.592989148309682605e+03
1.759415500000000021e+00 2.150462083998610069e+03
1.843655599999999950e+00 1.783385407731832402e+03
1.931929100000000066e+00 1.478875582998918617e+03
2.024429099999999870e+00 1.226424198858934460e+03
2.121357999999999855e+00 1.017080793285945560e+03
2.222927799999999898e+00 8.435045784697233557e+02
2.329360700000000062e+00 6.995713431279506267e+02
2.440889499999999934e+00 5.801670712403296193e+02
2.557758399999999988e+00 4.811255949179810614e+02
2.680222899999999964e+00 3.990443806842247341e+02
2.808550900000000183e+00 3.309308279654164835e+02
2.943023199999999839e+00 2.744457136241958892e+02
3.083934000000000175e+00 2.276117985392356502e+02
3.231591499999999950e+00 1.887711850342167565e+02
3.386318900000000021e+00 1.565595076784942705e+02
3.548454500000000067e+00 1.298490256642190843e+02
3.718353099999999856e+00 1.076843888062450247e+02
3.896386399999999917e+00 8.931945313127519626e+01
4.082943799999999790e+00 7.408359897043219178e+01
4.278433599999999615e+00 6.143371408380311749e+01
