3.577503900000000153e-02 1.028921887608437464e+04
4.190623799999999843e-02 1.011737951573985447e+04
4.803784500000000263e-02 9.923168192153370910e+03
5.416904399999999953e-02 9.708543947412148555e+03
6.030024300000000337e-02 9.475588262329274585e+03
6.643184900000000115e-02 9.226503865621491059e+03
7.256304800000000499e-02 8.963633825810515191e+03
7.869424699999999495e-02 8.689325512215456911e+03
8.482544599999999879e-02 8.405959323045964993e+03
9.095705299999999605e-02 8.115877510486601750e+03
9.708825199999999989e-02 7.821427720059175954e+03
1.032198599999999966e-01 7.524795192003665761e+03
1.093510599999999999e-01 7.228129806064919649e+03
1.154822600000000032e-01 6.933382322279349864e+03
1.216134600000000066e-01 6.642361247938651104e+03
1.277450599999999936e-01 6.356676590072359431e+03
1.338762599999999969e-01 6.077800182002259135e+03
1.400074600000000002e-01 5.806944204486010676e+03
1.461390700000000098e-01 5.545113866899176173e+03
1.522702700000000131e-01 5.293157132621622623e+03
1.584014599999999939e-01 5.051663189325739950e+03
1.645330700000000035e-01 4.821023566097191178e+03
1.706642700000000068e-01 4.601488104681267032e+03
1.767954700000000101e-01 4.393084313817249495e+03
1.829270799999999919e-01 4.195683434383951862e+03
1.890582799999999952e-01 4.009054806348153761e+03
1.951894700000000038e-01 3.832806590283429159e+03
2.013210800000000134e-01 3.666447928896462145e+03
2.074522799999999889e-01 3.509441935196815848e+03
2.135834799999999922e-01 3.361158756285017716e+03
2.197146799999999955e-01 3.220941324953688309e+03
2.258462800000000104e-01 3.088104790260924347e+03
2.319774800000000137e-01 2.961988600658767609e+03
2.381086799999999892e-01 2.841920746923265142e+03
2.442402899999999988e-01 2.727259522768386887e+03
2.503714899999999743e-01 2.617426896848700380e+03
2.565026899999999777e-01 2.511872219904002122e+03
2.626342899999999925e-01 2.410103956840168394e+03
2.687654899999999958e-01 2.311713066842647549e+03
2.748966899999999991e-01 2.216335842228833826e+03
2.810283000000000087e-01 2.123675047043791437e+03
2.871595000000000120e-01 2.033516274182392635e+03
2.932907000000000153e-01 1.945687561496667286e+03
2.994222999999999746e-01 1.860074103426810552e+03
3.055534999999999779e-01 1.776628233829331066e+03
3.116846999999999812e-01 1.695329071311152575e+03
3.178163099999999908e-01 1.616192304043321428e+03
3.239475099999999941e-01 1.539277743042029897e+03
3.300787099999999974e-01 1.464649690840731637e+03
3.362103100000000122e-01 1.392385934347191096e+03
3.423415100000000155e-01 1.322583813421091918e+03
3.484727100000000188e-01 1.255325266563045943e+03
3.546039100000000222e-01 1.190689956327358004e+03
3.607355199999999762e-01 1.128741421129702076e+03
3.668667099999999848e-01 1.069539522530503291e+03
3.729979099999999881e-01 1.013112179745575986e+03
3.791295199999999976e-01 9.594672012530312486e+02
3.852607200000000010e-01 9.086008027748623590e+02
3.913919200000000043e-01 8.604760953899270817e+02
3.975235200000000191e-01 8.150354971853619190e+02
4.036547200000000224e-01 7.722102271712037691e+02
4.097842899999999955e-01 7.319150263010803883e+02
4.159167100000000228e-01 6.940132860572854270e+02
4.220491399999999893e-01 6.584039408339727970e+02
4.281815600000000166e-01 6.249575663446869385e+02
4.343099000000000265e-01 5.935588322584347907e+02
4.404423299999999930e-01 5.640276187055961827e+02
4.465747500000000203e-01 5.362474501450313937e+02
4.527071699999999921e-01 5.100831138459705585e+02
4.588355199999999967e-01 4.854207650382816155e+02
4.649679400000000240e-01 4.621054000604654561e+02
4.711003599999999958e-01 4.400406202822949240e+02
4.772287100000000004e-01 4.191369152685683162e+02
4.833611300000000277e-01 3.992744709273806052e+02
4.894935499999999995e-01 3.803866542045342385e+02
4.956259700000000268e-01 3.624036744947658235e+02
5.017543199999999759e-01 3.452774597717836969e+02
5.078867400000000032e-01 3.289359365771382500e+02
5.140191600000000305e-01 3.133501937854944117e+02
5.201515799999999468e-01 2.984872563322184646e+02
5.262799299999999514e-01 2.843295846825793092e+02
5.324123499999999787e-01 2.708365521773987439e+02
5.385447700000000060e-01 2.579994745336587130e+02
5.446771900000000333e-01 2.458022580368447620e+02
5.508055400000000379e-01 2.342373209152178219e+02
5.569379599999999542e-01 2.232742525556444946e+02
5.630703799999999815e-01 2.129050267395099922e+02
5.691987299999999861e-01 2.031185305728986918e+02
5.753311500000000134e-01 1.938823868466110980e+02
5.814635700000000407e-01 1.851816850893148114e+02
5.875959899999999569e-01 1.769925638646508048e+02
5.937243399999999616e-01 1.692939838354065216e+02
5.998567599999999889e-01 1.620478833064476021e+02
6.059891800000000162e-01 1.552302338292485899e+02
6.121216000000000435e-01 1.488107880644123213e+02
6.182499500000000481e-01 1.427628138166748784e+02
6.243823699999999643e-01 1.370478639791495254e+02
6.305147899999999916e-01 1.316404309538201289e+02
6.366472100000000189e-01 1.265122120382190616e+02
6.427755600000000236e-01 1.216398956098865796e+02
6.489079800000000509e-01 1.169928012837076921e+02
6.550403999999999671e-01 1.125525899014823921e+02
6.611687499999999718e-01 1.083031499571738863e+02
6.673011699999999990e-01 1.042228557305136576e+02
6.734335900000000263e-01 1.003014802431850541e+02
6.795660199999999929e-01 9.652868231928026432e+01
6.856943599999999472e-01 9.289908448153579457e+01
6.918267799999999745e-01 8.940238451331677538e+01
6.979592100000000521e-01 8.603752648858777263e+01
7.040916299999999683e-01 8.280257595461519315e+01
7.102199700000000337e-01 7.969876197954877739e+01
7.163523899999999500e-01 7.672190256757566829e+01
7.224848200000000276e-01 7.387438872079590624e+01
7.286131599999999819e-01 7.115824171331679793e+01
7.347455800000000092e-01 6.856971632711220366e+01
7.408780099999999758e-01 6.610988921334910629e+01
7.470104300000000030e-01 6.377713765501282239e+01
7.531387699999999574e-01 6.157025139032685246e+01
7.592712000000000350e-01 5.948257834783566267e+01
7.654036199999999512e-01 5.751084057475793543e+01
7.715360399999999785e-01 5.564921528448871157e+01
7.776643899999999832e-01 5.389210898596045496e+01
7.837968100000000105e-01 5.222971925362752188e+01
7.899292300000000377e-01 5.065522875006045211e+01
7.960616499999999540e-01 4.916029889759569471e+01
8.021899999999999586e-01 4.773743041210641280e+01
8.083224199999999859e-01 4.637646841480913906e+01
8.144548400000000132e-01 4.507048948656105125e+01
8.205831900000000179e-01 4.381300586932818675e+01
8.267156100000000452e-01 4.259579821177117509e+01
8.328480299999999614e-01 4.141405625123166345e+01
8.389804499999999887e-01 4.026310678545365818e+01
8.451087999999999933e-01 3.914005170892321672e+01
8.512412200000000206e-01 3.804080825077381434e+01
8.573736400000000479e-01 3.696454450517064316e+01
8.635060599999999642e-01 3.591060434590544048e+01
8.696344099999999688e-01 3.487982895081304235e+01
8.757668299999999961e-01 3.387169595493399754e+01
8.818992500000000234e-01 3.288827091542704295e+01
8.880316700000000507e-01 3.193128525061967338e+01
8.941600200000000553e-01 3.100326283102749159e+01
9.002924399999999716e-01 3.010490579449315618e+01
9.064248599999999989e-01 2.923863872357051008e+01
9.125532100000000035e-01 2.840652659451444251e+01
9.186856300000000308e-01 2.760859839161945217e+01
9.248180499999999471e-01 2.684607714061960948e+01
9.309504699999999744e-01 2.611908886232275151e+01
9.370788199999999790e-01 2.542764779620072346e+01
9.432112400000000063e-01 2.476984696712352374e+01
9.493436600000000336e-01 2.414464445683795191e+01
9.554760799999999499e-01 2.355006107239544022e+01
9.616044299999999545e-01 2.298409656793742428e+01
9.677368499999999818e-01 2.244333991936565553e+01
9.738692700000000091e-01 2.192532733162588698e+01
9.799976200000000137e-01 2.142745738703079184e+01
9.861300400000000410e-01 2.094617724554270666e+01
9.922624599999999573e-01 2.047906840331995326e+01
9.983948900000000348e-01 2.002360693101038791e+01
1.004523199999999949e+00 1.957787959715407311e+01
1.010655700000000046e+00 1.913944690198756149e+01
1.016788100000000084e+00 1.870720479413188997e+01
1.022920499999999899e+00 1.828016695918948287e+01
1.029048799999999986e+00 1.785807584606601139e+01
1.035181300000000082e+00 1.744024309650506055e+01
1.041313699999999898e+00 1.702723376220488660e+01
1.047446099999999936e+00 1.661964014938169143e+01
1.053574500000000080e+00 1.621858724710939725e+01
1.059706899999999896e+00 1.582460861755054538e+01
1.065839299999999934e+00 1.543913905521056584e+01
1.071967600000000020e+00 1.506363043803285962e+01
1.078100099999999895e+00 1.469873419707302276e+01
1.084232499999999932e+00 1.434576277245201581e+01
1.090364899999999970e+00 1.400558026219715479e+01
1.096493299999999893e+00 1.367904029027147672e+01
1.102625699999999931e+00 1.336610058586731675e+01
1.108758099999999969e+00 1.306708123244550102e+01
1.114890500000000007e+00 1.278179711320479939e+01
1.121018899999999929e+00 1.250995754345847821e+01
1.127151299999999967e+00 1.225048778626828749e+01
1.133283700000000005e+00 1.200262718705671006e+01
1.139416100000000043e+00 1.176525522177982808e+01
1.145544499999999966e+00 1.153727040082024935e+01
1.151676900000000003e+00 1.131705673655732802e+01
1.157809300000000041e+00 1.110343225557262770e+01
1.163937699999999964e+00 1.089523882919876918e+01
1.170070100000000002e+00 1.069100553759066230e+01
1.176202500000000040e+00 1.048980819812909715e+01
1.182334900000000077e+00 1.029076047454302945e+01
1.188463300000000000e+00 1.009330731022288852e+01
1.194595700000000038e+00 9.896727117922388572e+00
1.200728100000000076e+00 9.700910341178973439e+00
1.206860499999999892e+00 9.505838310890384335e+00
1.212988900000000037e+00 9.311823458157217459e+00
1.219121300000000074e+00 9.118978865167434833e+00
1.225253699999999890e+00 8.927946481504065446e+00
1.231382100000000035e+00 8.739474178466988263e+00
1.237514500000000073e+00 8.554010795614294338e+00
1.243646900000000111e+00 8.372402031554150525e+00
1.249779299999999926e+00 8.195353955139076163e+00
1.255907700000000071e+00 8.023627405793387624e+00
1.262040100000000109e+00 7.857557700175449078e+00
1.268172499999999925e+00 7.697698307954002672e+00
1.274305000000000021e+00 7.544343918040417485e+00
1.280433300000000107e+00 7.397735700299839401e+00
1.286565699999999923e+00 7.257652456970321353e+00
1.292698099999999961e+00 7.124011497180313235e+00
1.298830600000000057e+00 6.996477361104036952e+00
1.304958899999999922e+00 6.874667323373435224e+00
1.311091299999999960e+00 6.757840062765870570e+00
1.317223800000000056e+00 6.645418525187127834e+00
1.323352099999999920e+00 6.536768329860871418e+00
1.329484499999999958e+00 6.431014414840361404e+00
1.335616899999999996e+00 6.327516211058346052e+00
1.341749400000000092e+00 6.225602154759480200e+00
1.347877699999999956e+00 6.124744997205464614e+00
1.354010099999999994e+00 6.024305841951793639e+00
1.360142600000000090e+00 5.923961419382775873e+00
1.366274999999999906e+00 5.823450728665662268e+00
1.372403299999999993e+00 5.722705999070250016e+00
1.378535700000000030e+00 5.621588455849549248e+00
1.384668199999999905e+00 5.520282356842259652e+00
1.390800599999999942e+00 5.419019565623340640e+00
1.396928900000000029e+00 5.318186667359609210e+00
1.403061399999999903e+00 5.218038964337045726e+00
1.409193799999999941e+00 5.119086539619522647e+00
1.415322100000000027e+00 5.021853107028922736e+00
1.421454500000000065e+00 4.926665532414286730e+00
1.427586999999999939e+00 4.834017080310946568e+00
1.433719399999999977e+00 4.744289576960176724e+00
1.439847700000000064e+00 4.657847765575625409e+00
1.445980199999999938e+00 4.574800041412626861e+00
1.452112599999999976e+00 4.495339250802795839e+00
1.458245000000000013e+00 4.419495578539080149e+00
1.464373300000000100e+00 4.347247925328511009e+00
1.470505799999999974e+00 4.278335198198450762e+00
1.476638200000000012e+00 4.212559790054236863e+00
1.482766500000000098e+00 4.149639566912822097e+00
1.488898999999999972e+00 4.089110789205527396e+00
1.495031400000000010e+00 4.030601588946598923e+00
1.501163800000000048e+00 3.973675899274732082e+00
1.507292099999999913e+00 3.917937551892751280e+00
1.513424600000000009e+00 3.862899441313379700e+00
1.519557000000000047e+00 3.808228233163350129e+00
1.525689400000000084e+00 3.753604773699300345e+00
1.531817800000000007e+00 3.698813468141371352e+00
1.537950200000000045e+00 3.643606870270510889e+00
1.544082600000000083e+00 3.587924867198822199e+00
1.550214999999999899e+00 3.531752704169427215e+00
1.556343400000000043e+00 3.475190535652529444e+00
1.562475800000000081e+00 3.418298627857464300e+00
1.568608199999999897e+00 3.361308993346961760e+00
1.574736600000000042e+00 3.304502264650539090e+00
1.580869000000000080e+00 3.248081668464702254e+00
1.587001399999999895e+00 3.192380050008820636e+00
1.593133799999999933e+00 3.137695184036920715e+00
1.599262200000000078e+00 3.084345612016342386e+00
1.605394599999999894e+00 3.032517713568992690e+00
1.611526999999999932e+00 2.982462252169498562e+00
1.617659399999999970e+00 2.934343793312042870e+00
1.623787799999999892e+00 2.888297938875180826e+00
1.629920199999999930e+00 2.844308149202892988e+00
1.636052599999999968e+00 2.802385005892780612e+00
1.642180999999999891e+00 2.762472096556154444e+00
1.648313399999999929e+00 2.724378907645906622e+00
1.654445799999999966e+00 2.687944664803612049e+00
1.660578200000000004e+00 2.652942771785183229e+00
1.666706599999999927e+00 2.619140727544539082e+00
1.672838999999999965e+00 2.586225198841182404e+00
1.678971400000000003e+00 2.553947033947651768e+00
1.685103800000000041e+00 2.522045097118255086e+00
1.691232199999999963e+00 2.490301195024928305e+00
1.697364600000000001e+00 2.458467665378952116e+00
1.703497000000000039e+00 2.426399974536282311e+00
1.709629499999999913e+00 2.393979637967024843e+00
1.715757800000000000e+00 2.361162944811749043e+00
1.721890200000000037e+00 2.327890830995327232e+00
1.728022600000000075e+00 2.294221291146457897e+00
1.734150999999999998e+00 2.260259741512756548e+00
1.740283400000000036e+00 2.226085899979151073e+00
1.746415800000000074e+00 2.191879057944936537e+00
1.752548299999999948e+00 2.157819745747536988e+00
1.758676600000000034e+00 2.124126270458837062e+00
1.764809000000000072e+00 2.090950902431743419e+00
1.770941400000000110e+00 2.058507187955072926e+00
1.777073899999999984e+00 2.026968615674424434e+00
1.783202200000000071e+00 1.996504727887475683e+00
1.789334600000000108e+00 1.967190103544137258e+00
1.795467099999999983e+00 1.939123087190255168e+00
1.801599500000000020e+00 1.912341453137663017e+00
1.807727800000000107e+00 1.886855872983278726e+00
1.813860299999999981e+00 1.862585015852590065e+00
1.819992700000000019e+00 1.839461873788838631e+00
1.826121000000000105e+00 1.817381604435699627e+00
1.832253399999999921e+00 1.796168562898006194e+00
1.838385900000000017e+00 1.775671563876434877e+00
1.844518300000000055e+00 1.755713830491434813e+00
1.850646599999999919e+00 1.736127772767691813e+00
1.856779100000000016e+00 1.716712434895342643e+00
1.862911500000000053e+00 1.697320943858805720e+00
1.869043900000000091e+00 1.677813303189448213e+00
1.875172199999999956e+00 1.658090148195644931e+00
1.881304700000000052e+00 1.638043679089510984e+00
1.887437100000000090e+00 1.617640927211000168e+00
1.893569499999999906e+00 1.596870353644660678e+00
1.899697900000000050e+00 1.575769476402796965e+00
1.905830300000000088e+00 1.554366867326137269e+00
1.911962699999999904e+00 1.532760967903212812e+00
1.918090999999999990e+00 1.511074528975581810e+00
1.924223500000000087e+00 1.489403608439047622e+00
1.930355899999999902e+00 1.467899283058798465e+00
1.936488299999999940e+00 1.446700244309198524e+00
1.942616700000000085e+00 1.425954884609345275e+00
1.948749099999999901e+00 1.405760251863141796e+00
1.954881499999999939e+00 1.386237310818402069e+00
1.961013899999999976e+00 1.367471273297513612e+00
1.967142299999999899e+00 1.349532822399849508e+00
1.973274699999999937e+00 1.332429287071589918e+00
1.979407099999999975e+00 1.316173854133767307e+00
1.985535499999999898e+00 1.300748389831303253e+00
1.991667899999999936e+00 1.286077536557364009e+00
1.997800299999999973e+00 1.272092204933957138e+00
2.003932700000000011e+00 1.258693050804075009e+00
2.010061100000000156e+00 1.245774245735846275e+00
2.016193499999999972e+00 1.233195814683109459e+00
2.022325899999999788e+00 1.220840159171437733e+00
2.028458300000000047e+00 1.208584173458177702e+00
2.034586700000000192e+00 1.196321620895802518e+00
2.040719100000000008e+00 1.183936319116726921e+00
2.046851499999999824e+00 1.171354461168170102e+00
2.052983900000000084e+00 1.158516088024601487e+00
2.059112299999999784e+00 1.145393987618137155e+00
2.065244700000000044e+00 1.131960252808067668e+00
2.071377099999999860e+00 1.118237426144516267e+00
2.077505500000000005e+00 1.104272192199961644e+00
2.083637899999999821e+00 1.090104649714171314e+00
2.089770300000000081e+00 1.075819544760172608e+00
2.095902699999999896e+00 1.061505656536354092e+00
2.102031100000000041e+00 1.047269262969626524e+00
2.108163499999999857e+00 1.033191895625885426e+00
2.114295900000000117e+00 1.019381049628904412e+00
2.120428400000000213e+00 1.005927756244798577e+00
2.126556700000000077e+00 9.929208535227348476e-01
2.132689099999999893e+00 9.804073516538504007e-01
2.138821500000000153e+00 9.684426304205244751e-01
2.144949899999999854e+00 9.570602940981149942e-01
2.151082300000000114e+00 9.462507295053295131e-01
2.157214699999999930e+00 9.360057831594045252e-01
2.163347200000000026e+00 9.262896310499245667e-01
2.169475499999999890e+00 9.170551394623176478e-01
2.175607900000000150e+00 9.082214483877109057e-01
2.181740299999999966e+00 8.997151937002700883e-01
2.187872800000000062e+00 8.914492875778222691e-01
2.194001099999999926e+00 8.833395059363915447e-01
2.200133500000000186e+00 8.752864636843415980e-01
2.206265999999999838e+00 8.672126955824628336e-01
2.212398400000000098e+00 8.590451519939992231e-01
2.218526699999999963e+00 8.507287911674875636e-01
2.224659099999999778e+00 8.422073308078484866e-01
2.230791599999999875e+00 8.334580858038236340e-01
2.236919900000000183e+00 8.244774157920161661e-01
2.243052299999999999e+00 8.152611650706044211e-01
2.249184800000000095e+00 8.058402377351996382e-01
2.255317199999999911e+00 7.962554860367152543e-01
2.261445500000000219e+00 7.865667857590719070e-01
2.267577900000000035e+00 7.768246157265070728e-01
2.273710400000000131e+00 7.671052627624164177e-01
2.279842799999999947e+00 7.574818689658290305e-01
2.285971099999999812e+00 7.480324365951127596e-01
2.292103599999999908e+00 7.388115189193507071e-01
2.298236000000000168e+00 7.298853460984615626e-01
2.304368399999999983e+00 7.213026122663520612e-01
2.310496699999999848e+00 7.131045560376256809e-01
2.316629199999999944e+00 7.053014281952717512e-01
2.322761600000000204e+00 6.979051008054976135e-01
2.328889900000000068e+00 6.909105920449497562e-01
2.335022400000000165e+00 6.842843632815405197e-01
2.341154799999999980e+00 6.779940928575569625e-01
2.347287199999999796e+00 6.719911093806916202e-01
2.353415500000000105e+00 6.662220001139552705e-01
2.359548000000000201e+00 6.606160715805100558e-01
2.365680400000000017e+00 6.551119660897607444e-01
2.371812799999999832e+00 6.496447913624193715e-01
2.377941199999999977e+00 6.441571432010246845e-01
2.384073599999999793e+00 6.385875457745793238e-01
2.390206000000000053e+00 6.328943746592184949e-01
2.396338399999999869e+00 6.270435754607814882e-01
2.402466800000000013e+00 6.210176217606107052e-01
2.408599199999999829e+00 6.148004109494660252e-01
2.414731600000000089e+00 6.084009353016688326e-01
2.420859999999999790e+00 6.018414276567470855e-01
2.426992400000000050e+00 5.951427954409591603e-01
2.433124799999999865e+00 5.883485931407345104e-01
2.439257200000000125e+00 5.815057907358495148e-01
2.445385599999999826e+00 5.746709235773013180e-01
2.451518000000000086e+00 5.678895136536963317e-01
2.457650399999999902e+00 5.612200974034898815e-01
2.463782800000000162e+00 5.547136204267265613e-01
2.469911199999999862e+00 5.484194277445211263e-01
2.476043600000000122e+00 5.423667851122571104e-01
2.482175999999999938e+00 5.365878132785815158e-01
2.488304400000000083e+00 5.311031246004997985e-01
2.494436799999999899e+00 5.259111914749787786e-01
2.500569200000000158e+00 5.210097255376666681e-01
2.506701599999999974e+00 5.163816292267626729e-01
2.512830000000000119e+00 5.120024684517258118e-01
2.518962399999999935e+00 5.078306996134794860e-01
2.525094800000000195e+00 5.038266737904806281e-01
2.531227200000000011e+00 4.999432547577653541e-01
2.537355600000000155e+00 4.961335999498879268e-01
2.543487999999999971e+00 4.923437004875882983e-01
2.549620399999999787e+00 4.885296287367373314e-01
2.555752899999999883e+00 4.846497228694730541e-01
2.561881200000000192e+00 4.806719709091812343e-01
2.568013600000000007e+00 4.765644740062887075e-01
2.574145999999999823e+00 4.723127546278684807e-01
2.580274399999999968e+00 4.679126934216277789e-01
2.586406799999999784e+00 4.633616862239379186e-01
2.592539200000000044e+00 4.586754986766748976e-01
2.598671700000000140e+00 4.538759441699848907e-01
2.604800000000000004e+00 4.489960253400572254e-01
2.610932399999999820e+00 4.440647074180667508e-01
2.617064800000000080e+00 4.391249535981375796e-01
2.623197300000000176e+00 4.342184696631727348e-01
2.629325600000000041e+00 4.293903271328519122e-01
2.635457999999999856e+00 4.246735191462343018e-01
2.641590499999999953e+00 4.201066860694614435e-01
2.647722900000000212e+00 4.157196218125806531e-01
2.653851200000000077e+00 4.115374253557630979e-01
2.659983599999999893e+00 4.075687404708891459e-01
2.666116099999999989e+00 4.038218399823446658e-01
2.672244399999999853e+00 4.002956738336533871e-01
2.678376800000000113e+00 3.969733891965541717e-01
2.684509300000000209e+00 3.938373953112718207e-01
2.690641700000000025e+00 3.908610263336457780e-01
2.696769999999999889e+00 3.880139532928794655e-01
2.702902400000000149e+00 3.852565194660766412e-01
2.709034899999999801e+00 3.825528466607051037e-01
2.715167300000000061e+00 3.798652058896658801e-01
2.721295599999999926e+00 3.771593633382596122e-01
2.727428100000000022e+00 3.743991781275931574e-01
2.733560499999999838e+00 3.715590825966508248e-01
2.739688800000000146e+00 3.686198562463768869e-01
2.745821199999999962e+00 3.655635773933737509e-01
2.751953700000000058e+00 3.623858480900392642e-01
2.758086099999999874e+00 3.590883672443883623e-01
2.764214400000000182e+00 3.556826193513105139e-01
2.770346899999999835e+00 3.521802140951617588e-01
2.776479300000000094e+00 3.486058036780436686e-01
2.782611699999999910e+00 3.449864576864296595e-01
2.788740000000000219e+00 3.413551120833767105e-01
2.794872499999999871e+00 3.377391332251555855e-01
2.801004900000000131e+00 3.341735139003566557e-01
2.807137299999999946e+00 3.306891584950836793e-01
2.813265700000000091e+00 3.273161832897578671e-01
2.819398099999999907e+00 3.240737725871170594e-01
2.825530500000000167e+00 3.209823013334797137e-01
2.831658899999999868e+00 3.180554730226349824e-01
2.837791300000000128e+00 3.152945318772794603e-01
2.843923699999999943e+00 3.126995788405192434e-01
2.850056100000000203e+00 3.102620116472905032e-01
2.856184499999999904e+00 3.079684683101681641e-01
2.862316900000000164e+00 3.057957593263710971e-01
2.868449299999999980e+00 3.037209048352591534e-01
2.874581699999999795e+00 3.017163374426548028e-01
2.880710099999999940e+00 2.997541172557897093e-01
2.886842500000000200e+00 2.978022959544099901e-01
2.892974900000000016e+00 2.958340138099416206e-01
2.899103300000000161e+00 2.938250581430881248e-01
2.905235699999999976e+00 2.917510862410452877e-01
2.911368099999999792e+00 2.895964663194443567e-01
2.917500500000000052e+00 2.873498192098631887e-01
2.923628900000000197e+00 2.850073283349779940e-01
2.929761300000000013e+00 2.825667074177556914e-01
2.935893699999999829e+00 2.800362180973060000e-01
2.942026100000000088e+00 2.774281691833905272e-01
2.948154499999999789e+00 2.747614521966673107e-01
2.954286900000000049e+00 2.720535920270281127e-01
2.960419299999999865e+00 2.693300911533106912e-01
2.966551700000000125e+00 2.666162540814541737e-01
2.972680099999999825e+00 2.639393474784794136e-01
2.978812500000000085e+00 2.613203493028567470e-01
2.984944899999999901e+00 2.587832467852044793e-01
2.991073300000000046e+00 2.563484802042170219e-01
2.997205699999999862e+00 2.540275188932932249e-01
3.003338100000000122e+00 2.518317402419387174e-01
3.009470600000000218e+00 2.497655446200137963e-01
3.015598900000000082e+00 2.478292188794659068e-01
3.021731299999999898e+00 2.460137680225191747e-01
3.027863700000000158e+00 2.443092073877898840e-01
3.033996199999999810e+00 2.426998653013012763e-01
3.040124500000000118e+00 2.411676611046875418e-01
3.046256899999999934e+00 2.396888939620999137e-01
3.052389400000000030e+00 2.382415539577208696e-01
3.058521799999999846e+00 2.368024057205287136e-01
3.064650100000000155e+00 2.353500230145754990e-01
3.070782499999999970e+00 2.338620718639589369e-01
3.076915000000000067e+00 2.323220390516412270e-01
3.083043299999999931e+00 2.307173786670376481e-01
3.089175700000000191e+00 2.290365961232013747e-01
3.095308199999999843e+00 2.272761334589686322e-01
3.101440600000000103e+00 2.254363624803807642e-01
3.107568899999999967e+00 2.235236636488356909e-01
3.113701299999999783e+00 2.215450312564259949e-01
3.119833799999999879e+00 2.195151474559761950e-01
3.125966200000000139e+00 2.174507044159259550e-01
3.132094500000000004e+00 2.153719706194076322e-01
3.138227000000000100e+00 2.132963319255812007e-01
3.144359399999999916e+00 2.112457289868021615e-01
3.150487699999999780e+00 2.092411799579610987e-01
3.156620100000000040e+00 2.072979938954190027e-01
3.162752600000000136e+00 2.054328981251420383e-01
3.168884999999999952e+00 2.036580175699130302e-01
3.175013299999999816e+00 2.019825815833560800e-01
3.181145799999999912e+00 2.004082515794231023e-01
3.187278200000000172e+00 1.989357815482329928e-01
3.193410599999999988e+00 1.975603898612892650e-01
3.199538899999999852e+00 1.962741437917416842e-01
3.205671399999999949e+00 1.950630197263636401e-01
3.211803800000000209e+00 1.939127848007938804e-01
3.217936200000000024e+00 1.928061714155414885e-01
3.224064600000000169e+00 1.917254245786225164e-01
3.230196999999999985e+00 1.906504022016429767e-01
3.236329399999999801e+00 1.895637129666077059e-01
3.242457700000000109e+00 1.884495296445332646e-01
3.248590200000000205e+00 1.872920718743459889e-01
3.254722600000000021e+00 1.860808050014211013e-01
3.260854999999999837e+00 1.848078844871254844e-01
3.266983399999999982e+00 1.834701876310961821e-01
3.273115799999999798e+00 1.820658929779623847e-01
3.279248200000000057e+00 1.805996568411425141e-01
3.285380599999999873e+00 1.790789123469879451e-01
3.291509000000000018e+00 1.775153241881050059e-01
3.297641399999999834e+00 1.759200947088303546e-01
3.303773800000000094e+00 1.743093989615798201e-01
3.309906199999999910e+00 1.726995361150930330e-01
3.316034600000000054e+00 1.711081362121934513e-01
3.322166999999999870e+00 1.695491826105903210e-01
3.328299400000000130e+00 1.680384661632042254e-01
3.334427799999999831e+00 1.665896130881779902e-01
3.340560200000000091e+00 1.652107833427826633e-01
3.346692599999999906e+00 1.639098895436098269e-01
3.352825000000000166e+00 1.626904614498251023e-01
3.358953399999999867e+00 1.615531984852864866e-01
3.365085800000000127e+00 1.604931025678438816e-01
3.371218199999999943e+00 1.595041479216851299e-01
3.377350600000000203e+00 1.585766388117568759e-01
3.383478999999999903e+00 1.576990549035945099e-01
3.389611400000000163e+00 1.568564220195315384e-01
3.395743799999999979e+00 1.560344406368298076e-01
3.401876300000000075e+00 1.552179064860517155e-01
3.408004599999999940e+00 1.543926612763861228e-01
3.414137000000000199e+00 1.535440181090355627e-01
3.420269400000000015e+00 1.526607639778376491e-01
3.426397800000000160e+00 1.517341276101634162e-01
3.432530199999999976e+00 1.507563045671508617e-01
3.438662599999999792e+00 1.497243613083865665e-01
3.444795099999999888e+00 1.486379582092854368e-01
3.450923400000000196e+00 1.475007529377962701e-01
3.457055800000000012e+00 1.463170231390800713e-01
3.463188199999999828e+00 1.450959714728739525e-01
3.469320699999999924e+00 1.438482139733221477e-01
3.475448999999999788e+00 1.425868886025204729e-01
3.481581400000000048e+00 1.413235109182593707e-01
3.487713900000000145e+00 1.400724371505078780e-01
3.493842200000000009e+00 1.388476775946096420e-01
3.499974599999999825e+00 1.376597010904988261e-01
3.506107000000000085e+00 1.365198540409271744e-01
3.512239500000000181e+00 1.354365147139236225e-01
3.518367800000000045e+00 1.344162620935046015e-01
3.524500199999999861e+00 1.334608211010920864e-01
3.530632699999999957e+00 1.325710991427630492e-01
3.536765100000000217e+00 1.317444744569403192e-01
3.542893400000000081e+00 1.309760766616974159e-01
3.549025799999999897e+00 1.302571287981639514e-01
3.555158299999999993e+00 1.295784118286331110e-01
3.561290699999999809e+00 1.289287250853340949e-01
3.567419000000000118e+00 1.282963463156814310e-01
3.573551500000000214e+00 1.276679969913671886e-01
3.579683900000000030e+00 1.270320145302841208e-01
3.585812199999999894e+00 1.263776363556833593e-01
3.591944600000000154e+00 1.256942441566487600e-01
3.598077099999999806e+00 1.249744186943566038e-01
3.604209500000000066e+00 1.242126164896044660e-01
3.610337799999999930e+00 1.234063265547544336e-01
3.616470300000000027e+00 1.225540275296252424e-01
3.622602699999999842e+00 1.216584511951307040e-01
3.628735100000000102e+00 1.207242262678540484e-01
3.634863399999999967e+00 1.197588453147680337e-01
3.640995900000000063e+00 1.187696565137147109e-01
3.647128299999999879e+00 1.177673552422798114e-01
3.653260700000000138e+00 1.167627997788922428e-01
3.659389099999999839e+00 1.157678017103103835e-01
3.665521500000000099e+00 1.147919558515746591e-01
3.671653899999999915e+00 1.138460072706848208e-01
3.677782199999999779e+00 1.129393379725790181e-01
3.683914699999999876e+00 1.120777842608301211e-01
3.690047100000000135e+00 1.112670078555652864e-01
3.696179499999999951e+00 1.105097280837180895e-01
3.702307900000000096e+00 1.098067321359189052e-01
3.708440299999999912e+00 1.091550726786926079e-01
3.714572700000000172e+00 1.085509476927182249e-01
3.720705099999999987e+00 1.079880691299839740e-01
3.726833500000000132e+00 1.074588109871967012e-01
3.732965899999999948e+00 1.069532645732678977e-01
3.739098300000000208e+00 1.064617729986109818e-01
3.745226699999999909e+00 1.059743574783255093e-01
3.751359100000000169e+00 1.054803152512707454e-01
3.757491499999999984e+00 1.049706122952998866e-01
3.763623899999999800e+00 1.044370681314470417e-01
3.769752299999999945e+00 1.038734410813495213e-01
3.775884700000000205e+00 1.032742422571221869e-01
3.782017100000000021e+00 1.026371474322810007e-01
3.788149499999999836e+00 1.019616537068888801e-01
3.794277899999999981e+00 1.012499071675572737e-01
3.800410299999999797e+00 1.005047063083257530e-01
3.806542700000000057e+00 9.973207933180461282e-02
3.812675099999999873e+00 9.893914536157569217e-02
3.818803500000000017e+00 9.813471912965811284e-02
3.824935899999999833e+00 9.732677341998663412e-02
3.831068300000000093e+00 9.652513884857148729e-02
3.837196699999999794e+00 9.573944317128031678e-02
3.843329100000000054e+00 9.497713921037713447e-02
3.849461499999999869e+00 9.424617532968387890e-02
3.855593900000000129e+00 9.355256983537753313e-02
3.861722299999999830e+00 9.290105788511471285e-02
3.867854700000000090e+00 9.229322299153103204e-02
3.873987099999999906e+00 9.172995174100123661e-02
3.880119600000000002e+00 9.120969548868088084e-02
3.886247899999999866e+00 9.072935123664144230e-02
3.892380300000000126e+00 9.028314480419649679e-02
3.898512699999999942e+00 8.986486177462524316e-02
3.904641100000000087e+00 8.946712540809537151e-02
3.910773499999999903e+00 8.908109675786977932e-02
3.916905900000000162e+00 8.869844351050787390e-02
3.923038399999999815e+00 8.831071594526165858e-02
3.929166700000000123e+00 8.791032639333812293e-02
3.935299099999999939e+00 8.748981316787246554e-02
3.941431500000000199e+00 8.704379542191173491e-02
3.947563999999999851e+00 8.656816404793453434e-02
3.953692300000000159e+00 8.606090858670985277e-02
3.959824699999999975e+00 8.552078573401723782e-02
3.965957200000000071e+00 8.494937912715699868e-02
3.972089599999999887e+00 8.434970763271382177e-02
3.978217900000000196e+00 8.372674916301700576e-02
3.984350300000000011e+00 8.308554578819052350e-02
3.990482800000000108e+00 8.243338093691524038e-02
3.996611099999999972e+00 8.177824872724831495e-02
4.002743500000000232e+00 8.112705934660127682e-02
4.008875999999999884e+00 8.048791689505711833e-02
4.015008400000000144e+00 7.986801221703090925e-02
4.021136699999999564e+00 7.927403448337612402e-02
4.027269200000000104e+00 7.871032736575105104e-02
4.033401600000000364e+00 7.818106126891666285e-02
4.039533999999999736e+00 7.768839646738706639e-02
4.045662300000000045e+00 7.723312923847060196e-02
4.051794799999999697e+00 7.681347679569178188e-02
4.057927199999999957e+00 7.642700703332232226e-02
4.064059600000000216e+00 7.606950947127938401e-02
4.070187999999999917e+00 7.573577617088794733e-02
