3.577503900000000153e-02 1.020332287616642475e+02 1.010114987324038438e+01 1.010114987324038438e+01
4.190623799999999843e-02 9.267213493560994664e+01 9.626636740607279918e+00 9.626636740607279918e+00
4.803784500000000263e-02 8.732466102891031312e+01 9.344766504782787919e+00 9.344766504782787919e+00
5.416904399999999953e-02 8.619957193964943087e+01 9.284372458042032150e+00 9.284372458042032150e+00
6.030024300000000337e-02 9.103784521480919523e+01 9.541375436215115968e+00 9.541375436215115968e+00
6.643184900000000115e-02 9.299198850906817881e+01 9.643235375591958203e+00 9.643235375591958203e+00
7.256304800000000499e-02 9.100293935033339210e+01 9.539546076744604974e+00 9.539546076744604974e+00
7.869424699999999495e-02 9.213597175234666281e+01 9.598748447185531774e+00 9.598748447185531774e+00
8.482544599999999879e-02 9.525309866051738084e+01 9.759769395867783359e+00 9.759769395867783359e+00
9.095705299999999605e-02 9.472361669975865084e+01 9.732605853509051386e+00 9.732605853509051386e+00
9.708825199999999989e-02 9.122642782486977353e+01 9.551252683542079680e+00 9.551252683542079680e+00
1.032198599999999966e-01 8.970413486884753240e+01 9.471226682370533112e+00 9.471226682370533112e+00
1.093510599999999999e-01 9.032894459095308548e+01 9.504154070244920760e+00 9.504154070244920760e+00
1.154822600000000032e-01 9.046599205601938820e+01 9.511361209417891871e+00 9.511361209417891871e+00
1.216134600000000066e-01 8.920815925407629265e+01 9.445007107148002845e+00 9.445007107148002845e+00
1.277450599999999936e-01 8.670696894892675743e+01 9.311657690708285529e+00 9.311657690708285529e+00
1.338762599999999969e-01 8.332773180073307628e+01 9.128402478020625210e+00 9.128402478020625210e+00
1.400074600000000002e-01 7.963917910293535840e+01 8.924078613668491755e+00 8.924078613668491755e+00
1.461390700000000098e-01 7.630551948641490867e+01 8.735303056357857088e+00 8.735303056357857088e+00
1.522702700000000131e-01 7.395664562103713990e+01 8.599804975755969139e+00 8.599804975755969139e+00
1.584014599999999939e-01 7.271755993480675784e+01 8.527459172274397758e+00 8.527459172274397758e+00
1.645330700000000035e-01 7.236723850267770786e+01 8.506893587125544443e+00 8.506893587125544443e+00
1.706642700000000068e-01 7.258143318784081544e+01 8.519473762377627324e+00 8.519473762377627324e+00
1.767954700000000101e-01 7.302583972496823606e+01 8.545515767053982970e+00 8.545515767053982970e+00
1.829270799999999919e-01 7.341896103273253971e+01 8.568486507705578958e+00 8.568486507705578958e+00
1.890582799999999952e-01 7.357023165863584779e+01 8.577309115254960759e+00 8.577309115254960759e+00
1.951894700000000038e-01 7.333938121140270994e+01 8.563841498498364402e+00 8.563841498498364402e+00
2.013210800000000134e-01 7.263620808935566231e+01 8.522687844181298544e+00 8.522687844181298544e+00
2.074522799999999889e-01 7.154232074125231122e+01 8.458269370341211513e+00 8.458269370341211513e+00
2.135834799999999922e-01 7.021195489087442354e+01 8.379257418821456582e+00 8.379257418821456582e+00
2.197146799999999955e-01 6.879471739248964468e+01 8.294258097774005023e+00 8.294258097774005023e+00
2.258462800000000104e-01 6.740424698774620538e+01 8.210008951745802364e+00 8.210008951745802364e+00
2.319774800000000137e-01 6.608373085092964061e+01 8.129190048887382503e+00 8.129190048887382503e+00
2.381086799999999892e-01 6.483634027392892563e+01 8.052101606036087489e+00 8.052101606036087489e+00
2.442402899999999988e-01 6.363874276305097055e+01 7.977389470437742602e+00 7.977389470437742602e+00
2.503714899999999743e-01 6.246756152132255835e+01 7.903642294621040953e+00 7.903642294621040953e+00
2.565026899999999777e-01 6.130572071832111902e+01 7.829796978103654048e+00 7.829796978103654048e+00
2.626342899999999925e-01 6.013344215492905676e+01 7.754575562526233590e+00 7.754575562526233590e+00
2.687654899999999958e-01 5.892880439352382638e+01 7.676509909687072586e+00 7.676509909687072586e+00
2.748966899999999991e-01 5.768011644753169520e+01 7.594742684747896710e+00 7.594742684747896710e+00
2.810283000000000087e-01 5.638294023056177906e+01 7.508857451740696298e+00 7.508857451740696298e+00
2.871595000000000120e-01 5.504525396449640340e+01 7.419248881422997322e+00 7.419248881422997322e+00
2.932907000000000153e-01 5.367759744842108915e+01 7.326499672314269240e+00 7.326499672314269240e+00
2.994222999999999746e-01 5.229085580595562277e+01 7.231241650363761764e+00 7.231241650363761764e+00
3.055534999999999779e-01 5.089778627327226701e+01 7.134268446958823340e+00 7.134268446958823340e+00
3.116846999999999812e-01 4.951280201526012803e+01 7.036533380526246440e+00 7.036533380526246440e+00
3.178163099999999908e-01 4.814044415664281473e+01 6.938331511007730157e+00 6.938331511007730157e+00
3.239475099999999941e-01 4.677693842913122779e+01 6.839366814927477556e+00 6.839366814927477556e+00
3.300787099999999974e-01 4.541782319010954438e+01 6.739274678339616464e+00 6.739274678339616464e+00
3.362103100000000122e-01 4.405925940454184087e+01 6.637714923416178081e+00 6.637714923416178081e+00
3.423415100000000155e-01 4.269808679411656982e+01 6.534377307296891146e+00 6.534377307296891146e+00
3.484727100000000188e-01 4.133103113510759385e+01 6.428921459709053821e+00 6.428921459709053821e+00
3.546039100000000222e-01 3.995973726477347299e+01 6.321371470240731760e+00 6.321371470240731760e+00
3.607355199999999762e-01 3.859318094579306546e+01 6.212341019760027727e+00 6.212341019760027727e+00
3.668667099999999848e-01 3.723991399409020175e+01 6.102451474128262277e+00 6.102451474128262277e+00
3.729979099999999881e-01 3.590763644439604718e+01 5.992298093753017696e+00 5.992298093753017696e+00
3.791295199999999976e-01 3.460312055730405945e+01 5.882441717289178307e+00 5.882441717289178307e+00
3.852607200000000010e-01 3.333282319024337426e+01 5.773458512039674417e+00 5.773458512039674417e+00
3.913919200000000043e-01 3.210281857999238753e+01 5.665934925499267472e+00 5.665934925499267472e+00
3.975235200000000191e-01 3.091557294099841968e+01 5.560177419920916186e+00 5.560177419920916186e+00
4.036547200000000224e-01 2.976922934563549816e+01 5.456118523789187158e+00 5.456118523789187158e+00
4.097842899999999955e-01 2.866183660972287939e+01 5.353675056418990330e+00 5.353675056418990330e+00
4.159167100000000228e-01 2.759093814312727844e+01 5.252707696334080190e+00 5.252707696334080190e+00
4.220491399999999893e-01 2.655390864470158974e+01 5.153048480724938152e+00 5.153048480724938152e+00
4.281815600000000166e-01 2.554761471028617592e+01 5.054464829265921111e+00 5.054464829265921111e+00
4.343099000000000265e-01 2.456928708562044861e+01 4.956741579467347059e+00 4.956741579467347059e+00
4.404423299999999930e-01 2.361609361285862363e+01 4.859639247193007883e+00 4.859639247193007883e+00
4.465747500000000203e-01 2.268749383954514443e+01 4.763139074134319806e+00 4.763139074134319806e+00
4.527071699999999921e-01 2.178409754360879447e+01 4.667343735317636799e+00 4.667343735317636799e+00
4.588355199999999967e-01 2.090650107841828387e+01 4.572362745716735510e+00 4.572362745716735510e+00
4.649679400000000240e-01 2.005519543718244435e+01 4.478302740680049965e+00 4.478302740680049965e+00
4.711003599999999958e-01 1.923069550733265842e+01 4.385281690762026230e+00 4.385281690762026230e+00
4.772287100000000004e-01 1.843349956308977156e+01 4.293425155175034647e+00 4.293425155175034647e+00
4.833611300000000277e-01 1.766403328588534549e+01 4.202860131611013905e+00 4.202860131611013905e+00
4.894935499999999995e-01 1.692289786235709670e+01 4.113744992383107757e+00 4.113744992383107757e+00
4.956259700000000268e-01 1.621031119750982441e+01 4.026203074549249195e+00 4.026203074549249195e+00
5.017543199999999759e-01 1.552611090290026929e+01 3.940318629616172075e+00 3.940318629616172075e+00
5.078867400000000032e-01 1.487001950834991071e+01 3.856166426433111027e+00 3.856166426433111027e+00
5.140191600000000305e-01 1.424168815433066015e+01 3.773816126195162379e+00 3.773816126195162379e+00
5.201515799999999468e-01 1.364053181720712615e+01 3.693309060613141348e+00 3.693309060613141348e+00
5.262799299999999514e-01 1.306611610356463871e+01 3.614708301310721072e+00 3.614708301310721072e+00
5.324123499999999787e-01 1.251784430402091530e+01 3.538056571625292079e+00 3.538056571625292079e+00
5.385447700000000060e-01 1.199502526007466940e+01 3.463383498845409303e+00 3.463383498845409303e+00
5.446771900000000333e-01 1.149717673788343042e+01 3.390748698721778087e+00 3.390748698721778087e+00
5.508055400000000379e-01 1.102334922565724362e+01 3.320142952593644559e+00 3.320142952593644559e+00
5.569379599999999542e-01 1.057248342988860124e+01 3.251535549534804392e+00 3.251535549534804392e+00
5.630703799999999815e-01 1.014313186223176544e+01 3.184828388191703663e+00 3.184828388191703663e+00
5.691987299999999861e-01 9.733985463094633417e+00 3.119933567096362825e+00 3.119933567096362825e+00
5.753311500000000134e-01 9.343713086486964414e+00 3.056748777130198658e+00 3.056748777130198658e+00
5.814635700000000407e-01 8.971081241713111609e+00 2.995176328985175385e+00 2.995176328985175385e+00
5.875959899999999569e-01 8.614853652279018448e+00 2.935107093834740777e+00 2.935107093834740777e+00
5.937243399999999616e-01 8.273859820172932089e+00 2.876431786115035472e+00 2.876431786115035472e+00
5.998567599999999889e-01 7.946903718488517399e+00 2.819025313559372137e+00 2.819025313559372137e+00
6.059891800000000162e-01 7.632885935821384749e+00 2.762767803457501170e+00 2.762767803457501170e+00
6.121216000000000435e-01 7.330690313979776107e+00 2.707524757777807878e+00 2.707524757777807878e+00
6.182499500000000481e-01 7.039304404032607820e+00 2.653168747749115042e+00 2.653168747749115042e+00
6.243823699999999643e-01 6.758038735523777873e+00 2.599622806393992569e+00 2.599622806393992569e+00
6.305147899999999916e-01 6.486651923956300969e+00 2.546890638397397044e+00 2.546890638397397044e+00
6.366472100000000189e-01 6.225014525405256904e+00 2.494997900881934072e+00 2.494997900881934072e+00
6.427755600000000236e-01 5.973074065037815572e+00 2.443987329148376464e+00 2.443987329148376464e+00
6.489079800000000509e-01 5.730729350949257395e+00 2.393894181234679674e+00 2.393894181234679674e+00
6.550403999999999671e-01 5.497937564483382111e+00 2.344768125952624516e+00 2.344768125952624516e+00
6.611687499999999718e-01 5.274641303451767627e+00 2.296658725943357737e+00 2.296658725943357737e+00
6.673011699999999990e-01 5.060790865528426608e+00 2.249620160277824965e+00 2.249620160277824965e+00
6.734335900000000263e-01 4.856327071500985859e+00 2.203707573953718857e+00 2.203707573953718857e+00
6.795660199999999929e-01 4.661210244710241923e+00 2.158983613812351710e+00 2.158983613812351710e+00
6.856943599999999472e-01 4.475403609837178109e+00 2.115514975091686178e+00 2.115514975091686178e+00
6.918267799999999745e-01 4.298886521522374160e+00 2.073375634447934157e+00 2.073375634447934157e+00
6.979592100000000521e-01 4.131563952419567087e+00 2.032624892207012035e+00 2.032624892207012035e+00
7.040916299999999683e-01 3.973070224922446769e+00 1.993256186475398151e+00 1.993256186475398151e+00
7.102199700000000337e-01 3.823011718373747314e+00 1.955252341354881906e+00 1.955252341354881906e+00
7.163523899999999500e-01 3.680993598989661386e+00 1.918591566485598143e+00 1.918591566485598143e+00
7.224848200000000276e-01 3.546625091978546251e+00 1.883248547584345234e+00 1.883248547584345234e+00
7.286131599999999819e-01 3.419456692879143223e+00 1.849177301634200576e+00 1.849177301634200576e+00
7.347455800000000092e-01 3.299039538314813669e+00 1.816325834842089648e+00 1.816325834842089648e+00
7.408780099999999758e-01 3.184918535837274689e+00 1.784634006130465522e+00 1.784634006130465522e+00
7.470104300000000030e-01 3.076650362723793997e+00 1.754038301384492016e+00 1.754038301384492016e+00
7.531387699999999574e-01 2.973794575424363540e+00 1.724469360535107798e+00 1.724469360535107798e+00
7.592712000000000350e-01 2.875972424153384832e+00 1.695869223776817369e+00 1.695869223776817369e+00
7.654036199999999512e-01 2.782789119927881138e+00 1.668169391856798578e+00 1.668169391856798578e+00
7.715360399999999785e-01 2.693852354269200777e+00 1.641295937443702169e+00 1.641295937443702169e+00
7.776643899999999832e-01 2.608782805106350189e+00 1.615172685847042766e+00 1.615172685847042766e+00
7.837968100000000105e-01 2.527293015822525746e+00 1.589746211136395804e+00 1.589746211136395804e+00
7.899292300000000377e-01 2.449198465924689039e+00 1.564991522636684840e+00 1.564991522636684840e+00
7.960616499999999540e-01 2.374326401373425988e+00 1.540884940991190888e+00 1.540884940991190888e+00
8.021899999999999586e-01 2.302516728750870545e+00 1.517404602850166206e+00 1.517404602850166206e+00
8.083224199999999859e-01 2.233590052586395203e+00 1.494520007422582175e+00 1.494520007422582175e+00
8.144548400000000132e-01 2.167399032270171055e+00 1.472208895595380929e+00 1.472208895595380929e+00
8.205831900000000179e-01 2.103757606036816608e+00 1.450433592425663720e+00 1.450433592425663720e+00
8.267156100000000452e-01 2.042509341544467283e+00 1.429163860984620449e+00 1.429163860984620449e+00
8.328480299999999614e-01 1.983498865139802891e+00 1.408367446776516152e+00 1.408367446776516152e+00
8.389804499999999887e-01 1.926600265779428778e+00 1.388020268504544852e+00 1.388020268504544852e+00
8.451087999999999933e-01 1.871717480638410036e+00 1.368107262110105804e+00 1.368107262110105804e+00
8.512412200000000206e-01 1.818782986033885107e+00 1.348622625508665074e+00 1.348622625508665074e+00
8.573736400000000479e-01 1.767689519782938090e+00 1.329544854370448892e+00 1.329544854370448892e+00
8.635060599999999642e-01 1.718338674978511005e+00 1.310854177617980065e+00 1.310854177617980065e+00
8.696344099999999688e-01 1.670661095315110201e+00 1.292540558479736923e+00 1.292540558479736923e+00
8.757668299999999961e-01 1.624556547539868667e+00 1.274580930164839865e+00 1.274580930164839865e+00
8.818992500000000234e-01 1.579973993739907989e+00 1.256970164220260200e+00 1.256970164220260200e+00
8.880316700000000507e-01 1.536861442454387161e+00 1.239702158768140272e+00 1.239702158768140272e+00
8.941600200000000553e-01 1.495186374659399853e+00 1.222778137954469546e+00 1.222778137954469546e+00
9.002924399999999716e-01 1.454875841613005649e+00 1.206182341776319333e+00 1.206182341776319333e+00
9.064248599999999989e-01 1.415896308955713501e+00 1.189914412449783576e+00 1.189914412449783576e+00
9.125532100000000035e-01 1.378194244139675728e+00 1.173965180122338969e+00 1.173965180122338969e+00
9.186856300000000308e-01 1.341716165470877353e+00 1.158324723672458534e+00 1.158324723672458534e+00
9.248180499999999471e-01 1.306408724634909646e+00 1.142982381594270125e+00 1.142982381594270125e+00
9.309504699999999744e-01 1.272238372166815346e+00 1.127935446808377984e+00 1.127935446808377984e+00
9.370788199999999790e-01 1.239142519015221211e+00 1.113167785652828368e+00 1.113167785652828368e+00
9.432112400000000063e-01 1.207068796948376210e+00 1.098666827090167608e+00 1.098666827090167608e+00
9.493436600000000336e-01 1.175995130985366677e+00 1.084433091981873654e+00 1.084433091981873654e+00
9.554760799999999499e-01 1.145890097568560195e+00 1.070462562432035858e+00 1.070462562432035858e+00
9.616044299999999545e-01 1.116713130381259411e+00 1.056746483496046274e+00 1.056746483496046274e+00
9.677368499999999818e-01 1.088453720199641594e+00 1.043289854354791268e+00 1.043289854354791268e+00
9.738692700000000091e-01 1.061062462442167176e+00 1.030078862244132809e+00 1.030078862244132809e+00
9.799976200000000137e-01 1.034519928848656845e+00 1.017113528003957379e+00 1.017113528003957379e+00
9.861300400000000410e-01 1.008797291727768775e+00 1.004389014141318093e+00 1.004389014141318093e+00
9.922624599999999573e-01 9.838800181053665161e-01 9.919072628554377324e-01 9.919072628554377324e-01
9.983948900000000348e-01 9.597436210246631516e-01 9.796650555290125073e-01 9.796650555290125073e-01
1.004523199999999949e+00 9.363688526450647531e-01 9.676615382689676137e-01 9.676615382689676137e-01
1.010655700000000046e+00 9.137372855801346727e-01 9.558960642141668407e-01 9.558960642141668407e-01
1.016788100000000084e+00 8.918265704853699516e-01 9.443656974315458585e-01 9.443656974315458585e-01
1.022920499999999899e+00 8.706181227443873238e-01 9.330691950463199102e-01 9.330691950463199102e-01
1.029048799999999986e+00 8.500911743613152050e-01 9.220038906432636017e-01 9.220038906432636017e-01
1.035181300000000082e+00 8.302256351046507499e-01 9.111671828510126137e-01 9.111671828510126137e-01
1.041313699999999898e+00 8.109992106320074168e-01 9.005549459261258383e-01 9.005549459261258383e-01
1.047446099999999936e+00 7.923912994490408535e-01 8.901636363326917989e-01 8.901636363326917989e-01
1.053574500000000080e+00 7.743800048410536263e-01 8.799886390408989678e-01 8.799886390408989678e-01
1.059706899999999896e+00 7.569421704249627014e-01 8.700242355388513316e-01 8.700242355388513316e-01
1.065839299999999934e+00 7.400573925535458564e-01 8.602658848016384585e-01 8.602658848016384585e-01
1.071967600000000020e+00 7.237010695715319075e-01 8.507062181338114204e-01 8.507062181338114204e-01
1.078100099999999895e+00 7.078504808280954297e-01 8.413385054947237762e-01 8.413385054947237762e-01
1.084232499999999932e+00 6.924837259409293289e-01 8.321560706627869619e-01 8.321560706627869619e-01
1.090364899999999970e+00 6.775769148944305043e-01 8.231506028026891464e-01 8.231506028026891464e-01
1.096493299999999893e+00 6.631070759212295274e-01 8.143138681867265749e-01 8.143138681867265749e-01
1.102625699999999931e+00 6.490523448182993205e-01 8.056378496683850310e-01 8.056378496683850310e-01
1.108758099999999969e+00 6.353948789860196511e-01 7.971166031303197341e-01 7.971166031303197341e-01
1.114890500000000007e+00 6.221169454849564406e-01 7.887439036119116009e-01 7.887439036119116009e-01
1.121018899999999929e+00 6.092069442048440031e-01 7.805171005204459833e-01 7.805171005204459833e-01
1.127151299999999967e+00 5.966554673387761687e-01 7.724347657496885011e-01 7.724347657496885011e-01
1.133283700000000005e+00 5.844492800495325602e-01 7.644928253747922398e-01 7.644928253747922398e-01
1.139416100000000043e+00 5.725813332387078569e-01 7.566910421292879496e-01 7.566910421292879496e-01
1.145544499999999966e+00 5.610378009204728400e-01 7.490245662997128129e-01 7.490245662997128129e-01
1.151676900000000003e+00 5.498119895846546035e-01 7.414930812790194725e-01 7.414930812790194725e-01
1.157809300000000041e+00 5.388923730718243599e-01 7.340928913099651343e-01 7.340928913099651343e-01
1.163937699999999964e+00 5.282685407600098415e-01 7.268208450230426720e-01 7.268208450230426720e-01
1.170070100000000002e+00 5.179321548845762235e-01 7.196750342234863318e-01 7.196750342234863318e-01
1.176202500000000040e+00 5.078729307925993197e-01 7.126520404745918524e-01 7.126520404745918524e-01
1.182334900000000077e+00 4.980815869133934926e-01 7.057489545960330402e-01 7.057489545960330402e-01
1.188463300000000000e+00 4.885478391510940099e-01 6.989619726073043049e-01 6.989619726073043049e-01
1.194595700000000038e+00 4.792633076589017938e-01 6.922884569736099669e-01 6.922884569736099669e-01
1.200728100000000076e+00 4.702185828765628739e-01 6.857248594564462341e-01 6.857248594564462341e-01
1.206860499999999892e+00 4.614051289374239695e-01 6.792680832612584263e-01 6.792680832612584263e-01
1.212988900000000037e+00 4.528162850982102028e-01 6.729162541492145211e-01 6.729162541492145211e-01
1.219121300000000074e+00 4.444413139428073367e-01 6.666643187863043885e-01 6.666643187863043885e-01
1.225253699999999890e+00 4.362723272462271651e-01 6.605091424395480582e-01 6.605091424395480582e-01
1.231382100000000035e+00 4.283013251217544504e-01 6.544473432765652854e-01 6.544473432765652854e-01
1.237514500000000073e+00 4.205192239907666329e-01 6.484745361159269805e-01 6.484745361159269805e-01
1.243646900000000111e+00 4.129168105854069681e-01 6.425860336059343592e-01 6.425860336059343592e-01
1.249779299999999926e+00 4.054878061693218405e-01 6.367792444555034903e-01 6.367792444555034903e-01
1.255907700000000071e+00 3.982258515576115321e-01 6.310513858297210898e-01 6.310513858297210898e-01
1.262040100000000109e+00 3.911255524805444805e-01 6.254003137835353332e-01 6.254003137835353332e-01
1.268172499999999925e+00 3.841805032802399489e-01 6.198229612399334121e-01 6.198229612399334121e-01
1.274305000000000021e+00 3.773862886287599472e-01 6.143177424010801690e-01 6.143177424010801690e-01
1.280433300000000107e+00 3.707365094491105739e-01 6.088813590914986529e-01 6.088813590914986529e-01
1.286565699999999923e+00 3.642278246207276138e-01 6.035129034417803240e-01 6.035129034417803240e-01
1.292698099999999961e+00 3.578569481289362031e-01 5.982114577044944648e-01 5.982114577044944648e-01
1.298830600000000057e+00 3.516196347521147736e-01 5.929752395776022311e-01 5.929752395776022311e-01
1.304958899999999922e+00 3.455127546075542067e-01 5.878033298711008436e-01 5.878033298711008436e-01
1.311091299999999960e+00 3.395332572971965224e-01 5.826948234686802897e-01 5.826948234686802897e-01
1.317223800000000056e+00 3.336771575465880546e-01 5.776479529493617759e-01 5.776479529493617759e-01
1.323352099999999920e+00 3.279425697732853973e-01 5.726627015733479764e-01 5.726627015733479764e-01
1.329484499999999958e+00 3.223256564660383350e-01 5.677373129062756041e-01 5.677373129062756041e-01
1.335616899999999996e+00 3.168226726428200468e-01 5.628700317505098694e-01 5.628700317505098694e-01
1.341749400000000092e+00 3.114318803131548852e-01 5.580608213386376582e-01 5.580608213386376582e-01
1.347877699999999956e+00 3.061495910445025115e-01 5.533078628074089567e-01 5.533078628074089567e-01
1.354010099999999994e+00 3.009731181323722082e-01 5.486101695488083685e-01 5.486101695488083685e-01
1.360142600000000090e+00 2.958987927052704192e-01 5.439658010438436220e-01 5.439658010438436220e-01
1.366274999999999906e+00 2.909249082058801283e-01 5.393745527978495158e-01 5.393745527978495158e-01
1.372403299999999993e+00 2.860477198433977186e-01 5.348342919478871194e-01 5.348342919478871194e-01
1.378535700000000030e+00 2.812644817384043483e-01 5.303437392280636598e-01 5.303437392280636598e-01
1.384668199999999905e+00 2.765723664703348406e-01 5.259014798137906510e-01 5.259014798137906510e-01
1.390800599999999942e+00 2.719685059529908244e-01 5.215059980028905473e-01 5.215059980028905473e-01
1.396928900000000029e+00 2.674529551962088192e-01 5.171585397111884141e-01 5.171585397111884141e-01
1.403061399999999903e+00 2.630207486522528337e-01 5.128554851537154846e-01 5.128554851537154846e-01
1.409193799999999941e+00 2.586718470678155413e-01 5.085979227914871892e-01 5.085979227914871892e-01
1.415322100000000027e+00 2.544041658144861606e-01 5.043849381320640868e-01 5.043849381320640868e-01
1.421454500000000065e+00 2.502145939788817386e-01 5.002145479480597512e-01 5.002145479480597512e-01
1.427586999999999939e+00 2.461029647192104486e-01 4.960876583016457508e-01 4.960876583016457508e-01
1.433719399999999977e+00 2.420661127151830794e-01 4.920021470635906335e-01 4.920021470635906335e-01
1.439847700000000064e+00 2.381028521087774907e-01 4.879578384540794178e-01 4.879578384540794178e-01
1.445980199999999938e+00 2.342129799980028071e-01 4.839555558085915643e-01 4.839555558085915643e-01
1.452112599999999976e+00 2.303953269307934815e-01 4.799951321948937033e-01 4.799951321948937033e-01
1.458245000000000013e+00 2.266477243024005161e-01 4.760753346923158325e-01 4.760753346923158325e-01
1.464373300000000100e+00 2.229690170914341296e-01 4.721959520066157379e-01 4.721959520066157379e-01
1.470505799999999974e+00 2.193571358815790684e-01 4.683557791696170147e-01 4.683557791696170147e-01
1.476638200000000012e+00 2.158119777251847060e-01 4.645556777450736141e-01 4.645556777450736141e-01
1.482766500000000098e+00 2.123315227010322548e-01 4.607944473417971420e-01 4.607944473417971420e-01
1.488898999999999972e+00 2.089137834173110109e-01 4.570708735166910675e-01 4.570708735166910675e-01
1.495031400000000010e+00 2.055588044697917727e-01 4.533859332509024287e-01 4.533859332509024287e-01
1.501163800000000048e+00 2.022646710837045780e-01 4.497384474155001199e-01 4.497384474155001199e-01
1.507292099999999913e+00 1.990284805639954135e-01 4.461260814657616591e-01 4.461260814657616591e-01
1.513424600000000009e+00 1.958523807661603500e-01 4.425521220897718488e-01 4.425521220897718488e-01
1.519557000000000047e+00 1.927335056419942350e-01 4.390142430969571907e-01 4.390142430969571907e-01
1.525689400000000084e+00 1.896729964687293435e-01 4.355146340465832488e-01 4.355146340465832488e-01
1.531817800000000007e+00 1.866700042117873659e-01 4.320532423345384010e-01 4.320532423345384010e-01
1.537950200000000045e+00 1.837226927584356129e-01 4.286288519901986227e-01 4.286288519901986227e-01
1.544082600000000083e+00 1.808321614568341174e-01 4.252436495197007837e-01 4.252436495197007837e-01
1.550214999999999899e+00 1.779975438446244618e-01 4.218975513612569506e-01 4.218975513612569506e-01
1.556343400000000043e+00 1.752169247041893974e-01 4.185892075820749070e-01 4.185892075820749070e-01
1.562475800000000081e+00 1.724913630462392433e-01 4.153207953452839885e-01 4.153207953452839885e-01
1.568608199999999897e+00 1.698179178834970937e-01 4.120896964054028278e-01 4.120896964054028278e-01
1.574736600000000042e+00 1.671955795021852764e-01 4.088955606290990974e-01 4.088955606290990974e-01
1.580869000000000080e+00 1.646243457272915378e-01 4.057392583017960241e-01 4.057392583017960241e-01
1.587001399999999895e+00 1.621031781992819942e-01 4.026203896964012374e-01 4.026203896964012374e-01
1.593133799999999933e+00 1.596300263319822554e-01 3.995372652606791197e-01 3.995372652606791197e-01
1.599262200000000078e+00 1.572038135964254069e-01 3.964893612651232413e-01 3.964893612651232413e-01
1.605394599999999894e+00 1.548234629344062696e-01 3.934761275279686776e-01 3.934761275279686776e-01
1.611526999999999932e+00 1.524878686625850410e-01 3.904969509004968531e-01 3.904969509004968531e-01
1.617659399999999970e+00 1.501959564573180084e-01 3.875512307519071720e-01 3.875512307519071720e-01
1.623787799999999892e+00 1.479456163687182524e-01 3.846369929800281806e-01 3.846369929800281806e-01
1.629920199999999930e+00 1.457377619255376677e-01 3.817561550591394015e-01 3.817561550591394015e-01
1.636052599999999968e+00 1.435693474026001892e-01 3.789054597160090854e-01 3.789054597160090854e-01
1.642180999999999891e+00 1.414392928402698757e-01 3.760841565930023167e-01 3.760841565930023167e-01
1.648313399999999929e+00 1.393485659798969212e-01 3.732942083396110222e-01 3.732942083396110222e-01
1.654445799999999966e+00 1.372931594968374858e-01 3.705309157099276329e-01 3.705309157099276329e-01
1.660578200000000004e+00 1.352740543443519405e-01 3.677962130641803662e-01 3.677962130641803662e-01
1.666706599999999927e+00 1.332892741937958536e-01 3.650880362238618226e-01 3.650880362238618226e-01
1.672838999999999965e+00 1.313378821760768367e-01 3.624056872843979260e-01 3.624056872843979260e-01
1.678971400000000003e+00 1.294179154101089968e-01 3.597470158460094880e-01 3.597470158460094880e-01
1.685103800000000041e+00 1.275304309445575712e-01 3.571140307304622730e-01 3.571140307304622730e-01
1.691232199999999963e+00 1.256735182947675833e-01 3.545046096946661285e-01 3.545046096946661285e-01
1.697364600000000001e+00 1.238452559574506479e-01 3.519165468650922168e-01 3.519165468650922168e-01
1.703497000000000039e+00 1.220457295635295203e-01 3.493504394780826972e-01 3.493504394780826972e-01
1.709629499999999913e+00 1.202740086264340175e-01 3.468054333865517869e-01 3.468054333865517869e-01
1.715757800000000000e+00 1.185291752991589620e-01 3.442806635568703699e-01 3.442806635568703699e-01
1.721890200000000037e+00 1.168112817966763944e-01 3.417766548444706176e-01 3.417766548444706176e-01
1.728022600000000075e+00 1.151183952873843092e-01 3.392910185775395715e-01 3.392910185775395715e-01
1.734150999999999998e+00 1.134515254977700727e-01 3.368256603909061675e-01 3.368256603909061675e-01
1.740283400000000036e+00 1.118087370729018704e-01 3.343781348606721937e-01 3.343781348606721937e-01
1.746415800000000074e+00 1.101900170376885202e-01 3.319488168945455286e-01 3.319488168945455286e-01
1.752548299999999948e+00 1.085953601635247512e-01 3.295381012318981395e-01 3.295381012318981395e-01
1.758676600000000034e+00 1.070237510555985261e-01 3.271448472093034798e-01 3.271448472093034798e-01
1.764809000000000072e+00 1.054761699965535426e-01 3.247709500502677926e-01 3.247709500502677926e-01
1.770941400000000110e+00 1.039515714288594544e-01 3.224152158767626397e-01 3.224152158767626397e-01
1.777073899999999984e+00 1.024489147070969386e-01 3.200764201047883173e-01 3.200764201047883173e-01
1.783202200000000071e+00 1.009681574949942567e-01 3.177548701357608696e-01 3.177548701357608696e-01
1.789334600000000108e+00 9.951023949382468980e-02 3.154524361830554624e-01 3.154524361830554624e-01
1.795467099999999983e+00 9.807331801294856544e-02 3.131665978563942798e-01 3.131665978563942798e-01
1.801599500000000020e+00 9.665853940751344131e-02 3.108995648236154152e-01 3.108995648236154152e-01
1.807727800000000107e+00 9.526446870206488338e-02 3.086494268617145376e-01 3.086494268617145376e-01
1.813860299999999981e+00 9.389187023381992403e-02 3.064178033891306607e-01 3.064178033891306607e-01
1.819992700000000019e+00 9.253932681753650191e-02 3.042027725342694722e-01 3.042027725342694722e-01
1.826121000000000105e+00 9.120761761217595354e-02 3.020059893647408233e-01 3.020059893647408233e-01
1.832253399999999921e+00 8.989674400605504601e-02 2.998278572882364101e-01 2.998278572882364101e-01
1.838385900000000017e+00 8.860571509460353490e-02 2.976671212858476578e-01 2.976671212858476578e-01
1.844518300000000055e+00 8.733494734684005278e-02 2.955248675608197484e-01 2.955248675608197484e-01
1.850646599999999919e+00 8.608446460739900552e-02 2.934015415900179113e-01 2.934015415900179113e-01
1.856779100000000016e+00 8.485350520453537049e-02 2.912962498978237114e-01 2.912962498978237114e-01
1.862911500000000053e+00 8.364290326760795424e-02 2.892108284065587065e-01 2.892108284065587065e-01
1.869043900000000091e+00 8.245210006884226561e-02 2.871447371428601514e-01 2.871447371428601514e-01
1.875172199999999956e+00 8.128113837805031605e-02 2.850984713709463492e-01 2.850984713709463492e-01
1.881304700000000052e+00 8.012926248831922504e-02 2.830711262003230422e-01 2.830711262003230422e-01
1.887437100000000090e+00 7.899750477972217189e-02 2.810649476183790796e-01 2.810649476183790796e-01
1.893569499999999906e+00 7.788510047114732826e-02 2.790790219116215387e-01 2.790790219116215387e-01
1.899697900000000050e+00 7.679167935554247204e-02 2.771131165346427117e-01 2.771131165346427117e-01
1.905830300000000088e+00 7.571785887494021650e-02 2.751687825225460071e-01 2.751687825225460071e-01
1.911962699999999904e+00 7.466285646682561949e-02 2.732450483848254952e-01 2.732450483848254952e-01
1.918090999999999990e+00 7.362707279207855726e-02 2.713430905552572936e-01 2.713430905552572936e-01
1.924223500000000087e+00 7.260971133569955882e-02 2.694618921771677056e-01 2.694618921771677056e-01
1.930355899999999902e+00 7.161176002665228801e-02 2.676037369444834169e-01 2.676037369444834169e-01
1.936488299999999940e+00 7.063200666672071748e-02 2.657668276266259566e-01 2.657668276266259566e-01
1.942616700000000085e+00 6.967082799697391082e-02 2.639523214464573053e-01 2.639523214464573053e-01
1.948749099999999901e+00 6.872800414870661179e-02 2.621602642444247344e-01 2.621602642444247344e-01
1.954881499999999939e+00 6.780310842608011646e-02 2.603903001766388892e-01 2.603903001766388892e-01
1.961013899999999976e+00 6.689631082935094952e-02 2.586432114503509627e-01 2.586432114503509627e-01
1.967142299999999899e+00 6.600658592522437584e-02 2.569174690931396721e-01 2.569174690931396721e-01
1.973274699999999937e+00 6.513411026069035326e-02 2.552138520156975177e-01 2.552138520156975177e-01
1.979407099999999975e+00 6.427845961649483741e-02 2.535319696142773194e-01 2.535319696142773194e-01
1.985535499999999898e+00 6.343941530134883378e-02 2.518718231588218393e-01 2.518718231588218393e-01
1.991667899999999936e+00 6.261636563799516386e-02 2.502326230490244385e-01 2.502326230490244385e-01
1.997800299999999973e+00 6.180890417914010337e-02 2.486139661787730437e-01 2.486139661787730437e-01
2.003932700000000011e+00 6.101722639383527075e-02 2.470166520577818658e-01 2.470166520577818658e-01
2.010061100000000156e+00 6.024073783297202722e-02 2.454398863937400643e-01 2.454398863937400643e-01
2.016193499999999972e+00 5.947884904699871772e-02 2.438828592726408062e-01 2.438828592726408062e-01
2.022325899999999788e+00 5.873117524406859524e-02 2.423451572531801212e-01 2.423451572531801212e-01
2.028458300000000047e+00 5.799813272707973755e-02 2.408280148302512913e-01 2.408280148302512913e-01
2.034586700000000192e+00 5.727894573951627932e-02 2.393302023136993917e-01 2.393302023136993917e-01
2.040719100000000008e+00 5.657343692778241118e-02 2.378517120556049580e-01 2.378517120556049580e-01
2.046851499999999824e+00 5.588123180582087873e-02 2.363921145170051474e-01 2.363921145170051474e-01
2.052983900000000084e+00 5.520215540997455705e-02 2.349513894616811205e-01 2.349513894616811205e-01
2.059112299999999784e+00 5.453582863403737269e-02 2.335290744940282104e-01 2.335290744940282104e-01
2.065244700000000044e+00 5.388167414906550740e-02 2.321242644556262280e-01 2.321242644556262280e-01
2.071377099999999860e+00 5.323990927866713296e-02 2.307377500078111043e-01 2.307377500078111043e-01
2.077505500000000005e+00 5.261014669370099595e-02 2.293690186003789766e-01 2.293690186003789766e-01
2.083637899999999821e+00 5.199179732509338903e-02 2.280170987559779205e-01 2.280170987559779205e-01
2.089770300000000081e+00 5.138446746736208964e-02 2.266814228545473153e-01 2.266814228545473153e-01
2.095902699999999896e+00 5.078815726412555520e-02 2.253622800384428859e-01 2.253622800384428859e-01
2.102031100000000041e+00 5.020226309649074292e-02 2.240586153141421732e-01 2.240586153141421732e-01
2.108163499999999857e+00 4.962677970814751566e-02 2.227706886198171088e-01 2.227706886198171088e-01
2.114295900000000117e+00 4.906149616991768714e-02 2.214982983454222565e-01 2.214982983454222565e-01
2.120428400000000213e+00 4.850540238178178976e-02 2.202394205899157187e-01 2.202394205899157187e-01
2.126556700000000077e+00 4.795907909460007251e-02 2.189956143273195099e-01 2.189956143273195099e-01
2.132689099999999893e+00 4.742131568726703356e-02 2.177643581655800686e-01 2.177643581655800686e-01
2.138821500000000153e+00 4.689269381449742008e-02 2.165472092050539921e-01 2.165472092050539921e-01
2.144949899999999854e+00 4.637239952765966067e-02 2.153425167672646523e-01 2.153425167672646523e-01
2.151082300000000114e+00 4.586061847208879744e-02 2.141509245184078092e-01 2.141509245184078092e-01
2.157214699999999930e+00 4.535614261642270661e-02 2.129698162097688197e-01 2.129698162097688197e-01
2.163347200000000026e+00 4.485976010059520430e-02 2.118012278071003118e-01 2.118012278071003118e-01
2.169475499999999890e+00 4.437106350696318896e-02 2.106444006067172692e-01 2.106444006067172692e-01
2.175607900000000150e+00 4.388925707569339002e-02 2.094976302388487366e-01 2.094976302388487366e-01
2.181740299999999966e+00 4.341433805562446707e-02 2.083610761529716970e-01 2.083610761529716970e-01
2.187872800000000062e+00 4.294651314023353872e-02 2.072354051320225987e-01 2.072354051320225987e-01
2.194001099999999926e+00 4.248478938532120747e-02 2.061183868201020286e-01 2.061183868201020286e-01
2.200133500000000186e+00 4.202977779939166825e-02 2.050116528380561687e-01 2.050116528380561687e-01
2.206265999999999838e+00 4.158089178650889450e-02 2.039139323011276983e-01 2.039139323011276983e-01
2.212398400000000098e+00 4.113814369680725974e-02 2.028254020008521119e-01 2.028254020008521119e-01
2.218526699999999963e+00 4.070174664162545114e-02 2.017467388624298308e-01 2.017467388624298308e-01
2.224659099999999778e+00 4.027051889739467760e-02 2.006751576488596533e-01 2.006751576488596533e-01
2.230791599999999875e+00 3.984567078753655650e-02 1.996138041006597363e-01 1.996138041006597363e-01
2.236919900000000183e+00 3.942641637835948148e-02 1.985608631587792994e-01 1.985608631587792994e-01
2.243052299999999999e+00 3.901276453964912933e-02 1.975164918168837991e-01 1.975164918168837991e-01
2.249184800000000095e+00 3.860432615241218141e-02 1.964798365034238770e-01 1.964798365034238770e-01
2.255317199999999911e+00 3.820110672976012589e-02 1.954510340974437710e-01 1.954510340974437710e-01
2.261445500000000219e+00 3.780350558056230076e-02 1.944312361236288089e-01 1.944312361236288089e-01
2.267577900000000035e+00 3.741032933773950214e-02 1.934175000814029322e-01 1.934175000814029322e-01
2.273710400000000131e+00 3.702217351162308961e-02 1.924114692829486384e-01 1.924114692829486384e-01
2.279842799999999947e+00 3.663923082431031625e-02 1.914137686382834935e-01 1.914137686382834935e-01
2.285971099999999812e+00 3.626109715229400982e-02 1.904234679662515084e-01 1.904234679662515084e-01
2.292103599999999908e+00 3.588716583008029481e-02 1.894390821084189491e-01 1.894390821084189491e-01
2.298236000000000168e+00 3.551802591239861667e-02 1.884622665479713799e-01 1.884622665479713799e-01
2.304368399999999983e+00 3.515326615259279502e-02 1.874920429047398085e-01 1.874920429047398085e-01
2.310496699999999848e+00 3.479287741776228293e-02 1.865284895606091620e-01 1.865284895606091620e-01
2.316629199999999944e+00 3.443645069777089701e-02 1.855706083887502245e-01 1.855706083887502245e-01
2.322761600000000204e+00 3.408457541250733969e-02 1.846200839900885293e-01 1.846200839900885293e-01
2.328889900000000068e+00 3.373664374645643504e-02 1.836753759937799491e-01 1.836753759937799491e-01
2.335022400000000165e+00 3.339265041271291534e-02 1.827365601424983388e-01 1.827365601424983388e-01
2.341154799999999980e+00 3.305298957210202337e-02 1.818048117407843056e-01 1.818048117407843056e-01
2.347287199999999796e+00 3.271686133184203982e-02 1.808780288809064829e-01 1.808780288809064829e-01
2.353415500000000105e+00 3.238486497002521919e-02 1.799579533391764685e-01 1.799579533391764685e-01
2.359548000000000201e+00 3.205640320257161641e-02 1.790430205357684823e-01 1.790430205357684823e-01
2.365680400000000017e+00 3.173168151616687777e-02 1.781338864903780073e-01 1.781338864903780073e-01
2.371812799999999832e+00 3.141110502217363265e-02 1.772317833295530276e-01 1.772317833295530276e-01
2.377941199999999977e+00 3.109368158832805443e-02 1.763340057627230673e-01 1.763340057627230673e-01
2.384073599999999793e+00 3.078002056743871923e-02 1.754423568225151331e-01 1.754423568225151331e-01
2.390206000000000053e+00 3.047012866324388947e-02 1.745569496274607946e-01 1.745569496274607946e-01
2.396338399999999869e+00 3.016361788503273827e-02 1.736767626512906171e-01 1.736767626512906171e-01
2.402466800000000013e+00 2.986049663172336138e-02 1.728018999656061594e-01 1.728018999656061594e-01
2.408599199999999829e+00 2.956097064882043032e-02 1.719330411783041579e-01 1.719330411783041579e-01
2.414731600000000089e+00 2.926464947692027779e-02 1.710691365411080855e-01 1.710691365411080855e-01
2.420859999999999790e+00 2.897213474489927776e-02 1.702120287902687545e-01 1.702120287902687545e-01
2.426992400000000050e+00 2.868223572788367384e-02 1.693583057540541115e-01 1.693583057540541115e-01
2.433124799999999865e+00 2.839654936054017073e-02 1.685127572634789184e-01 1.685127572634789184e-01
2.439257200000000125e+00 2.811387906931122824e-02 1.676719388249304776e-01 1.676719388249304776e-01
2.445385599999999826e+00 2.783422430586127844e-02 1.668359203105292954e-01 1.668359203105292954e-01
2.451518000000000086e+00 2.755837896649003874e-02 1.660071654070692238e-01 1.660071654070692238e-01
2.457650399999999902e+00 2.728534305647315611e-02 1.651827565349154592e-01 1.651827565349154592e-01
2.463782800000000162e+00 2.701630744233155662e-02 1.643663817279298611e-01 1.643663817279298611e-01
2.469911199999999862e+00 2.674986904415342301e-02 1.635538719937666974e-01 1.635538719937666974e-01
2.476043600000000122e+00 2.648662052128333833e-02 1.627471060304401806e-01 1.627471060304401806e-01
2.482175999999999938e+00 2.622675429712112080e-02 1.619467637747698807e-01 1.619467637747698807e-01
2.488304400000000083e+00 2.596946530748535376e-02 1.611504430880826011e-01 1.611504430880826011e-01
2.494436799999999899e+00 2.571554730164832617e-02 1.603606787889360619e-01 1.603606787889360619e-01
2.500569200000000158e+00 2.546459361332421845e-02 1.595762940205224245e-01 1.595762940205224245e-01
2.506701599999999974e+00 2.521640251344739458e-02 1.587967333210837662e-01 1.587967333210837662e-01
2.512830000000000119e+00 2.497116938935785985e-02 1.580226863123072589e-01 1.580226863123072589e-01
2.518962399999999935e+00 2.472849419004176721e-02 1.572529624205590837e-01 1.572529624205590837e-01
2.525094800000000195e+00 2.448877569544137545e-02 1.564888995917645687e-01 1.564888995917645687e-01
2.531227200000000011e+00 2.425161616459973329e-02 1.557293041293119351e-01 1.557293041293119351e-01
2.537355600000000155e+00 2.401701909274021884e-02 1.549742529994586615e-01 1.549742529994586615e-01
2.543487999999999971e+00 2.378498668625579626e-02 1.542238201000604159e-01 1.542238201000604159e-01
2.549620399999999787e+00 2.355592460881386629e-02 1.534793947369283429e-01 1.534793947369283429e-01
2.555752899999999883e+00 2.332923754393267587e-02 1.527391159589863434e-01 1.527391159589863434e-01
2.561881200000000192e+00 2.310513263904022049e-02 1.520037257406548492e-01 1.520037257406548492e-01
2.568013600000000007e+00 2.288321584485623547e-02 1.512719929294786270e-01 1.512719929294786270e-01
2.574145999999999823e+00 2.266429089984389397e-02 1.505466402808242343e-01 1.505466402808242343e-01
2.580274399999999968e+00 2.244716532091280137e-02 1.498237808924631209e-01 1.498237808924631209e-01
2.586406799999999784e+00 2.223264212448367375e-02 1.491061438187027688e-01 1.491061438187027688e-01
2.592539200000000044e+00 2.202052614784813164e-02 1.483931472401880669e-01 1.483931472401880669e-01
2.598671700000000140e+00 2.181061836959133013e-02 1.476841845614869086e-01 1.476841845614869086e-01
2.604800000000000004e+00 2.160292105286188563e-02 1.469793218546809332e-01 1.469793218546809332e-01
2.610932399999999820e+00 2.139763551259827104e-02 1.462793065084677935e-01 1.462793065084677935e-01
2.617064800000000080e+00 2.119455924927090423e-02 1.455835129720082777e-01 1.455835129720082777e-01
2.623197300000000176e+00 2.099349290525244147e-02 1.448913141125182935e-01 1.448913141125182935e-01
2.629325600000000041e+00 2.079443255691985210e-02 1.442027480907345782e-01 1.442027480907345782e-01
2.635457999999999856e+00 2.059757483272970160e-02 1.435185522248942636e-01 1.435185522248942636e-01
2.641590499999999953e+00 2.040271590518338146e-02 1.428380758242821791e-01 1.428380758242821791e-01
2.647722900000000212e+00 2.020985138864117917e-02 1.421613568753519463e-01 1.421613568753519463e-01
2.653851200000000077e+00 2.001897654213633318e-02 1.414884325382691210e-01 1.414884325382691210e-01
2.659983599999999893e+00 1.983008743276483757e-02 1.408193432478820895e-01 1.408193432478820895e-01
2.666116099999999989e+00 1.964317973188074024e-02 1.401541284867511006e-01 1.401541284867511006e-01
2.672244399999999853e+00 1.945805002712844983e-02 1.394921145697076703e-01 1.394921145697076703e-01
2.678376800000000113e+00 1.927489651181867394e-02 1.388340610650667106e-01 1.388340610650667106e-01
2.684509300000000209e+00 1.909331568975816684e-02 1.381785645089648740e-01 1.381785645089648740e-01
2.690641700000000025e+00 1.891350807291810113e-02 1.375263904598608422e-01 1.375263904598608422e-01
2.696769999999999889e+00 1.873547138647296828e-02 1.368775780998223446e-01 1.368775780998223446e-01
2.702902400000000149e+00 1.855940841053629192e-02 1.362329197020172855e-01 1.362329197020172855e-01
2.709034899999999801e+00 1.838472077920704634e-02 1.355902680106763625e-01 1.355902680106763625e-01
2.715167300000000061e+00 1.821180924696508968e-02 1.349511365160186160e-01 1.349511365160186160e-01
2.721295599999999926e+00 1.804047917837664147e-02 1.343148509226609610e-01 1.343148509226609610e-01
2.727428100000000022e+00 1.787073336104002055e-02 1.336814622939172525e-01 1.336814622939172525e-01
2.733560499999999838e+00 1.770257549934609737e-02 1.330510259236887538e-01 1.330510259236887538e-01
2.739688800000000146e+00 1.753600939324108723e-02 1.324235983246229709e-01 1.324235983246229709e-01
2.745821199999999962e+00 1.737123865321223842e-02 1.317999948907898899e-01 1.317999948907898899e-01
2.751953700000000058e+00 1.720746805630917267e-02 1.311772390939417998e-01 1.311772390939417998e-01
2.758086099999999874e+00 1.704549922536890277e-02 1.305584130777059648e-01 1.305584130777059648e-01
2.764214400000000182e+00 1.688473554530263779e-02 1.299412772959487317e-01 1.299412772959487317e-01
2.770346899999999835e+00 1.672557833042338099e-02 1.293274074990424516e-01 1.293274074990424516e-01
2.776479300000000094e+00 1.656782988021105602e-02 1.287160824458663255e-01 1.287160824458663255e-01
2.782611699999999910e+00 1.641188784548392940e-02 1.281088905793970611e-01 1.281088905793970611e-01
2.788740000000000219e+00 1.625695402124081174e-02 1.275027608377199417e-01 1.275027608377199417e-01
2.794872499999999871e+00 1.610362756842447299e-02 1.269000692215117576e-01 1.269000692215117576e-01
2.801004900000000131e+00 1.595170495896437723e-02 1.263000592199559347e-01 1.263000592199559347e-01
2.807137299999999946e+00 1.580118594651148609e-02 1.257027682531752510e-01 1.257027682531752510e-01
2.813265700000000091e+00 1.565206573276968841e-02 1.251082160881917815e-01 1.251082160881917815e-01
2.819398099999999907e+00 1.550454340626530175e-02 1.245172414016039036e-01 1.245172414016039036e-01
2.825530500000000167e+00 1.535821444883385400e-02 1.239282633172669595e-01 1.239282633172669595e-01
2.831658899999999868e+00 1.521347710559201559e-02 1.233429248298904823e-01 1.233429248298904823e-01
2.837791300000000128e+00 1.506972886564862148e-02 1.227588239828348166e-01 1.227588239828348166e-01
2.843923699999999943e+00 1.492796459081859040e-02 1.221800498887547076e-01 1.221800498887547076e-01
2.850056100000000203e+00 1.478698616993114924e-02 1.216017523308408205e-01 1.216017523308408205e-01
2.856184499999999904e+00 1.464739013797915386e-02 1.210264026482616440e-01 1.210264026482616440e-01
2.862316900000000164e+00 1.450897625337036444e-02 1.204532118848242461e-01 1.204532118848242461e-01
2.868449299999999980e+00 1.437274273960213039e-02 1.198863742866641685e-01 1.198863742866641685e-01
2.874581699999999795e+00 1.423669307305898933e-02 1.193176142615120783e-01 1.193176142615120783e-01
2.880710099999999940e+00 1.410282528028973005e-02 1.187553168506140233e-01 1.187553168506140233e-01
2.886842500000000200e+00 1.396974322153550149e-02 1.181936682802234573e-01 1.181936682802234573e-01
2.892974900000000016e+00 1.383864708724195404e-02 1.176377791665668693e-01 1.176377791665668693e-01
2.899103300000000161e+00 1.370834091526553812e-02 1.170826243097819325e-01 1.170826243097819325e-01
2.905235699999999976e+00 1.357902708434452661e-02 1.165290825688786031e-01 1.165290825688786031e-01
2.911368099999999792e+00 1.345130725366408889e-02 1.159797708812363853e-01 1.159797708812363853e-01
2.917500500000000052e+00 1.332518395454562049e-02 1.154347605989877734e-01 1.154347605989877734e-01
2.923628900000000197e+00 1.319986159438048257e-02 1.148906505960362451e-01 1.148906505960362451e-01
2.929761300000000013e+00 1.307593949310397428e-02 1.143500743030102934e-01 1.143500743030102934e-01
2.935893699999999829e+00 1.295381969443403121e-02 1.138148483038747966e-01 1.138148483038747966e-01
2.942026100000000088e+00 1.283210538590232389e-02 1.132788832302928511e-01 1.132788832302928511e-01
2.948154499999999789e+00 1.271219626887244193e-02 1.127483759034800526e-01 1.127483759034800526e-01
2.954286900000000049e+00 1.259369131937345190e-02 1.122216169878756109e-01 1.122216169878756109e-01
2.960419299999999865e+00 1.247619175671534422e-02 1.116968744267956004e-01 1.116968744267956004e-01
2.966551700000000125e+00 1.235949812360505155e-02 1.111732797195668365e-01 1.111732797195668365e-01
2.972680099999999825e+00 1.224440609747492852e-02 1.106544445446043939e-01 1.106544445446043939e-01
2.978812500000000085e+00 1.213051692772674009e-02 1.101386259571397602e-01 1.101386259571397602e-01
2.984944899999999901e+00 1.201782674801521976e-02 1.096258489044222573e-01 1.096258489044222573e-01
2.991073300000000046e+00 1.190673497962366559e-02 1.091179865082914091e-01 1.091179865082914091e-01
2.997205699999999862e+00 1.179663859354670996e-02 1.086123316826717866e-01 1.086123316826717866e-01
3.003338100000000122e+00 1.168753746368611859e-02 1.081089148205924694e-01 1.081089148205924694e-01
3.009470600000000218e+00 1.157962845329729186e-02 1.076086820535280542e-01 1.076086820535280542e-01
3.015598900000000082e+00 1.147330830559469168e-02 1.071135299838199273e-01 1.071135299838199273e-01
3.021731299999999898e+00 1.136777886331854365e-02 1.066197864531651662e-01 1.066197864531651662e-01
3.027863700000000158e+00 1.126343754065829879e-02 1.061293434477868503e-01 1.061293434477868503e-01
3.033996199999999810e+00 1.116048253215025203e-02 1.056431849773105391e-01 1.056431849773105391e-01
3.040124500000000118e+00 1.105871587562276201e-02 1.051604292289773923e-01 1.051604292289773923e-01
3.046256899999999934e+00 1.095793726699928125e-02 1.046801665407506021e-01 1.046801665407506021e-01
3.052389400000000030e+00 1.085814734014286555e-02 1.042024344252228396e-01 1.042024344252228396e-01
3.058521799999999846e+00 1.075974570004133851e-02 1.037291940585741701e-01 1.037291940585741701e-01
3.064650100000000155e+00 1.066273567904208255e-02 1.032605233331793798e-01 1.032605233331793798e-01
3.070782499999999970e+00 1.056651867859149767e-02 1.027935731385552082e-01 1.027935731385552082e-01
3.076915000000000067e+00 1.047169568364272191e-02 1.023313035372985097e-01 1.023313035372985097e-01
3.083043299999999931e+00 1.037766912042056323e-02 1.018708452915777218e-01 1.018708452915777218e-01
3.089175700000000191e+00 1.028484035928801943e-02 1.014142019605144829e-01 1.014142019605144829e-01
3.095308199999999843e+00 1.019361052768122909e-02 1.009634118266673347e-01 1.009634118266673347e-01
3.101440600000000103e+00 1.010298118754037085e-02 1.005135870792619318e-01 1.005135870792619318e-01
3.107568899999999967e+00 1.001375456216153578e-02 1.000687491785599154e-01 1.000687491785599154e-01
3.113701299999999783e+00 9.925331705634145643e-03 9.962595899480287953e-02 9.962595899480287953e-02
3.119833799999999879e+00 9.838711222476818202e-03 9.919027786268580504e-02 9.919027786268580504e-02
3.125966200000000139e+00 9.752495271087353867e-03 9.875472277864666415e-02 9.875472277864666415e-02
3.132094500000000004e+00 9.667682664197471687e-03 9.832437472060258365e-02 9.832437472060258365e-02
3.138227000000000100e+00 9.583873323624725674e-03 9.789725901997831103e-02 9.789725901997831103e-02
3.144359399999999916e+00 9.501066641427531601e-03 9.747341504957919567e-02 9.747341504957919567e-02
3.150487699999999780e+00 9.419461243026023417e-03 9.705390895283931563e-02 9.705390895283931563e-02
3.156620100000000040e+00 9.338656506783026001e-03 9.663672442080716019e-02 9.663672442080716019e-02
3.162752600000000136e+00 9.259050621781594534e-03 9.622396074669549437e-02 9.622396074669549437e-02
3.168884999999999952e+00 9.180242605399738937e-03 9.581358257261722577e-02 9.581358257261722577e-02
3.175013299999999816e+00 9.103030294854716833e-03 9.540980188038709897e-02 9.540980188038709897e-02
3.181145799999999912e+00 9.026213537303337184e-03 9.500638682374641653e-02 9.500638682374641653e-02
3.187278200000000172e+00 8.950590486335801080e-03 9.460756040790715971e-02 9.460756040790715971e-02
3.193410599999999988e+00 8.876160085468706024e-03 9.421337530026564766e-02 9.421337530026564766e-02
3.199538899999999852e+00 8.802721756020049845e-03 9.382282108325271097e-02 9.382282108325271097e-02
3.205671399999999949e+00 8.729875565770655807e-03 9.343380312162540002e-02 9.343380312162540002e-02
3.211803800000000209e+00 8.658420655076447953e-03 9.305063489883584615e-02 9.305063489883584615e-02
3.217936200000000024e+00 8.587957374310539391e-03 9.267123272251502619e-02 9.267123272251502619e-02
3.224064600000000169e+00 8.518286520077134050e-03 9.229456387066972689e-02 9.229456387066972689e-02
3.230196999999999985e+00 8.449408783649092064e-03 9.192066570499309031e-02 9.192066570499309031e-02
3.236329399999999801e+00 8.381524860160593365e-03 9.155066826714371164e-02 9.155066826714371164e-02
3.242457700000000109e+00 8.314435983557659157e-03 9.118352912427583890e-02 9.118352912427583890e-02
3.248590200000000205e+00 8.248343231312300905e-03 9.082038995353576560e-02 9.082038995353576560e-02
3.254722600000000021e+00 8.183447622867408636e-03 9.046240999922237902e-02 9.046240999922237902e-02
3.260854999999999837e+00 8.119151007836155134e-03 9.010633167450639303e-02 9.010633167450639303e-02
3.266983399999999982e+00 8.056053763507977847e-03 8.975552218948970595e-02 8.975552218948970595e-02
3.273115799999999798e+00 7.993557693429327940e-03 8.940669825818045591e-02 8.940669825818045591e-02
3.279248200000000057e+00 7.932063161691498346e-03 8.906213090697694124e-02 8.906213090697694124e-02
3.285380599999999873e+00 7.871770543105815685e-03 8.872299895239010858e-02 8.872299895239010858e-02
3.291509000000000018e+00 7.811681271394103378e-03 8.838371609857838263e-02 8.838371609857838263e-02
3.297641399999999834e+00 7.752794749348273021e-03 8.804995598720236072e-02 8.804995598720236072e-02
3.303773800000000094e+00 7.694910855659377671e-03 8.772064098978858693e-02 8.772064098978858693e-02
3.309906199999999910e+00 7.637629734748992497e-03 8.739353371244919233e-02 8.739353371244919233e-02
3.316034600000000054e+00 7.580950829897722086e-03 8.706865584065096031e-02 8.706865584065096031e-02
3.322166999999999870e+00 7.525473168664986896e-03 8.674948512046043447e-02 8.674948512046043447e-02
3.328299400000000130e+00 7.470995943991446016e-03 8.643492317339933340e-02 8.643492317339933340e-02
3.334427799999999831e+00 7.416918545179690229e-03 8.612153357424430500e-02 8.612153357424430500e-02
3.340560200000000091e+00 7.363839814864005760e-03 8.581281847640249982e-02 8.581281847640249982e-02
3.346692599999999906e+00 7.311558765957109490e-03 8.550765325955980711e-02 8.550765325955980711e-02
3.352825000000000166e+00 7.259674750714851209e-03 8.520372498145166451e-02 8.520372498145166451e-02
3.358953399999999867e+00 7.209186118958646992e-03 8.490692621311082822e-02 8.490692621311082822e-02
3.365085800000000127e+00 7.159092999349115326e-03 8.461142357476983400e-02 8.461142357476983400e-02
3.371218199999999943e+00 7.109794601774377734e-03 8.431959796971506826e-02 8.431959796971506826e-02
3.377350600000000203e+00 7.061090526907903495e-03 8.403029529228077388e-02 8.403029529228077388e-02
3.383478999999999903e+00 7.013380526913341566e-03 8.374592841991389258e-02 8.374592841991389258e-02
3.389611400000000163e+00 6.966264849942485106e-03 8.346415308347940321e-02 8.346415308347940321e-02
3.395743799999999979e+00 6.920143678985730615e-03 8.318740096304085008e-02 8.318740096304085008e-02
3.401876300000000075e+00 6.874417718970860999e-03 8.291210839781401609e-02 8.291210839781401609e-02
3.408004599999999940e+00 6.829287653030412589e-03 8.263950419158147542e-02 8.263950419158147542e-02
3.414137000000000199e+00 6.785353806758431805e-03 8.237325905145694016e-02 8.237325905145694016e-02
3.420269400000000015e+00 6.741617685099764341e-03 8.210735463464746697e-02 8.210735463464746697e-02
3.426397800000000160e+00 6.698479893213039361e-03 8.184424166190948369e-02 8.184424166190948369e-02
3.432530199999999976e+00 6.656341105740105554e-03 8.158640270130866623e-02 8.158640270130866623e-02
3.438662599999999792e+00 6.614802412315187556e-03 8.133143557269345569e-02 8.133143557269345569e-02
3.444795099999999888e+00 6.574064445565919353e-03 8.108060462013044756e-02 8.108060462013044756e-02
3.450923400000000196e+00 6.533928052183912184e-03 8.083271647163611795e-02 8.083271647163611795e-02
3.457055800000000012e+00 6.493793962277362268e-03 8.058408007961226360e-02 8.058408007961226360e-02
3.463188199999999828e+00 6.455061699493586970e-03 8.034339860557049295e-02 8.034339860557049295e-02
3.469320699999999924e+00 6.416732161907174811e-03 8.010450775023322811e-02 8.010450775023322811e-02
3.475448999999999788e+00 6.379204850465921076e-03 7.986992456779912208e-02 7.986992456779912208e-02
3.481581400000000048e+00 6.342080091703799875e-03 7.963717782357558617e-02 7.963717782357558617e-02
3.487713900000000145e+00 6.305357302265932051e-03 7.940627999261729020e-02 7.940627999261729020e-02
3.493842200000000009e+00 6.269236030804196946e-03 7.917850737923895488e-02 7.917850737923895488e-02
3.499974599999999825e+00 6.234115422675452073e-03 7.895641470251452132e-02 7.895641470251452132e-02
3.506107000000000085e+00 6.198995329147069522e-03 7.873369881535523251e-02 7.873369881535523251e-02
3.512239500000000181e+00 6.164474663766131984e-03 7.851416855425606689e-02 7.851416855425606689e-02
3.518367800000000045e+00 6.130752527324707934e-03 7.829912213636056051e-02 7.829912213636056051e-02
3.524500199999999861e+00 6.097628391598183470e-03 7.808731261605936225e-02 7.808731261605936225e-02
3.530632699999999957e+00 6.065101558188695612e-03 7.787876191997851472e-02 7.787876191997851472e-02
3.536765100000000217e+00 6.032971566554325843e-03 7.767220588186179997e-02 7.767220588186179997e-02
3.542893400000000081e+00 6.001038044944942938e-03 7.746636718566930757e-02 7.746636718566930757e-02
3.549025799999999897e+00 5.969900460407202153e-03 7.726513094797161918e-02 7.726513094797161918e-02
3.555158299999999993e+00 5.939358753171626246e-03 7.706723527655333361e-02 7.706723527655333361e-02
3.561290699999999809e+00 5.909412957492748454e-03 7.687270619337364941e-02 7.687270619337364941e-02
3.567419000000000118e+00 5.879663539808887077e-03 7.667896412842890863e-02 7.667896412842890863e-02
3.573551500000000214e+00 5.850510495971687937e-03 7.648862984765571194e-02 7.648862984765571194e-02
3.579683900000000030e+00 5.821754565541245076e-03 7.630042310198054123e-02 7.630042310198054123e-02
3.585812199999999894e+00 5.793596007542959996e-03 7.611567517629308499e-02 7.611567517629308499e-02
3.591944600000000154e+00 5.765835795483765201e-03 7.593310078933801499e-02 7.593310078933801499e-02
3.598077099999999806e+00 5.738074570803644060e-03 7.575007967522967567e-02 7.575007967522967567e-02
3.604209500000000066e+00 5.711312756489474868e-03 7.557322777604166819e-02 7.557322777604166819e-02
3.610337799999999930e+00 5.685150974344544209e-03 7.539994014814961620e-02 7.539994014814961620e-02
3.616470300000000027e+00 5.658990321506618230e-03 7.522626085022847409e-02 7.522626085022847409e-02
3.622602699999999842e+00 5.633031093192529364e-03 7.505352152425980028e-02 7.505352152425980028e-02
3.628735100000000102e+00 5.608073241065663836e-03 7.488706991908325450e-02 7.488706991908325450e-02
3.634863399999999967e+00 5.583317569237136561e-03 7.472160041940439923e-02 7.472160041940439923e-02
3.640995900000000063e+00 5.558964079763076792e-03 7.455846081943401371e-02 7.455846081943401371e-02
3.647128299999999879e+00 5.534612920676262177e-03 7.439497913620422842e-02 7.439497913620422842e-02
3.653260700000000138e+00 5.510663792817486854e-03 7.423384533228416515e-02 7.423384533228416515e-02
3.659389099999999839e+00 5.487316231404923764e-03 7.407642156182304982e-02 7.407642156182304982e-02
3.665521500000000099e+00 5.464170283699309669e-03 7.392002626960646194e-02 7.392002626960646194e-02
3.671653899999999915e+00 5.441625201141677380e-03 7.376737219897207265e-02 7.376737219897207265e-02
3.677782199999999779e+00 5.419080645084788268e-03 7.361440514657975609e-02 7.361440514657975609e-02
3.683914699999999876e+00 5.396935945392064386e-03 7.346384107431400134e-02 7.346384107431400134e-02
3.690047100000000135e+00 5.375390404839957420e-03 7.331705398363982940e-02 7.331705398363982940e-02
3.696179499999999951e+00 5.353843758478906041e-03 7.316996486591274829e-02 7.316996486591274829e-02
3.702307900000000096e+00 5.332495167819101094e-03 7.302393558155505227e-02 7.302393558155505227e-02
3.708440299999999912e+00 5.311344326124088633e-03 7.287897039698137958e-02 7.287897039698137958e-02
3.714572700000000172e+00 5.290590771463141162e-03 7.273644733875267443e-02 7.273644733875267443e-02
3.720705099999999987e+00 5.270234255039206277e-03 7.259637907663994694e-02 7.259637907663994694e-02
3.726833500000000132e+00 5.250074694737497973e-03 7.245739917177194955e-02 7.245739917177194955e-02
3.732965899999999948e+00 5.230112241145574298e-03 7.231951493992180846e-02 7.231951493992180846e-02
3.739098300000000208e+00 5.210146866035600573e-03 7.218134707828331720e-02 7.218134707828331720e-02
3.745226699999999909e+00 5.190578790070734909e-03 7.204567155680301205e-02 7.204567155680301205e-02
3.751359100000000169e+00 5.171208470115788366e-03 7.191111506655829821e-02 7.191111506655829821e-02
3.757491499999999984e+00 5.152036435482686832e-03 7.177768758801503224e-02 7.177768758801503224e-02
3.763623899999999800e+00 5.132863049979292935e-03 7.164400219124621161e-02 7.164400219124621161e-02
3.769752299999999945e+00 5.113888885260036744e-03 7.151145981771059312e-02 7.151145981771059312e-02
3.775884700000000205e+00 5.095314563483075397e-03 7.138147213025992921e-02 7.138147213025992921e-02
3.782017100000000021e+00 5.076740509281514255e-03 7.125124917698996696e-02 7.125124917698996696e-02
3.788149499999999836e+00 5.058367352642441535e-03 7.112220013921420614e-02 7.112220013921420614e-02
3.794277899999999981e+00 5.039795398819174425e-03 7.099151638624980054e-02 7.099151638624980054e-02
3.800410299999999797e+00 5.021624954754353408e-03 7.086342466148777552e-02 7.086342466148777552e-02
3.806542700000000057e+00 5.003656392847278568e-03 7.073652799542311242e-02 7.073652799542311242e-02
3.812675099999999873e+00 4.985889640534819922e-03 7.061083231725016895e-02 7.061083231725016895e-02
3.818803500000000017e+00 4.967924986208999312e-03 7.048350861165325609e-02 7.048350861165325609e-02
3.824935899999999833e+00 4.950162076590578636e-03 7.035738821609695270e-02 7.035738821609695270e-02
3.831068300000000093e+00 4.932400935723035493e-03 7.023105392718405338e-02 7.023105392718405338e-02
3.837196699999999794e+00 4.915041055075074043e-03 7.010735378742428969e-02 7.010735378742428969e-02
3.843329100000000054e+00 4.897282177233296813e-03 6.998058428759577898e-02 6.998058428759577898e-02
3.849461499999999869e+00 4.879723911382912588e-03 6.985502065981308295e-02 6.985502065981308295e-02
3.855593900000000129e+00 4.861965659540883056e-03 6.972779689292414596e-02 6.972779689292414596e-02
3.861722299999999830e+00 4.844806953060677365e-03 6.960464749613115565e-02 6.960464749613115565e-02
3.867854700000000090e+00 4.827447411688469241e-03 6.947983456866077545e-02 6.947983456866077545e-02
3.873987099999999906e+00 4.809886456431419766e-03 6.935334495488605644e-02 6.935334495488605644e-02
3.880119600000000002e+00 4.792523827857210657e-03 6.922805665232276140e-02 6.922805665232276140e-02
3.886247899999999866e+00 4.775558963050909045e-03 6.910541920175948538e-02 6.910541920175948538e-02
3.892380300000000126e+00 4.757792068151482992e-03 6.897675019998755763e-02 6.897675019998755763e-02
3.898512699999999942e+00 4.740422719844833259e-03 6.885072780911494217e-02 6.885072780911494217e-02
3.904641100000000087e+00 4.723250826818393283e-03 6.872591088387547398e-02 6.872591088387547398e-02
3.910773499999999903e+00 4.705876775808294672e-03 6.859939340699955368e-02 6.859939340699955368e-02
3.916905900000000162e+00 4.688700594412796401e-03 6.847408702869134389e-02 6.847408702869134389e-02
3.923038399999999815e+00 4.671722571915192836e-03 6.835000052608040944e-02 6.835000052608040944e-02
3.929166700000000123e+00 4.654543002495134009e-03 6.822421126326880247e-02 6.822421126326880247e-02
3.935299099999999939e+00 4.637362495637094642e-03 6.809818276310385110e-02 6.809818276310385110e-02
3.941431500000000199e+00 4.620581334273982967e-03 6.797485810411069140e-02 6.797485810411069140e-02
3.947563999999999851e+00 4.603400054566606121e-03 6.784836073603109363e-02 6.784836073603109363e-02
3.953692300000000159e+00 4.586618890501637479e-03 6.772458113935912738e-02 6.772458113935912738e-02
3.959824699999999975e+00 4.569638525661040736e-03 6.759910151519057941e-02 6.759910151519057941e-02
3.965957200000000071e+00 4.552859152525286918e-03 6.747487793634966702e-02 6.747487793634966702e-02
3.972089599999999887e+00 4.536481029950448565e-03 6.735340399675764089e-02 6.735340399675764089e-02
3.978217900000000196e+00 4.519704410672573461e-03 6.722874690690414101e-02 6.722874690690414101e-02
3.984350300000000011e+00 4.503529245315631563e-03 6.710833961077886101e-02 6.710833961077886101e-02
3.990482800000000108e+00 4.486755832838100824e-03 6.698325039021398031e-02 6.698325039021398031e-02
3.996611099999999972e+00 4.470783872251702165e-03 6.686392055699173775e-02 6.686392055699173775e-02
4.002743500000000232e+00 4.454613312898176615e-03 6.674288960554657091e-02 6.674288960554657091e-02
4.008875999999999884e+00 4.438443881709349878e-03 6.662164724554137107e-02 6.662164724554137107e-02
4.015008400000000144e+00 4.422675251213543934e-03 6.650319730068279811e-02 6.650319730068279811e-02
4.021136699999999564e+00 4.406707075219725572e-03 6.638303303721310167e-02 6.638303303721310167e-02
4.027269200000000104e+00 4.391138980664209719e-03 6.626566969905464677e-02 6.626566969905464677e-02
4.033401600000000364e+00 4.375970549493368202e-03 6.615111903432449592e-02 6.615111903432449592e-02
4.039533999999999736e+00 4.360201411839819373e-03 6.603182120644424113e-02 6.603182120644424113e-02
4.045662300000000045e+00 4.345031150352872580e-03 6.591685027633581440e-02 6.591685027633581440e-02
4.051794799999999697e+00 4.329659497338077430e-03 6.580014815589761701e-02 6.580014815589761701e-02
4.057927199999999957e+00 4.314486166084517856e-03 6.568474835214425933e-02 6.568474835214425933e-02
4.064059600000000216e+00 4.299510974674256546e-03 6.557065635384669300e-02 6.557065635384669300e-02
4.070187999999999917e+00 4.284733810778219507e-03 6.545787814142939309e-02 6.545787814142939309e-02
