4.173085900000000209e-02 1.874622811522341635e+03 4.329691457277691313e+01 4.329691457277691313e+01
4.372891599999999962e-02 1.852191572441677863e+03 4.303709530674296957e+01 4.303709530674296957e+01
4.582263899999999834e-02 1.828311132584843108e+03 4.275875504016508444e+01 4.275875504016508444e+01
4.801661100000000071e-02 1.802905641905294260e+03 4.246063638130373619e+01 4.246063638130373619e+01
5.031562600000000218e-02 1.775886197877164705e+03 4.214126478734548442e+01 4.214126478734548442e+01
5.272471799999999681e-02 1.747145356116011044e+03 4.179886788079326720e+01 4.179886788079326720e+01
5.524915700000000013e-02 1.716550958146683115e+03 4.143127994820680016e+01 4.143127994820680016e+01
5.789446300000000017e-02 1.683938876835542032e+03 4.103582431041859735e+01 4.103582431041859735e+01
6.066642800000000141e-02 1.649105226458886591e+03 4.060917662867453970e+01 4.060917662867453970e+01
6.357111299999999854e-02 1.611799250741778678e+03 4.014721971372087950e+01 4.014721971372087950e+01
6.661487300000000500e-02 1.571717502505813172e+03 3.964489251474662979e+01 3.964489251474662979e+01
6.980436700000000605e-02 1.528501678105067640e+03 3.909605706596341435e+01 3.909605706596341435e+01
7.314657400000000587e-02 1.481742288261099702e+03 3.849340577632874982e+01 3.849340577632874982e+01
7.664880200000000199e-02 1.430991325514834443e+03 3.782844598334478547e+01 3.782844598334478547e+01
8.031871599999999833e-02 1.375786812916642475e+03 3.709160030137068986e+01 3.709160030137068986e+01
8.416434700000000046e-02 1.315692712353930347e+03 3.627247871808501856e+01 3.627247871808501856e+01
8.819410199999999644e-02 1.250355598880034677e+03 3.536036762931113486e+01 3.536036762931113486e+01
9.241680200000000622e-02 1.179576624288472203e+03 3.434496505004004518e+01 3.434496505004004518e+01
9.684167999999999943e-02 1.103394560625181157e+03 3.321738341027452179e+01 3.321738341027452179e+01
1.014784199999999997e-01 1.022167731915566719e+03 3.197135799298438741e+01 3.197135799298438741e+01
1.063371699999999948e-01 9.366393848872677381e+02 3.060456477206084713e+01 3.060456477206084713e+01
1.114285500000000012e-01 8.479661808280940249e+02 2.911985887376678406e+01 2.911985887376678406e+01
1.167637100000000067e-01 7.576905890020124161e+02 2.752618006556689778e+01 2.752618006556689778e+01
1.223543099999999939e-01 6.676503041910675620e+02 2.583893001250375931e+01 2.583893001250375931e+01
1.282125799999999927e-01 5.798286382436168651e+02 2.407963118994177876e+01 2.407963118994177876e+01
1.343513500000000083e-01 4.961720394947928412e+02 2.227491951713390250e+01 2.227491951713390250e+01
1.407840399999999992e-01 4.184098874515761963e+02 2.045506996936398281e+01 2.045506996936398281e+01
1.475247299999999928e-01 3.479081757119728877e+02 1.865229679454980527e+01 1.865229679454980527e+01
1.545881500000000075e-01 2.855779243154686924e+02 1.689905098860491250e+01 1.689905098860491250e+01
1.619897700000000051e-01 2.318367557117572062e+02 1.522618651244484234e+01 1.522618651244484234e+01
1.697457800000000128e-01 1.866166159929362607e+02 1.366076923137698884e+01 1.366076923137698884e+01
1.778731400000000129e-01 1.494107539276187993e+02 1.222336917251617727e+01 1.222336917251617727e+01
1.863896399999999953e-01 1.193650615028267481e+02 1.092543186802365085e+01 1.092543186802365085e+01
1.953139000000000125e-01 9.541588455178109029e+01 9.768105474030319257e+00 9.768105474030319257e+00
2.046654499999999988e-01 7.645318752036592969e+01 8.743751341407527633e+00 8.743751341407527633e+00
2.144647500000000095e-01 6.146169028687045000e+01 7.839750652085208493e+00 7.839750652085208493e+00
2.247332400000000008e-01 4.959248384680830668e+01 7.042193113427684281e+00 7.042193113427684281e+00
2.354933800000000022e-01 4.016227116517484319e+01 6.337370997911897952e+00 6.337370997911897952e+00
2.467687100000000022e-01 3.262737281345410167e+01 5.712037536068377719e+00 5.712037536068377719e+00
2.585838999999999777e-01 2.657351544470591520e+01 5.154950576359187409e+00 5.154950576359187409e+00
2.709647900000000109e-01 2.170366128022473617e+01 4.658718845372055384e+00 4.658718845372055384e+00
2.839384799999999931e-01 1.779037460634418011e+01 4.217863749144130203e+00 4.217863749144130203e+00
2.975333499999999742e-01 1.462788829942184776e+01 3.824642244631757393e+00 3.824642244631757393e+00
3.117791200000000207e-01 1.204353285728421064e+01 3.470379353512265563e+00 3.470379353512265563e+00
3.267069899999999749e-01 9.926221422344594814e+00 3.150590646584318755e+00 3.150590646584318755e+00
3.423495899999999814e-01 8.195442512467661089e+00 2.862768330212499102e+00 2.862768330212499102e+00
3.587411500000000086e-01 6.769703269332836726e+00 2.601865344196896856e+00 2.601865344196896856e+00
3.759175399999999945e-01 5.591997212267530770e+00 2.364740411179952595e+00 2.364740411179952595e+00
3.939163199999999865e-01 4.622632352379118181e+00 2.150030779402731795e+00 2.150030779402731795e+00
4.127768700000000179e-01 3.817456159541588345e+00 1.953831149189097172e+00 1.953831149189097172e+00
4.325404700000000102e-01 3.156611789538001034e+00 1.776685619218549617e+00 1.776685619218549617e+00
4.532503299999999791e-01 2.615720755386758078e+00 1.617319002357530566e+00 1.617319002357530566e+00
4.749517999999999796e-01 2.161502468638243357e+00 1.470204907024270424e+00 1.470204907024270424e+00
4.976922899999999816e-01 1.788566429389389700e+00 1.337372958224215758e+00 1.337372958224215758e+00
5.215216200000000191e-01 1.478877083142422721e+00 1.216090902499653792e+00 1.216090902499653792e+00
5.464918600000000515e-01 1.225480203731976081e+00 1.107014093736830462e+00 1.107014093736830462e+00
5.726576599999999573e-01 1.014465425313762825e+00 1.007206744076787341e+00 1.007206744076787341e+00
6.000763099999999461e-01 8.391803998136353471e-01 9.160679013117070113e-01 9.160679013117070113e-01
6.288076999999999694e-01 6.950451186647158552e-01 8.336936599643275381e-01 8.336936599643275381e-01
6.589147899999999725e-01 5.760262616824012305e-01 7.589639396456205889e-01 7.589639396456205889e-01
6.904633500000000312e-01 4.766771583602926743e-01 6.904181040212464815e-01 6.904181040212464815e-01
7.235224799999999679e-01 3.950031326288693800e-01 6.284927466796011997e-01 6.284927466796011997e-01
7.581644699999999792e-01 3.273055304762327866e-01 5.721062230707097962e-01 5.721062230707097962e-01
7.944650599999999452e-01 2.710370690196884924e-01 5.206122059841552518e-01 5.206122059841552518e-01
8.325037600000000371e-01 2.247159001863882621e-01 4.740420869357364064e-01 4.740420869357364064e-01
8.723636799999999747e-01 1.861783832900207047e-01 4.314839316707178574e-01 4.314839316707178574e-01
9.141321100000000532e-01 1.542879601976906989e-01 3.927950613203922137e-01 3.927950613203922137e-01
9.579004100000000355e-01 1.278795144639098547e-01 3.576024531010796315e-01 3.576024531010796315e-01
1.003764300000000054e+00 1.059689891599383954e-01 3.255287839192386734e-01 3.255287839192386734e-01
1.051824099999999929e+00 8.784578643400559050e-02 2.963878985957517087e-01 2.963878985957517087e-01
1.102185100000000029e+00 7.281262819444182799e-02 2.698381518511454580e-01 2.698381518511454580e-01
1.154957299999999965e+00 6.038241193071613999e-02 2.457283295241233234e-01 2.457283295241233234e-01
1.210256199999999893e+00 5.004901444799671195e-02 2.237163705409077052e-01 2.237163705409077052e-01
1.268202800000000074e+00 4.150321696667062105e-02 2.037233834557796164e-01 2.037233834557796164e-01
1.328923800000000099e+00 3.440457214549749038e-02 1.854846951785981968e-01 1.854846951785981968e-01
1.392552100000000070e+00 2.852260935307166997e-02 1.688863800105611657e-01 1.688863800105611657e-01
1.459227000000000052e+00 2.365240421561263379e-02 1.537933815728512732e-01 1.537933815728512732e-01
1.529094200000000070e+00 1.960934686478409822e-02 1.400333776811232278e-01 1.400333776811232278e-01
1.602306699999999973e+00 1.626006838508952529e-02 1.275149731799741504e-01 1.275149731799741504e-01
1.679024400000000083e+00 1.348228998910657936e-02 1.161132636226653442e-01 1.161132636226653442e-01
1.759415500000000021e+00 1.118009951835231656e-02 1.057359897024296863e-01 1.057359897024296863e-01
1.843655599999999950e+00 9.270253027398832335e-03 9.628215321334911148e-02 9.628215321334911148e-02
1.931929100000000066e+00 7.686842199119885664e-03 8.767463828907356982e-02 8.767463828907356982e-02
2.024429099999999870e+00 6.374360058650116803e-03 7.983958954459946522e-02 7.983958954459946522e-02
2.121357999999999855e+00 5.286125650643083707e-03 7.270574702623640306e-02 7.270574702623640306e-02
2.222927799999999898e+00 4.383632260673018047e-03 6.620900437759971724e-02 6.620900437759971724e-02
2.329360700000000062e+00 3.635224892731707836e-03 6.029282621283985066e-02 6.029282621283985066e-02
2.440889499999999934e+00 3.014654931598812707e-03 5.490587337980166321e-02 5.490587337980166321e-02
2.557758399999999988e+00 2.500132534155600789e-03 5.000132532399117341e-02 5.000132532399117341e-02
2.680222899999999964e+00 2.073271291830877400e-03 4.553318890469761071e-02 4.553318890469761071e-02
2.808550900000000183e+00 1.719415789039353999e-03 4.146583881991722231e-02 4.146583881991722231e-02
2.943023199999999839e+00 1.425825452755378033e-03 3.776010398231681442e-02 3.776010398231681442e-02
3.083934000000000175e+00 1.182547451278791184e-03 3.438818767075100397e-02 3.438818767075100397e-02
3.231591499999999950e+00 9.806685930039344464e-04 3.131562857430670449e-02 3.131562857430670449e-02
3.386318900000000021e+00 8.133278442709173653e-04 2.851890327959540061e-02 2.851890327959540061e-02
3.548454500000000067e+00 6.745050912043690835e-04 2.597123584283907508e-02 2.597123584283907508e-02
3.718353099999999856e+00 5.593384305545112505e-04 2.365033679579450071e-02 2.365033679579450071e-02
3.896386399999999917e+00 4.639865962045323575e-04 2.154034809849953228e-02 2.154034809849953228e-02
4.082943799999999790e+00 3.845667247457076519e-04 1.961037288645240545e-02 1.961037288645240545e-02
4.278433599999999615e+00 3.190163806900084709e-04 1.786102966488798197e-02 1.786102966488798197e-02
