4.173085900000000209e-02 1.646136680124991699e+03 4.057260997427934512e+01 4.057260997427934512e+01
4.372891599999999962e-02 1.625543733320633692e+03 4.031803235923888451e+01 4.031803235923888451e+01
4.582263899999999834e-02 1.603878080572358613e+03 4.004844666865817970e+01 4.004844666865817970e+01
4.801661100000000071e-02 1.581063606950992607e+03 3.976259054627845302e+01 3.976259054627845302e+01
5.031562600000000218e-02 1.557017463638672098e+03 3.945906060258749193e+01 3.945906060258749193e+01
5.272471799999999681e-02 1.531651402711960600e+03 3.913631820588084764e+01 3.913631820588084764e+01
5.524915700000000013e-02 1.504873017902931679e+03 3.879269284160267972e+01 3.879269284160267972e+01
5.789446300000000017e-02 1.476585484154723190e+03 3.842636444102828364e+01 3.842636444102828364e+01
6.066642800000000141e-02 1.446684919108481154e+03 3.803531147642254950e+01 3.803531147642254950e+01
6.357111299999999854e-02 1.415054923053801986e+03 3.761721578019567147e+01 3.761721578019567147e+01
6.661487300000000500e-02 1.381557503077844785e+03 3.716930861716215162e+01 3.716930861716215162e+01
6.980436700000000605e-02 1.346021618220965365e+03 3.668816727803346112e+01 3.668816727803346112e+01
7.314657400000000587e-02 1.308231212149297789e+03 3.616947901407066013e+01 3.616947901407066013e+01
7.664880200000000199e-02 1.267916268927651345e+03 3.560781190873220936e+01 3.560781190873220936e+01
8.031871599999999833e-02 1.224750781582855780e+03 3.499643955580132371e+01 3.499643955580132371e+01
8.416434700000000046e-02 1.178362089175078381e+03 3.432727908202277689e+01 3.432727908202277689e+01
8.819410199999999644e-02 1.128354182710579835e+03 3.359098365202454062e+01 3.359098365202454062e+01
9.241680200000000622e-02 1.074345692459934980e+03 3.277721300629348633e+01 3.277721300629348633e+01
9.684167999999999943e-02 1.016023114116860256e+03 3.187511747612642665e+01 3.187511747612642665e+01
1.014784199999999997e-01 9.532076384124783317e+02 3.087406093167010468e+01 3.087406093167010468e+01
1.063371699999999948e-01 8.859352939493503527e+02 2.976466519128596389e+01 2.976466519128596389e+01
1.114285500000000012e-01 8.145451569919389385e+02 2.854023750763015244e+01 2.854023750763015244e+01
1.167637100000000067e-01 7.397596284149243502e+02 2.719852254103013323e+01 2.719852254103013323e+01
1.223543099999999939e-01 6.627294246646508782e+02 2.574353170535563606e+01 2.574353170535563606e+01
1.282125799999999927e-01 5.850057280534559823e+02 2.418689165753747616e+01 2.418689165753747616e+01
1.343513500000000083e-01 5.084209987734444667e+02 2.254819280504414181e+01 2.254819280504414181e+01
1.407840399999999992e-01 4.348943955182395484e+02 2.085412178726880583e+01 2.085412178726880583e+01
1.475247299999999928e-01 3.662089839176858845e+02 1.913658757244054343e+01 1.913658757244054343e+01
1.545881500000000075e-01 3.038149724750531959e+02 1.743028893836970283e+01 1.743028893836970283e+01
1.619897700000000051e-01 2.486893231854596991e+02 1.576988659393147607e+01 1.576988659393147607e+01
1.697457800000000128e-01 2.012725768072352253e+02 1.418705666469388582e+01 1.418705666469388582e+01
1.778731400000000129e-01 1.614949987566016034e+02 1.270806825432573817e+01 1.270806825432573817e+01
1.863896399999999953e-01 1.288797009837567771e+02 1.135251958746413159e+01 1.135251958746413159e+01
1.953139000000000125e-01 1.026712764438612737e+02 1.013268357563095279e+01 1.013268357563095279e+01
2.046654499999999988e-01 8.194712002626567937e+01 9.052464859156630794e+00 9.052464859156630794e+00
2.144647500000000095e-01 6.571704504354987364e+01 8.106605025752141813e+00 8.106605025752141813e+00
2.247332400000000008e-01 5.302075094260036536e+01 7.281534930397598693e+00 7.281534930397598693e+00
2.354933800000000022e-01 4.300868192122410250e+01 6.558100481177770114e+00 6.558100481177770114e+00
2.467687100000000022e-01 3.500051078407783223e+01 5.916122952075778763e+00 5.916122952075778763e+00
2.585838999999999777e-01 2.851444885687461905e+01 5.339892213975354629e+00 5.339892213975354629e+00
2.709647900000000109e-01 2.324128257269089204e+01 4.820921340645467623e+00 4.820921340645467623e+00
2.839384799999999931e-01 1.897603887057515948e+01 4.356149546397042549e+00 4.356149546397042549e+00
2.975333499999999742e-01 1.555404844524010244e+01 3.943862123000765330e+00 3.943862123000765330e+00
3.117791200000000207e-01 1.280890162414634936e+01 3.578952587580107814e+00 3.578952587580107814e+00
3.267069899999999749e-01 1.057591213119772533e+01 3.252062750193748020e+00 3.252062750193748020e+00
3.423495899999999814e-01 8.729404658349075419e+00 2.954556592510807711e+00 2.954556592510807711e+00
3.587411500000000086e-01 7.197826713441213720e+00 2.682876574395701486e+00 2.682876574395701486e+00
3.759175399999999945e-01 5.937473820287770820e+00 2.436693214232717342e+00 2.436693214232717342e+00
3.939163199999999865e-01 4.903078717934755026e+00 2.214289664414923475e+00 2.214289664414923475e+00
4.127768700000000179e-01 4.052138993863281691e+00 2.012992546897101942e+00 2.012992546897101942e+00
4.325404700000000102e-01 3.351739604321897215e+00 1.830775683780483609e+00 1.830775683780483609e+00
4.532503299999999791e-01 2.771707822816062095e+00 1.664844684292220212e+00 1.664844684292220212e+00
4.749517999999999796e-01 2.289391616301866161e+00 1.513073566057469010e+00 1.513073566057469010e+00
4.976922899999999816e-01 1.893594068978908806e+00 1.376079237899805241e+00 1.376079237899805241e+00
5.215216200000000191e-01 1.568177113529972022e+00 1.252268786455197125e+00 1.252268786455197125e+00
5.464918600000000515e-01 1.296792117524506960e+00 1.138767806677246641e+00 1.138767806677246641e+00
5.726576599999999573e-01 1.072353672503596922e+00 1.035545108869525333e+00 1.035545108869525333e+00
6.000763099999999461e-01 8.882702531634991683e-01 9.424809033415473269e-01 9.424809033415473269e-01
6.288076999999999694e-01 7.355695075940633654e-01 8.576534892333053106e-01 8.576534892333053106e-01
6.589147899999999725e-01 6.084249993596883010e-01 7.800160250659522454e-01 7.800160250659522454e-01
6.904633500000000312e-01 5.039888385273133542e-01 7.099217129566565143e-01 7.099217129566565143e-01
7.235224799999999679e-01 4.176941403050493107e-01 6.462926119839598194e-01 6.462926119839598194e-01
7.581644699999999792e-01 3.455955022176427915e-01 5.878737128139366330e-01 5.878737128139366330e-01
7.944650599999999452e-01 2.864449172662203447e-01 5.352054906913982224e-01 5.352054906913982224e-01
8.325037600000000371e-01 2.373635257909622043e-01 4.871996775357740339e-01 4.871996775357740339e-01
8.723636799999999747e-01 1.965162262328374876e-01 4.433015071402729435e-01 4.433015071402729435e-01
9.141321100000000532e-01 1.629931085448402539e-01 4.037240499955882522e-01 4.037240499955882522e-01
9.579004100000000355e-01 1.349550032343308781e-01 3.673622234720533841e-01 3.673622234720533841e-01
1.003764300000000054e+00 1.119204371992494063e-01 3.345451198257858305e-01 3.345451198257858305e-01
1.051824099999999929e+00 9.271219900838852113e-02 3.044867796939442206e-01 3.044867796939442206e-01
1.102185100000000029e+00 7.687607836552443064e-02 2.772653573123127213e-01 2.772653573123127213e-01
1.154957299999999965e+00 6.370021487131088955e-02 2.523890149576856756e-01 2.523890149576856756e-01
1.210256199999999893e+00 5.282171348681872353e-02 2.298297489160590068e-01 2.298297489160590068e-01
1.268202800000000074e+00 4.377748762709719049e-02 2.092307043124818078e-01 2.092307043124818078e-01
1.328923800000000099e+00 3.629420172863984800e-02 1.905103717088385828e-01 1.905103717088385828e-01
1.392552100000000070e+00 3.009253499916278440e-02 1.734720006201657394e-01 1.734720006201657394e-01
1.459227000000000052e+00 2.494707886957620371e-02 1.579464430418621446e-01 1.579464430418621446e-01
1.529094200000000070e+00 2.067915622878136947e-02 1.438024903427662093e-01 1.438024903427662093e-01
1.602306699999999973e+00 1.715130340249383656e-02 1.309629848563854115e-01 1.309629848563854115e-01
1.679024400000000083e+00 1.421989426502044684e-02 1.192471981432706302e-01 1.192471981432706302e-01
1.759415500000000021e+00 1.179185832323184115e-02 1.085903233406726731e-01 1.085903233406726731e-01
1.843655599999999950e+00 9.773612870807737649e-03 9.886158440368907063e-02 9.886158440368907063e-02
1.931929100000000066e+00 8.110950010360653759e-03 9.006081284532498066e-02 9.006081284532498066e-02
2.024429099999999870e+00 6.710375125326583506e-03 8.191687936760398692e-02 8.191687936760398692e-02
2.121357999999999855e+00 5.581468191951191940e-03 7.470922427619759720e-02 7.470922427619759720e-02
2.222927799999999898e+00 4.621207003555712588e-03 6.797946015934307196e-02 6.797946015934307196e-02
2.329360700000000062e+00 3.828661474507056607e-03 6.187617857065073196e-02 6.187617857065073196e-02
2.440889499999999934e+00 3.183405779149931468e-03 5.642167827307099232e-02 5.642167827307099232e-02
2.557758399999999988e+00 2.636954483349193083e-03 5.135128511876984464e-02 5.135128511876984464e-02
2.680222899999999964e+00 2.183526857901759051e-03 4.672822335486080669e-02 4.672822335486080669e-02
2.808550900000000183e+00 1.812222862803817159e-03 4.257021097908509494e-02 4.257021097908509494e-02
2.943023199999999839e+00 1.504462281517737320e-03 3.878739848865526973e-02 3.878739848865526973e-02
3.083934000000000175e+00 1.244351143120858141e-03 3.527536170078002242e-02 3.527536170078002242e-02
3.231591499999999950e+00 1.037537842086511900e-03 3.221083423456325145e-02 3.221083423456325145e-02
3.386318900000000021e+00 8.516347517870139199e-04 2.918278176917022196e-02 2.918278176917022196e-02
3.548454500000000067e+00 7.189268456523278342e-04 2.681281122247959614e-02 2.681281122247959614e-02
3.718353099999999856e+00 5.850829252139873532e-04 2.418848745196746156e-02 2.418848745196746156e-02
3.896386399999999917e+00 4.804242179752415010e-04 2.191858156850578360e-02 2.191858156850578360e-02
4.082943799999999790e+00 4.311404943298495105e-04 2.076392290319556758e-02 2.076392290319556758e-02
4.278433599999999615e+00 3.062802523765249807e-04 1.750086433227013294e-02 1.750086433227013294e-02
