6.367979799999999579e-02 8.339739339554693288e+03
6.972053899999999804e-02 8.209728421050509496e+03
7.576168699999999423e-02 8.071915271612718243e+03
8.180283500000000430e-02 7.927197209163897242e+03
8.784357600000000654e-02 7.776492344949619110e+03
9.388472400000000273e-02 7.620696930348329261e+03
9.992587199999999892e-02 7.460736492299989550e+03
1.059666100000000027e-01 7.297527200801550862e+03
1.120077599999999979e-01 7.131932215093040213e+03
1.180485000000000007e-01 6.964831371503921218e+03
1.240896499999999958e-01 6.797023696170267613e+03
1.301307999999999909e-01 6.629299685381162817e+03
1.361715400000000076e-01 6.462401249820401972e+03
1.422126900000000027e-01 6.296982666262504608e+03
1.482538399999999978e-01 6.133674482151478514e+03
1.542945799999999867e-01 5.973045730994384030e+03
1.603357199999999871e-01 5.815569926596434016e+03
1.663768700000000100e-01 5.661688239411421819e+03
1.724176099999999989e-01 5.511776923779078970e+03
1.784587599999999941e-01 5.366117361206699570e+03
1.844999099999999892e-01 5.224958731701951365e+03
1.905406500000000058e-01 5.088488181984614130e+03
1.965818000000000010e-01 4.956807126324959427e+03
2.026229499999999961e-01 4.829990127656945333e+03
2.086636900000000128e-01 4.708059408909540252e+03
2.147048400000000079e-01 4.590965685392738123e+03
2.207455799999999968e-01 4.478649767178198999e+03
2.267867199999999972e-01 4.370983842978397661e+03
2.328278699999999923e-01 4.267829788402194936e+03
2.388686100000000090e-01 4.169020889169018119e+03
2.449097600000000041e-01 4.074347255344415316e+03
2.509509100000000270e-01 3.983601008961292791e+03
2.569916500000000159e-01 3.896559598742528124e+03
2.630328000000000110e-01 3.812973696382438447e+03
2.690739500000000062e-01 3.732606780080733643e+03
2.751146899999999951e-01 3.655220288427424748e+03
2.811558399999999902e-01 3.580562371349154546e+03
2.871965799999999791e-01 3.508407362285040108e+03
2.932377299999999742e-01 3.438517953277229026e+03
2.992788699999999746e-01 3.370682410991904362e+03
3.053196100000000190e-01 3.304700808426700860e+03
3.113607600000000142e-01 3.240374494678148949e+03
3.174019100000000093e-01 3.177533709644952523e+03
3.234426499999999982e-01 3.116024649572261296e+03
3.294837999999999933e-01 3.055697882651389591e+03
3.355245399999999822e-01 2.996437521812871637e+03
3.415656899999999774e-01 2.938128272031922734e+03
3.476068399999999725e-01 2.880683330524641406e+03
3.536475800000000169e-01 2.824031366066900773e+03
3.596887300000000121e-01 2.768104344369230603e+03
3.657298700000000125e-01 2.712859598029061999e+03
3.717706100000000013e-01 2.658266486533650095e+03
3.778117599999999965e-01 2.604294698187920403e+03
3.838529099999999916e-01 2.550934699218858896e+03
3.898936499999999805e-01 2.498185068855447298e+03
3.959347999999999757e-01 2.446040486451815923e+03
4.019755400000000201e-01 2.394515253989506164e+03
4.080158700000000027e-01 2.343620470764114543e+03
4.140586499999999726e-01 2.293346289231667470e+03
4.200973599999999752e-01 2.243762111616150833e+03
4.261401300000000059e-01 2.194817021484584529e+03
4.321788400000000085e-01 2.146592079763323454e+03
4.382216099999999837e-01 2.099036403251736829e+03
4.442643900000000090e-01 2.052194545321505302e+03
4.503031000000000117e-01 2.006106880238801295e+03
4.563458699999999868e-01 1.960717989229818841e+03
4.623845799999999895e-01 1.916092452425236615e+03
4.684273600000000148e-01 1.872170684647906910e+03
4.744660600000000228e-01 1.829009387458335823e+03
4.805088399999999926e-01 1.786544853805984303e+03
4.865516200000000180e-01 1.744798537439162601e+03
4.925903200000000259e-01 1.703787749349878823e+03
4.986330999999999958e-01 1.663445134622948899e+03
5.046718000000000037e-01 1.623811927685058890e+03
5.107145800000000291e-01 1.584820488408040546e+03
5.167532799999999815e-01 1.546509061454544053e+03
5.227960600000000069e-01 1.508811598818690072e+03
5.288388400000000322e-01 1.471740512410619885e+03
5.348775399999999847e-01 1.435307524366592816e+03
5.409203200000000100e-01 1.399452077832758732e+03
5.469590199999999625e-01 1.364212920838022228e+03
5.530017999999999878e-01 1.329534623085445219e+03
5.590405000000000513e-01 1.295458218544892816e+03
5.650832799999999656e-01 1.261933942674272430e+03
5.711219899999999683e-01 1.229005372902379804e+03
5.771647600000000544e-01 1.196628536701427720e+03
5.832075399999999687e-01 1.164827935231580568e+03
5.892462499999999714e-01 1.133628336604792821e+03
5.952890199999999465e-01 1.102993024422797134e+03
6.013277299999999492e-01 1.072969568209785393e+03
6.073705000000000354e-01 1.043524806059816001e+03
6.134092100000000380e-01 1.014705970299310252e+03
6.194519899999999524e-01 9.864820547092319885e+02
6.254947600000000385e-01 9.588803064634657858e+02
6.315334700000000412e-01 9.319256104382886861e+02
6.375762499999999555e-01 9.055878411896035232e+02
6.436149500000000190e-01 8.799075456112601614e+02
6.496577300000000443e-01 8.548536824497889484e+02
6.556964299999999968e-01 8.304621740243020440e+02
6.617392100000000221e-01 8.067004326464495989e+02
6.677779099999999746e-01 7.835990942601952156e+02
6.738206899999999999e-01 7.611236082484093686e+02
6.798634700000000253e-01 7.392845718051787571e+02
6.859021699999999777e-01 7.180890083684151932e+02
6.919449500000000031e-01 6.974994143057504061e+02
6.979836499999999555e-01 6.775330744847942697e+02
7.040264299999999809e-01 6.581509609571012334e+02
7.100651300000000443e-01 6.393658645220907601e+02
7.161079099999999587e-01 6.211378539859560988e+02
7.221506899999999840e-01 6.034643165612476423e+02
7.281893900000000475e-01 5.863404147198489227e+02
7.342321699999999618e-01 5.697262801939530164e+02
7.402708799999999645e-01 5.536273151657891276e+02
7.463136500000000506e-01 5.380047362782562459e+02
7.523523600000000533e-01 5.228625525141676462e+02
7.583951399999999676e-01 5.081636658850682124e+02
7.644338400000000311e-01 4.939116450813223764e+02
7.704766199999999454e-01 4.800715404725150393e+02
7.765193999999999708e-01 4.666381165353996039e+02
7.825581000000000342e-01 4.536058133233530612e+02
7.886008799999999486e-01 4.409436270114512695e+02
7.946395800000000120e-01 4.286561432903196760e+02
8.006823600000000374e-01 4.167151144658676003e+02
8.067210599999999898e-01 4.051259006885114218e+02
8.127638400000000152e-01 3.938629056014016783e+02
8.188066200000000405e-01 3.829249228210117622e+02
8.248453199999999930e-01 3.723105939322319387e+02
8.308881000000000183e-01 3.619978065460292100e+02
8.369267999999999708e-01 3.519932902570980673e+02
8.429695799999999961e-01 3.422767996267199351e+02
8.490082799999999486e-01 3.328551186527830055e+02
8.550510599999999739e-01 3.237094649286387380e+02
8.610938399999999993e-01 3.148404486613081872e+02
8.671325399999999517e-01 3.062480510871406523e+02
8.731753199999999770e-01 2.979149722902448048e+02
8.792140200000000405e-01 2.898467554353229048e+02
8.852567999999999548e-01 2.820267012626029555e+02
8.912955099999999575e-01 2.744594391280319883e+02
8.973382800000000437e-01 2.671286976423553483e+02
9.033769900000000463e-01 2.600380711464972592e+02
9.094197699999999607e-01 2.531715653620400985e+02
9.154625400000000468e-01 2.465274139222372867e+02
9.215012500000000495e-01 2.401030517553962795e+02
9.275440299999999638e-01 2.338828899597186819e+02
9.335827300000000273e-01 2.278682747092259433e+02
9.396255100000000526e-01 2.220439611772987973e+02
9.456642100000000051e-01 2.164106801378748912e+02
9.517069900000000304e-01 2.109537039599142929e+02
9.577497699999999448e-01 2.056698567350115070e+02
9.637884700000000082e-01 2.005556194360420079e+02
9.698312500000000336e-01 1.955973371470370807e+02
9.758699499999999860e-01 1.907951826699511741e+02
9.819127300000000114e-01 1.861363925643815662e+02
9.879514299999999638e-01 1.816212757528315365e+02
9.939942099999999892e-01 1.772380558136325988e+02
1.000032899999999891e+00 1.729873185348726281e+02
1.006075700000000017e+00 1.688582877580335548e+02
1.012118499999999921e+00 1.648492350589926048e+02
1.018157200000000095e+00 1.609584356825743043e+02
1.024199999999999999e+00 1.571766042854644922e+02
1.030238699999999952e+00 1.535051783670571695e+02
1.036281400000000019e+00 1.499358122108059774e+02
1.042320099999999972e+00 1.464700655559704785e+02
1.048362900000000097e+00 1.431003404774533294e+02
1.054405700000000001e+00 1.398262530559112236e+02
1.060444399999999954e+00 1.366473064021694483e+02
1.066487200000000080e+00 1.335566725885503558e+02
1.072525900000000032e+00 1.305561147303897940e+02
1.078568699999999936e+00 1.276391728238976384e+02
1.084607400000000110e+00 1.248074422499836658e+02
1.090650099999999956e+00 1.220547555773720205e+02
1.096692900000000082e+00 1.193805841686426277e+02
1.102731600000000034e+00 1.167842914673500161e+02
1.108774399999999938e+00 1.142598941214547779e+02
1.114813099999999890e+00 1.118083217178118787e+02
1.120855900000000016e+00 1.094237102186396555e+02
1.126894599999999969e+00 1.071067343558710263e+02
1.132937400000000094e+00 1.048516684141267632e+02
1.138976100000000047e+00 1.026589951827854463e+02
1.145018799999999892e+00 1.005232107172733294e+02
1.151061600000000018e+00 9.844322908959600227e+01
1.157100299999999971e+00 9.641797870766228584e+01
1.163143100000000096e+00 9.444232632778391689e+01
1.169181800000000049e+00 9.251667223971715259e+01
1.175224599999999953e+00 9.063623770326927342e+01
1.181263299999999905e+00 8.880154728585930002e+01
1.187306100000000031e+00 8.700822868649453312e+01
1.193348800000000098e+00 8.525584701954628031e+01
1.199387500000000051e+00 8.354393360428193205e+01
1.205430299999999955e+00 8.186880034408235929e+01
1.211468999999999907e+00 8.023149346616426669e+01
1.217511800000000033e+00 7.862872120558765232e+01
1.223550499999999985e+00 7.706174173772947711e+01
1.229593299999999889e+00 7.552764866774451491e+01
1.235632000000000064e+00 7.402787023284861334e+01
1.241674799999999967e+00 7.255982354210689778e+01
1.247717500000000035e+00 7.112410445895723399e+01
1.253756199999999987e+00 6.972122023646220157e+01
1.259798999999999891e+00 6.834895350709965101e+01
1.265837700000000066e+00 6.700886108320401036e+01
1.271880499999999969e+00 6.569882961572997715e+01
1.277919199999999922e+00 6.442033789692914070e+01
1.283962000000000048e+00 6.317132932822610059e+01
1.290004799999999952e+00 6.195232656068265698e+01
1.296043499999999904e+00 6.076372455898643210e+01
1.302086300000000030e+00 5.960345252392582438e+01
1.308124999999999982e+00 5.847256784827461473e+01
1.314167700000000050e+00 5.736897158315485257e+01
1.320206400000000002e+00 5.629347997485412236e+01
1.326249199999999906e+00 5.524394399569537484e+01
1.332287900000000080e+00 5.422102455854799530e+01
1.338330699999999984e+00 5.322251875191001602e+01
1.344373500000000110e+00 5.224827437976794897e+01
1.350412200000000063e+00 5.129804271553587114e+01
1.356454999999999966e+00 5.036962849054563662e+01
1.362493699999999919e+00 4.946338028833125122e+01
1.368536399999999986e+00 4.857717518407198298e+01
1.374575099999999939e+00 4.771129797219298041e+01
1.380617900000000065e+00 4.686372772989331281e+01
1.386660699999999968e+00 4.603423869818999492e+01
1.392699399999999921e+00 4.522260588217748989e+01
1.398742200000000047e+00 4.442701530591013181e+01
1.404780899999999999e+00 4.364789986339464178e+01
1.410823699999999903e+00 4.288362347614436487e+01
1.416862400000000077e+00 4.213471745211103325e+01
1.422905099999999923e+00 4.139974313206344902e+01
1.428947900000000049e+00 4.067882686893824484e+01
1.434986600000000001e+00 3.997216134093390139e+01
1.441029399999999905e+00 3.927855531551882962e+01
1.447068100000000079e+00 3.859877494200446080e+01
1.453110899999999983e+00 3.793177047168622096e+01
1.459149599999999936e+00 3.727836006961433668e+01
1.465192400000000061e+00 3.663759941380752139e+01
1.471231100000000014e+00 3.601032088809027698e+01
1.477273800000000081e+00 3.539565533501215100e+01
1.483316599999999985e+00 3.479398505055965529e+01
1.489355299999999938e+00 3.420567803167295295e+01
1.495398100000000063e+00 3.362987988606380441e+01
1.501436800000000016e+00 3.306729079809399252e+01
1.507479599999999920e+00 3.251703367131568712e+01
1.513518300000000094e+00 3.197970553565751572e+01
1.519561099999999998e+00 3.145438715365224169e+01
1.525603800000000065e+00 3.094122494856920724e+01
1.531642500000000018e+00 3.044026585781842087e+01
1.537685299999999922e+00 2.995052667106515898e+01
1.543724000000000096e+00 2.947232449159285750e+01
1.549766800000000000e+00 2.900463050169429380e+01
1.555805499999999952e+00 2.854767427184810913e+01
1.561848300000000078e+00 2.810041046701294931e+01
1.567887000000000031e+00 2.766300946859667320e+01
1.573929799999999934e+00 2.723443591908807804e+01
1.579972500000000002e+00 2.681455851181262773e+01
1.586011300000000013e+00 2.640320572916508368e+01
1.592054000000000080e+00 2.599943709707460471e+01
1.598092700000000033e+00 2.560339603244536022e+01
1.604135499999999936e+00 2.521419704681441942e+01
1.610174200000000111e+00 2.483204884780504784e+01
1.616217000000000015e+00 2.445615090148801585e+01
1.622259799999999919e+00 2.408652341063977431e+01
1.628298500000000093e+00 2.372321056002577677e+01
1.634341299999999997e+00 2.336555918361115403e+01
1.640379999999999949e+00 2.301393369907543374e+01
1.646422700000000017e+00 2.266777721714258931e+01
1.652461399999999969e+00 2.232749501131069536e+01
1.658504200000000095e+00 2.199260504379914494e+01
1.664546999999999999e+00 2.166333645918538053e+01
1.670585699999999951e+00 2.133991925916369325e+01
1.676628500000000077e+00 2.102193667712598923e+01
1.682667200000000030e+00 2.070984662043616709e+01
1.688709999999999933e+00 2.040324991313231706e+01
1.694748700000000108e+00 2.010257993136708166e+01
1.700791399999999953e+00 1.980743842535222399e+01
1.706830099999999906e+00 1.951820503466204926e+01
1.712872900000000032e+00 1.923446119648075836e+01
1.718915699999999935e+00 1.895635241967878670e+01
1.724954400000000110e+00 1.868398547037523372e+01
1.730997200000000014e+00 1.841689032641342649e+01
1.737035899999999966e+00 1.815530595370777434e+01
1.743078700000000092e+00 1.789873154495730034e+01
1.749117400000000044e+00 1.764735003721358453e+01
1.755160099999999890e+00 1.740064190019364077e+01
1.761202900000000016e+00 1.715857568385581189e+01
1.767241599999999968e+00 1.692111026919668859e+01
1.773284400000000094e+00 1.668771320259410018e+01
1.779323100000000046e+00 1.645849067118834341e+01
1.785365899999999950e+00 1.623292432483341230e+01
1.791404599999999903e+00 1.601112116367900384e+01
1.797447400000000028e+00 1.579259242003421626e+01
1.803486099999999981e+00 1.557746234728680079e+01
1.809528800000000048e+00 1.536528791141625305e+01
1.815571599999999952e+00 1.515607512151649594e+01
1.821610299999999905e+00 1.494985446384657024e+01
1.827653100000000030e+00 1.474625676216987458e+01
1.833691799999999983e+00 1.454549232718142804e+01
1.839734600000000109e+00 1.434724514065913326e+01
1.845773300000000061e+00 1.415176231778316662e+01
1.851816099999999965e+00 1.395877619699959737e+01
1.857858800000000032e+00 1.376843872293910920e+01
1.863897499999999985e+00 1.358089987609223570e+01
1.869940300000000111e+00 1.339594956440650364e+01
1.875979000000000063e+00 1.321388831099741168e+01
1.882021799999999967e+00 1.303452319775198021e+01
1.888060499999999919e+00 1.285815308047870609e+01
1.894103300000000045e+00 1.268459176189377402e+01
1.900146099999999949e+00 1.251400785656756653e+01
1.906184799999999901e+00 1.234655352817387097e+01
1.912227600000000027e+00 1.218202992358896175e+01
1.918266299999999980e+00 1.202067575264667632e+01
1.924309000000000047e+00 1.186227528280905119e+01
1.930347700000000000e+00 1.170702323230498720e+01
1.936390499999999903e+00 1.155468011777377413e+01
1.942429200000000078e+00 1.140540512268928452e+01
1.948471999999999982e+00 1.125893226428453886e+01
1.954514800000000108e+00 1.111528597336442559e+01
1.960553500000000060e+00 1.097446999283221203e+01
1.966596299999999964e+00 1.083619115107673281e+01
1.972634999999999916e+00 1.070052649996655170e+01
1.978677699999999984e+00 1.056717714995414070e+01
1.984716399999999936e+00 1.043619946341640059e+01
1.990759200000000062e+00 1.030729688977545422e+01
1.996801999999999966e+00 1.018044027948979924e+01
2.002840700000000140e+00 1.005559974147854874e+01
2.008883500000000044e+00 9.932499071388857459e+00
2.014922199999999997e+00 9.811208173712067548e+00
2.020964999999999900e+00 9.691476397385855535e+00
2.027003699999999853e+00 9.573393034237430044e+00
2.033046399999999920e+00 9.456740079123807874e+00
2.039085099999999873e+00 9.341626603775477378e+00
2.045127900000000221e+00 9.227867012082333176e+00
2.051170700000000124e+00 9.115522438828813634e+00
2.057209400000000077e+00 9.004662978141340091e+00
2.063252199999999981e+00 8.895144882976225631e+00
2.069290899999999933e+00 8.787133341133447573e+00
2.075333699999999837e+00 8.680506091946870839e+00
2.081372399999999789e+00 8.575437834343846433e+00
2.087415099999999857e+00 8.471820923688003546e+00
2.093457900000000205e+00 8.369758027891883501e+00
2.099496600000000157e+00 8.269351307290717656e+00
2.105539400000000061e+00 8.170493528343044431e+00
2.111578100000000013e+00 8.073342209363083555e+00
2.117620899999999917e+00 7.977781324088236481e+00
2.123659599999999870e+00 7.883947490448203865e+00
2.129702400000000218e+00 7.791710209577568769e+00
2.135741100000000170e+00 7.701180864818274685e+00
2.141783799999999793e+00 7.612213213724376537e+00
2.147826600000000141e+00 7.524830721140488343e+00
2.153865300000000094e+00 7.439046722547086432e+00
2.159908099999999997e+00 7.354689551865569719e+00
2.165946799999999950e+00 7.271810510661760318e+00
2.171989599999999854e+00 7.190227339503968196e+00
2.178028299999999806e+00 7.109976384502658675e+00
2.184071100000000154e+00 7.030871464424468975e+00
2.190113800000000222e+00 6.952890753339072916e+00
2.196152600000000010e+00 6.876005501846375267e+00
2.202195300000000078e+00 6.800042882303002578e+00
2.208234000000000030e+00 6.725033743962788080e+00
2.214276799999999934e+00 6.650815638791516271e+00
2.220315499999999886e+00 6.577435485497969303e+00
2.226358299999999790e+00 6.504748892144437633e+00
2.232401100000000138e+00 6.432771025251219577e+00
2.238439800000000091e+00 6.361525386370981749e+00
2.244482599999999994e+00 6.290900932039644289e+00
2.250521299999999947e+00 6.220989257088010760e+00
2.256564000000000014e+00 6.151701774473982809e+00
2.262602699999999967e+00 6.083143961244221742e+00
2.268645499999999871e+00 6.015245032594061847e+00
2.274684199999999823e+00 5.948124293828461973e+00
2.280727000000000171e+00 5.881722302555722592e+00
2.286769800000000075e+00 5.816119486086593682e+00
2.292808500000000027e+00 5.751395312728037723e+00
2.298851299999999931e+00 5.687497238571515012e+00
2.304889999999999883e+00 5.624545247337456644e+00
2.310932699999999951e+00 5.562484667193551502e+00
2.316971399999999903e+00 5.501422609516711582e+00
2.323014199999999807e+00 5.441296239321321337e+00
2.329057000000000155e+00 5.382159601269986382e+00
2.335095700000000107e+00 5.324056649786493622e+00
2.341138500000000011e+00 5.266905570564122563e+00
2.347177199999999964e+00 5.210773181560377054e+00
2.353219999999999867e+00 5.155564878922227479e+00
2.359258699999999820e+00 5.101330030948927785e+00
2.365301399999999887e+00 5.047963781990718601e+00
2.371340099999999840e+00 4.995499098729164089e+00
2.377382900000000188e+00 4.943823322495687123e+00
2.383425700000000091e+00 4.892926621950476118e+00
2.389464400000000044e+00 4.842794910101002159e+00
2.395507199999999948e+00 4.793311420968066727e+00
2.401545899999999900e+00 4.744495136197368623e+00
2.407588699999999804e+00 4.696233311077146588e+00
2.413627400000000200e+00 4.648547964218993300e+00
2.419670099999999824e+00 4.601335628938915789e+00
2.425712900000000172e+00 4.554592732686675305e+00
2.431751600000000124e+00 4.508322464504268545e+00
2.437794400000000028e+00 4.462439388883765012e+00
2.443833099999999980e+00 4.416989766578508281e+00
2.449875899999999884e+00 4.371902576983723421e+00
2.455914599999999837e+00 4.327236319296842382e+00
2.461957400000000185e+00 4.282933967662488683e+00
2.468000099999999808e+00 4.239036145326936733e+00
2.474038800000000204e+00 4.195585326524755132e+00
2.480081600000000108e+00 4.152542092239306371e+00
2.486120300000000061e+00 4.109987012348790714e+00
2.492163099999999964e+00 4.067886755201625348e+00
2.498201799999999917e+00 4.026324044273154712e+00
2.504244599999999821e+00 3.985268091077756480e+00
2.510283300000000217e+00 3.944799155984308303e+00
2.516326100000000121e+00 3.904884718020116274e+00
2.522368900000000025e+00 3.865571781283215103e+00
2.528407599999999977e+00 3.826901761797492973e+00
2.534450300000000045e+00 3.788833475604426404e+00
2.540488999999999997e+00 3.751422820395123647e+00
2.546531799999999901e+00 3.714619586135135432e+00
2.552570499999999853e+00 3.678467969520577974e+00
2.558613300000000201e+00 3.642907466479446299e+00
2.564656100000000105e+00 3.607945983497104603e+00
2.570694800000000058e+00 3.573584797613899244e+00
2.576737599999999961e+00 3.539750980225383259e+00
2.582776299999999914e+00 3.506460516522178938e+00
2.588818999999999981e+00 3.473635955633812333e+00
2.594857699999999934e+00 3.441286112771650529e+00
2.600900499999999838e+00 3.409332042353483416e+00
2.606939199999999790e+00 3.377781698993566728e+00
2.612982000000000138e+00 3.346557928911961799e+00
2.619024800000000042e+00 3.315650027832904634e+00
2.625063499999999994e+00 3.285049378395766162e+00
2.631106299999999898e+00 3.254688842946882765e+00
2.637144999999999850e+00 3.224588373642186312e+00
2.643187699999999918e+00 3.194691102892630585e+00
2.649226399999999870e+00 3.165025203266182530e+00
2.655269200000000218e+00 3.135544645703811195e+00
2.661312000000000122e+00 3.106268506557420928e+00
2.667350700000000074e+00 3.077220164769745914e+00
2.673393499999999978e+00 3.048368353152896226e+00
2.679432199999999931e+00 3.019764285770878853e+00
2.685474999999999834e+00 2.991384410500500302e+00
2.691513699999999787e+00 2.963284951086774477e+00
2.697556399999999854e+00 2.935447531790776665e+00
2.703599200000000202e+00 2.907910445741573646e+00
2.709637900000000155e+00 2.880712379978795923e+00
2.715680700000000058e+00 2.853835227549196496e+00
2.721719400000000011e+00 2.827332434288335250e+00
2.727762199999999915e+00 2.801182447342692061e+00
2.733800899999999867e+00 2.775432014494420674e+00
2.739843700000000215e+00 2.750053797872697992e+00
2.745882400000000167e+00 2.725085877961777481e+00
2.751925099999999791e+00 2.700494229199374097e+00
2.757967900000000139e+00 2.676290390875430969e+00
2.764006600000000091e+00 2.652481989099791715e+00
2.770049399999999995e+00 2.629024052143232648e+00
2.776088099999999947e+00 2.605932354182272093e+00
2.782130899999999851e+00 2.583156544337402494e+00
2.788169599999999804e+00 2.560706233987215974e+00
2.794212400000000152e+00 2.538527975968095873e+00
2.800255100000000219e+00 2.516613571513528491e+00
2.806293900000000008e+00 2.494952471551153295e+00
2.812336600000000075e+00 2.473493150169479016e+00
2.818375300000000028e+00 2.452241363229511251e+00
2.824418099999999932e+00 2.431148170599548575e+00
2.830456799999999884e+00 2.410224213234179125e+00
2.836499599999999788e+00 2.389425991822810236e+00
2.842538300000000184e+00 2.368769929368609972e+00
2.848581100000000088e+00 2.348219688795250448e+00
2.854623899999999992e+00 2.327784692716209136e+00
2.860662599999999944e+00 2.307477694907721144e+00
2.866705300000000012e+00 2.287273984993236642e+00
2.872743999999999964e+00 2.267206127231785828e+00
2.878786799999999868e+00 2.247255980330683300e+00
2.884825499999999820e+00 2.227461903821256861e+00
2.890868300000000168e+00 2.207810339179982151e+00
2.896911100000000072e+00 2.188329569279643394e+00
2.902949800000000025e+00 2.169048285577841906e+00
2.908992599999999928e+00 2.149956228392167823e+00
2.915031299999999881e+00 2.131094874050113219e+00
2.921073999999999948e+00 2.112453580026429023e+00
2.927112699999999901e+00 2.094070219098311370e+00
2.933155499999999805e+00 2.075931407708632825e+00
2.939198300000000152e+00 2.058058643338216420e+00
2.945237000000000105e+00 2.040470039043915662e+00
2.951279800000000009e+00 2.023145079502837618e+00
2.957318499999999961e+00 2.006107620572610273e+00
2.963361299999999865e+00 1.989331823333664317e+00
2.969399999999999817e+00 1.972834776137434076e+00
2.975442699999999885e+00 1.956585854077617981e+00
2.981481399999999837e+00 1.940595538502836392e+00
2.987524200000000185e+00 1.924829133491672284e+00
2.993567000000000089e+00 1.909282509545628503e+00
2.999605700000000041e+00 1.893949594249815904e+00
3.005648499999999945e+00 1.878792308607475370e+00
3.011687199999999898e+00 1.863813647401189266e+00
3.017729999999999801e+00 1.848975873711672158e+00
3.023768700000000198e+00 1.834282442305449123e+00
3.029811399999999821e+00 1.819698129339343051e+00
3.035854200000000169e+00 1.805218571165503771e+00
3.041892900000000122e+00 1.790841838253189877e+00
3.047935700000000026e+00 1.776538812846018001e+00
3.053974399999999978e+00 1.762321841842361181e+00
3.060017199999999882e+00 1.748167216548685676e+00
3.066055899999999834e+00 1.734092454960130647e+00
3.072098700000000182e+00 1.720079420848387608e+00
3.078137400000000135e+00 1.706150634970318603e+00
3.084180100000000202e+00 1.692293233493114890e+00
3.090222900000000106e+00 1.678524084014158646e+00
3.096261600000000058e+00 1.664862157713098423e+00
3.102304399999999962e+00 1.651299640373500521e+00
3.108343099999999914e+00 1.637866452681884910e+00
3.114385899999999818e+00 1.624556195601241981e+00
3.120424600000000215e+00 1.611398597518894249e+00
3.126467400000000119e+00 1.598386835115225724e+00
3.132510200000000022e+00 1.585539866264201958e+00
3.138548899999999975e+00 1.572874729662794069e+00
3.144591600000000042e+00 1.560381112990163466e+00
3.150630299999999995e+00 1.548080144752531861e+00
3.156673099999999899e+00 1.535957637370587658e+00
3.162711799999999851e+00 1.524029951488997892e+00
3.168754600000000199e+00 1.512278377715799982e+00
3.174797400000000103e+00 1.500706200044061855e+00
3.180836100000000055e+00 1.489314000025353080e+00
3.186878899999999959e+00 1.478077221138845765e+00
3.192917599999999911e+00 1.467000332135717899e+00
3.198960299999999979e+00 1.456056330254302589e+00
3.204998999999999931e+00 1.445246617518054943e+00
3.211041799999999835e+00 1.434543066001928935e+00
3.217080499999999788e+00 1.423946487745265443e+00
3.223123300000000135e+00 1.413429113135046045e+00
3.229166100000000039e+00 1.402985546809408124e+00
3.235204799999999992e+00 1.392611346477662826e+00
3.241247599999999895e+00 1.382282461826120246e+00
3.247286299999999848e+00 1.372004737095676052e+00
3.253328999999999915e+00 1.361758209637370820e+00
3.259367699999999868e+00 1.351552423007116976e+00
3.265410500000000216e+00 1.341371882195181442e+00
3.271453300000000119e+00 1.331223931501932078e+00
3.277492000000000072e+00 1.321117949151302096e+00
3.283534799999999976e+00 1.311044705462586002e+00
3.289573499999999928e+00 1.301024098487052028e+00
3.295616299999999832e+00 1.291050216284648444e+00
3.301654999999999784e+00 1.281145415374652874e+00
3.307697699999999852e+00 1.271306014391089256e+00
3.313736399999999804e+00 1.261555034643680351e+00
3.319779200000000152e+00 1.251889415844077202e+00
3.325822000000000056e+00 1.242325466240866039e+00
3.331860700000000008e+00 1.232878498313934257e+00
3.337903499999999912e+00 1.223543572224013998e+00
3.343942199999999865e+00 1.214339912106128239e+00
3.349985000000000213e+00 1.205260027975805004e+00
3.356023700000000165e+00 1.196319520034583750e+00
3.362066399999999788e+00 1.187507840724423502e+00
3.368109200000000136e+00 1.178830385596199903e+00
3.374147900000000089e+00 1.170290771605101643e+00
3.380190699999999993e+00 1.161873351725336345e+00
3.386229399999999945e+00 1.153583878218259251e+00
3.392272199999999849e+00 1.145403991862002258e+00
3.398310899999999801e+00 1.137336510634243236e+00
3.404353700000000149e+00 1.129361280005321433e+00
3.410392400000000102e+00 1.121479323282706941e+00
3.416435200000000005e+00 1.113669838142599566e+00
3.422477900000000073e+00 1.105928256461827353e+00
3.428516600000000025e+00 1.098249785255691613e+00
3.434559399999999929e+00 1.090615039221919824e+00
3.440598099999999882e+00 1.083026208959111170e+00
3.446640899999999785e+00 1.075465958358732044e+00
3.452679600000000182e+00 1.067938860216654184e+00
3.458722400000000086e+00 1.060430488032059193e+00
3.464765199999999989e+00 1.052943335746951092e+00
3.470803899999999942e+00 1.045481461679934387e+00
3.476846600000000009e+00 1.038035466754369196e+00
3.482885299999999962e+00 1.030617363359952243e+00
3.488928099999999866e+00 1.023220789946045484e+00
3.494966799999999818e+00 1.015860639226211060e+00
3.501009600000000166e+00 1.008532849542227217e+00
3.507052400000000070e+00 1.001249206957011584e+00
3.513091100000000022e+00 9.940219620374407539e-01
3.519133899999999926e+00 9.868489718690796053e-01
3.525172599999999878e+00 9.797476672302463108e-01
3.531215299999999946e+00 9.727159808729972656e-01
3.537253999999999898e+00 9.657701654867432151e-01
3.543296799999999802e+00 9.589070993240027541e-01
3.549335500000000199e+00 9.521413080891549807e-01
3.555378300000000102e+00 9.454676614974233395e-01
3.561421100000000006e+00 9.388935390938124570e-01
3.567459799999999959e+00 9.324246468628447637e-01
3.573502599999999862e+00 9.260520914896825939e-01
3.579541299999999815e+00 9.197829530738756976e-01
3.585583999999999882e+00 9.136058375209701321e-01
3.591622699999999835e+00 9.075246231351260517e-01
3.597665500000000183e+00 9.015256672014964057e-01
3.603708300000000087e+00 8.956066286260542242e-01
3.609747000000000039e+00 8.897641494108313731e-01
3.615789799999999943e+00 8.839824316019546657e-01
3.621828499999999895e+00 8.782611487852383103e-01
3.627871299999999799e+00 8.725842977957666280e-01
3.633910000000000196e+00 8.669515608961202435e-01
3.639952699999999819e+00 8.613478107751999513e-01
3.645991400000000215e+00 8.557735928848513307e-01
3.652034200000000119e+00 8.502154510836370527e-01
3.658077000000000023e+00 8.446722712672266598e-01
3.664115699999999975e+00 8.391441112136439617e-01
3.670158499999999879e+00 8.336210815810362051e-01
3.676197199999999832e+00 8.281096513254688762e-01
3.682240000000000180e+00 8.226026665101603408e-01
3.688278700000000132e+00 8.171092389493426200e-01
3.694321400000000200e+00 8.116248587703172035e-01
3.700364200000000103e+00 8.061570244535564145e-01
3.706402900000000056e+00 8.007143766877606872e-01
3.712445699999999960e+00 7.952951005616910596e-01
3.718484399999999912e+00 7.899126126657861624e-01
3.724527199999999816e+00 7.845659271272458213e-01
3.730565900000000212e+00 7.792686278578839776e-01
3.736608700000000116e+00 7.740196261225598118e-01
3.742651500000000020e+00 7.688281831265147970e-01
3.748690199999999972e+00 7.637027347729554716e-01
3.754732900000000040e+00 7.586405267123113028e-01
3.760771599999999992e+00 7.536513769159678411e-01
3.766814399999999896e+00 7.487305980147207496e-01
3.772853099999999849e+00 7.438856831379483392e-01
3.778895900000000196e+00 7.391096557971477132e-01
3.784934600000000149e+00 7.344074035342562645e-01
3.790977400000000053e+00 7.297698081469441433e-01
3.797020199999999956e+00 7.251963120066472479e-01
3.803058899999999909e+00 7.206852803240459959e-01
3.809101599999999976e+00 7.162252464996889945e-01
3.815140299999999929e+00 7.118161571306251822e-01
3.821183099999999833e+00 7.074457927380695121e-01
3.827221799999999785e+00 7.031136553522867594e-01
3.833264600000000133e+00 6.988075169342095050e-01
3.839307400000000037e+00 6.945242804490350252e-01
3.845346099999999989e+00 6.902612821942595289e-01
3.851388899999999893e+00 6.860078552255690632e-01
3.857427599999999845e+00 6.817657188686130354e-01
3.863470299999999913e+00 6.775260676176724228e-01
3.869508999999999865e+00 6.732924264968691563e-01
3.875551800000000213e+00 6.690580999654928140e-01
3.881590500000000166e+00 6.648288998531798333e-01
3.887633300000000069e+00 6.606002045375987120e-01
3.893676099999999973e+00 6.563770008217518770e-01
3.899714799999999926e+00 6.521651561567357591e-01
3.905757599999999830e+00 6.479627324563820290e-01
3.911796299999999782e+00 6.437798323052792426e-01
3.917838999999999849e+00 6.396157039712434544e-01
3.923877699999999802e+00 6.354809914100212342e-01
3.929920500000000150e+00 6.313753755546969160e-01
3.935963300000000054e+00 6.273068080569206284e-01
3.942002000000000006e+00 6.232828669211469830e-01
3.948044799999999910e+00 6.193025067247683868e-01
3.954083499999999862e+00 6.153749555137637550e-01
3.960126300000000210e+00 6.114979951335652864e-01
3.966165000000000163e+00 6.076791838096267107e-01
3.972207699999999786e+00 6.039148093816022467e-01
3.978246500000000019e+00 6.002102767911339232e-01
3.984289200000000086e+00 5.965603445877352140e-01
3.990331999999999990e+00 5.929659895912648970e-01
3.996370699999999943e+00 5.894274147864971836e-01
4.002413500000000290e+00 5.859367852494575812e-01
4.008452199999999799e+00 5.824951264924603800e-01
4.014495000000000147e+00 5.790934902009829965e-01
4.020533699999999655e+00 5.757318025308562071e-01
4.026576500000000003e+00 5.724005382560934940e-01
4.032619200000000070e+00 5.690969766075297809e-01
4.038657899999999579e+00 5.658182124355551901e-01
4.044700699999999927e+00 5.625550475082250479e-01
4.050739400000000323e+00 5.593074732853340336e-01
4.056782199999999783e+00 5.560671343958230040e-01
4.062820900000000179e+00 5.528350977765260632e-01
4.068863699999999639e+00 5.496043494250696382e-01
4.074902400000000036e+00 5.463774291875550526e-01
4.080932899999999641e+00 5.431555045623801536e-01
4.087004199999999976e+00 5.399122194684236042e-01
4.093034799999999862e+00 5.366917610226269453e-01
4.099065300000000356e+00 5.334738732791184379e-01
4.105095900000000242e+00 5.302606048684861406e-01
4.111167199999999688e+00 5.270331944495227905e-01
4.117197700000000182e+00 5.238382988027421305e-01
4.123228300000000068e+00 5.206578616689568895e-01
4.129258899999999954e+00 5.174959099603166912e-01
4.135330200000000289e+00 5.143354299640295890e-01
4.141360699999999895e+00 5.112229216882506755e-01
4.147391299999999781e+00 5.081408832268827780e-01
4.153421800000000275e+00 5.050929631755046723e-01
4.159493099999999721e+00 5.020619693040384579e-01
4.165523699999999607e+00 4.990911365034347291e-01
4.171554200000000101e+00 4.961619418482329791e-01
4.177584799999999987e+00 4.932754422643471082e-01
4.183656100000000322e+00 4.904130321949756732e-01
4.189686599999999927e+00 4.876127382758863593e-01
4.195717199999999814e+00 4.848539668055916185e-01
4.201747700000000307e+00 4.821349116109941435e-01
4.207818999999999754e+00 4.794349361674439813e-01
4.213849599999999640e+00 4.767871204532547758e-01
4.219880200000000414e+00 4.741696208410745572e-01
4.225910700000000020e+00 4.715785082464207800e-01
4.231982000000000355e+00 4.689922372700360276e-01
4.238012600000000241e+00 4.664412411681135850e-01
4.244043099999999846e+00 4.639039637188568377e-01
4.250073699999999732e+00 4.613763401394039843e-01
4.256145000000000067e+00 4.588377687169211683e-01
4.262175499999999673e+00 4.563191316400602715e-01
4.268206099999999559e+00 4.538006978474961040e-01
4.274277399999999894e+00 4.512635213023735159e-01
4.280307900000000387e+00 4.487403860699691327e-01
4.286338500000000273e+00 4.462136755223699569e-01
4.292368999999999879e+00 4.436836800565923111e-01
4.298440300000000214e+00 4.411341450876707926e-01
4.304470900000000100e+00 4.386009053448800543e-01
4.310501499999999986e+00 4.360690846925436848e-01
4.316531999999999591e+00 4.335414495354387165e-01
4.322603299999999926e+00 4.310040731430626604e-01
4.328633899999999812e+00 4.284944628319613535e-01
4.334664400000000306e+00 4.259992119209859984e-01
4.340695000000000192e+00 4.235218588425500585e-01
4.346766299999999639e+00 4.210494725488151957e-01
4.352796800000000133e+00 4.186185550729741855e-01
4.358827400000000019e+00 4.162153281349975087e-01
4.364857899999999624e+00 4.138423806678597217e-01
4.370929199999999959e+00 4.114859303943677604e-01
4.376959799999999845e+00 4.091790042699905428e-01
4.382990300000000339e+00 4.069064792991897717e-01
4.389020900000000225e+00 4.046683704567575202e-01
4.395092199999999671e+00 4.024493889540098346e-01
4.401122799999999557e+00 4.002780851029441589e-01
4.407153300000000051e+00 3.981377290144116898e-01
4.413183899999999937e+00 3.960259589215212594e-01
4.419255200000000272e+00 3.939260922708989754e-01
4.425285699999999878e+00 3.918632416464238322e-01
4.431316299999999764e+00 3.898198911119283849e-01
4.437346800000000258e+00 3.877927064561799142e-01
4.443418099999999704e+00 3.857646574087637559e-01
4.449448699999999590e+00 3.837596588621786098e-01
4.455479200000000084e+00 3.817610377876134442e-01
4.461509799999999970e+00 3.797659727435229726e-01
4.467581100000000305e+00 3.777586868260308650e-01
4.473611599999999910e+00 3.757642350038269408e-01
4.479642199999999796e+00 3.737677404286368077e-01
4.485672700000000290e+00 3.717684766493048465e-01
4.491743999999999737e+00 3.697526369047163808e-01
4.497774599999999623e+00 3.677476394257720993e-01
4.503805200000000397e+00 3.657408868838038507e-01
4.509876499999999844e+00 3.637202496137378338e-01
4.515907000000000338e+00 3.617147271457863411e-01
4.521937600000000224e+00 3.597129504133230182e-01
4.527968099999999829e+00 3.577175247239360312e-01
4.534039400000000164e+00 3.557177576519285900e-01
4.540070000000000050e+00 3.537433591913758391e-01
4.546100499999999656e+00 3.517837781200182645e-01
4.552131100000000430e+00 3.498417135044304960e-01
4.558202399999999876e+00 3.479068787359146930e-01
4.564232900000000370e+00 3.460075627053612601e-01
4.570263500000000256e+00 3.441326128901124881e-01
4.576293999999999862e+00 3.422836273749901848e-01
4.582365300000000197e+00 3.404494111712915716e-01
4.588395900000000083e+00 3.386551570868046590e-01
4.594426499999999969e+00 3.368885229157659311e-01
4.600456999999999574e+00 3.351490632165429195e-01
4.606528299999999909e+00 3.334242656027689988e-01
4.612558899999999795e+00 3.317358264056421424e-01
4.618589400000000289e+00 3.300702506996406327e-01
4.624620000000000175e+00 3.284252503809011459e-01
4.630691299999999622e+00 3.267874093993111684e-01
4.636721800000000115e+00 3.251759746364928372e-01
4.642752400000000002e+00 3.235770168834062321e-01
4.648782899999999607e+00 3.219877292145512659e-01
4.654854199999999942e+00 3.203946070208912866e-01
4.660884799999999828e+00 3.188163935772296287e-01
4.666915300000000322e+00 3.172400331395918704e-01
4.672945900000000208e+00 3.156634118599441208e-01
4.679017199999999654e+00 3.140742160073957123e-01
4.685047800000000429e+00 3.124925056994191097e-01
4.691078300000000034e+00 3.109068953012798509e-01
4.697108899999999920e+00 3.093170568102901474e-01
4.703180200000000255e+00 3.077124662468223582e-01
4.709210699999999861e+00 3.061153672323099206e-01
4.715241299999999747e+00 3.045161134904834643e-01
4.721271800000000241e+00 3.029163114602270168e-01
4.727343099999999687e+00 3.013070260186860860e-01
4.733373699999999573e+00 2.997120419548952031e-01
4.739404200000000067e+00 2.981229527095284881e-01
4.745475500000000402e+00 2.965315380134051493e-01
4.751506100000000288e+00 2.949616571318121050e-01
4.757536599999999893e+00 2.934050438557055385e-01
4.763567199999999779e+00 2.918638927680157202e-01
4.769638500000000114e+00 2.903300152221904851e-01
4.775669100000000000e+00 2.888256774679904271e-01
4.781699599999999606e+00 2.873418784200631459e-01
4.787730200000000380e+00 2.858794691798411391e-01
4.793801499999999827e+00 2.844292787188399396e-01
4.799832000000000320e+00 2.830107606914236684e-01
4.805862600000000207e+00 2.816135971941863270e-01
4.811893099999999812e+00 2.802369171197785502e-01
4.817964400000000147e+00 2.788702485339322745e-01
4.823995000000000033e+00 2.775302420426408734e-01
4.830025499999999639e+00 2.762057090760701161e-01
4.836056100000000413e+00 2.748943923467109252e-01
4.842127399999999859e+00 2.735852062612751379e-01
4.848157900000000353e+00 2.722932823651020851e-01
4.854188500000000239e+00 2.710073572619386417e-01
4.860218999999999845e+00 2.697251649787423267e-01
4.866290300000000180e+00 2.684358923637164551e-01
4.872320900000000066e+00 2.671549592324611311e-01
4.878351499999999952e+00 2.658721569407316854e-01
4.884381999999999557e+00 2.645863067012570458e-01
4.890453299999999892e+00 2.632878459879762767e-01
4.896483899999999778e+00 2.619938236878690541e-01
4.902514400000000272e+00 2.606956203070857070e-01
4.908545000000000158e+00 2.593936614579328004e-01
4.914616299999999605e+00 2.580800200691220070e-01
4.920646800000000098e+00 2.567735626946113792e-01
4.926677399999999984e+00 2.554669858562654827e-01
4.932707899999999590e+00 2.541621227559338059e-01
4.938779199999999925e+00 2.528521412617509845e-01
4.944809799999999811e+00 2.515567281591737370e-01
4.950840300000000305e+00 2.502692373573415785e-01
4.956870900000000191e+00 2.489917189634894557e-01
4.962942199999999637e+00 2.477176823884255363e-01
4.968972800000000412e+00 2.464660261540144448e-01
4.975003300000000017e+00 2.452297560832507883e-01
4.981074600000000352e+00 2.440019385323513312e-01
4.987105200000000238e+00 2.428000098273827845e-01
4.993135699999999844e+00 2.416162892498886772e-01
4.999166299999999730e+00 2.404509498797302025e-01
5.005237600000000064e+00 2.392961636424581762e-01
5.011268099999999670e+00 2.381668901951250472e-01
5.017298699999999556e+00 2.370544012946002310e-01
5.023329200000000050e+00 2.359575296854533044e-01
5.029400500000000385e+00 2.348674985480236344e-01
5.035431100000000271e+00 2.337972315478678842e-01
5.041461599999999876e+00 2.327375295334474514e-01
5.047492199999999762e+00 2.316863928746695223e-01
5.053563500000000097e+00 2.306348070206979128e-01
5.059594099999999983e+00 2.295948889974406826e-01
5.065624599999999589e+00 2.285577091045903897e-01
5.071655200000000363e+00 2.275215082667966238e-01
5.077726499999999810e+00 2.264777839963436901e-01
5.083757000000000303e+00 2.254392756985577895e-01
5.089787600000000189e+00 2.243979827773040781e-01
5.095818099999999795e+00 2.233532851929118379e-01
5.101889400000000130e+00 2.222977398018391448e-01
5.107920000000000016e+00 2.212455379956812518e-01
5.113950499999999622e+00 2.201899918693603631e-01
5.119981100000000396e+00 2.191317422407085547e-01
5.126052399999999842e+00 2.180646165889671140e-01
5.132082900000000336e+00 2.170041688844982497e-01
5.138113500000000222e+00 2.159446475559110012e-01
5.144143999999999828e+00 2.148876789417158428e-01
5.150215300000000163e+00 2.138278349683229718e-01
5.156245900000000049e+00 2.127810895637052835e-01
5.162276499999999935e+00 2.117420411935847235e-01
5.168307000000000428e+00 2.107123495991183870e-01
5.174378299999999875e+00 2.096866538565990701e-01
5.180408899999999761e+00 2.086800540770580858e-01
5.186439400000000255e+00 2.076867447325528304e-01
5.192470000000000141e+00 2.067075171158700986e-01
5.198541299999999588e+00 2.057364562180087342e-01
5.204571800000000081e+00 2.047868109661999114e-01
5.210602399999999967e+00 2.038518805612243578e-01
5.216673700000000302e+00 2.029250870726614364e-01
5.222704199999999908e+00 2.020181352728108171e-01
5.228734799999999794e+00 2.011237235541524504e-01
5.234765300000000288e+00 2.002406268893331120e-01
5.240836599999999734e+00 1.993614965496332825e-01
5.246867199999999620e+00 1.984965174661274534e-01
5.252897800000000395e+00 1.976380603393620428e-01
5.258928300000000000e+00 1.967843962885122977e-01
5.264999600000000335e+00 1.959280402933221144e-01
5.271030200000000221e+00 1.950788352155115868e-01
5.277060699999999827e+00 1.942295370359976847e-01
5.283091299999999713e+00 1.933787931618404787e-01
5.289162600000000047e+00 1.925197522145067897e-01
5.295193099999999653e+00 1.916631098643025721e-01
5.301223700000000427e+00 1.908025483973578573e-01
5.307254200000000033e+00 1.899378621869116934e-01
5.313325500000000368e+00 1.890632231454436873e-01
5.319356100000000254e+00 1.881907573582776161e-01
5.325386599999999859e+00 1.873153019552363796e-01
5.331417199999999745e+00 1.864377619856613655e-01
5.337488500000000080e+00 1.855533832138978600e-01
5.343519099999999966e+00 1.846753732659155434e-01
5.349549599999999572e+00 1.837992956342496820e-01
5.355580200000000346e+00 1.829266757707778968e-01
5.361651499999999793e+00 1.820532706685513702e-01
5.367682000000000286e+00 1.811923558157902958e-01
5.373712600000000172e+00 1.803394819360695234e-01
5.379743099999999778e+00 1.794959901447604200e-01
5.385814400000000113e+00 1.786573954359650385e-01
5.391844999999999999e+00 1.778358621949548413e-01
5.397875499999999604e+00 1.770263920008517122e-01
5.403906100000000379e+00 1.762293291681446272e-01
5.409977399999999825e+00 1.754395195898059701e-01
5.416007900000000319e+00 1.746673616332693746e-01
5.422038500000000205e+00 1.739070126736708410e-01
5.428069100000000091e+00 1.731577478219625821e-01
5.434140400000000426e+00 1.724136432939332997e-01
5.440170900000000032e+00 1.716835198178930932e-01
5.446201499999999918e+00 1.709610191648091582e-01
5.452272800000000252e+00 1.702399201924510996e-01
5.458303299999999858e+00 1.695284231870973213e-01
5.464333899999999744e+00 1.688201771884883517e-01
5.470364400000000238e+00 1.681137794786285999e-01
5.476435699999999684e+00 1.674031111314404630e-01
5.482466299999999571e+00 1.666965155349233174e-01
