3.577503900000000153e-02 3.709745368885901673e-01
4.190623799999999843e-02 3.720187620803367956e-01
4.803784500000000263e-02 3.732031005172889437e-01
5.416904399999999953e-02 3.745168594454374444e-01
6.030024300000000337e-02 3.759484557072245714e-01
6.643184900000000115e-02 3.774853969956242783e-01
7.256304800000000499e-02 3.791141804592553233e-01
7.869424699999999495e-02 3.808212116537087466e-01
8.482544599999999879e-02 3.825927817466859837e-01
9.095705299999999605e-02 3.844157476016465402e-01
9.708825199999999989e-02 3.862775832002038334e-01
1.032198599999999966e-01 3.881678540299338676e-01
1.093510599999999999e-01 3.900779155136889775e-01
1.154822600000000032e-01 3.920025269412789060e-01
1.216134600000000066e-01 3.939401098947939439e-01
1.277450599999999936e-01 3.958937471831909805e-01
1.338762599999999969e-01 3.978713556008087737e-01
1.400074600000000002e-01 3.998870144803848836e-01
1.461390700000000098e-01 4.019609837839589472e-01
1.522702700000000131e-01 4.041194186256591436e-01
1.584014599999999939e-01 4.063950481675028814e-01
1.645330700000000035e-01 4.088263338015946102e-01
1.706642700000000068e-01 4.114561028435991807e-01
1.767954700000000101e-01 4.143313844827597459e-01
1.829270799999999919e-01 4.175015608946243129e-01
1.890582799999999952e-01 4.210160218114382125e-01
1.951894700000000038e-01 4.249236879068277739e-01
2.013210800000000134e-01 4.292707964537000875e-01
2.074522799999999889e-01 4.340982798100336826e-01
2.135834799999999922e-01 4.394421665488527085e-01
2.197146799999999955e-01 4.453313852349030100e-01
2.258462800000000104e-01 4.517877619671409883e-01
2.319774800000000137e-01 4.588239259326344355e-01
2.381086799999999892e-01 4.664457790943501436e-01
2.442402899999999988e-01 4.746516252085635212e-01
2.503714899999999743e-01 4.834307429543878154e-01
2.565026899999999777e-01 4.927672131563332059e-01
2.626342899999999925e-01 5.026390255481362201e-01
2.687654899999999958e-01 5.130166193261096463e-01
2.748966899999999991e-01 5.238673626375670578e-01
2.810283000000000087e-01 5.351543673080538799e-01
2.871595000000000120e-01 5.468346347025140330e-01
2.932907000000000153e-01 5.588641470674602374e-01
2.994222999999999746e-01 5.711962573145241695e-01
3.055534999999999779e-01 5.837797923853965676e-01
3.116846999999999812e-01 5.965645362168684462e-01
3.178163099999999908e-01 6.094996095890347076e-01
3.239475099999999941e-01 6.225315726998031929e-01
3.300787099999999974e-01 6.356104538642084467e-01
3.362103100000000122e-01 6.486880183833527713e-01
3.423415100000000155e-01 6.617160934654122695e-01
3.484727100000000188e-01 6.746525366163697024e-01
3.546039100000000222e-01 6.874585881018456801e-01
3.607355199999999762e-01 7.001012104133975678e-01
3.668667099999999848e-01 7.125501783327742311e-01
3.729979099999999881e-01 7.247835129885508154e-01
3.791295199999999976e-01 7.367848084040174994e-01
3.852607200000000010e-01 7.485407770316805376e-01
3.913919200000000043e-01 7.600456131599400145e-01
3.975235200000000191e-01 7.712978396302258011e-01
4.036547200000000224e-01 7.822973605582391743e-01
4.097842899999999955e-01 7.930460633996633257e-01
4.159167100000000228e-01 8.035572441594153181e-01
4.220491399999999893e-01 8.138318502558207213e-01
4.281815600000000166e-01 8.238752772352613274e-01
4.343099000000000265e-01 8.336850407440629107e-01
4.404423299999999930e-01 8.432759422837907692e-01
4.465747500000000203e-01 8.526402876273994069e-01
4.527071699999999921e-01 8.617739311990340045e-01
4.588355199999999967e-01 8.706637052799809373e-01
4.649679400000000240e-01 8.793110572172205819e-01
4.711003599999999958e-01 8.876969993096757161e-01
4.772287100000000004e-01 8.958011794864755295e-01
4.833611300000000277e-01 9.036179755324779128e-01
4.894935499999999995e-01 9.111250227535386825e-01
4.956259700000000268e-01 9.183058326148428874e-01
5.017543199999999759e-01 9.251407934114810327e-01
5.078867400000000032e-01 9.316259562511194359e-01
5.140191600000000305e-01 9.377465524129654506e-01
5.201515799999999468e-01 9.434960277624619973e-01
5.262799299999999514e-01 9.488684272600476088e-01
5.324123499999999787e-01 9.538727220166830501e-01
5.385447700000000060e-01 9.585115203352488900e-01
5.446771900000000333e-01 9.627955149720001105e-01
5.508055400000000379e-01 9.667370263584341705e-01
5.569379599999999542e-01 9.703598200520533457e-01
5.630703799999999815e-01 9.736828492567054516e-01
5.691987299999999861e-01 9.767283123479755247e-01
5.753311500000000134e-01 9.795260516305256404e-01
5.814635700000000407e-01 9.821006148576152395e-01
5.875959899999999569e-01 9.844786642331330162e-01
5.937243399999999616e-01 9.866846282363322951e-01
5.998567599999999889e-01 9.887456822902399578e-01
6.059891800000000162e-01 9.906823113783930213e-01
6.121216000000000435e-01 9.925137149128773206e-01
6.182499500000000481e-01 9.942547555817224936e-01
6.243823699999999643e-01 9.959202849082551268e-01
6.305147899999999916e-01 9.975181465708999884e-01
6.366472100000000189e-01 9.990539440644854441e-01
6.427755600000000236e-01 1.000529145315039115e+00
6.489079800000000509e-01 1.001945346165729500e+00
6.550403999999999671e-01 1.003298881916686591e+00
6.611687499999999718e-01 1.004584521331483460e+00
6.673011699999999990e-01 1.005798448946358947e+00
6.734335900000000263e-01 1.006933756350253173e+00
6.795660199999999929e-01 1.007984506665715374e+00
6.856943599999999472e-01 1.008944793645163207e+00
6.918267799999999745e-01 1.009811729303604855e+00
6.979592100000000521e-01 1.010581989639883549e+00
7.040916299999999683e-01 1.011254724210665090e+00
7.102199700000000337e-01 1.011830726957139381e+00
7.163523899999999500e-01 1.012313975880139161e+00
7.224848200000000276e-01 1.012709307126725022e+00
7.286131599999999819e-01 1.013023693723127616e+00
7.347455800000000092e-01 1.013266392889549561e+00
7.408780099999999758e-01 1.013447393062230972e+00
7.470104300000000030e-01 1.013577928154727914e+00
7.531387699999999574e-01 1.013669772918097900e+00
7.592712000000000350e-01 1.013735008229951662e+00
7.654036199999999512e-01 1.013785205195031569e+00
7.715360399999999785e-01 1.013831238068908069e+00
7.776643899999999832e-01 1.013882759877495543e+00
7.837968100000000105e-01 1.013947986985915817e+00
7.899292300000000377e-01 1.014033222845226234e+00
7.960616499999999540e-01 1.014142796954239145e+00
8.021899999999999586e-01 1.014278848708873193e+00
8.083224199999999859e-01 1.014441726939449895e+00
8.144548400000000132e-01 1.014629569051681557e+00
8.205831900000000179e-01 1.014838711740352339e+00
8.267156100000000452e-01 1.015064470129652729e+00
8.328480299999999614e-01 1.015300646520184369e+00
8.389804499999999887e-01 1.015540458573640947e+00
8.451087999999999933e-01 1.015776650956220495e+00
8.512412200000000206e-01 1.016002512656362322e+00
8.573736400000000479e-01 1.016211294838418766e+00
8.635060599999999642e-01 1.016397171130880350e+00
8.696344099999999688e-01 1.016555255249294243e+00
8.757668299999999961e-01 1.016682211176263229e+00
8.818992500000000234e-01 1.016775760453070276e+00
8.880316700000000507e-01 1.016835194311012769e+00
8.941600200000000553e-01 1.016861252875830735e+00
9.002924399999999716e-01 1.016856104647628101e+00
9.064248599999999989e-01 1.016823115631995567e+00
9.125532100000000035e-01 1.016766798698597096e+00
9.186856300000000308e-01 1.016692387109467965e+00
9.248180499999999471e-01 1.016605795149669644e+00
9.309504699999999744e-01 1.016513186174061056e+00
9.370788199999999790e-01 1.016420757533145425e+00
9.432112400000000063e-01 1.016334193088149762e+00
9.493436600000000336e-01 1.016258754955946086e+00
9.554760799999999499e-01 1.016198784934112975e+00
9.616044299999999545e-01 1.016157586801788915e+00
9.677368499999999818e-01 1.016137188205147979e+00
9.738692700000000091e-01 1.016138431931727482e+00
9.799976200000000137e-01 1.016160824965149700e+00
9.861300400000000410e-01 1.016202709718672770e+00
9.922624599999999573e-01 1.016261298946397496e+00
9.983948900000000348e-01 1.016332901337540395e+00
1.004523199999999949e+00 1.016413077841784363e+00
1.010655700000000046e+00 1.016497112533922165e+00
1.016788100000000084e+00 1.016579939910961627e+00
1.022920499999999899e+00 1.016656623906620815e+00
1.029048799999999986e+00 1.016722505701430634e+00
1.035181300000000082e+00 1.016773593601605352e+00
1.041313699999999898e+00 1.016806475694823853e+00
1.047446099999999936e+00 1.016818655719741393e+00
1.053574500000000080e+00 1.016808614347019857e+00
1.059706899999999896e+00 1.016775821349088949e+00
1.065839299999999934e+00 1.016720779649774586e+00
1.071967600000000020e+00 1.016645030984556941e+00
1.078100099999999895e+00 1.016550852343135025e+00
1.084232499999999932e+00 1.016441445720050130e+00
1.090364899999999970e+00 1.016320581045356386e+00
1.096493299999999893e+00 1.016192545733141994e+00
1.102625699999999931e+00 1.016061598517401299e+00
1.108758099999999969e+00 1.015932259267206872e+00
1.114890500000000007e+00 1.015808759626106728e+00
1.121018899999999929e+00 1.015694989086084243e+00
1.127151299999999967e+00 1.015594019896197464e+00
1.133283700000000005e+00 1.015508403534730819e+00
1.139416100000000043e+00 1.015439753097898912e+00
1.145544499999999966e+00 1.015388784163941960e+00
1.151676900000000003e+00 1.015355179616591164e+00
1.157809300000000041e+00 1.015337825256484194e+00
1.163937699999999964e+00 1.015334746133089272e+00
1.170070100000000002e+00 1.015343271331473840e+00
1.176202500000000040e+00 1.015360199345955783e+00
1.182334900000000077e+00 1.015381960507444337e+00
1.188463300000000000e+00 1.015404798325914015e+00
1.194595700000000038e+00 1.015425020380618770e+00
1.200728100000000076e+00 1.015439086535028679e+00
1.206860499999999892e+00 1.015443834962734382e+00
1.212988900000000037e+00 1.015436616686932636e+00
1.219121300000000074e+00 1.015415380442529658e+00
1.225253699999999890e+00 1.015378778409240290e+00
1.231382100000000035e+00 1.015326242184054539e+00
1.237514500000000073e+00 1.015257846789688445e+00
1.243646900000000111e+00 1.015174494371320568e+00
1.249779299999999926e+00 1.015077733564345275e+00
1.255907700000000071e+00 1.014969778668480371e+00
1.262040100000000109e+00 1.014853110602751407e+00
1.268172499999999925e+00 1.014730771393708153e+00
1.274305000000000021e+00 1.014605938777419558e+00
1.280433300000000107e+00 1.014481926654817956e+00
1.286565699999999923e+00 1.014361681954074390e+00
1.292698099999999961e+00 1.014248140157514300e+00
1.298830600000000057e+00 1.014143746927575807e+00
1.304958899999999922e+00 1.014050488472694189e+00
1.311091299999999960e+00 1.013969549544675663e+00
1.317223800000000056e+00 1.013901639128789389e+00
1.323352099999999920e+00 1.013846747866445686e+00
1.329484499999999958e+00 1.013804088024933936e+00
1.335616899999999996e+00 1.013772371459450428e+00
1.341749400000000092e+00 1.013749737869448442e+00
1.347877699999999956e+00 1.013733916491633025e+00
1.354010099999999994e+00 1.013722315131564855e+00
1.360142600000000090e+00 1.013712221276382275e+00
1.366274999999999906e+00 1.013700898468727463e+00
1.372403299999999993e+00 1.013685746089740602e+00
1.378535700000000030e+00 1.013664381666385061e+00
1.384668199999999905e+00 1.013634806476824357e+00
1.390800599999999942e+00 1.013595458805195415e+00
1.396928900000000029e+00 1.013545320694345220e+00
1.403061399999999903e+00 1.013483815677371558e+00
1.409193799999999941e+00 1.013411026380504509e+00
1.415322100000000027e+00 1.013327609120756589e+00
1.421454500000000065e+00 1.013234560306518262e+00
1.427586999999999939e+00 1.013133490701992656e+00
1.433719399999999977e+00 1.013026336130751881e+00
1.439847700000000064e+00 1.012915378511971998e+00
1.445980199999999938e+00 1.012802841165350687e+00
1.452112599999999976e+00 1.012691224486037544e+00
1.458245000000000013e+00 1.012582877841625262e+00
1.464373300000000100e+00 1.012480028920865749e+00
1.470505799999999974e+00 1.012384400465706102e+00
1.476638200000000012e+00 1.012297538484876025e+00
1.482766500000000098e+00 1.012220498955325843e+00
1.488898999999999972e+00 1.012153678423063807e+00
1.495031400000000010e+00 1.012097108197803630e+00
1.501163800000000048e+00 1.012050245207314791e+00
1.507292099999999913e+00 1.012012092751078063e+00
1.513424600000000009e+00 1.011981166035680779e+00
1.519557000000000047e+00 1.011955729127958392e+00
1.525689400000000084e+00 1.011933783149380872e+00
1.531817800000000007e+00 1.011913216943073124e+00
1.537950200000000045e+00 1.011891863295330429e+00
1.544082600000000083e+00 1.011867683481506131e+00
1.550214999999999899e+00 1.011838812165135826e+00
1.556343400000000043e+00 1.011803681650798925e+00
1.562475800000000081e+00 1.011760995674231500e+00
1.568608199999999897e+00 1.011709917436379280e+00
1.574736600000000042e+00 1.011650057511917389e+00
1.580869000000000080e+00 1.011581344984000763e+00
1.587001399999999895e+00 1.011504254827555238e+00
1.593133799999999933e+00 1.011419631504707040e+00
1.599262200000000078e+00 1.011328742311764506e+00
1.605394599999999894e+00 1.011232975658521660e+00
1.611526999999999932e+00 1.011134124630349129e+00
1.617659399999999970e+00 1.011034067928560098e+00
1.623787799999999892e+00 1.010934799126838479e+00
1.629920199999999930e+00 1.010838072302567614e+00
1.636052599999999968e+00 1.010745698688239047e+00
1.642180999999999891e+00 1.010659252337645420e+00
1.648313399999999929e+00 1.010579837603343023e+00
1.654445799999999966e+00 1.010508369041297261e+00
1.660578200000000004e+00 1.010445300667684343e+00
1.666706599999999927e+00 1.010390699367098355e+00
1.672838999999999965e+00 1.010344113071431904e+00
1.678971400000000003e+00 1.010304811602473318e+00
1.685103800000000041e+00 1.010271686372374189e+00
1.691232199999999963e+00 1.010243370501199278e+00
1.697364600000000001e+00 1.010218245279088434e+00
1.703497000000000039e+00 1.010194634202963515e+00
1.709629499999999913e+00 1.010170814163586783e+00
1.715757800000000000e+00 1.010145140623150084e+00
1.721890200000000037e+00 1.010116054952084896e+00
1.728022600000000075e+00 1.010082257374934400e+00
1.734150999999999998e+00 1.010042725952043474e+00
1.740283400000000036e+00 1.009996669484327869e+00
1.746415800000000074e+00 1.009943709868842632e+00
1.752548299999999948e+00 1.009883794799877554e+00
1.758676600000000034e+00 1.009817268925627287e+00
1.764809000000000072e+00 1.009744666666323232e+00
1.770941400000000110e+00 1.009666950640389693e+00
1.777073899999999984e+00 1.009585289245890305e+00
1.783202200000000071e+00 1.009501103587556070e+00
1.789334600000000108e+00 1.009415765347566163e+00
1.795467099999999983e+00 1.009330866806503968e+00
1.801599500000000020e+00 1.009247923869077024e+00
1.807727800000000107e+00 1.009168399184796616e+00
1.813860299999999981e+00 1.009093424614156964e+00
1.819992700000000019e+00 1.009024062510723851e+00
1.826121000000000105e+00 1.008961071940127185e+00
1.832253399999999921e+00 1.008904769215061892e+00
1.838385900000000017e+00 1.008855262082895443e+00
1.844518300000000055e+00 1.008812281095132768e+00
1.850646599999999919e+00 1.008775261821051039e+00
1.856779100000000016e+00 1.008743289265040088e+00
1.862911500000000053e+00 1.008715297226669083e+00
1.869043900000000091e+00 1.008690023892994114e+00
1.875172199999999956e+00 1.008666124467154424e+00
1.881304700000000052e+00 1.008642178049623750e+00
1.887437100000000090e+00 1.008616853379884271e+00
1.893569499999999906e+00 1.008588907900139331e+00
1.899697900000000050e+00 1.008557285368480549e+00
1.905830300000000088e+00 1.008521078552902850e+00
1.911962699999999904e+00 1.008479688973517696e+00
1.918090999999999990e+00 1.008432805210748739e+00
1.924223500000000087e+00 1.008380303688666713e+00
1.930355899999999902e+00 1.008322439105204804e+00
1.936488299999999940e+00 1.008259703909068383e+00
1.942616700000000085e+00 1.008192880196308483e+00
1.948749099999999901e+00 1.008122824911920290e+00
1.954881499999999939e+00 1.008050686233202597e+00
1.961013899999999976e+00 1.007977677043209619e+00
1.967142299999999899e+00 1.007905104464457802e+00
1.973274699999999937e+00 1.007834117732008927e+00
1.979407099999999975e+00 1.007765930915206276e+00
1.985535499999999898e+00 1.007701613427053333e+00
1.991667899999999936e+00 1.007641919685359655e+00
1.997800299999999973e+00 1.007587499229015471e+00
2.003932700000000011e+00 1.007538695567387954e+00
2.010061100000000156e+00 1.007495600290798210e+00
2.016193499999999972e+00 1.007457944258883575e+00
2.022325899999999788e+00 1.007425281225144742e+00
2.028458300000000047e+00 1.007396900752662638e+00
2.034586700000000192e+00 1.007371914637890775e+00
2.040719100000000008e+00 1.007349244213477268e+00
2.046851499999999824e+00 1.007327773272062688e+00
2.052983900000000084e+00 1.007306340116162602e+00
2.059112299999999784e+00 1.007283828291805738e+00
2.065244700000000044e+00 1.007259161803684799e+00
2.071377099999999860e+00 1.007231440911134257e+00
2.077505500000000005e+00 1.007199947633288906e+00
2.083637899999999821e+00 1.007164106761242239e+00
2.089770300000000081e+00 1.007123630031294015e+00
2.095902699999999896e+00 1.007078447642196783e+00
2.102031100000000041e+00 1.007028761408108153e+00
2.108163499999999857e+00 1.006974901532867284e+00
2.114295900000000117e+00 1.006917501192938547e+00
2.120428400000000213e+00 1.006857338946136382e+00
2.126556700000000077e+00 1.006795377716995787e+00
2.132689099999999893e+00 1.006732547084919549e+00
2.138821500000000153e+00 1.006669947303473922e+00
2.144949899999999854e+00 1.006608669860824312e+00
2.151082300000000114e+00 1.006549626391872287e+00
2.157214699999999930e+00 1.006493739286767441e+00
2.163347200000000026e+00 1.006441734231269924e+00
2.169475499999999890e+00 1.006394177320372840e+00
2.175607900000000150e+00 1.006351319070641237e+00
2.181740299999999966e+00 1.006313274513679801e+00
2.187872800000000062e+00 1.006279889560124818e+00
2.194001099999999926e+00 1.006250805812423543e+00
2.200133500000000186e+00 1.006225405717302790e+00
2.206265999999999838e+00 1.006202964164827351e+00
2.212398400000000098e+00 1.006182610561203727e+00
2.218526699999999963e+00 1.006163407102242058e+00
2.224659099999999778e+00 1.006144349210400524e+00
2.230791599999999875e+00 1.006124490145966499e+00
2.236919900000000183e+00 1.006102952635449244e+00
2.243052299999999999e+00 1.006078923067526887e+00
2.249184800000000095e+00 1.006051773180381526e+00
2.255317199999999911e+00 1.006021033259707043e+00
2.261445500000000219e+00 1.005986446722044070e+00
2.267577900000000035e+00 1.005947886682751147e+00
2.273710400000000131e+00 1.005905494625689345e+00
2.279842799999999947e+00 1.005859585589384375e+00
2.285971099999999812e+00 1.005810683099910730e+00
2.292103599999999908e+00 1.005759363773628401e+00
2.298236000000000168e+00 1.005706425734055998e+00
2.304368399999999983e+00 1.005652717100231852e+00
2.310496699999999848e+00 1.005599165019742225e+00
2.316629199999999944e+00 1.005546586391516506e+00
2.322761600000000204e+00 1.005495862331086121e+00
2.328889900000000068e+00 1.005447777048547708e+00
2.335022400000000165e+00 1.005402890880343403e+00
2.341154799999999980e+00 1.005361703799623863e+00
2.347287199999999796e+00 1.005324496489866437e+00
2.353415500000000105e+00 1.005291373844551917e+00
2.359548000000000201e+00 1.005262175460972296e+00
2.365680400000000017e+00 1.005236618851450769e+00
2.371812799999999832e+00 1.005214224093308628e+00
2.377941199999999977e+00 1.005194379393105519e+00
2.384073599999999793e+00 1.005176325382634905e+00
2.390206000000000053e+00 1.005159271724359593e+00
2.396338399999999869e+00 1.005142386178651925e+00
2.402466800000000013e+00 1.005124862186386636e+00
2.408599199999999829e+00 1.005105912687694447e+00
2.414731600000000089e+00 1.005084873980815363e+00
2.420859999999999790e+00 1.005061207996545303e+00
2.426992400000000050e+00 1.005034473994609101e+00
2.433124799999999865e+00 1.005004437725707467e+00
2.439257200000000125e+00 1.004971021047233126e+00
2.445385599999999826e+00 1.004934343005743136e+00
2.451518000000000086e+00 1.004894615812065961e+00
2.457650399999999902e+00 1.004852275399844119e+00
2.463782800000000162e+00 1.004807867508649810e+00
2.469911199999999862e+00 1.004762074447864917e+00
2.476043600000000122e+00 1.004715562988228506e+00
2.482175999999999938e+00 1.004669128909176035e+00
2.488304400000000083e+00 1.004623569153821006e+00
2.494436799999999899e+00 1.004579554231248562e+00
2.500569200000000158e+00 1.004537770070535574e+00
2.506701599999999974e+00 1.004498764111004361e+00
2.512830000000000119e+00 1.004462969333833611e+00
2.518962399999999935e+00 1.004430591914351467e+00
2.525094800000000195e+00 1.004401739288698137e+00
2.531227200000000011e+00 1.004376321423348095e+00
2.537355600000000155e+00 1.004354095428939164e+00
2.543487999999999971e+00 1.004334625345644438e+00
2.549620399999999787e+00 1.004317392277488841e+00
2.555752899999999883e+00 1.004301764043639134e+00
2.561881200000000192e+00 1.004287055438487952e+00
2.568013600000000007e+00 1.004272524354098861e+00
2.574145999999999823e+00 1.004257467613320465e+00
2.580274399999999968e+00 1.004241227230553424e+00
2.586406799999999784e+00 1.004223188836715686e+00
2.592539200000000044e+00 1.004202871609105374e+00
2.598671700000000140e+00 1.004179908115427899e+00
2.604800000000000004e+00 1.004154089442094833e+00
2.610932399999999820e+00 1.004125300519044472e+00
2.617064800000000080e+00 1.004093627099947650e+00
2.623197300000000176e+00 1.004059283162549221e+00
2.629325600000000041e+00 1.004022643691509398e+00
2.635457999999999856e+00 1.003984124648200860e+00
2.641590499999999953e+00 1.003944309712888838e+00
2.647722900000000212e+00 1.003903828575263280e+00
2.653851200000000077e+00 1.003863373147355853e+00
2.659983599999999893e+00 1.003823558938018001e+00
2.666116099999999989e+00 1.003785053236268876e+00
2.672244399999999853e+00 1.003748459883213817e+00
2.678376800000000113e+00 1.003714216113724245e+00
2.684509300000000209e+00 1.003682716779428219e+00
2.690641700000000025e+00 1.003654197092977096e+00
2.696769999999999889e+00 1.003628759152816352e+00
2.702902400000000149e+00 1.003606304724374620e+00
2.709034899999999801e+00 1.003586641428207749e+00
2.715167300000000061e+00 1.003569426748205373e+00
2.721295599999999926e+00 1.003554213692577246e+00
2.727428100000000022e+00 1.003540438120408718e+00
2.733560499999999838e+00 1.003527509222279734e+00
2.739688800000000146e+00 1.003514806671290671e+00
2.745821199999999962e+00 1.003501690439091210e+00
2.751953700000000058e+00 1.003487581251362837e+00
2.758086099999999874e+00 1.003471955700979024e+00
2.764214400000000182e+00 1.003454389772722832e+00
2.770346899999999835e+00 1.003434530190248530e+00
2.776479300000000094e+00 1.003412179471042442e+00
2.782611699999999910e+00 1.003387256667072958e+00
2.788740000000000219e+00 1.003359831085599563e+00
2.794872499999999871e+00 1.003330042801483080e+00
2.801004900000000131e+00 1.003298205798828224e+00
2.807137299999999946e+00 1.003264718880720663e+00
2.813265700000000091e+00 1.003230088799896391e+00
2.819398099999999907e+00 1.003194815251684080e+00
2.825530500000000167e+00 1.003159500500789836e+00
2.831658899999999868e+00 1.003124753036145123e+00
2.837791300000000128e+00 1.003091089959538440e+00
2.843923699999999943e+00 1.003059044858449544e+00
2.850056100000000203e+00 1.003029049852051990e+00
2.856184499999999904e+00 1.003001453183409497e+00
2.862316900000000164e+00 1.002976431597759399e+00
2.868449299999999980e+00 1.002954087940360672e+00
2.874581699999999795e+00 1.002934373806657842e+00
2.880710099999999940e+00 1.002917122697900787e+00
2.886842500000000200e+00 1.002902017504750054e+00
2.892974900000000016e+00 1.002888674835669347e+00
2.899103300000000161e+00 1.002876628209412146e+00
2.905235699999999976e+00 1.002865335233527277e+00
2.911368099999999792e+00 1.002854251932220997e+00
2.917500500000000052e+00 1.002842828930647023e+00
2.923628900000000197e+00 1.002830555115427069e+00
2.929761300000000013e+00 1.002816949749543607e+00
2.935893699999999829e+00 1.002801631400590088e+00
2.942026100000000088e+00 1.002784304015012395e+00
2.948154499999999789e+00 1.002764790568468234e+00
2.954286900000000049e+00 1.002742988148879189e+00
2.960419299999999865e+00 1.002718946686186330e+00
2.966551700000000125e+00 1.002692816843780754e+00
2.972680099999999825e+00 1.002664873133934487e+00
2.978812500000000085e+00 1.002635427360928810e+00
2.984944899999999901e+00 1.002604921796784732e+00
2.991073300000000046e+00 1.002573857229819287e+00
2.997205699999999862e+00 1.002542705813502133e+00
3.003338100000000122e+00 1.002512007952901740e+00
3.009470600000000218e+00 1.002482264608079543e+00
3.015598900000000082e+00 1.002453952126707515e+00
3.021731299999999898e+00 1.002427420821464077e+00
3.027863700000000158e+00 1.002402990681338313e+00
3.033996199999999810e+00 1.002380857836984385e+00
3.040124500000000118e+00 1.002361117867594187e+00
3.046256899999999934e+00 1.002343708811805900e+00
3.052389400000000030e+00 1.002328494516153468e+00
3.058521799999999846e+00 1.002315219943907376e+00
3.064650100000000155e+00 1.002303545846393584e+00
3.070782499999999970e+00 1.002293039034346522e+00
3.076915000000000067e+00 1.002283241027335681e+00
3.083043299999999931e+00 1.002273667638029053e+00
3.089175700000000191e+00 1.002263815897459054e+00
3.095308199999999843e+00 1.002253226592779489e+00
3.101440600000000103e+00 1.002241481581952476e+00
3.107568899999999967e+00 1.002228237841755298e+00
3.113701299999999783e+00 1.002213207256861249e+00
3.119833799999999879e+00 1.002196220498919654e+00
3.125966200000000139e+00 1.002177201021184683e+00
3.132094500000000004e+00 1.002156188922749269e+00
3.138227000000000100e+00 1.002133281969093570e+00
3.144359399999999916e+00 1.002108714888962471e+00
3.150487699999999780e+00 1.002082809261929164e+00
3.156620100000000040e+00 1.002055903610451715e+00
3.162752600000000136e+00 1.002028439137046867e+00
3.168884999999999952e+00 1.002000872308008272e+00
3.175013299999999816e+00 1.001973684629053230e+00
3.181145799999999912e+00 1.001947288205367492e+00
3.187278200000000172e+00 1.001922113682674809e+00
3.193410599999999988e+00 1.001898512987390522e+00
3.199538899999999852e+00 1.001876774896332201e+00
3.205671399999999949e+00 1.001857053028425870e+00
3.211803800000000209e+00 1.001839445194488531e+00
3.217936200000000024e+00 1.001823928133557473e+00
3.224064600000000169e+00 1.001810384365720452e+00
3.230196999999999985e+00 1.001798575585940654e+00
3.236329399999999801e+00 1.001788208297590854e+00
3.242457700000000109e+00 1.001778920226858771e+00
3.248590200000000205e+00 1.001770285589566045e+00
3.254722600000000021e+00 1.001761874309421652e+00
3.260854999999999837e+00 1.001753248248419270e+00
3.266983399999999982e+00 1.001743996298971817e+00
3.273115799999999798e+00 1.001733729650776450e+00
3.279248200000000057e+00 1.001722135047786510e+00
3.285380599999999873e+00 1.001708965547833063e+00
3.291509000000000018e+00 1.001694067162308688e+00
3.297641399999999834e+00 1.001677345402270491e+00
3.303773800000000094e+00 1.001658826106056610e+00
3.309906199999999910e+00 1.001638616276091964e+00
3.316034600000000054e+00 1.001616922359814366e+00
3.322166999999999870e+00 1.001593983350407724e+00
3.328299400000000130e+00 1.001570143315290817e+00
3.334427799999999831e+00 1.001545795786741744e+00
3.340560200000000091e+00 1.001521315260079259e+00
3.346692599999999906e+00 1.001497132961631564e+00
3.352825000000000166e+00 1.001473652491664756e+00
3.358953399999999867e+00 1.001451259159942042e+00
3.365085800000000127e+00 1.001430242950436034e+00
3.371218199999999943e+00 1.001410869787980218e+00
3.377350600000000203e+00 1.001393308930115467e+00
3.383478999999999903e+00 1.001377648839192558e+00
3.389611400000000163e+00 1.001363853856820141e+00
3.395743799999999979e+00 1.001351827043351239e+00
3.401876300000000075e+00 1.001341374496539149e+00
3.408004599999999940e+00 1.001332233826468077e+00
3.414137000000000199e+00 1.001324064649928403e+00
3.420269400000000015e+00 1.001316503493781207e+00
3.426397800000000160e+00 1.001309162849509882e+00
3.432530199999999976e+00 1.001301638786314063e+00
3.438662599999999792e+00 1.001293558856844346e+00
3.444795099999999888e+00 1.001284581019658892e+00
3.450923400000000196e+00 1.001274422135703945e+00
3.457055800000000012e+00 1.001262842092985883e+00
3.463188199999999828e+00 1.001249694641139332e+00
3.469320699999999924e+00 1.001234907020916776e+00
3.475448999999999788e+00 1.001218501400979122e+00
3.481581400000000048e+00 1.001200547312384614e+00
3.487713900000000145e+00 1.001181223558723188e+00
3.493842200000000009e+00 1.001160782353609724e+00
3.499974599999999825e+00 1.001139491128216985e+00
3.506107000000000085e+00 1.001117702118957009e+00
3.512239500000000181e+00 1.001095781245776362e+00
3.518367800000000045e+00 1.001074119245717098e+00
3.524500199999999861e+00 1.001053052887557193e+00
3.530632699999999957e+00 1.001032934732391189e+00
3.536765100000000217e+00 1.001014058100573978e+00
3.542893400000000081e+00 1.000996665459916279e+00
3.549025799999999897e+00 1.000980892026563707e+00
3.555158299999999993e+00 1.000966826968165746e+00
3.561290699999999809e+00 1.000954462891879171e+00
3.567419000000000118e+00 1.000943714337235058e+00
3.573551500000000214e+00 1.000934396613587074e+00
3.579683900000000030e+00 1.000926278990472706e+00
3.585812199999999894e+00 1.000919072032317336e+00
3.591944600000000154e+00 1.000912433310876537e+00
3.598077099999999806e+00 1.000906013328860089e+00
3.604209500000000066e+00 1.000899454460886462e+00
3.610337799999999930e+00 1.000892418129297745e+00
3.616470300000000027e+00 1.000884582437160386e+00
3.622602699999999842e+00 1.000875685009184446e+00
3.628735100000000102e+00 1.000865515942336748e+00
3.634863399999999967e+00 1.000853940076323223e+00
3.640995900000000063e+00 1.000840870561612750e+00
3.647128299999999879e+00 1.000826318711159679e+00
3.653260700000000138e+00 1.000810362054389557e+00
3.659389099999999839e+00 1.000793160054765041e+00
3.665521500000000099e+00 1.000774901063240518e+00
3.671653899999999915e+00 1.000755859946681037e+00
3.677782199999999779e+00 1.000736354485994406e+00
3.683914699999999876e+00 1.000716688692835810e+00
3.690047100000000135e+00 1.000697216546840407e+00
3.696179499999999951e+00 1.000678270921761204e+00
3.702307900000000096e+00 1.000660172287007432e+00
3.708440299999999912e+00 1.000643165641734278e+00
3.714572700000000172e+00 1.000627477546416566e+00
3.720705099999999987e+00 1.000613256794350647e+00
3.726833500000000132e+00 1.000600586537890857e+00
3.732965899999999948e+00 1.000589448565618822e+00
3.739098300000000208e+00 1.000579773538316175e+00
3.745226699999999909e+00 1.000571416788075485e+00
3.751359100000000169e+00 1.000564154891904645e+00
3.757491499999999984e+00 1.000557730136230949e+00
3.763623899999999800e+00 1.000551842366188326e+00
3.769752299999999945e+00 1.000546174460284821e+00
3.775884700000000205e+00 1.000540394202781069e+00
3.782017100000000021e+00 1.000534192341106854e+00
3.788149499999999836e+00 1.000527282977079935e+00
3.794277899999999981e+00 1.000519426102680409e+00
3.800410299999999797e+00 1.000510417503754468e+00
3.806542700000000057e+00 1.000500127741472012e+00
3.812675099999999873e+00 1.000488487976323393e+00
3.818803500000000017e+00 1.000475506228938327e+00
3.824935899999999833e+00 1.000461232131296452e+00
3.831068300000000093e+00 1.000445804440298181e+00
3.837196699999999794e+00 1.000429422734561813e+00
3.843329100000000054e+00 1.000412303135123970e+00
3.849461499999999869e+00 1.000394731460900521e+00
3.855593900000000129e+00 1.000377007716792388e+00
3.861722299999999830e+00 1.000359453163970791e+00
3.867854700000000090e+00 1.000342349085622473e+00
3.873987099999999906e+00 1.000325990318896574e+00
3.880119600000000002e+00 1.000310624132945136e+00
3.886247899999999866e+00 1.000296458778290543e+00
3.892380300000000126e+00 1.000283614367700524e+00
3.898512699999999942e+00 1.000272173594574099e+00
3.904641100000000087e+00 1.000262145111294965e+00
3.910773499999999903e+00 1.000253448500382891e+00
3.916905900000000162e+00 1.000245957660427010e+00
3.923038399999999815e+00 1.000239481365865268e+00
3.929166700000000123e+00 1.000233785024450928e+00
3.935299099999999939e+00 1.000228588384356243e+00
3.941431500000000199e+00 1.000223603019977592e+00
3.947563999999999851e+00 1.000218531625359342e+00
3.953692300000000159e+00 1.000213091036650903e+00
3.959824699999999975e+00 1.000207010808756625e+00
3.965957200000000071e+00 1.000200067272196680e+00
3.972089599999999887e+00 1.000192080063859956e+00
3.978217900000000196e+00 1.000182929318506719e+00
3.984350300000000011e+00 1.000172536061552320e+00
3.990482800000000108e+00 1.000160901103968714e+00
3.996611099999999972e+00 1.000148090933006273e+00
4.002743500000000232e+00 1.000134204272173921e+00
4.008875999999999884e+00 1.000119418603219179e+00
4.015008400000000144e+00 1.000103949466049080e+00
4.021136699999999564e+00 1.000088057773173444e+00
4.027269200000000104e+00 1.000071995670586800e+00
4.033401600000000364e+00 1.000056058072887444e+00
4.039533999999999736e+00 1.000040524492880722e+00
4.045662300000000045e+00 1.000025666028686810e+00
4.051794799999999697e+00 1.000011691994339813e+00
4.057927199999999957e+00 9.999987986206957391e-01
4.064059600000000216e+00 9.999871174533521145e-01
4.070187999999999917e+00 9.999767259029255229e-01
