6.411538299999999801e-02 6.884333456129785134e+01 8.297188352767330244e+00 8.297188352767330244e+00
7.031055499999999681e-02 7.071320822254449467e+01 8.409114592068803518e+00 8.409114592068803518e+00
7.650572699999999560e-02 6.958841621361651164e+01 8.341967166898735186e+00 8.341967166898735186e+00
8.270089899999999439e-02 6.750995625444042503e+01 8.216444258585365645e+00 8.216444258585365645e+00
8.889606999999999370e-02 6.809218378974077268e+01 8.251798821453464328e+00 8.251798821453464328e+00
9.509124200000000637e-02 7.080198344660094278e+01 8.414391448381810079e+00 8.414391448381810079e+00
1.012868199999999996e-01 7.146966223779750749e+01 8.453973162826903476e+00 8.453973162826903476e+00
1.074819899999999995e-01 7.111407876967869868e+01 8.432916385787226687e+00 8.432916385787226687e+00
1.136771699999999941e-01 7.105134866486538670e+01 8.429196205147047039e+00 8.429196205147047039e+00
1.198723399999999939e-01 6.984154994857891552e+01 8.357125698981613837e+00 8.357125698981613837e+00
1.260675099999999937e-01 6.876306929518725042e+01 8.292350046590366119e+00 8.292350046590366119e+00
1.322626799999999936e-01 6.923175814917860293e+01 8.320562369766758337e+00 8.320562369766758337e+00
1.384578499999999934e-01 7.000959364566924137e+01 8.367173575686669196e+00 8.367173575686669196e+00
1.446530199999999933e-01 6.967269751100140240e+01 8.347017282299193042e+00 8.347017282299193042e+00
1.508481999999999879e-01 6.820572703254651969e+01 8.258675864359039664e+00 8.258675864359039664e+00
1.570433699999999877e-01 6.601264043100512424e+01 8.124816332139769059e+00 8.124816332139769059e+00
1.632385399999999875e-01 6.337162029691506149e+01 7.960629390752659518e+00 7.960629390752659518e+00
1.694337099999999874e-01 6.043965141336094149e+01 7.774294271080877117e+00 7.774294271080877117e+00
1.756288799999999872e-01 5.805148354908202180e+01 7.619152416711587605e+00 7.619152416711587605e+00
1.818240600000000096e-01 5.677372022280850672e+01 7.534833788665049603e+00 7.534833788665049603e+00
1.880192300000000094e-01 5.646500718154901222e+01 7.514320141007369003e+00 7.514320141007369003e+00
1.942144000000000092e-01 5.666909941761247893e+01 7.527888111390370618e+00 7.527888111390370618e+00
2.004099799999999876e-01 5.692805834021725531e+01 7.545068478166202297e+00 7.545068478166202297e+00
2.066051499999999874e-01 5.708319674209555927e+01 7.555342265052957806e+00 7.555342265052957806e+00
2.128003199999999873e-01 5.708195963850262444e+01 7.555260395148708952e+00 7.555260395148708952e+00
2.189954899999999871e-01 5.698134763934734082e+01 7.548599051436454488e+00 7.548599051436454488e+00
2.251906700000000094e-01 5.687100062855023452e+01 7.541286404092489626e+00 7.541286404092489626e+00
2.313858400000000093e-01 5.678001355422657070e+01 7.535251392901670897e+00 7.535251392901670897e+00
2.375810100000000091e-01 5.665278101430484980e+01 7.526804170051513587e+00 7.526804170051513587e+00
2.437761800000000090e-01 5.641870886555785347e+01 7.511238836940139052e+00 7.511238836940139052e+00
2.499713500000000088e-01 5.601633686984214222e+01 7.484406246980594091e+00 7.484406246980594091e+00
2.561665200000000087e-01 5.544841167960352379e+01 7.446369026552708270e+00 7.446369026552708270e+00
2.623616999999999755e-01 5.477066686301783704e+01 7.400720698892631511e+00 7.400720698892631511e+00
2.685568700000000031e-01 5.410316233649300699e+01 7.355485187021519877e+00 7.355485187021519877e+00
2.747520399999999752e-01 5.353335566470358486e+01 7.316649210171523698e+00 7.316649210171523698e+00
2.809472100000000028e-01 5.305767723508439815e+01 7.284070100917782398e+00 7.284070100917782398e+00
2.871427899999999811e-01 5.263122155136023395e+01 7.254737869238297776e+00 7.254737869238297776e+00
2.933379600000000087e-01 5.220623283144778526e+01 7.225388074799012905e+00 7.225388074799012905e+00
2.995331299999999808e-01 5.173043733036625014e+01 7.192387456913472477e+00 7.192387456913472477e+00
3.057283100000000031e-01 5.115971379772631167e+01 7.152601890062546097e+00 7.152601890062546097e+00
3.119234799999999752e-01 5.048335958199397311e+01 7.105164289585004234e+00 7.105164289585004234e+00
3.181186500000000028e-01 4.971959561942405514e+01 7.051212351037518644e+00 7.051212351037518644e+00
3.243138199999999749e-01 4.890511366267615045e+01 6.993219120167489145e+00 6.993219120167489145e+00
3.305089900000000025e-01 4.806003397888662221e+01 6.932534455658091233e+00 6.932534455658091233e+00
3.367041700000000248e-01 4.720018123262596532e+01 6.870238804628698404e+00 6.870238804628698404e+00
3.428993399999999969e-01 4.634749269033233077e+01 6.807899286147844897e+00 6.807899286147844897e+00
3.490945100000000245e-01 4.552847849025968685e+01 6.747479417549911318e+00 6.747479417549911318e+00
3.552896799999999966e-01 4.475285341034441444e+01 6.689757350632713262e+00 6.689757350632713262e+00
3.614848500000000242e-01 4.402064077321655589e+01 6.634805255108589428e+00 6.634805255108589428e+00
3.676800199999999963e-01 4.330626910481791469e+01 6.580749889246506612e+00 6.580749889246506612e+00
3.738755999999999746e-01 4.258060790956307784e+01 6.525381820978990000e+00 6.525381820978990000e+00
3.800707799999999970e-01 4.182194208235068800e+01 6.466988640963481139e+00 6.466988640963481139e+00
3.862659500000000246e-01 4.102160162616764438e+01 6.404810818921012228e+00 6.404810818921012228e+00
3.924611199999999966e-01 4.017853043733951779e+01 6.338653677031071076e+00 6.338653677031071076e+00
3.986562900000000242e-01 3.929575164780226970e+01 6.268632358641099245e+00 6.268632358641099245e+00
4.048514599999999963e-01 3.838222743708733020e+01 6.195339170464142953e+00 6.195339170464142953e+00
4.110474499999999809e-01 3.745435981213433507e+01 6.119996716676761039e+00 6.119996716676761039e+00
4.172409899999999783e-01 3.652944542220854629e+01 6.043959415996152273e+00 6.043959415996152273e+00
4.234386099999999931e-01 3.562299693021569169e+01 5.968500392076362182e+00 5.968500392076362182e+00
4.296321499999999904e-01 3.474112290026725702e+01 5.894160067411408299e+00 5.894160067411408299e+00
4.358256899999999878e-01 3.388422511002340087e+01 5.821015814273605038e+00 5.821015814273605038e+00
4.420233100000000026e-01 3.304999309725674550e+01 5.748912340369850327e+00 5.748912340369850327e+00
4.482168500000000000e-01 3.223451154705860944e+01 5.677544499786734811e+00 5.677544499786734811e+00
4.544144700000000148e-01 3.143532677326075486e+01 5.606721570870160321e+00 5.606721570870160321e+00
4.606080100000000122e-01 3.065117540081613967e+01 5.536350368321728332e+00 5.536350368321728332e+00
4.668015500000000095e-01 2.987992807817273544e+01 5.466253568777498018e+00 5.466253568777498018e+00
4.729991700000000243e-01 2.912001413168160369e+01 5.396296334680074303e+00 5.396296334680074303e+00
4.791927100000000217e-01 2.837083045223686284e+01 5.326427550641880337e+00 5.326427550641880337e+00
4.853903299999999810e-01 2.763346501704556957e+01 5.256754228328119893e+00 5.256754228328119893e+00
4.915838699999999784e-01 2.690998880811165250e+01 5.187483860997704532e+00 5.187483860997704532e+00
4.977774099999999757e-01 2.620188605888651878e+01 5.118777789559390001e+00 5.118777789559390001e+00
5.039750299999999905e-01 2.551013034247847244e+01 5.050755422951944240e+00 5.050755422951944240e+00
5.101685700000000434e-01 2.483556655370633592e+01 4.983529527724937402e+00 4.983529527724937402e+00
5.163661899999999472e-01 2.417832596569988013e+01 4.917146120027335421e+00 4.917146120027335421e+00
5.225597300000000001e-01 2.353885790541300693e+01 4.851686088919294981e+00 4.851686088919294981e+00
5.287573399999999646e-01 2.291610912707657377e+01 4.787077305316530307e+00 4.787077305316530307e+00
5.349508899999999567e-01 2.230981465356164861e+01 4.723326651160349776e+00 4.723326651160349776e+00
5.411444300000000096e-01 2.171879640036648240e+01 4.660342948793198659e+00 4.660342948793198659e+00
5.473420399999999741e-01 2.114238968776826511e+01 4.598085437197558356e+00 4.598085437197558356e+00
5.535355899999999663e-01 2.058000877575338095e+01 4.536519456119788352e+00 4.536519456119788352e+00
5.597332000000000418e-01 2.003073616437474058e+01 4.475571043383708592e+00 4.475571043383708592e+00
5.659267500000000339e-01 1.949436605491660046e+01 4.415242468417402755e+00 4.415242468417402755e+00
5.721202899999999758e-01 1.897077103605298021e+01 4.355544860985015809e+00 4.355544860985015809e+00
5.783179000000000514e-01 1.845996530570257121e+01 4.296506174288891700e+00 4.296506174288891700e+00
5.845114500000000435e-01 1.796175711899838845e+01 4.238131323944362094e+00 4.238131323944362094e+00
5.907090600000000080e-01 1.747636519886755124e+01 4.180474279177848196e+00 4.180474279177848196e+00
5.969025999999999499e-01 1.700372209093948328e+01 4.123556970740126282e+00 4.123556970740126282e+00
6.030961500000000530e-01 1.654353414177237980e+01 4.067374354761605026e+00 4.067374354761605026e+00
6.092937600000000176e-01 1.609586548796777095e+01 4.011965289975447213e+00 4.011965289975447213e+00
6.154872999999999594e-01 1.566066810162168643e+01 3.957356201003605189e+00 3.957356201003605189e+00
6.216849199999999742e-01 1.523753524330462028e+01 3.903528563147017572e+00 3.903528563147017572e+00
6.278784600000000271e-01 1.482631706601062938e+01 3.850495690948196437e+00 3.850495690948196437e+00
6.340720100000000192e-01 1.442688820549420647e+01 3.798274372066110516e+00 3.798274372066110516e+00
6.402696199999999838e-01 1.403880126361065628e+01 3.746838836087116320e+00 3.746838836087116320e+00
6.464631600000000367e-01 1.366192225674362781e+01 3.696203762882077193e+00 3.696203762882077193e+00
6.526607800000000514e-01 1.329590653518740773e+01 3.646355239850803009e+00 3.646355239850803009e+00
6.588543199999999933e-01 1.294074319724631295e+01 3.597324449816323266e+00 3.597324449816323266e+00
6.650478600000000462e-01 1.259590680447586308e+01 3.549071259424902536e+00 3.549071259424902536e+00
6.712454799999999500e-01 1.226121660458543339e+01 3.501602005451994959e+00 3.501602005451994959e+00
6.774390200000000029e-01 1.193645192282560963e+01 3.454917064536514815e+00 3.454917064536514815e+00
6.836366400000000176e-01 1.162087360279212689e+01 3.408940246292405440e+00 3.408940246292405440e+00
6.898301799999999595e-01 1.131438093111302123e+01 3.363685617163563180e+00 3.363685617163563180e+00
6.960277999999999743e-01 1.101636581473540488e+01 3.319091112749905204e+00 3.319091112749905204e+00
7.022213400000000272e-01 1.072653622230605031e+01 3.275139114954668695e+00 3.275139114954668695e+00
7.084148799999999691e-01 1.044455746378404370e+01 3.231804057145798659e+00 3.231804057145798659e+00
7.146124999999999838e-01 1.017000547166858659e+01 3.189044601705750104e+00 3.189044601705750104e+00
7.208060400000000367e-01 9.902556583714439142e+00 3.146832786106442903e+00 3.146832786106442903e+00
7.270036600000000515e-01 9.641883919648991608e+00 3.105138309262405638e+00 3.105138309262405638e+00
7.331971999999999934e-01 9.387704356677044615e+00 3.063936088869518848e+00 3.063936088869518848e+00
7.393907400000000463e-01 9.139768252759957079e+00 3.023204963736325634e+00 3.023204963736325634e+00
7.455883599999999500e-01 8.897801207838060833e+00 2.982918236867725614e+00 2.982918236867725614e+00
7.517819000000000029e-01 8.661573746955147257e+00 2.943055172258098651e+00 2.943055172258098651e+00
7.579795200000000177e-01 8.430844016558493692e+00 2.903591571925792536e+00 2.903591571925792536e+00
7.641730599999999596e-01 8.205486606563146879e+00 2.864522055520457577e+00 2.864522055520457577e+00
7.703666000000000125e-01 7.985331659379903080e+00 2.825832914271454666e+00 2.825832914271454666e+00
7.765642200000000273e-01 7.770280101581509058e+00 2.787522215441790685e+00 2.787522215441790685e+00
7.827577599999999691e-01 7.560290695358767188e+00 2.749598278905259985e+00 2.749598278905259985e+00
7.889553799999999839e-01 7.355361231364222263e+00 2.712076922095725262e+00 2.712076922095725262e+00
7.951489200000000368e-01 7.155562692252457779e+00 2.674988353666695406e+00 2.674988353666695406e+00
8.013424599999999787e-01 6.960938546649868996e+00 2.638359063253117753e+00 2.638359063253117753e+00
8.075400799999999935e-01 6.771536721877584597e+00 2.602217654593401708e+00 2.602217654593401708e+00
8.137336200000000463e-01 6.587435054148238045e+00 2.566599901454887256e+00 2.566599901454887256e+00
8.199312300000000109e-01 6.408671689319503706e+00 2.531535441055388969e+00 2.531535441055388969e+00
8.261247800000000030e-01 6.235254790886127552e+00 2.497049216752871281e+00 2.497049216752871281e+00
8.323183199999999449e-01 6.067180314241844563e+00 2.463164694908126506e+00 2.463164694908126506e+00
8.385159300000000204e-01 5.904437423345650693e+00 2.429904817754318991e+00 2.429904817754318991e+00
8.447094800000000125e-01 5.747009346398906260e+00 2.397292086166995517e+00 2.397292086166995517e+00
8.509070899999999771e-01 5.594843868073014370e+00 2.365342230645073762e+00 2.365342230645073762e+00
8.571006399999999692e-01 5.447843789184828367e+00 2.334061650682095479e+00 2.334061650682095479e+00
8.632941800000000221e-01 5.305891957085843380e+00 2.303452182504738488e+00 2.303452182504738488e+00
8.694917899999999866e-01 5.168810930989849339e+00 2.273501909167848112e+00 2.273501909167848112e+00
8.756853399999999787e-01 5.036424843705431087e+00 2.244198040215130252e+00 2.244198040215130252e+00
8.818829500000000543e-01 4.908557356634311475e+00 2.215526428782629509e+00 2.215526428782629509e+00
8.880764899999999962e-01 4.785046455204321703e+00 2.187474903902744572e+00 2.187474903902744572e+00
8.942741100000000110e-01 4.665709343724122604e+00 2.160025310898953776e+00 2.160025310898953776e+00
9.004676499999999528e-01 4.550376067010671655e+00 2.133161050415713689e+00 2.133161050415713689e+00
9.066611999999999449e-01 4.438859131459242491e+00 2.106860017053634682e+00 2.106860017053634682e+00
9.128588100000000205e-01 4.330962181897374030e+00 2.081096389381658085e+00 2.081096389381658085e+00
9.190523499999999624e-01 4.226518443615797871e+00 2.055849810568806557e+00 2.055849810568806557e+00
9.252499699999999772e-01 4.125352238798654092e+00 2.031096314505703937e+00 2.031096314505703937e+00
9.314435100000000300e-01 4.027297943902557797e+00 2.006812882134893616e+00 2.006812882134893616e+00
9.376370499999999719e-01 3.932215291803139667e+00 1.982981414891006988e+00 1.982981414891006988e+00
9.438346699999999867e-01 3.839954793422183599e+00 1.959580259500024457e+00 1.959580259500024457e+00
9.500282100000000396e-01 3.750394022825855433e+00 1.936593406687592500e+00 1.936593406687592500e+00
9.562258300000000544e-01 3.663392888213710119e+00 1.913999187098497812e+00 1.913999187098497812e+00
9.624193699999999962e-01 3.578819186330898017e+00 1.891776727399641533e+00 1.891776727399641533e+00
9.686129100000000491e-01 3.496556913671612143e+00 1.869908263437437324e+00 1.869908263437437324e+00
9.748105299999999529e-01 3.416511173329966677e+00 1.848380689503644092e+00 1.848380689503644092e+00
9.810040700000000058e-01 3.338571472410382324e+00 1.827175818691343823e+00 1.827175818691343823e+00
9.872016900000000206e-01 3.262663251376357820e+00 1.806284377216488490e+00 1.806284377216488490e+00
9.933952299999999624e-01 3.188686796478276353e+00 1.785689445698292799e+00 1.785689445698292799e+00
9.995887700000000153e-01 3.116559514245349938e+00 1.765378008882332761e+00 1.765378008882332761e+00
1.005786400000000080e+00 3.046188983894467572e+00 1.745333487874012990e+00 1.745333487874012990e+00
1.011979900000000043e+00 2.977497127637476204e+00 1.725542560366876588e+00 1.725542560366876588e+00
1.018177499999999958e+00 2.910422414947681613e+00 1.705996018444263962e+00 1.705996018444263962e+00
1.024371099999999979e+00 2.844877014929381609e+00 1.686676321921127153e+00 1.686676321921127153e+00
1.030564599999999942e+00 2.780791041714308687e+00 1.667570400826996257e+00 1.667570400826996257e+00
1.036762200000000078e+00 2.718105696411364569e+00 1.648667855091305201e+00 1.648667855091305201e+00
1.042955800000000099e+00 2.656785878361018316e+00 1.629964992986357997e+00 1.629964992986357997e+00
1.049153400000000014e+00 2.596772577764170808e+00 1.611450457744255660e+00 1.611450457744255660e+00
1.055346899999999977e+00 2.538052072219531219e+00 1.593126508542096698e+00 1.593126508542096698e+00
1.061544599999999949e+00 2.480586950720689909e+00 1.574987920817391585e+00 1.574987920817391585e+00
1.067738099999999912e+00 2.424353700655299537e+00 1.557033622198088496e+00 1.557033622198088496e+00
1.073931600000000097e+00 2.369326884651334453e+00 1.539261798607155285e+00 1.539261798607155285e+00
1.080129300000000070e+00 2.315491503225867831e+00 1.521673914879882572e+00 1.521673914879882572e+00
1.086322800000000033e+00 2.262835304699504224e+00 1.504272350573360839e+00 1.504272350573360839e+00
1.092520399999999947e+00 2.211343273760573158e+00 1.487058597957919392e+00 1.487058597957919392e+00
1.098713999999999968e+00 2.160982832718372659e+00 1.470028174124010656e+00 1.470028174124010656e+00
1.104907499999999931e+00 2.111760855027536188e+00 1.453189889528390566e+00 1.453189889528390566e+00
1.111105100000000068e+00 2.063663870794126165e+00 1.436545812285193513e+00 1.436545812285193513e+00
1.117298700000000089e+00 2.016669923660015407e+00 1.420095040361741168e+00 1.420095040361741168e+00
1.123496300000000003e+00 1.970785999176290382e+00 1.403846857451442443e+00 1.403846857451442443e+00
1.129689799999999966e+00 1.925990305070317543e+00 1.387800527839039733e+00 1.387800527839039733e+00
1.135883399999999988e+00 1.882280178304235774e+00 1.371962163583324124e+00 1.371962163583324124e+00
1.142080999999999902e+00 1.839632624310158393e+00 1.356330573389156635e+00 1.356330573389156635e+00
1.148274500000000087e+00 1.798046485092846147e+00 1.340912556840619052e+00 1.340912556840619052e+00
1.154472100000000001e+00 1.757519009453083481e+00 1.325714527887917216e+00 1.325714527887917216e+00
1.160665700000000022e+00 1.718028520130087333e+00 1.310735869704528822e+00 1.310735869704528822e+00
1.166859199999999985e+00 1.679572792026011063e+00 1.295983330149740320e+00 1.295983330149740320e+00
1.173056799999999900e+00 1.642139199697968177e+00 1.281459792462474434e+00 1.281459792462474434e+00
1.179250399999999921e+00 1.605716250335716300e+00 1.267168595860754587e+00 1.267168595860754587e+00
1.185448000000000057e+00 1.570291318757886190e+00 1.253112652062010834e+00 1.253112652062010834e+00
1.191641500000000020e+00 1.535863089086579203e+00 1.239299434796360844e+00 1.239299434796360844e+00
1.197835100000000041e+00 1.502398636139697929e+00 1.225723719334703032e+00 1.225723719334703032e+00
1.204032699999999956e+00 1.469875274204724303e+00 1.212384128156057672e+00 1.212384128156057672e+00
1.210226199999999919e+00 1.438281535268640443e+00 1.199283759278278794e+00 1.199283759278278794e+00
1.216423899999999891e+00 1.407584579596937724e+00 1.186416697285122446e+00 1.186416697285122446e+00
1.222617400000000076e+00 1.377772673006377513e+00 1.173785616288757216e+00 1.173785616288757216e+00
1.228810900000000039e+00 1.348823574743193143e+00 1.161388640698363783e+00 1.161388640698363783e+00
1.235008600000000012e+00 1.320714839603783108e+00 1.149223581207670541e+00 1.149223581207670541e+00
1.241202099999999975e+00 1.293425018158054218e+00 1.137288449848170346e+00 1.137288449848170346e+00
1.247399699999999889e+00 1.266931468550789308e+00 1.125580502918733572e+00 1.125580502918733572e+00
1.253593299999999910e+00 1.241212932112041756e+00 1.114097362043390493e+00 1.114097362043390493e+00
1.259790900000000047e+00 1.216257272608653128e+00 1.102840547227319279e+00 1.102840547227319279e+00
1.265984400000000010e+00 1.192043049560365775e+00 1.091807240111717592e+00 1.091807240111717592e+00
1.272178000000000031e+00 1.168538413825590538e+00 1.080989553060338615e+00 1.080989553060338615e+00
1.278375599999999945e+00 1.145731628056159357e+00 1.070388540697329915e+00 1.070388540697329915e+00
1.284569099999999908e+00 1.123581314716457724e+00 1.059991186150365028e+00 1.059991186150365028e+00
1.290766700000000045e+00 1.102086128078517469e+00 1.049802899633315745e+00 1.049802899633315745e+00
1.296960300000000066e+00 1.081204760336438309e+00 1.039809963568554263e+00 1.039809963568554263e+00
1.303153800000000029e+00 1.060936124332125585e+00 1.030017535934279804e+00 1.030017535934279804e+00
1.309351399999999943e+00 1.041228528353700611e+00 1.020406060523799896e+00 1.020406060523799896e+00
1.315544999999999964e+00 1.022081628013344901e+00 1.010980528008994295e+00 1.010980528008994295e+00
1.321742600000000101e+00 1.003466987967514434e+00 1.001731994082007082e+00 1.001731994082007082e+00
1.327936100000000064e+00 9.853569613625442480e-01 9.926514803104583562e-01 9.926514803104583562e-01
1.334129700000000085e+00 9.677285635651441398e-01 9.837319571738757373e-01 9.837319571738757373e-01
1.340327299999999999e+00 9.505588977750878410e-01 9.749661008338125212e-01 9.749661008338125212e-01
1.346520799999999962e+00 9.338265645902062984e-01 9.663470207902574716e-01 9.663470207902574716e-01
1.352718499999999935e+00 9.175096260726456343e-01 9.578672277892409381e-01 9.578672277892409381e-01
1.358911999999999898e+00 9.015857505018166629e-01 9.495186941297241168e-01 9.495186941297241168e-01
1.365105500000000083e+00 8.860362771167126228e-01 9.412950000487162461e-01 9.412950000487162461e-01
1.371303200000000055e+00 8.708446162671172885e-01 9.331905573178059798e-01 9.331905573178059798e-01
1.377496700000000018e+00 8.560016833901449296e-01 9.252035902384647681e-01 9.252035902384647681e-01
1.383694299999999933e+00 8.414918276847043188e-01 9.173286366862773988e-01 9.173286366862773988e-01
1.389887899999999954e+00 8.273049092283649708e-01 9.095630320260190693e-01 9.095630320260190693e-01
1.396081399999999917e+00 8.134284725729927779e-01 9.019026957344083995e-01 9.019026957344083995e-01
1.402279000000000053e+00 7.998490105212778811e-01 8.943427813323467923e-01 8.943427813323467923e-01
1.408472600000000075e+00 7.865553687954540685e-01 8.868795683718585510e-01 8.868795683718585510e-01
1.414670199999999989e+00 7.735349746806692295e-01 8.795083710122770793e-01 8.795083710122770793e-01
1.420863699999999952e+00 7.607745948436138717e-01 8.722239361790147250e-01 8.722239361790147250e-01
1.427057299999999973e+00 7.482657862268360383e-01 8.650235755323875120e-01 8.650235755323875120e-01
1.433254900000000109e+00 7.359960690742136658e-01 8.579021325735317616e-01 8.579021325735317616e-01
1.439448400000000072e+00 7.239541901008088587e-01 8.508549759511363497e-01 8.508549759511363497e-01
1.445645999999999987e+00 7.121295874963000649e-01 8.438777088514070046e-01 8.438777088514070046e-01
1.451839600000000008e+00 7.005099688497244959e-01 8.369647357264967669e-01 8.369647357264967669e-01
1.458037199999999922e+00 6.890847981706078595e-01 8.301113167344532640e-01 8.301113167344532640e-01
1.464230700000000107e+00 6.778427693760429307e-01 8.233120728958387424e-01 8.233120728958387424e-01
1.470424299999999906e+00 6.667734060004789631e-01 8.165619425374164297e-01 8.165619425374164297e-01
1.476621900000000043e+00 6.558702900584453266e-01 8.098581913263860343e-01 8.098581913263860343e-01
1.482815400000000006e+00 6.451281942290892912e-01 8.031987264862222586e-01 8.031987264862222586e-01
1.489013099999999978e+00 6.345406558165642696e-01 7.965806022095719419e-01 7.965806022095719419e-01
1.495206599999999941e+00 6.241044828421050683e-01 7.900028372367438045e-01 7.900028372367438045e-01
1.501400099999999904e+00 6.138102493383087443e-01 7.834604325288602178e-01 7.834604325288602178e-01
1.507597800000000099e+00 6.036546241130952284e-01 7.769521375947782138e-01 7.769521375947782138e-01
1.513791300000000062e+00 5.936304166838148877e-01 7.704741505617270780e-01 7.704741505617270780e-01
1.519988899999999976e+00 5.837302204134821038e-01 7.640223952303244470e-01 7.640223952303244470e-01
1.526182499999999997e+00 5.739509077169475670e-01 7.575954776244031574e-01 7.575954776244031574e-01
1.532375999999999960e+00 5.642892215145525192e-01 7.511918673112433220e-01 7.511918673112433220e-01
1.538573600000000097e+00 5.547459698551945317e-01 7.448127079039363885e-01 7.448127079039363885e-01
1.544767199999999896e+00 5.453201021187203956e-01 7.384579216981292937e-01 7.384579216981292937e-01
1.550964800000000032e+00 5.360093652546065179e-01 7.321266046624766988e-01 7.321266046624766988e-01
1.557158299999999995e+00 5.268137477334271512e-01 7.258193630190827861e-01 7.258193630190827861e-01
1.563351900000000017e+00 5.177321007720546708e-01 7.195360316009579149e-01 7.195360316009579149e-01
1.569549499999999931e+00 5.087632864410213118e-01 7.132764446138827319e-01 7.132764446138827319e-01
1.575742999999999894e+00 4.999083467177825590e-01 7.070419695589382769e-01 7.070419695589382769e-01
1.581940600000000030e+00 4.911661143190505507e-01 7.008324438259480038e-01 7.008324438259480038e-01
1.588134200000000051e+00 4.825447160996410023e-01 6.946543860796108305e-01 6.946543860796108305e-01
1.594327700000000014e+00 4.740511087219815289e-01 6.885136953772099666e-01 6.885136953772099666e-01
1.600525299999999929e+00 4.656923118339192369e-01 6.824165237110830784e-01 6.824165237110830784e-01
1.606718899999999950e+00 4.574774280169011664e-01 6.763707770275865228e-01 6.763707770275865228e-01
1.612916500000000086e+00 4.494113824186146133e-01 6.703815200455741641e-01 6.703815200455741641e-01
1.619110000000000049e+00 4.415042868754567307e-01 6.644578894673888181e-01 6.644578894673888181e-01
1.625307599999999963e+00 4.337621003873121106e-01 6.586061800403273381e-01 6.586061800403273381e-01
1.631501199999999985e+00 4.261938891900472481e-01 6.528352695665632366e-01 6.528352695665632366e-01
1.637694699999999948e+00 4.188066328810378658e-01 6.471527121793108073e-01 6.471527121793108073e-01
1.643892300000000084e+00 4.116082948649776863e-01 6.415670618610167519e-01 6.415670618610167519e-01
1.650085900000000105e+00 4.046039067194603378e-01 6.360848266697298747e-01 6.360848266697298747e-01
1.656283500000000020e+00 3.978003939731435956e-01 6.307141935719724479e-01 6.307141935719724479e-01
1.662476999999999983e+00 3.911987149085948134e-01 6.254588035263352053e-01 6.254588035263352053e-01
1.668670600000000004e+00 3.848007741484750222e-01 6.203231207592339036e-01 6.203231207592339036e-01
1.674868199999999918e+00 3.786034130723024971e-01 6.153075759913105847e-01 6.153075759913105847e-01
1.681061700000000103e+00 3.725975069552211472e-01 6.104076563700860936e-01 6.104076563700860936e-01
1.687259400000000076e+00 3.667748285287695809e-01 6.056193759522309206e-01 6.056193759522309206e-01
1.693452900000000039e+00 3.611272519797965042e-01 6.009386424418025063e-01 6.009386424418025063e-01
1.699646400000000002e+00 3.556476044773460021e-01 5.963619743723991284e-01 5.963619743723991284e-01
1.705844099999999974e+00 3.503276997370387558e-01 5.918848703396960564e-01 5.918848703396960564e-01
1.712037599999999937e+00 3.451583966994471453e-01 5.875018269754122002e-01 5.875018269754122002e-01
1.718235200000000074e+00 3.401335140834959581e-01 5.832096656293480619e-01 5.832096656293480619e-01
1.724428800000000095e+00 3.352429178542009613e-01 5.790016561756977653e-01 5.790016561756977653e-01
1.730622300000000058e+00 3.304814756392576158e-01 5.748751826607734206e-01 5.748751826607734206e-01
1.736819899999999972e+00 3.258379930588007900e-01 5.708222079236238145e-01 5.708222079236238145e-01
1.743013499999999993e+00 3.213063939331785024e-01 5.668389488498285500e-01 5.668389488498285500e-01
1.749211099999999908e+00 3.168774986304019325e-01 5.629187318169488474e-01 5.629187318169488474e-01
1.755404600000000093e+00 3.125452333184465248e-01 5.590574508209746885e-01 5.590574508209746885e-01
1.761598199999999892e+00 3.082994516720930500e-01 5.552471987071101456e-01 5.552471987071101456e-01
1.767795800000000028e+00 3.041360635585399486e-01 5.514853248804902908e-01 5.514853248804902908e-01
1.773989299999999991e+00 3.000520475935002929e-01 5.477700681796151549e-01 5.477700681796151549e-01
1.780186899999999905e+00 2.960453155352233412e-01 5.441004645607494528e-01 5.441004645607494528e-01
1.786380499999999927e+00 2.921128466895465681e-01 5.404746494420867853e-01 5.404746494420867853e-01
1.792573999999999890e+00 2.882526000304067582e-01 5.368916092009696772e-01 5.368916092009696772e-01
1.798771600000000026e+00 2.844615020373221781e-01 5.333493245869185273e-01 5.333493245869185273e-01
1.804965200000000047e+00 2.807385800072814686e-01 5.298476951042454530e-01 5.298476951042454530e-01
1.811162799999999962e+00 2.770807663127082265e-01 5.263846182333866697e-01 5.263846182333866697e-01
1.817356299999999925e+00 2.734880808374006156e-01 5.229608788785262696e-01 5.229608788785262696e-01
1.823553999999999897e+00 2.699584786499113487e-01 5.195752867967368127e-01 5.195752867967368127e-01
1.829747500000000082e+00 2.664889627770102298e-01 5.162256897685451040e-01 5.162256897685451040e-01
1.835941000000000045e+00 2.630795284057254602e-01 5.129127883039430458e-01 5.129127883039430458e-01
1.842138700000000018e+00 2.597291350508182939e-01 5.096362772123058660e-01 5.096362772123058660e-01
1.848332199999999981e+00 2.564368189807821330e-01 5.063959112994319556e-01 5.063959112994319556e-01
1.854529799999999895e+00 2.532025437210532748e-01 5.031923526058929008e-01 5.031923526058929008e-01
1.860723399999999916e+00 2.500253211284620969e-01 5.000253204873350565e-01 5.000253204873350565e-01
1.866916900000000101e+00 2.469041278671996464e-01 4.968944836353083039e-01 4.968944836353083039e-01
1.873114500000000016e+00 2.438369428044859233e-01 4.937984840038352474e-01 4.937984840038352474e-01
1.879308100000000037e+00 2.408197314783666054e-01 4.907338703191034268e-01 4.907338703191034268e-01
1.885505699999999951e+00 2.378514761821158285e-01 4.877001908776700811e-01 4.877001908776700811e-01
1.891699199999999914e+00 2.349271312836801184e-01 4.846928215722615119e-01 4.846928215722615119e-01
1.897892799999999935e+00 2.320476968189470746e-01 4.817132931723465128e-01 4.817132931723465128e-01
1.904090400000000072e+00 2.292070995361326635e-01 4.787557827704357338e-01 4.787557827704357338e-01
1.910283900000000035e+00 2.264043311904147537e-01 4.758196414508492622e-01 4.758196414508492622e-01
1.916481499999999949e+00 2.236363347511417798e-01 4.729020350465218403e-01 4.729020350465218403e-01
1.922675099999999970e+00 2.209010918141769420e-01 4.700011615030083578e-01 4.700011615030083578e-01
1.928868599999999933e+00 2.181975639792293198e-01 4.671162210619850819e-01 4.671162210619850819e-01
1.935066200000000070e+00 2.155196835692795576e-01 4.642409757542730886e-01 4.642409757542730886e-01
1.941259800000000091e+00 2.128684561396537445e-01 4.613766965719592328e-01 4.613766965719592328e-01
1.947457400000000005e+00 2.102408043551048378e-01 4.585202333104885231e-01 4.585202333104885231e-01
1.953650899999999968e+00 2.076337203898238337e-01 4.556684325140636926e-01 4.556684325140636926e-01
1.959844499999999989e+00 2.050451411201072993e-01 4.528191041907433934e-01 4.528191041907433934e-01
1.966042099999999904e+00 2.024750570518566162e-01 4.499722847596911990e-01 4.499722847596911990e-01
1.972235600000000089e+00 1.999224434382177173e-01 4.471268762199580582e-01 4.471268762199580582e-01
1.978433300000000061e+00 1.973872563744166475e-01 4.442828562688601601e-01 4.442828562688601601e-01
1.984626800000000024e+00 1.948725258158519602e-01 4.414436836288995747e-01 4.414436836288995747e-01
1.990824399999999939e+00 1.923762008829132675e-01 4.386071144919029829e-01 4.386071144919029829e-01
1.997017999999999960e+00 1.899002885638928217e-01 4.357755024825200052e-01 4.357755024825200052e-01
2.003211499999999923e+00 1.874457745876098314e-01 4.329500832516490205e-01 4.329500832516490205e-01
2.009409100000000059e+00 1.850136466021282122e-01 4.301321269123339897e-01 4.301321269123339897e-01
2.015602700000000080e+00 1.826049111333792052e-01 4.273229588184786487e-01 4.273229588184786487e-01
2.021800300000000217e+00 1.802185441910057195e-01 4.245215473812909979e-01 4.245215473812909979e-01
2.027993799999999958e+00 1.778565606052931736e-01 4.217304359484778664e-01 4.217304359484778664e-01
2.034187399999999979e+00 1.755209700492822711e-01 4.189522288391389626e-01 4.189522288391389626e-01
2.040385000000000115e+00 1.732107390915792189e-01 4.161859429288538581e-01 4.161859429288538581e-01
2.046578499999999856e+00 1.709268907689711348e-01 4.134330547609505468e-01 4.134330547609505468e-01
2.052776099999999992e+00 1.686704284558981914e-01 4.106950553097738488e-01 4.106950553097738488e-01
2.058969700000000014e+00 1.664433507804805035e-01 4.079746937991136080e-01 4.079746937991136080e-01
2.065163200000000199e+00 1.642446677010534206e-01 4.052711039551838423e-01 4.052711039551838423e-01
2.071360799999999891e+00 1.620763635531382307e-01 4.025870881599883377e-01 4.025870881599883377e-01
2.077554399999999912e+00 1.599394718514662306e-01 3.999243326573993507e-01 3.999243326573993507e-01
2.083752000000000049e+00 1.578339626472880508e-01 3.972832272413322485e-01 3.972832272413322485e-01
2.089945499999999790e+00 1.557608681318392585e-01 3.946655142419201456e-01 3.946655142419201456e-01
2.096139099999999811e+00 1.537221806468699603e-01 3.920742029856975619e-01 3.920742029856975619e-01
2.102336699999999947e+00 1.517158842606159963e-01 3.895072326165664456e-01 3.895072326165664456e-01
2.108530200000000132e+00 1.497429779897030411e-01 3.869663783711745908e-01 3.869663783711745908e-01
2.114727799999999824e+00 1.478054780734734674e-01 3.844547802713259022e-01 3.844547802713259022e-01
2.120921399999999846e+00 1.459013677258805541e-01 3.819703754558467779e-01 3.819703754558467779e-01
2.127114900000000031e+00 1.440326454222522201e-01 3.795163309032329457e-01 3.795163309032329457e-01
2.133312500000000167e+00 1.421992999995603801e-01 3.770932245474060140e-01 3.770932245474060140e-01
2.139506100000000188e+00 1.403993217666152649e-01 3.746989748673130172e-01 3.746989748673130172e-01
2.145703699999999881e+00 1.386336993117099070e-01 3.723354660943675176e-01 3.723354660943675176e-01
2.151897200000000066e+00 1.369014256909650562e-01 3.700019266043962918e-01 3.700019266043962918e-01
2.158094900000000038e+00 1.352034884760425215e-01 3.677002698884548337e-01 3.677002698884548337e-01
2.164288399999999779e+00 1.335378757390647264e-01 3.654283455604733777e-01 3.654283455604733777e-01
2.170481999999999800e+00 1.319055778551886937e-01 3.631880750454076767e-01 3.631880750454076767e-01
2.176679599999999937e+00 1.303045734755281515e-01 3.609772478640837501e-01 3.609772478640837501e-01
2.182873100000000122e+00 1.287358623882215447e-01 3.587978015376091512e-01 3.587978015376091512e-01
2.189070699999999814e+00 1.272004327191867679e-01 3.566516966442004333e-01 3.566516966442004333e-01
2.195264299999999835e+00 1.256952785492154723e-01 3.545352994402891089e-01 3.545352994402891089e-01
2.201457800000000020e+00 1.242213719972206087e-01 3.524505241834953173e-01 3.524505241834953173e-01
2.207655400000000157e+00 1.227777079929185389e-01 3.503965011139787977e-01 3.503965011139787977e-01
2.213849000000000178e+00 1.213632802431594826e-01 3.483723299046000421e-01 3.483723299046000421e-01
2.220046599999999870e+00 1.199780867011859820e-01 3.463785309472658391e-01 3.463785309472658391e-01
2.226240100000000055e+00 1.186200986444051614e-01 3.444126865323128284e-01 3.444126865323128284e-01
2.232433700000000076e+00 1.172893182165560821e-01 3.424752811759647075e-01 3.424752811759647075e-01
2.238631300000000213e+00 1.159857486733376075e-01 3.405668050079713738e-01 3.405668050079713738e-01
2.244824799999999954e+00 1.147073637111273026e-01 3.386847556521068170e-01 3.386847556521068170e-01
2.251022400000000090e+00 1.134521583684270779e-01 3.368265998528428007e-01 3.368265998528428007e-01
2.257216000000000111e+00 1.122221526658661594e-01 3.349957502206052928e-01 3.349957502206052928e-01
2.263409499999999852e+00 1.110153154285771770e-01 3.331896088244307164e-01 3.331896088244307164e-01
2.269607099999999988e+00 1.098306599047016163e-01 3.314070909089025796e-01 3.314070909089025796e-01
2.275800700000000010e+00 1.086681700593295635e-01 3.296485553727326323e-01 3.296485553727326323e-01
2.281998300000000146e+00 1.075258544183719522e-01 3.279113514631232795e-01 3.279113514631232795e-01
2.288191799999999887e+00 1.064047009186494530e-01 3.261973343218019794e-01 3.261973343218019794e-01
2.294385399999999908e+00 1.053017172155550768e-01 3.245022607248754798e-01 3.245022607248754798e-01
2.300583000000000045e+00 1.042188885510892532e-01 3.228295038423366625e-01 3.228295038423366625e-01
2.306776499999999785e+00 1.031532290715986150e-01 3.211747640640506551e-01 3.211747640640506551e-01
2.312974200000000202e+00 1.021047148072061067e-01 3.195382837896049710e-01 3.195382837896049710e-01
2.319167699999999943e+00 1.010723664721950021e-01 3.179188048420460988e-01 3.179188048420460988e-01
2.325361200000000128e+00 1.000561656082274709e-01 3.163165591748675065e-01 3.163165591748675065e-01
2.331558900000000101e+00 9.905611762646912566e-02 3.147318185796744716e-01 3.147318185796744716e-01
2.337752399999999842e+00 9.807061791002434636e-02 3.131622868578276542e-01 3.131622868578276542e-01
2.343949999999999978e+00 9.710006258589470862e-02 3.116088294414885440e-01 3.116088294414885440e-01
2.350143599999999999e+00 9.614445306910175681e-02 3.100716902090575600e-01 3.100716902090575600e-01
2.356341200000000136e+00 9.520318164812248407e-02 3.085501282581527005e-01 3.085501282581527005e-01
2.362534699999999876e+00 9.427564680505202965e-02 3.070433956382257468e-01 3.070433956382257468e-01
2.368728299999999898e+00 9.336164394299914515e-02 3.055513769286585246e-01 3.055513769286585246e-01
2.374925900000000034e+00 9.246136662789444793e-02 3.040746070093562348e-01 3.040746070093562348e-01
2.381119400000000219e+00 9.157381286068810855e-02 3.026116535440895872e-01 3.026116535440895872e-01
2.387316999999999911e+00 9.069897454202358045e-02 3.011627044340377535e-01 3.011627044340377535e-01
2.393510599999999933e+00 8.983644800404805286e-02 2.997272893882838574e-01 2.997272893882838574e-01
2.399704100000000118e+00 8.898602886378326193e-02 2.983052612070113407e-01 2.983052612070113407e-01
2.405901699999999810e+00 8.814710855092325326e-02 2.968957873579941009e-01 2.968957873579941009e-01
2.412095299999999831e+00 8.731968537249913676e-02 2.954990446219735722e-01 2.954990446219735722e-01
2.418292899999999968e+00 8.650315075729121672e-02 2.941141797963696125e-01 2.941141797963696125e-01
2.424486400000000152e+00 8.569730363756032643e-02 2.927410180305457521e-01 2.927410180305457521e-01
2.430680000000000174e+00 8.490193630420457549e-02 2.913793683571377358e-01 2.913793683571377358e-01
2.436877599999999866e+00 8.411624281957078009e-02 2.900280035092659414e-01 2.900280035092659414e-01
2.443071100000000051e+00 8.334042303889795111e-02 2.886874140638935882e-01 2.886874140638935882e-01
2.449268800000000024e+00 8.257407161054036715e-02 2.873570455209691898e-01 2.873570455209691898e-01
2.455462300000000209e+00 8.181638435021351685e-02 2.860356347559050438e-01 2.860356347559050438e-01
2.461655799999999950e+00 8.106776120266147301e-02 2.847240088272526837e-01 2.847240088272526837e-01
2.467853499999999922e+00 8.032719467125000457e-02 2.834205261995856318e-01 2.834205261995856318e-01
2.474047000000000107e+00 7.959488852073726139e-02 2.821256608689419743e-01 2.821256608689419743e-01
2.480244599999999799e+00 7.887043758892178791e-02 2.808388106884833202e-01 2.808388106884833202e-01
2.486438199999999821e+00 7.815324205330212437e-02 2.795590135432984291e-01 2.795590135432984291e-01
2.492631700000000006e+00 7.744329974981410680e-02 2.782863628527529887e-01 2.782863628527529887e-01
2.498829300000000142e+00 7.674001016528710084e-02 2.770198732316638268e-01 2.770198732316638268e-01
2.505022900000000163e+00 7.604397641536679575e-02 2.757607231194587616e-01 2.757607231194587616e-01
2.511220499999999856e+00 7.535379331609674824e-02 2.745064540518068474e-01 2.745064540518068474e-01
2.517414000000000041e+00 7.467006521693492216e-02 2.732582390650553084e-01 2.732582390650553084e-01
2.523611600000000177e+00 7.399158771976142857e-02 2.720139476566623138e-01 2.720139476566623138e-01
2.529805200000000198e+00 7.331976720778939083e-02 2.707762308766952786e-01 2.707762308766952786e-01
2.535998699999999939e+00 7.265299935985339297e-02 2.695422033000646755e-01 2.695422033000646755e-01
2.542196300000000075e+00 7.199148437952039570e-02 2.683122889088764840e-01 2.683122889088764840e-01
2.548389900000000097e+00 7.133502523307337639e-02 2.670861756682164634e-01 2.670861756682164634e-01
2.554587499999999789e+00 7.068401943618765615e-02 2.658646637599432205e-01 2.658646637599432205e-01
2.560780999999999974e+00 7.003766805702828224e-02 2.646463074690978412e-01 2.646463074690978412e-01
2.566974599999999995e+00 6.939617163087836993e-02 2.634315312009524179e-01 2.634315312009524179e-01
2.573172200000000132e+00 6.875892567372758613e-02 2.622192320821026268e-01 2.622192320821026268e-01
2.579365699999999872e+00 6.812613296894375059e-02 2.610098330886094220e-01 2.610098330886094220e-01
2.585563399999999845e+00 6.749819308722533606e-02 2.598041437068033810e-01 2.598041437068033810e-01
2.591756900000000030e+00 6.687470390623745375e-02 2.586014383297924879e-01 2.586014383297924879e-01
2.597950400000000215e+00 6.625566550796083143e-02 2.574017589449629773e-01 2.574017589449629773e-01
2.604148100000000188e+00 6.564127432878631707e-02 2.562055314172321241e-01 2.562055314172321241e-01
2.610341599999999929e+00 6.503133211563362492e-02 2.550124156107573259e-01 2.550124156107573259e-01
2.616539200000000065e+00 6.442603428433886503e-02 2.538228403519645071e-01 2.538228403519645071e-01
2.622732800000000086e+00 6.382538271992992118e-02 2.526368593850270572e-01 2.526368593850270572e-01
2.628926299999999827e+00 6.322937407293530154e-02 2.514545169070050989e-01 2.514545169070050989e-01
2.635123899999999963e+00 6.263840587709947061e-02 2.502766586741549948e-01 2.502766586741549948e-01
2.641317499999999985e+00 6.205167811598768374e-02 2.491017424988987983e-01 2.491017424988987983e-01
2.647515100000000121e+00 6.147018909408349940e-02 2.479318234799306742e-01 2.479318234799306742e-01
2.653708599999999862e+00 6.089313589959693962e-02 2.467653458239161546e-01 2.467653458239161546e-01
2.659902199999999883e+00 6.032071892403609997e-02 2.456027665235799018e-01 2.456027665235799018e-01
2.666099800000000020e+00 5.975333619280040476e-02 2.444449553433255262e-01 2.444449553433255262e-01
2.672293300000000205e+00 5.919078745966903365e-02 2.432915688215870620e-01 2.432915688215870620e-01
2.678490899999999897e+00 5.863307054724025552e-02 2.421426656895480922e-01 2.421426656895480922e-01
2.684684499999999918e+00 5.808058678243533529e-02 2.409991427006231701e-01 2.409991427006231701e-01
2.690878000000000103e+00 5.753293315151025711e-02 2.398602367036067329e-01 2.398602367036067329e-01
2.697075599999999795e+00 5.698991024165141889e-02 2.387255961174909735e-01 2.387255961174909735e-01
2.703269199999999817e+00 5.645252004921012118e-02 2.375973906616192510e-01 2.375973906616192510e-01
2.709466799999999953e+00 5.591975927090082898e-02 2.364735910644163719e-01 2.364735910644163719e-01
2.715660300000000138e+00 5.539263111861730121e-02 2.353563917097160618e-01 2.353563917097160618e-01
2.721857899999999830e+00 5.487013256338295342e-02 2.342437460496714086e-01 2.342437460496714086e-01
2.728051499999999852e+00 5.435306655221620181e-02 2.331374413349691921e-01 2.331374413349691921e-01
2.734245000000000037e+00 5.384163320377123585e-02 2.320379994823503766e-01 2.320379994823503766e-01
2.740442600000000173e+00 5.333523109532199713e-02 2.309442164145315834e-01 2.309442164145315834e-01
2.746636200000000194e+00 5.283426339584855469e-02 2.298570499154823643e-01 2.298570499154823643e-01
2.752833799999999886e+00 5.233892774755637828e-02 2.287770262669667209e-01 2.287770262669667209e-01
2.759027300000000071e+00 5.184822451562164092e-02 2.277020520672170811e-01 2.277020520672170811e-01
2.765220900000000093e+00 5.136335565413193555e-02 2.266348509257389843e-01 2.266348509257389843e-01
2.771418499999999785e+00 5.088371966821902265e-02 2.255741999170539636e-01 2.255741999170539636e-01
2.777611999999999970e+00 5.040911715982914626e-02 2.245197478170442573e-01 2.245197478170442573e-01
2.783809699999999943e+00 4.993974844773916427e-02 2.234720305714770205e-01 2.234720305714770205e-01
2.790003200000000128e+00 4.947541189213995605e-02 2.224306900860129887e-01 2.224306900860129887e-01
2.796196699999999868e+00 4.901650840313100804e-02 2.213967217533516496e-01 2.213967217533516496e-01
2.802394399999999841e+00 4.856243598025510727e-02 2.203688634545613589e-01 2.203688634545613589e-01
2.808587900000000026e+00 4.811379700216165262e-02 2.193485741967830804e-01 2.193485741967830804e-01
2.814785500000000162e+00 4.766998682468291670e-02 2.183345754219494228e-01 2.183345754219494228e-01
2.820979100000000184e+00 4.723100645375839790e-02 2.173269574943670068e-01 2.173269574943670068e-01
2.827172599999999925e+00 4.679745564853367984e-02 2.163271958135030149e-01 2.163271958135030149e-01
2.833370200000000061e+00 4.636873298092236001e-02 2.153340033086329763e-01 2.153340033086329763e-01
2.839563800000000082e+00 4.594483616375142493e-02 2.143474659606486310e-01 2.143474659606486310e-01
2.845761400000000219e+00 4.552596473893134876e-02 2.133681436834733991e-01 2.133681436834733991e-01
2.851954899999999959e+00 4.511171864108193957e-02 2.123951944867913944e-01 2.123951944867913944e-01
2.858148499999999981e+00 4.470249507906665781e-02 2.114296456958358050e-01 2.114296456958358050e-01
2.864346100000000117e+00 4.429829464944592260e-02 2.104716005770040366e-01 2.104716005770040366e-01
2.870539599999999858e+00 4.389891465040315216e-02 2.095206783360610281e-01 2.095206783360610281e-01
2.876737199999999994e+00 4.350395476424555319e-02 2.085760167522756059e-01 2.085760167522756059e-01
2.882930800000000016e+00 4.311381341291052605e-02 2.076386606894547737e-01 2.076386606894547737e-01
2.889128400000000152e+00 4.272828980751620237e-02 2.067082238507123304e-01 2.067082238507123304e-01
2.895321899999999893e+00 4.234678390009952165e-02 2.057833421346332570e-01 2.057833421346332570e-01
2.901515499999999914e+00 4.197009405238837781e-02 2.048660392851591738e-01 2.048660392851591738e-01
2.907713100000000050e+00 4.159742017881133680e-02 2.039544561386471277e-01 2.039544561386471277e-01
2.913906599999999791e+00 4.122936148274492646e-02 2.030501452418710384e-01 2.030501452418710384e-01
2.920104300000000208e+00 4.086571873839908720e-02 2.021527114297483052e-01 2.021527114297483052e-01
2.926297799999999949e+00 4.050588946825336295e-02 2.012607499445765447e-01 2.012607499445765447e-01
2.932491300000000134e+00 4.015067655355736981e-02 2.003763373094671896e-01 2.003763373094671896e-01
2.938689000000000107e+00 3.979987738857255347e-02 1.994990661345875937e-01 1.994990661345875937e-01
2.944882499999999848e+00 3.945309407960338050e-02 1.986280294409713543e-01 1.986280294409713543e-01
2.951080099999999984e+00 3.911052550310933906e-02 1.977638124205471082e-01 1.977638124205471082e-01
2.957273700000000005e+00 3.877197116116516684e-02 1.969059957471208377e-01 1.969059957471208377e-01
2.963467200000000190e+00 3.843783363801394487e-02 1.960556901444432676e-01 1.960556901444432676e-01
2.969664799999999882e+00 3.810771031617950222e-02 1.952119625334971798e-01 1.952119625334971798e-01
2.975858399999999904e+00 3.778180434629538342e-02 1.943754211475704763e-01 1.943754211475704763e-01
2.982056000000000040e+00 3.745991315741060285e-02 1.935456358521436826e-01 1.935456358521436826e-01
2.988249499999999781e+00 3.714183926276954512e-02 1.927221815535760940e-01 1.927221815535760940e-01
2.994443099999999802e+00 3.682838275612869416e-02 1.919072243458507521e-01 1.919072243458507521e-01
3.000640699999999939e+00 3.651854110781605628e-02 1.910982498816146957e-01 1.910982498816146957e-01
3.006834200000000124e+00 3.621311810355786615e-02 1.902974463926351834e-01 1.902974463926351834e-01
3.013031799999999816e+00 3.591131113652966389e-02 1.895027998118488655e-01 1.895027998118488655e-01
3.019225399999999837e+00 3.561352025771215291e-02 1.887154478512878819e-01 1.887154478512878819e-01
3.025418900000000022e+00 3.531954685976746583e-02 1.879349537998918074e-01 1.879349537998918074e-01
3.031616500000000158e+00 3.502979009942851912e-02 1.871624697941030036e-01 1.871624697941030036e-01
3.037810100000000180e+00 3.474384865510819764e-02 1.863970189008080647e-01 1.863970189008080647e-01
3.044007699999999872e+00 3.446192406055027108e-02 1.856392309307229038e-01 1.856392309307229038e-01
3.050201200000000057e+00 3.418361486032955865e-02 1.848881144377040875e-01 1.848881144377040875e-01
3.056394800000000078e+00 3.390911968883630195e-02 1.841442904052045249e-01 1.841442904052045249e-01
3.062592400000000215e+00 3.363884043342726254e-02 1.834089431664313874e-01 1.834089431664313874e-01
3.068785899999999955e+00 3.337157442471976043e-02 1.826788833574361504e-01 1.826788833574361504e-01
3.074983599999999928e+00 3.310852133222974558e-02 1.819574712184958420e-01 1.819574712184958420e-01
3.081177100000000113e+00 3.284848147298119470e-02 1.812415004158297038e-01 1.812415004158297038e-01
3.087374699999999805e+00 3.259205371577304083e-02 1.805326943126176198e-01 1.805326943126176198e-01
3.093568299999999827e+00 3.233903767597273715e-02 1.798305804805532537e-01 1.798305804805532537e-01
3.099761800000000012e+00 3.208923141966929515e-02 1.791346739737153526e-01 1.791346739737153526e-01
3.105959400000000148e+00 3.184223579497370837e-02 1.784439289944426965e-01 1.784439289944426965e-01
3.112153000000000169e+00 3.159804975790967557e-02 1.777584027772236563e-01 1.777584027772236563e-01
3.118350599999999861e+00 3.135707308113194064e-02 1.770792847318170549e-01 1.770792847318170549e-01
3.124544100000000046e+00 3.111870404521317399e-02 1.764049433695472624e-01 1.764049433695472624e-01
3.130737700000000068e+00 3.088314444855591936e-02 1.757360078315082230e-01 1.757360078315082230e-01
3.136935300000000204e+00 3.065019266331361902e-02 1.750719642413188226e-01 1.750719642413188226e-01
3.143128799999999945e+00 3.041964863814946435e-02 1.744122949741487294e-01 1.744122949741487294e-01
3.149326400000000081e+00 3.019131068498061288e-02 1.737564694766229878e-01 1.737564694766229878e-01
3.155520000000000103e+00 2.996538134615556875e-02 1.731051164644060170e-01 1.731051164644060170e-01
3.161713499999999843e+00 2.974185945620481941e-02 1.724582832345399885e-01 1.724582832345399885e-01
3.167911099999999980e+00 2.951954346750601879e-02 1.718125241869928876e-01 1.718125241869928876e-01
3.174104700000000001e+00 2.929983546206021972e-02 1.711719470651082431e-01 1.711719470651082431e-01
3.180302300000000137e+00 2.908153281701264525e-02 1.705330842300480099e-01 1.705330842300480099e-01
3.186495799999999878e+00 2.886543893282394677e-02 1.698983193937596003e-01 1.698983193937596003e-01
3.192689399999999900e+00 2.865055163196087579e-02 1.692647383005712602e-01 1.692647383005712602e-01
3.198887000000000036e+00 2.843727139194104220e-02 1.686335417167683093e-01 1.686335417167683093e-01
3.205080500000000221e+00 2.822519822245779519e-02 1.680035661004188052e-01 1.680035661004188052e-01
3.211278099999999913e+00 2.801513186408563158e-02 1.673772142918074357e-01 1.673772142918074357e-01
3.217471699999999935e+00 2.780547294241822107e-02 1.667497314613076709e-01 1.667497314613076709e-01
3.223665200000000119e+00 2.759722154093614127e-02 1.661241148687815916e-01 1.661241148687815916e-01
3.229862900000000092e+00 2.739017735635581804e-02 1.654997805326515192e-01 1.654997805326515192e-01
3.236056399999999833e+00 2.718434071497811272e-02 1.648767440089053682e-01 1.648767440089053682e-01
3.242253999999999969e+00 2.697931089322909079e-02 1.642538002398394870e-01 1.642538002398394870e-01
3.248447599999999991e+00 2.677568776869881234e-02 1.636327832944817207e-01 1.636327832944817207e-01
3.254645200000000127e+00 2.657267213201696537e-02 1.630112638194580743e-01 1.630112638194580743e-01
3.260838699999999868e+00 2.637146439897708819e-02 1.623929321090578914e-01 1.623929321090578914e-01
3.267032299999999889e+00 2.617106319624956309e-02 1.617747297826504227e-01 1.617747297826504227e-01
3.273229900000000026e+00 2.597206884162268220e-02 1.611585208470922848e-01 1.611585208470922848e-01
3.279423400000000210e+00 2.577448133722059359e-02 1.605443282623855161e-01 1.605443282623855161e-01
3.285620999999999903e+00 2.557749834800730412e-02 1.599296668789355891e-01 1.599296668789355891e-01
3.291814599999999924e+00 2.538212286673206808e-02 1.593176790777849350e-01 1.593176790777849350e-01
3.298008100000000109e+00 2.518815327119458894e-02 1.587077605890606369e-01 1.587077605890606369e-01
3.304205699999999801e+00 2.499518873572089545e-02 1.580986677227891601e-01 1.580986677227891601e-01
3.310399299999999823e+00 2.480382978627542617e-02 1.574923165944149273e-01 1.574923165944149273e-01
3.316596899999999959e+00 2.461367550361750339e-02 1.568874612695912718e-01 1.568874612695912718e-01
3.322790400000000144e+00 2.442492601692374671e-02 1.562847593878678443e-01 1.562847593878678443e-01
3.328984000000000165e+00 2.423737974746446519e-02 1.556835885617506854e-01 1.556835885617506854e-01
3.335181599999999857e+00 2.405123855366396793e-02 1.550846173985800935e-01 1.550846173985800935e-01
3.341375100000000042e+00 2.386630123025006503e-02 1.544872202813231676e-01 1.544872202813231676e-01
3.347572700000000179e+00 2.368316797001415383e-02 1.538933655815420687e-01 1.538933655815420687e-01
3.353766300000000200e+00 2.350163862692727229e-02 1.533024416861234196e-01 1.533024416861234196e-01
3.359959799999999941e+00 2.332111241266583701e-02 1.527125155731050010e-01 1.527125155731050010e-01
3.366157400000000077e+00 2.314218972454893525e-02 1.521255722242284003e-01 1.521255722242284003e-01
3.372351000000000099e+00 2.296507090667767106e-02 1.515423073160682421e-01 1.515423073160682421e-01
3.378548599999999791e+00 2.278915418812447677e-02 1.509607703614567475e-01 1.509607703614567475e-01
3.384742099999999976e+00 2.261484217081732861e-02 1.503823200074308197e-01 1.503823200074308197e-01
3.390935699999999997e+00 2.244213380400610428e-02 1.498069885018923353e-01 1.498069885018923353e-01
3.397133300000000133e+00 2.227102907317959207e-02 1.492348118676724567e-01 1.492348118676724567e-01
3.403326799999999874e+00 2.210152827056835120e-02 1.486658275144908670e-01 1.486658275144908670e-01
3.409524499999999847e+00 2.193323095418660967e-02 1.480987202989499374e-01 1.480987202989499374e-01
3.415718000000000032e+00 2.176733852904015262e-02 1.475375834458466096e-01 1.475375834458466096e-01
3.421911500000000217e+00 2.160244976720723797e-02 1.469777186079823383e-01 1.469777186079823383e-01
3.428109200000000190e+00 2.143956559982856253e-02 1.464225583707256528e-01 1.464225583707256528e-01
3.434302699999999930e+00 2.127808480921515241e-02 1.458700956646534486e-01 1.458700956646534486e-01
3.440500300000000067e+00 2.111780915902707403e-02 1.453196791870497995e-01 1.453196791870497995e-01
3.446693900000000088e+00 2.095953862720825386e-02 1.447740951524417452e-01 1.447740951524417452e-01
3.452891499999999780e+00 2.080247243326829518e-02 1.442306223839732726e-01 1.442306223839732726e-01
3.459084999999999965e+00 2.064701116076841578e-02 1.436906787539415087e-01 1.436906787539415087e-01
3.465278599999999987e+00 2.049275442303497355e-02 1.431529057442948727e-01 1.431529057442948727e-01
3.471476200000000123e+00 2.034030266937620485e-02 1.426194330004722788e-01 1.426194330004722788e-01
3.477669699999999864e+00 2.018865521536706772e-02 1.420867876171710287e-01 1.420867876171710287e-01
3.483867300000000000e+00 2.003881270556863090e-02 1.415585133630917758e-01 1.415585133630917758e-01
3.490060900000000021e+00 1.989017473747857132e-02 1.410325307774010495e-01 1.410325307774010495e-01
3.496254400000000206e+00 1.974254099419158956e-02 1.405081527677009556e-01 1.405081527677009556e-01
3.502451999999999899e+00 1.959651078895387200e-02 1.399875379773280748e-01 1.399875379773280748e-01
3.508645599999999920e+00 1.945168581983388809e-02 1.394693006357810849e-01 1.394693006357810849e-01
3.514843200000000056e+00 1.930766448999839471e-02 1.389520222594777255e-01 1.389520222594777255e-01
3.521036699999999797e+00 1.916544758775142951e-02 1.384393281829676692e-01 1.384393281829676692e-01
3.527230299999999819e+00 1.902383392659918668e-02 1.379269151637894930e-01 1.379269151637894930e-01
3.533427899999999955e+00 1.888342375836038478e-02 1.374169704161767036e-01 1.374169704161767036e-01
3.539621400000000140e+00 1.874461735799673109e-02 1.369109833358767847e-01 1.369109833358767847e-01
3.545819100000000113e+00 1.860621349646858491e-02 1.364045948510114736e-01 1.364045948510114736e-01
3.552012599999999853e+00 1.846921292496475631e-02 1.359014824237202990e-01 1.359014824237202990e-01
3.558206100000000038e+00 1.833301496695305052e-02 1.353994644263892544e-01 1.353994644263892544e-01
3.564403800000000011e+00 1.819842003246963449e-02 1.349015197559672863e-01 1.349015197559672863e-01
3.570597300000000196e+00 1.806422721491282579e-02 1.344032262072336892e-01 1.344032262072336892e-01
3.576794899999999888e+00 1.793123689172202578e-02 1.339075684631829410e-01 1.339075684631829410e-01
3.582988499999999910e+00 1.779904879375575691e-02 1.334130757975235115e-01 1.334130757975235115e-01
3.589182000000000095e+00 1.766766179559927860e-02 1.329197569799135670e-01 1.329197569799135670e-01
3.595379599999999787e+00 1.753747808282073856e-02 1.324291436309271708e-01 1.324291436309271708e-01
3.601573199999999808e+00 1.740769615225003925e-02 1.319382285474912653e-01 1.319382285474912653e-01
3.607770799999999944e+00 1.727911646029553147e-02 1.314500531011514317e-01 1.314500531011514317e-01
3.613964300000000129e+00 1.715133882996133785e-02 1.309631201138753420e-01 1.309631201138753420e-01
3.620161899999999822e+00 1.702416302145902047e-02 1.304766761588408153e-01 1.304766761588408153e-01
3.626355499999999843e+00 1.689818960098901299e-02 1.299930367403924203e-01 1.299930367403924203e-01
3.632549000000000028e+00 1.677241784486936671e-02 1.295083697869345019e-01 1.295083697869345019e-01
3.638746600000000164e+00 1.664784844729319882e-02 1.290265416388938213e-01 1.290265416388938213e-01
3.644940200000000186e+00 1.652388114381014850e-02 1.285452494019524161e-01 1.285452494019524161e-01
3.651137799999999878e+00 1.640131643165242820e-02 1.280676244476035841e-01 1.280676244476035841e-01
3.657331300000000063e+00 1.627895363769969045e-02 1.275890028086264505e-01 1.275890028086264505e-01
3.663524900000000084e+00 1.615799357327780614e-02 1.271140966741211020e-01 1.271140966741211020e-01
3.669722500000000220e+00 1.603743554860344658e-02 1.266389969504000956e-01 1.266389969504000956e-01
3.675915999999999961e+00 1.591808023460488872e-02 1.261668745535249048e-01 1.261668745535249048e-01
3.682113699999999934e+00 1.579952728053655650e-02 1.256961705086378500e-01 1.256961705086378500e-01
3.688307200000000119e+00 1.568157666535900663e-02 1.252261021726660817e-01 1.252261021726660817e-01
3.694500699999999860e+00 1.556482873127962643e-02 1.247590827606536446e-01 1.247590827606536446e-01
3.700698399999999832e+00 1.544888215101790710e-02 1.242935322171588586e-01 1.242935322171588586e-01
3.706891900000000017e+00 1.533373899398861838e-02 1.238294754652082691e-01 1.238294754652082691e-01
3.713089500000000154e+00 1.521979838422663107e-02 1.233685469810949509e-01 1.233685469810949509e-01
3.719283100000000175e+00 1.510625984543837418e-02 1.229075255850445303e-01 1.229075255850445303e-01
3.725476599999999916e+00 1.499392378411562067e-02 1.224496785790621101e-01 1.224496785790621101e-01
3.731674200000000052e+00 1.488238983130814666e-02 1.219934007695012423e-01 1.219934007695012423e-01
3.737867800000000074e+00 1.477165799317314322e-02 1.215387098548159767e-01 1.215387098548159767e-01
3.744065400000000210e+00 1.466252860089912319e-02 1.210889284819182954e-01 1.210889284819182954e-01
3.750258899999999951e+00 1.455360077832016513e-02 1.206383056011653548e-01 1.206383056011653548e-01
3.756452499999999972e+00 1.444587501360877421e-02 1.201909938955859347e-01 1.201909938955859347e-01
3.762650100000000108e+00 1.433895093524292265e-02 1.197453587210916548e-01 1.197453587210916548e-01
3.768843599999999849e+00 1.423282853589866170e-02 1.193014188343904936e-01 1.193014188343904936e-01
3.775041199999999986e+00 1.412790789750494394e-02 1.188608762272302249e-01 1.188608762272302249e-01
3.781234800000000007e+00 1.402398889792170165e-02 1.184229238700079678e-01 1.184229238700079678e-01
3.787428300000000192e+00 1.392107143197620668e-02 1.179875901608987282e-01 1.179875901608987282e-01
3.793625899999999884e+00 1.381875516756383981e-02 1.175532014347709653e-01 1.175532014347709653e-01
3.799819499999999906e+00 1.371764048222577463e-02 1.171223312704531838e-01 1.171223312704531838e-01
3.806017100000000042e+00 1.361732703087109413e-02 1.166933032820268307e-01 1.166933032820268307e-01
3.812210599999999783e+00 1.351781485948809654e-02 1.162661380604348427e-01 1.162661380604348427e-01
3.818408199999999919e+00 1.341970422169488225e-02 1.158434470382113668e-01 1.158434470382113668e-01
3.824601799999999940e+00 1.332239483687745231e-02 1.154226790404617731e-01 1.154226790404617731e-01
3.830795300000000125e+00 1.322608678750803249e-02 1.150047250660077569e-01 1.150047250660077569e-01
3.836992899999999818e+00 1.313078004855444160e-02 1.145896157972197821e-01 1.145896157972197821e-01
3.843186499999999839e+00 1.303607448729985491e-02 1.141756300061438495e-01 1.141756300061438495e-01
3.849384099999999975e+00 1.294257039531488199e-02 1.137654182751282328e-01 1.137654182751282328e-01
3.855577600000000160e+00 1.285026686872859855e-02 1.133590175889355456e-01 1.133590175889355456e-01
3.861771200000000182e+00 1.275836547110692325e-02 1.129529347609300599e-01 1.129529347609300599e-01
3.867968799999999874e+00 1.266766564309521753e-02 1.125507247559748847e-01 1.125507247559748847e-01
3.874162300000000059e+00 1.257756716482453380e-02 1.121497532980993000e-01 1.121497532980993000e-01
3.880360000000000031e+00 1.248867032632145803e-02 1.117527195477651808e-01 1.117527195477651808e-01
3.886553500000000216e+00 1.240037490920758295e-02 1.113569706359129746e-01 1.113569706359129746e-01
3.892746999999999957e+00 1.231328122539985560e-02 1.109652252978375886e-01 1.109652252978375886e-01
3.898944699999999930e+00 1.222698905641778078e-02 1.105757163956796602e-01 1.105757163956796602e-01
3.905138200000000115e+00 1.214149848542332363e-02 1.101884680237606579e-01 1.101884680237606579e-01
3.911335799999999807e+00 1.205680946209034335e-02 1.098035038698235016e-01 1.098035038698235016e-01
3.917529399999999828e+00 1.197292205065474645e-02 1.094208483363876411e-01 1.094208483363876411e-01
3.923722900000000013e+00 1.189023641991852030e-02 1.090423606673962265e-01 1.090423606673962265e-01
3.929920500000000150e+00 1.180795212604335460e-02 1.086644013743385678e-01 1.086644013743385678e-01
3.936114100000000171e+00 1.172686960752583607e-02 1.082906718398488621e-01 1.082906718398488621e-01
3.942311699999999863e+00 1.164638848430634040e-02 1.079184344044442634e-01 1.079184344044442634e-01
3.948505200000000048e+00 1.156690897547963184e-02 1.075495652035824423e-01 1.075495652035824423e-01
3.954698800000000070e+00 1.148823091521597797e-02 1.071831652602962537e-01 1.071831652602962537e-01
3.960896400000000206e+00 1.141015413953228551e-02 1.068183230514890836e-01 1.068183230514890836e-01
3.967089899999999947e+00 1.133287874993746912e-02 1.064559944293296673e-01 1.064559944293296673e-01
3.973287500000000083e+00 1.125680483562114566e-02 1.060980906313640781e-01 1.060980906313640781e-01
3.979481100000000104e+00 1.118113201281746572e-02 1.057408720070790176e-01 1.057408720070790176e-01
3.985678699999999797e+00 1.110606027912808963e-02 1.053852944159102828e-01 1.053852944159102828e-01
3.991872199999999982e+00 1.103239000476838490e-02 1.050351846038668352e-01 1.050351846038668352e-01
3.998065800000000003e+00 1.095912064717816624e-02 1.046858187491417902e-01 1.046858187491417902e-01
4.004263400000000139e+00 1.088665232462450623e-02 1.043391217359265766e-01 1.043391217359265766e-01
4.010456900000000324e+00 1.081518513012183665e-02 1.039960822825640729e-01 1.039960822825640729e-01
4.016654599999999853e+00 1.074411870430342503e-02 1.036538407600192391e-01 1.036538407600192391e-01
4.022848100000000038e+00 1.067365315214541081e-02 1.033133735396604413e-01 1.033133735396604413e-01
4.029041600000000223e+00 1.060438868993403110e-02 1.029776125666837933e-01 1.029776125666837933e-01
4.035239299999999751e+00 1.053552491236613674e-02 1.026427051103298710e-01 1.026427051103298710e-01
4.041432799999999936e+00 1.046746202460443337e-02 1.023106154052668831e-01 1.023106154052668831e-01
4.047630400000000073e+00 1.040019996814624259e-02 1.019813706916427032e-01 1.019813706916427032e-01
4.053823999999999650e+00 1.033353868924839075e-02 1.016540146243540693e-01 1.016540146243540693e-01
4.060017499999999835e+00 1.026767824996688803e-02 1.013295526979512973e-01 1.013295526979512973e-01
4.066215099999999971e+00 1.020221845642509118e-02 1.010060317823895659e-01 1.010060317823895659e-01
4.072408700000000437e+00 1.013795969491539800e-02 1.006874356358100769e-01 1.006874356358100769e-01
4.078610399999999636e+00 1.007410156776220728e-02 1.003698239898935390e-01 1.003698239898935390e-01
4.084803899999999821e+00 1.001084424990220795e-02 1.000542065577565143e-01 1.000542065577565143e-01
4.090997400000000006e+00 9.948187308199371234e-03 9.974060009945484584e-02 9.974060009945484584e-02
4.097190999999999583e+00 9.886731798256866155e-03 9.943204613331090014e-02 9.943204613331090014e-02
4.103384499999999768e+00 9.825476914282980576e-03 9.912354369312560698e-02 9.912354369312560698e-02
4.109578100000000234e+00 9.764822727877297756e-03 9.881711758535206835e-02 9.881711758535206835e-02
4.115771600000000419e+00 9.704969525326720414e-03 9.851380372986681677e-02 9.851380372986681677e-02
4.121965099999999715e+00 9.645917206566691215e-03 9.821363045202377573e-02 9.821363045202377573e-02
4.128158700000000181e+00 9.587465689391198517e-03 9.791560493297887802e-02 9.791560493297887802e-02
4.134352200000000366e+00 9.529414892249435734e-03 9.761872203757553101e-02 9.761872203757553101e-02
4.140545799999999943e+00 9.471964887423675594e-03 9.732402009485466299e-02 9.732402009485466299e-02
4.146739300000000128e+00 9.415515721096121352e-03 9.703358037863037133e-02 9.703358037863037133e-02
4.152932899999999705e+00 9.359067190253835683e-03 9.674227199241205999e-02 9.674227199241205999e-02
4.159126399999999890e+00 9.303619567591372291e-03 9.645527236803269622e-02 9.645527236803269622e-02
4.165319900000000075e+00 9.248772678699251903e-03 9.617053955707668966e-02 9.617053955707668966e-02
4.171513499999999652e+00 9.194326427013593817e-03 9.588705036142051996e-02 9.588705036142051996e-02
4.177747799999999678e+00 9.140480701659936189e-03 9.560586123067944808e-02 9.560586123067944808e-02
4.183941299999999863e+00 9.087235812537420090e-03 9.532699414403782157e-02 9.532699414403782157e-02
4.190134900000000329e+00 9.034391493622364461e-03 9.504941606144860777e-02 9.504941606144860777e-02
4.196328399999999625e+00 8.982147696784882618e-03 9.477419320039016937e-02 9.477419320039016937e-02
4.202521899999999810e+00 8.930504598634208743e-03 9.450134707311959315e-02 9.450134707311959315e-02
4.208715500000000276e+00 8.879061932638394189e-03 9.422877444092327137e-02 9.422877444092327137e-02
4.214908999999999573e+00 8.828619969334296214e-03 9.396073631754008060e-02 9.396073631754008060e-02
4.221102600000000038e+00 8.778178331551636168e-03 9.369193311887441533e-02 9.369193311887441533e-02
4.227296100000000223e+00 8.728537291994228897e-03 9.342664123254260100e-02 9.342664123254260100e-02
4.233489600000000408e+00 8.679296696442214201e-03 9.316274307061923887e-02 9.316274307061923887e-02
4.239683199999999985e+00 8.630456537025169017e-03 9.290025046804324671e-02 9.290025046804324671e-02
4.245876700000000170e+00 8.582216779068688184e-03 9.264025463624701862e-02 9.264025463624701862e-02
4.252070299999999747e+00 8.534377550686613606e-03 9.238169488966206655e-02 9.238169488966206655e-02
4.258263799999999932e+00 8.486938754385291508e-03 9.212458279083433899e-02 9.212458279083433899e-02
4.264457400000000398e+00 8.439900394007378986e-03 9.186893051520399200e-02 9.186893051520399200e-02
4.270650899999999695e+00 8.393262477299358315e-03 9.161475032602205137e-02 9.161475032602205137e-02
4.276844399999999879e+00 8.347025012964370133e-03 9.136205455748229454e-02 9.136205455748229454e-02
4.283038000000000345e+00 8.301388077067114665e-03 9.111195353556587884e-02 9.111195353556587884e-02
4.289231499999999642e+00 8.255751484733503745e-03 9.086116598819048151e-02 9.086116598819048151e-02
4.295425100000000107e+00 8.210915509533782408e-03 9.061410215597670570e-02 9.061410215597670570e-02
4.301618600000000292e+00 8.166079804410355733e-03 9.036636434210659763e-02 9.036636434210659763e-02
4.307812199999999869e+00 8.121844774554064575e-03 9.012127814536401160e-02 9.012127814536401160e-02
4.314005700000000054e+00 8.078210329606637721e-03 8.987886475477223358e-02 8.987886475477223358e-02
4.320199200000000239e+00 8.034576288631786745e-03 8.963579803087484699e-02 8.963579803087484699e-02
4.326392799999999816e+00 7.991542847797749455e-03 8.939542968070431084e-02 8.939542968070431084e-02
4.332627099999999842e+00 7.948709758673793910e-03 8.915553689297033013e-02 8.915553689297033013e-02
4.338820600000000027e+00 7.906477406358339635e-03 8.891837496467386304e-02 8.891837496467386304e-02
4.345014199999999605e+00 7.864445535873551552e-03 8.868170913933465238e-02 8.868170913933465238e-02
4.351207699999999789e+00 7.822414085166597489e-03 8.844441240217833233e-02 8.844441240217833233e-02
4.357401199999999974e+00 7.781183288964670444e-03 8.821101568945156901e-02 8.821101568945156901e-02
4.363594800000000440e+00 7.739952897319136126e-03 8.797700209326944631e-02 8.797700209326944631e-02
4.369788299999999737e+00 7.699523036547698679e-03 8.774692608033456132e-02 8.774692608033456132e-02
4.375981900000000202e+00 7.658893596804720177e-03 8.751510496368453129e-02 8.751510496368453129e-02
4.382175400000000387e+00 7.618664639699929131e-03 8.728496227701498800e-02 8.728496227701498800e-02
4.388368899999999684e+00 7.578836146513653026e-03 8.705651122411035836e-02 8.705651122411035836e-02
4.394562500000000149e+00 7.539608154379093437e-03 8.683091704214054851e-02 8.683091704214054851e-02
4.400756000000000334e+00 7.499980359256408317e-03 8.660242698248363236e-02 8.660242698248363236e-02
4.406949599999999911e+00 7.461153082214354998e-03 8.637796641629365280e-02 8.637796641629365280e-02
4.413143100000000096e+00 7.422326078035224907e-03 8.615292263199911260e-02 8.615292263199911260e-02
4.419336699999999674e+00 7.383899439856156897e-03 8.592961910689560223e-02 8.592961910689560223e-02
4.425530199999999859e+00 7.345673095045779886e-03 8.570690226023677805e-02 8.570690226023677805e-02
4.431723700000000044e+00 7.307446973528053738e-03 8.548360646070130020e-02 8.548360646070130020e-02
4.437917299999999621e+00 7.270221332878188010e-03 8.526559290169856420e-02 8.526559290169856420e-02
4.444110799999999806e+00 7.232395728693856961e-03 8.504349315905278262e-02 8.504349315905278262e-02
4.450304400000000271e+00 7.195370428781456065e-03 8.482552934571911674e-02 8.482552934571911674e-02
4.456497899999999568e+00 7.158145359984473960e-03 8.460582344014196121e-02 8.460582344014196121e-02
4.462691399999999753e+00 7.121520630044721363e-03 8.438910255503799529e-02 8.438910255503799529e-02
4.468885000000000218e+00 7.084896079322463777e-03 8.417182473561128642e-02 8.417182473561128642e-02
4.475078500000000403e+00 7.048471762134331069e-03 8.395517710144104195e-02 8.395517710144104195e-02
4.481312800000000429e+00 7.012647686359797447e-03 8.374155292541329842e-02 8.374155292541329842e-02
4.487506400000000006e+00 6.976223745746393604e-03 8.352379149527631996e-02 8.352379149527631996e-02
4.493699900000000191e+00 6.940600205772699989e-03 8.331026470833410857e-02 8.331026470833410857e-02
4.499893400000000376e+00 6.905176920728925243e-03 8.309739418735659355e-02 8.309739418735659355e-02
4.506086999999999954e+00 6.869753849290121013e-03 8.288397824242102474e-02 8.288397824242102474e-02
4.512280500000000139e+00 6.834731099509156263e-03 8.267243252444647639e-02 8.267243252444647639e-02
4.518474099999999716e+00 6.799508532305009213e-03 8.245913249789260657e-02 8.245913249789260657e-02
4.524667599999999901e+00 6.764886350615759852e-03 8.224892917610392151e-02 8.224892917610392151e-02
4.530861200000000366e+00 6.730464462555193171e-03 8.203940798515792221e-02 8.203940798515792221e-02
4.537054699999999663e+00 6.695842778921854560e-03 8.182812950887888293e-02 8.182812950887888293e-02
4.543248199999999848e+00 6.661421298941991656e-03 8.161753058591023069e-02 8.161753058591023069e-02
4.549441800000000313e+00 6.627800363254063645e-03 8.141130365774806865e-02 8.141130365774806865e-02
4.555635299999999610e+00 6.593779590951232526e-03 8.120209105036170494e-02 8.120209105036170494e-02
4.561828900000000075e+00 6.559959119155718901e-03 8.099357455474921752e-02 8.099357455474921752e-02
4.568022400000000260e+00 6.526739033507059258e-03 8.078823573706173100e-02 8.078823573706173100e-02
4.574215899999999557e+00 6.493319143844846625e-03 8.058113392007366926e-02 8.058113392007366926e-02
4.580409500000000023e+00 6.460499620930611371e-03 8.037723322515281932e-02 8.037723322515281932e-02
4.586603000000000208e+00 6.427080185866147072e-03 8.016907250221962100e-02 8.016907250221962100e-02
4.592796599999999785e+00 6.394261092800182511e-03 7.996412378560889544e-02 7.996412378560889544e-02
4.598990099999999970e+00 6.361842282055018595e-03 7.976115772764973133e-02 7.976115772764973133e-02
4.605183700000000435e+00 6.329223607615635898e-03 7.955641776510324892e-02 7.955641776510324892e-02
4.611377199999999732e+00 6.297005184873449499e-03 7.935367152736821916e-02 7.935367152736821916e-02
4.617570699999999917e+00 6.264986954730884794e-03 7.915167057447924925e-02 7.915167057447924925e-02
4.623764300000000382e+00 6.233168902135214490e-03 7.895042053171860696e-02 7.895042053171860696e-02
4.629957799999999679e+00 6.201150930193974689e-03 7.874738681501738946e-02 7.874738681501738946e-02
4.636192099999999705e+00 6.169533078592677987e-03 7.854637533707509167e-02 7.854637533707509167e-02
4.642385700000000170e+00 6.138315483111607233e-03 7.834740252944960570e-02 7.834740252944960570e-02
4.648579200000000355e+00 6.107097979133930751e-03 7.814792370328164928e-02 7.814792370328164928e-02
4.654772699999999652e+00 6.075680521071475867e-03 7.794665176305827503e-02 7.794665176305827503e-02
4.660966300000000118e+00 6.044863166621588201e-03 7.774871810275452155e-02 7.774871810275452155e-02
4.667159800000000303e+00 6.014045994423764668e-03 7.755028042775709285e-02 7.755028042775709285e-02
4.673353399999999880e+00 5.983428945915385787e-03 7.735262727222254331e-02 7.735262727222254331e-02
4.679546900000000065e+00 5.952611948147478946e-03 7.715317199018767447e-02 7.715317199018767447e-02
4.685740499999999642e+00 5.922595201588658209e-03 7.695839916207104781e-02 7.695839916207104781e-02
4.691933999999999827e+00 5.892178484102482579e-03 7.676052686180888374e-02 7.676052686180888374e-02
4.698127500000000012e+00 5.861961922668576692e-03 7.656345030540732954e-02 7.656345030540732954e-02
4.704321099999999589e+00 5.831945529605316904e-03 7.636717573411574977e-02 7.636717573411574977e-02
4.710514599999999774e+00 5.802129318942455399e-03 7.617170943954491846e-02 7.617170943954491846e-02
4.716708200000000240e+00 5.772713341302189265e-03 7.597837416858950477e-02 7.597837416858950477e-02
4.722901700000000424e+00 5.742897465891009211e-03 7.578190724632766218e-02 7.578190724632766218e-02
4.729095199999999721e+00 5.713681889355139848e-03 7.558890056982664474e-02 7.558890056982664474e-02
4.735288800000000187e+00 5.684466516718549023e-03 7.539540116425237637e-02 7.539540116425237637e-02
4.741482300000000372e+00 5.655451397041755084e-03 7.520273530292469200e-02 7.520273530292469200e-02
4.747675899999999949e+00 5.626236471405122140e-03 7.500824268975458953e-02 7.500824268975458953e-02
4.753869400000000134e+00 5.597421854367796122e-03 7.481591979229952616e-02 7.481591979229952616e-02
4.760062999999999711e+00 5.568807517069415333e-03 7.462444316086663809e-02 7.462444316086663809e-02
4.766256499999999896e+00 5.540193430021374960e-03 7.443247564082075551e-02 7.443247564082075551e-02
4.772450000000000081e+00 5.511979662057097697e-03 7.424270780391228897e-02 7.424270780391228897e-02
4.778643599999999658e+00 5.483366077913617333e-03 7.404975407058160541e-02 7.404975407058160541e-02
4.784837099999999843e+00 5.455152807203567447e-03 7.385900627007899177e-02 7.385900627007899177e-02
4.791071399999999869e+00 5.426939721444669178e-03 7.366776582362648262e-02 7.366776582362648262e-02
4.797265000000000335e+00 5.399327018697047155e-03 7.348011308304476519e-02 7.348011308304476519e-02
4.803458499999999631e+00 5.371514501057703984e-03 7.329061673268758015e-02 7.329061673268758015e-02
4.809651999999999816e+00 5.343902218459934371e-03 7.310199873095081513e-02 7.310199873095081513e-02
4.815845600000000282e+00 5.316290022820299027e-03 7.291289339218612331e-02 7.291289339218612331e-02
4.822039099999999578e+00 5.289078159257692112e-03 7.272604869823254270e-02 7.272604869823254270e-02
4.828232700000000044e+00 5.261866446315965548e-03 7.253872377093469048e-02 7.253872377093469048e-02
4.834426200000000229e+00 5.234654865776075874e-03 7.235091475424533514e-02 7.235091475424533514e-02
4.840619700000000414e+00 5.207643429291936715e-03 7.216400369499974266e-02 7.216400369499974266e-02
4.846813299999999991e+00 5.181232177861120822e-03 7.198077644663970764e-02 7.198077644663970764e-02
4.853006800000000176e+00 5.154620974164149036e-03 7.179568910571267060e-02 7.179568910571267060e-02
4.859200399999999753e+00 5.128009832950222030e-03 7.161012381605147414e-02 7.161012381605147414e-02
4.865393899999999938e+00 5.101798799265603625e-03 7.142687728905418310e-02 7.142687728905418310e-02
4.871587500000000404e+00 5.075387774010763249e-03 7.124175583189092109e-02 7.124175583189092109e-02
4.877780999999999700e+00 5.049376835224033550e-03 7.105896731042489478e-02 7.105896731042489478e-02
4.883974499999999885e+00 5.023565947247509399e-03 7.087711864380145943e-02 7.087711864380145943e-02
4.890168100000000351e+00 4.997955106295292119e-03 7.069621705788289856e-02 7.069621705788289856e-02
4.896361599999999648e+00 4.972544311811973559e-03 7.051626983761954959e-02 7.051626983761954959e-02
4.902555200000000113e+00 4.946933511014156050e-03 7.033444043293553272e-02 7.033444043293553272e-02
4.908748700000000298e+00 4.921722791603447625e-03 7.015499120948877343e-02 7.015499120948877343e-02
4.914942199999999595e+00 4.896712133049221059e-03 6.997651129521406665e-02 6.997651129521406665e-02
4.921135800000000060e+00 4.871701518168485533e-03 6.979757530293216605e-02 6.979757530293216605e-02
4.927329300000000245e+00 4.846890985330372381e-03 6.961961638310262823e-02 6.961961638310262823e-02
4.933522899999999822e+00 4.822280546833323384e-03 6.944264213603427993e-02 6.944264213603427993e-02
4.939757199999999848e+00 4.797870169132543994e-03 6.926665986701353861e-02 6.926665986701353861e-02
4.945950700000000033e+00 4.773459935820248412e-03 6.909023039345178752e-02 6.909023039345178752e-02
4.952144200000000218e+00 4.748849789215111097e-03 6.891189874916457681e-02 6.891189874916457681e-02
4.958337799999999795e+00 4.724839842828325136e-03 6.873747044246190929e-02 6.873747044246190929e-02
4.964531299999999980e+00 4.701030058952661468e-03 6.856405806946276604e-02 6.856405806946276604e-02
4.970724899999999558e+00 4.677020400382396990e-03 6.838874469079248009e-02 6.838874469079248009e-02
4.976918399999999743e+00 4.653410949558987181e-03 6.821591419572844983e-02 6.821591419572844983e-02
4.983112000000000208e+00 4.629801665659506911e-03 6.804264593370475123e-02 6.804264593370475123e-02
4.989305500000000393e+00 4.606392577704161370e-03 6.787041017780989782e-02 6.787041017780989782e-02
4.995498999999999690e+00 4.583183687811097362e-03 6.769921482418461700e-02 6.769921482418461700e-02
5.001692600000000155e+00 4.559774950140161806e-03 6.752610569357722636e-02 6.752610569357722636e-02
5.007886100000000340e+00 4.536966452879168978e-03 6.735700745192862993e-02 6.735700745192862993e-02
5.014079699999999917e+00 4.513758077839600744e-03 6.718450772194137222e-02 6.718450772194137222e-02
5.020273200000000102e+00 4.491349950513137332e-03 6.701753464962090234e-02 6.701753464962090234e-02
5.026466799999999679e+00 4.468741949753669840e-03 6.684864957314896883e-02 6.684864957314896883e-02
5.032660299999999864e+00 4.445933964684425227e-03 6.667783713262169509e-02 6.667783713262169509e-02
5.038853800000000049e+00 4.423726267121311402e-03 6.651109882659668460e-02 6.651109882659668460e-02
5.045047399999999627e+00 4.401718698310756218e-03 6.634544971820416359e-02 6.634544971820416359e-02
5.051240899999999812e+00 4.379111159540273121e-03 6.617485292420582921e-02 6.617485292420582921e-02
5.057434500000000277e+00 4.357303780042869577e-03 6.600987638257527212e-02 6.600987638257527212e-02
5.063627999999999574e+00 4.335696480891922631e-03 6.584600580818796012e-02 6.584600580818796012e-02
5.069821499999999759e+00 4.314089226300154949e-03 6.568172673050058641e-02 6.568172673050058641e-02
5.076015100000000224e+00 4.292482002235654612e-03 6.551703596955264775e-02 6.551703596955264775e-02
5.082208600000000409e+00 4.271074815914781622e-03 6.535346062692305724e-02 6.535346062692305724e-02
5.088402199999999986e+00 4.250067675154144131e-03 6.519254309469867115e-02 6.519254309469867115e-02
5.094636500000000012e+00 4.228860479346628447e-03 6.502968921459358065e-02 6.502968921459358065e-02
5.100830000000000197e+00 4.208053347161237051e-03 6.486951015046465985e-02 6.486951015046465985e-02
5.107023500000000382e+00 4.187246203124665896e-03 6.470893449226826355e-02 6.470893449226826355e-02
5.113217099999999959e+00 4.166439046661165463e-03 6.454795927572896941e-02 6.454795927572896941e-02
5.119410600000000144e+00 4.146031916249753695e-03 6.438968796515287529e-02 6.438968796515287529e-02
5.125604199999999722e+00 4.125824797406232348e-03 6.423258361148360962e-02 6.423258361148360962e-02
5.131797699999999907e+00 4.105617679553601532e-03 6.407509406589741163e-02 6.407509406589741163e-02
5.137991300000000372e+00 4.085610589613813438e-03 6.391878119624790078e-02 6.391878119624790078e-02
5.144184799999999669e+00 4.065803538869019497e-03 6.376365374466098912e-02 6.376365374466098912e-02
5.150378299999999854e+00 4.046196540019858859e-03 6.360972048374256838e-02 6.360972048374256838e-02
5.156571900000000319e+00 4.026989623489378965e-03 6.345856619471779148e-02 6.345856619471779148e-02
5.162765399999999616e+00 4.007582755006323938e-03 6.330547176197587333e-02 6.330547176197587333e-02
5.168959000000000081e+00 3.988575999003995259e-03 6.315517396859891830e-02 6.315517396859891830e-02
5.175152500000000266e+00 3.969369323033199518e-03 6.300293106700036172e-02 6.300293106700036172e-02
5.181345999999999563e+00 3.950362773924548376e-03 6.285191145800220203e-02 6.285191145800220203e-02
5.187539600000000029e+00 3.932156410555533166e-03 6.270690879445049715e-02 6.270690879445049715e-02
5.193733100000000213e+00 3.913750168340944177e-03 6.255997257305140336e-02 6.255997257305140336e-02
5.199926699999999791e+00 3.895344073434140082e-03 6.241269160542702032e-02 6.241269160542702032e-02
5.206120199999999976e+00 3.877138149085890360e-03 6.226666964826278738e-02 6.226666964826278738e-02
5.212313800000000441e+00 3.859332414815694421e-03 6.212352545385439045e-02 6.212352545385439045e-02
5.218507299999999738e+00 3.841726858924846780e-03 6.198166550621923149e-02 6.198166550621923149e-02
5.224700799999999923e+00 3.824121467616078875e-03 6.183948146302715304e-02 6.183948146302715304e-02
5.230894400000000388e+00 3.806516238657223564e-03 6.169697106550064286e-02 6.169697106550064286e-02
5.237087899999999685e+00 3.789511207195241180e-03 6.155900589836747067e-02 6.155900589836747067e-02
5.243322199999999711e+00 3.772706313054400781e-03 6.142236004139210032e-02 6.142236004139210032e-02
5.249515800000000176e+00 3.755901581942630661e-03 6.128541084093856728e-02 6.128541084093856728e-02
5.255709300000000361e+00 3.739296989176766131e-03 6.114979140746733960e-02 6.114979140746733960e-02
5.261902799999999658e+00 3.723092532445141257e-03 6.101714949458997284e-02 6.101714949458997284e-02
5.268096400000000123e+00 3.706688157676676487e-03 6.088257679892233876e-02 6.088257679892233876e-02
5.274289900000000308e+00 3.690683885353894522e-03 6.075099904819586394e-02 6.075099904819586394e-02
5.280483499999999886e+00 3.674879684869531999e-03 6.062078591431763891e-02 6.062078591431763891e-02
5.286677000000000071e+00 3.659475550155990350e-03 6.049359924947424194e-02 6.049359924947424194e-02
5.292870500000000256e+00 3.644071439595868416e-03 6.036614481309758584e-02 6.036614481309758584e-02
5.299064099999999833e+00 3.629067359862856237e-03 6.024174100955961147e-02 6.024174100955961147e-02
5.305257600000000018e+00 3.613863260987156510e-03 6.011541616746204214e-02 6.011541616746204214e-02
5.311451199999999595e+00 3.599259174698165708e-03 5.999382613817996757e-02 5.999382613817996757e-02
5.317644699999999780e+00 3.584855066265578601e-03 5.987365920223666066e-02 5.987365920223666066e-02
5.323838300000000245e+00 3.570450915331040316e-03 5.975325024909557137e-02 5.975325024909557137e-02
5.330031800000000430e+00 3.556246726266026371e-03 5.963427476096298113e-02 5.963427476096298113e-02
5.336225299999999727e+00 3.542242494855981846e-03 5.951674129903267857e-02 5.951674129903267857e-02
5.342418900000000193e+00 3.528438219686574982e-03 5.940065841122112167e-02 5.940065841122112167e-02
5.348612400000000378e+00 3.515033912298219480e-03 5.928772142946817092e-02 5.928772142946817092e-02
5.354805999999999955e+00 3.501829566331512641e-03 5.917625846850671500e-02 5.917625846850671500e-02
5.360999500000000140e+00 3.488825188608434946e-03 5.906627793088400913e-02 5.906627793088400913e-02
5.367193099999999717e+00 3.475820778695219541e-03 5.895609195575313849e-02 5.895609195575313849e-02
5.373386599999999902e+00 3.463616384894449302e-03 5.885249684503155582e-02 5.885249684503155582e-02
5.379580100000000087e+00 3.450811955602317571e-03 5.874361204081953586e-02 5.874361204081953586e-02
5.385773699999999664e+00 3.439007576783017616e-03 5.864305224647688164e-02 5.864305224647688164e-02
5.391967199999999849e+00 3.427003210011968400e-03 5.854061162997845069e-02 5.854061162997845069e-02
5.398201499999999875e+00 3.415398871306312735e-03 5.844141400844363871e-02 5.844141400844363871e-02
5.404395100000000340e+00 3.403794609586892599e-03 5.834204838353631434e-02 5.834204838353631434e-02
5.410588599999999637e+00 3.392390422638941975e-03 5.824423080991748825e-02 5.824423080991748825e-02
5.416782099999999822e+00 3.381386331507722862e-03 5.814968900611355157e-02 5.814968900611355157e-02
5.422975700000000288e+00 3.370382332938510854e-03 5.805499403960447113e-02 5.805499403960447113e-02
5.429169199999999584e+00 3.359978459468476730e-03 5.796532117972328507e-02 5.796532117972328507e-02
5.435362800000000050e+00 3.349574597222283907e-03 5.787550947699971610e-02 5.787550947699971610e-02
5.441556300000000235e+00 3.339570966351024413e-03 5.778902115757823116e-02 5.778902115757823116e-02
5.447749800000000420e+00 3.329567456539392085e-03 5.770240425267730844e-02 5.770240425267730844e-02
5.453943399999999997e+00 3.319764075458799153e-03 5.761739386208646757e-02 5.761739386208646757e-02
5.460136900000000182e+00 3.310360827509818086e-03 5.753573522177167499e-02 5.753573522177167499e-02
5.466330499999999759e+00 3.301157701554666233e-03 5.745570208042598270e-02 5.745570208042598270e-02
5.472523999999999944e+00 3.292154690692673455e-03 5.737730117993241480e-02 5.737730117993241480e-02
5.478717600000000409e+00 3.283551791224950580e-03 5.730228434560834250e-02 5.730228434560834250e-02
5.484911099999999706e+00 3.274748974829020526e-03 5.722542245216736406e-02 5.722542245216736406e-02
5.491104599999999891e+00 3.266346245463550360e-03 5.715195749459112129e-02 5.715195749459112129e-02
5.497298200000000357e+00 3.258343588217531457e-03 5.708190245793785117e-02 5.708190245793785117e-02
5.503491699999999653e+00 3.250540982295866289e-03 5.701351578613501198e-02 5.701351578613501198e-02
5.509685300000000119e+00 3.242938411777293584e-03 5.694680334994488280e-02 5.694680334994488280e-02
5.515878800000000304e+00 3.235335856060002173e-03 5.688001279940083088e-02 5.688001279940083088e-02
5.522072299999999601e+00 3.228133309347024776e-03 5.681666401107182685e-02 5.681666401107182685e-02
5.528265900000000066e+00 3.221130752035468621e-03 5.675500640503416266e-02 5.675500640503416266e-02
5.534459400000000251e+00 3.214728179526382072e-03 5.669857299373928794e-02 5.669857299373928794e-02
5.540652999999999828e+00 3.208325566547346082e-03 5.664208299972155886e-02 5.664208299972155886e-02
5.546887299999999854e+00 3.201922887035483535e-03 5.658553602322313747e-02 5.658553602322313747e-02
5.553080800000000039e+00 3.195720171149290904e-03 5.653070113795945900e-02 5.653070113795945900e-02
5.559274300000000224e+00 3.189917401126356102e-03 5.647935375981524148e-02 5.647935375981524148e-02
5.565467899999999801e+00 3.184514574040214503e-03 5.643150338277560379e-02 5.643150338277560379e-02
5.571661399999999986e+00 3.178711676328352994e-03 5.638006452930284518e-02 5.638006452930284518e-02
5.577854999999999563e+00 3.173508728304335908e-03 5.633390389724766967e-02 5.633390389724766967e-02
5.584048499999999748e+00 3.168705731481384971e-03 5.629125803782843857e-02 5.629125803782843857e-02
5.590242100000000214e+00 3.163902687475586128e-03 5.624857942628939261e-02 5.624857942628939261e-02
5.596435600000000399e+00 3.159699614789403602e-03 5.621120542017760124e-02 5.621120542017760124e-02
5.602629099999999696e+00 3.155496516826186704e-03 5.617380632310923355e-02 5.617380632310923355e-02
5.608822700000000161e+00 3.151293407448064327e-03 5.613638220840441728e-02 5.613638220840441728e-02
5.615016200000000346e+00 3.147290303779924896e-03 5.610071571539818752e-02 5.610071571539818752e-02
5.621209799999999923e+00 3.143887224449751043e-03 5.607037742382113554e-02 5.607037742382113554e-02
5.627403300000000108e+00 3.140484178723585654e-03 5.604002300787880309e-02 5.604002300787880309e-02
5.633596800000000293e+00 3.137281183555283830e-03 5.601143797078667746e-02 5.601143797078667746e-02
5.639790399999999870e+00 3.134678255676493115e-03 5.598819746764931160e-02 5.598819746764931160e-02
5.645983900000000055e+00 3.132075403912127059e-03 5.596494799347290910e-02 5.596494799347290910e-02
5.652177499999999633e+00 3.129672641138016818e-03 5.594347719920542139e-02 5.594347719920542139e-02
5.658370999999999817e+00 3.127669977760671929e-03 5.592557534581715784e-02 5.592557534581715784e-02
5.664564600000000283e+00 3.125867419957861944e-03 5.590945733914667176e-02 5.590945733914667176e-02
5.670758099999999580e+00 3.124264972668825552e-03 5.589512476655567746e-02 5.589512476655567746e-02
5.676951599999999765e+00 3.123262638581883466e-03 5.588615784415568166e-02 5.588615784415568166e-02
5.683145200000000230e+00 3.121860415579877542e-03 5.587361108412339933e-02 5.587361108412339933e-02
5.689338700000000415e+00 3.121058301588072563e-03 5.586643269073185425e-02 5.586643269073185425e-02
5.695532299999999992e+00 3.120856289635487446e-03 5.586462467103388285e-02 5.586462467103388285e-02
5.701766600000000018e+00 3.120654358783761431e-03 5.586281731871174661e-02 5.586281731871174661e-02
