6.411538299999999801e-02 5.995362697495385529e-01
7.031055499999999681e-02 6.002041070803615375e-01
7.650572699999999560e-02 6.009306473024373929e-01
8.270089899999999439e-02 6.017154691509392084e-01
8.889606999999999370e-02 6.025582484869840272e-01
9.509124200000000637e-02 6.034587863237493854e-01
1.012868199999999996e-01 6.044171001714142566e-01
1.074819899999999995e-01 6.054331961388991212e-01
1.136771699999999941e-01 6.065074739574844997e-01
1.198723399999999939e-01 6.076404952531199166e-01
1.260675099999999937e-01 6.088330760844929967e-01
1.322626799999999936e-01 6.100862975195311400e-01
1.384578499999999934e-01 6.114015204350187194e-01
1.446530199999999933e-01 6.127803935430884419e-01
1.508481999999999879e-01 6.142248579801681263e-01
1.570433699999999877e-01 6.157371335946288937e-01
1.632385399999999875e-01 6.173197216152668254e-01
1.694337099999999874e-01 6.189753766801161516e-01
1.756288799999999872e-01 6.207070826972826971e-01
1.818240600000000096e-01 6.225180217413565087e-01
1.880192300000000094e-01 6.244115206899506498e-01
1.942144000000000092e-01 6.263910202350542189e-01
2.004099799999999876e-01 6.284601485296936740e-01
2.066051499999999874e-01 6.306221104371614317e-01
2.128003199999999873e-01 6.328804446936407979e-01
2.189954899999999871e-01 6.352384157198321946e-01
2.251906700000000094e-01 6.376990838770918435e-01
2.313858400000000093e-01 6.402652222913016722e-01
2.375810100000000091e-01 6.429392758460145130e-01
2.437761800000000090e-01 6.457232845723646086e-01
2.499713500000000088e-01 6.486188321171881821e-01
2.561665200000000087e-01 6.516269971587101972e-01
2.623616999999999755e-01 6.547483179215042304e-01
2.685568700000000031e-01 6.579827400585831487e-01
2.747520399999999752e-01 6.613296245006842211e-01
2.809472100000000028e-01 6.647877147678135090e-01
2.871427899999999811e-01 6.683553784833421441e-01
2.933379600000000087e-01 6.720296619231670432e-01
2.995331299999999808e-01 6.758077218009184151e-01
3.057283100000000031e-01 6.796859172723791476e-01
3.119234799999999752e-01 6.836600473061622552e-01
3.181186500000000028e-01 6.877254244328886434e-01
3.243138199999999749e-01 6.918768911035884095e-01
3.305089900000000025e-01 6.961088711401496321e-01
3.367041700000000248e-01 7.004154250396876780e-01
3.428993399999999969e-01 7.047902724371900574e-01
3.490945100000000245e-01 7.092268854736293315e-01
3.552896799999999966e-01 7.137185132561179035e-01
3.614848500000000242e-01 7.182582407850235384e-01
3.676800199999999963e-01 7.228390403300158917e-01
3.738755999999999746e-01 7.274541280807618193e-01
3.800707799999999970e-01 7.320957965010664870e-01
3.862659500000000246e-01 7.367572645120905594e-01
3.924611199999999966e-01 7.414315475390136356e-01
3.986562900000000242e-01 7.461117746971447362e-01
4.048514599999999963e-01 7.507912365751643335e-01
4.110474499999999809e-01 7.554640405529757796e-01
4.172409899999999783e-01 7.601214493970611663e-01
4.234386099999999931e-01 7.647623543119748124e-01
4.296321499999999904e-01 7.693749300139742786e-01
4.358256899999999878e-01 7.739568461384799258e-01
4.420233100000000026e-01 7.785060324909912621e-01
4.482168500000000000e-01 7.830118028359932536e-01
4.544144700000000148e-01 7.874757650382214758e-01
4.606080100000000122e-01 7.918880983387576178e-01
4.668015500000000095e-01 7.962482017277652258e-01
4.729991700000000243e-01 8.005557241346635822e-01
4.791927100000000217e-01 8.048022083259027681e-01
4.853903299999999810e-01 8.089908372406533488e-01
4.915838699999999784e-01 8.131140505493001935e-01
4.977774099999999757e-01 8.171729299135005453e-01
5.039750299999999905e-01 8.211687168496355493e-01
5.101685700000000434e-01 8.250950891612303106e-01
5.163661899999999472e-01 8.289564392685128125e-01
5.225597300000000001e-01 8.327471570102105147e-01
5.287573399999999646e-01 8.364719287076184395e-01
5.349508899999999567e-01 8.401257603907420490e-01
5.411444300000000096e-01 8.437111643852784892e-01
5.473420399999999741e-01 8.472306236207111096e-01
5.535355899999999663e-01 8.506798121789971301e-01
5.597332000000000418e-01 8.540636180125141808e-01
5.659267500000000339e-01 8.573780215738082688e-01
5.721202899999999758e-01 8.606256945999654073e-01
5.783179000000000514e-01 8.638091532639049497e-01
5.845114500000000435e-01 8.669246497899600890e-01
5.907090600000000080e-01 8.699766700334921055e-01
5.969025999999999499e-01 8.729615739785280271e-01
6.030961500000000530e-01 8.758817115994783631e-01
6.092937600000000176e-01 8.787392023481552794e-01
6.154872999999999594e-01 8.815305266938410211e-01
6.216849199999999742e-01 8.842595462360262060e-01
6.278784600000000271e-01 8.869228238849652390e-01
6.340720100000000192e-01 8.895223153606180988e-01
6.402696199999999838e-01 8.920597823734046639e-01
6.464631600000000367e-01 8.945320263382122716e-01
6.526607800000000514e-01 8.969424513055141990e-01
6.588543199999999933e-01 8.992880719923689314e-01
6.650478600000000462e-01 9.015707385167929244e-01
6.712454799999999500e-01 9.037922057306875256e-01
6.774390200000000029e-01 9.059499481015075295e-01
6.836366400000000176e-01 9.080473087208019711e-01
6.898301799999999595e-01 9.100821390664507460e-01
6.960277999999999743e-01 9.120578572799805661e-01
7.022213400000000272e-01 9.139727305085567632e-01
7.084148799999999691e-01 9.158290844937783115e-01
7.146124999999999838e-01 9.176292309770857081e-01
7.208060400000000367e-01 9.193720856866892666e-01
7.270036600000000515e-01 9.210613687126094629e-01
7.331971999999999934e-01 9.226964091427862780e-01
7.393907400000000463e-01 9.242800108688781213e-01
7.455883599999999500e-01 9.258149522090250994e-01
7.517819000000000029e-01 9.273010926938647369e-01
7.579795200000000177e-01 9.287423518477421203e-01
7.641730599999999596e-01 9.301388529347379697e-01
7.703666000000000125e-01 9.314936207142605618e-01
7.765642200000000273e-01 9.328095905480618955e-01
7.827577599999999691e-01 9.340871118005178442e-01
7.889553799999999839e-01 9.353299292309538160e-01
7.951489200000000368e-01 9.365384230727055170e-01
8.013424599999999787e-01 9.377153750540535571e-01
8.075400799999999935e-01 9.388634014875733014e-01
8.137336200000000463e-01 9.399827625018827293e-01
8.199312300000000109e-01 9.410765900289704833e-01
8.261247800000000030e-01 9.421449799592133134e-01
8.323183199999999449e-01 9.431900493491571780e-01
8.385159300000000204e-01 9.442137159345133091e-01
8.447094800000000125e-01 9.452157413670835284e-01
8.509070899999999771e-01 9.461983971008132155e-01
8.571006399999999692e-01 9.471612071997568272e-01
8.632941800000000221e-01 9.481054911572168731e-01
8.694917899999999866e-01 9.490323916840582852e-01
8.756853399999999787e-01 9.499411087171230061e-01
8.818829500000000543e-01 9.508331391283177947e-01
8.880764899999999962e-01 9.517075210517564887e-01
8.942741100000000110e-01 9.525655313223024834e-01
9.004676499999999528e-01 9.534061000918642170e-01
9.066611999999999449e-01 9.542298087318548117e-01
9.128588100000000205e-01 9.550371548587239801e-01
9.190523499999999624e-01 9.558270368137616879e-01
9.252499699999999772e-01 9.566004480502755536e-01
9.314435100000000300e-01 9.573563351173023372e-01
9.376370499999999719e-01 9.580952009045314854e-01
9.438346699999999867e-01 9.588175377238622454e-01
9.500282100000000396e-01 9.595224603329888247e-01
9.562258300000000544e-01 9.602110140349198186e-01
9.624193699999999962e-01 9.608824645666369513e-01
9.686129100000000491e-01 9.615375018934290141e-01
9.748105299999999529e-01 9.621768328057254127e-01
9.810040700000000058e-01 9.627999659624731921e-01
9.872016900000000206e-01 9.634081294396551476e-01
9.933952299999999624e-01 9.640009810292266001e-01
9.995887700000000153e-01 9.645794300603689475e-01
1.005786400000000080e+00 9.651443871487173087e-01
1.011979900000000043e+00 9.656956755090067013e-01
1.018177499999999958e+00 9.662346213240498027e-01
1.024371099999999979e+00 9.667611237908894095e-01
1.030564599999999942e+00 9.672761310183847216e-01
1.036762200000000078e+00 9.677805772869729761e-01
1.042955800000000099e+00 9.682743803151286910e-01
1.049153400000000014e+00 9.687587282541234579e-01
1.055346899999999977e+00 9.692335027030221095e-01
1.061544599999999949e+00 9.696998120953378431e-01
1.067738099999999912e+00 9.701574482981819569e-01
1.073931600000000097e+00 9.706071014926321849e-01
1.080129300000000070e+00 9.710493849221742968e-01
1.086322800000000033e+00 9.714839588345236532e-01
1.092520399999999947e+00 9.719116093382711430e-01
1.098713999999999968e+00 9.723319260971821087e-01
1.104907499999999931e+00 9.727452780031828894e-01
1.111105100000000068e+00 9.731519887621983278e-01
1.117298700000000089e+00 9.735515351152687069e-01
1.123496300000000003e+00 9.739444063445992228e-01
1.129689799999999966e+00 9.743300342996729091e-01
1.135883399999999988e+00 9.747086120052945724e-01
1.142080999999999902e+00 9.750802830389305731e-01
1.148274500000000087e+00 9.754444696180553098e-01
1.154472100000000001e+00 9.758015650332464430e-01
1.160665700000000022e+00 9.761510244736886222e-01
1.166859199999999985e+00 9.764930152396755769e-01
1.173056799999999900e+00 9.768277258682048769e-01
1.179250399999999921e+00 9.771547119062619080e-01
1.185448000000000057e+00 9.774744225257097074e-01
1.191641500000000020e+00 9.777865036740549520e-01
1.197835100000000041e+00 9.780912766106656386e-01
1.204032699999999956e+00 9.783890682684549533e-01
1.210226199999999919e+00 9.786796711793196435e-01
1.216423899999999891e+00 9.789636942417935250e-01
1.222617400000000076e+00 9.792410071946280326e-01
1.228810900000000039e+00 9.795120909356476169e-01
1.235008600000000012e+00 9.797774365798784801e-01
1.241202099999999975e+00 9.800370196991976535e-01
1.247399699999999889e+00 9.802915396999719588e-01
1.253593299999999910e+00 9.805410244389384244e-01
1.259790900000000047e+00 9.807861600214475839e-01
1.265984400000000010e+00 9.810269859224406419e-01
1.272178000000000031e+00 9.812640187378055545e-01
1.278375599999999945e+00 9.814977368721811146e-01
1.284569099999999908e+00 9.817281451306099083e-01
1.290766700000000045e+00 9.819558312441614145e-01
1.296960300000000066e+00 9.821807477702526601e-01
1.303153800000000029e+00 9.824032532176448784e-01
1.309351399999999943e+00 9.826236720748448006e-01
1.315544999999999964e+00 9.828418518319008701e-01
1.321742600000000101e+00 9.830581691561688373e-01
1.327936100000000064e+00 9.832723956811020294e-01
1.334129700000000085e+00 9.834846937799741617e-01
1.340327299999999999e+00 9.836951736379885292e-01
1.346520799999999962e+00 9.839035050402505922e-01
1.352718499999999935e+00 9.841098821654310491e-01
1.358911999999999898e+00 9.843139152388498125e-01
1.365105500000000083e+00 9.845156146863889290e-01
1.371303200000000055e+00 9.847149697908513799e-01
1.377496700000000018e+00 9.849115560859729168e-01
1.383694299999999933e+00 9.851054790167249609e-01
1.389887899999999954e+00 9.852963289681058168e-01
1.396081399999999917e+00 9.854840800744981699e-01
1.402279000000000053e+00 9.856687195076889729e-01
1.408472600000000075e+00 9.858498851612969016e-01
1.414670199999999989e+00 9.860277104016776928e-01
1.420863699999999952e+00 9.862018856639506170e-01
1.427057299999999973e+00 9.863724809893353873e-01
1.433254900000000109e+00 9.865395761057866864e-01
1.439448400000000072e+00 9.867029568549517959e-01
1.445645999999999987e+00 9.868628720663166209e-01
1.451839600000000008e+00 9.870191728111221696e-01
1.458037199999999922e+00 9.871721474714360012e-01
1.464230700000000107e+00 9.873217067964690230e-01
1.470424299999999906e+00 9.874680874712735701e-01
1.476621900000000043e+00 9.876115290147975401e-01
1.482815400000000006e+00 9.877520091359029974e-01
1.489013099999999978e+00 9.878898920878828038e-01
1.495206599999999941e+00 9.880251735926148804e-01
1.501400099999999904e+00 9.881581329960774651e-01
1.507597800000000099e+00 9.882890417289823537e-01
1.513791300000000062e+00 9.884179002783864965e-01
1.519988899999999976e+00 9.885450501282154745e-01
1.526182499999999997e+00 9.886704809949452555e-01
1.532375999999999960e+00 9.887944137979792769e-01
1.538573600000000097e+00 9.889170535897728875e-01
1.544767199999999896e+00 9.890383426257427502e-01
1.550964800000000032e+00 9.891585191765329688e-01
1.557158299999999995e+00 9.892774860987768593e-01
1.563351900000000017e+00 9.893953634246992479e-01
1.569549499999999931e+00 9.895122415802701799e-01
1.575742999999999894e+00 9.896279653023882794e-01
1.581940600000000030e+00 9.897426671503279927e-01
1.588134200000000051e+00 9.898561606078590813e-01
1.594327700000000014e+00 9.899684683054491563e-01
1.600525299999999929e+00 9.900796046734677835e-01
1.606718899999999950e+00 9.901893563659377451e-01
1.612916500000000086e+00 9.902977926479104021e-01
1.619110000000000049e+00 9.904046982070373595e-01
1.625307599999999963e+00 9.905101428095340887e-01
1.631501199999999985e+00 9.906139217583586065e-01
1.637694699999999948e+00 9.907160427372163625e-01
1.643892300000000084e+00 9.908165240785108407e-01
1.650085900000000105e+00 9.909151971634100331e-01
1.656283500000000020e+00 9.910121658316281001e-01
1.662476999999999983e+00 9.911072946407616380e-01
1.668670600000000004e+00 9.912006566099876848e-01
1.674868199999999918e+00 9.912923313460121344e-01
1.681061700000000103e+00 9.913822371452231108e-01
1.687259400000000076e+00 9.914705473619377374e-01
1.693452900000000039e+00 9.915572088146726859e-01
1.699646400000000002e+00 9.916423604716412266e-01
1.705844099999999974e+00 9.917261474350602679e-01
1.712037599999999937e+00 9.918085530397539040e-01
1.718235200000000074e+00 9.918897904226550155e-01
1.724428800000000095e+00 9.919698591354829675e-01
1.730622300000000058e+00 9.920489170106286947e-01
1.736819899999999972e+00 9.921271211048190430e-01
1.743013499999999993e+00 9.922044690660608568e-01
1.749211099999999908e+00 9.922811539444307272e-01
1.755404600000000093e+00 9.923571596562705821e-01
1.761598199999999892e+00 9.924326116720622037e-01
1.767795800000000028e+00 9.925076180316205754e-01
1.773989299999999991e+00 9.925821282962358216e-01
1.780186899999999905e+00 9.926562744919883441e-01
1.786380499999999927e+00 9.927299784531437021e-01
1.792573999999999890e+00 9.928032911752124878e-01
1.798771600000000026e+00 9.928762520664174973e-01
1.804965200000000047e+00 9.929487425375234100e-01
1.811162799999999962e+00 9.930208208298161310e-01
1.817356299999999925e+00 9.930923467245222902e-01
1.823553999999999897e+00 9.931633610504051468e-01
1.829747500000000082e+00 9.932337055980849927e-01
1.835941000000000045e+00 9.933033618525860531e-01
1.842138700000000018e+00 9.933723066898848542e-01
1.848332199999999981e+00 9.934403765127496344e-01
1.854529799999999895e+00 9.935075939724195004e-01
1.860723399999999916e+00 9.935738063600503267e-01
1.866916900000000101e+00 9.936389971250525477e-01
1.873114500000000016e+00 9.937031575821674290e-01
1.879308100000000037e+00 9.937661608160148763e-01
1.885505699999999951e+00 9.938280551978083688e-01
1.891699199999999914e+00 9.938887378574147169e-01
1.897892799999999935e+00 9.939482406496680245e-01
1.904090400000000072e+00 9.940066012836740184e-01
1.910283900000000035e+00 9.940637567163659316e-01
1.916481499999999949e+00 9.941198072638548489e-01
1.922675099999999970e+00 9.941747150110991083e-01
1.928868599999999933e+00 9.942285607764658195e-01
1.935066200000000070e+00 9.942814338399704743e-01
1.941259800000000091e+00 9.943333260289989317e-01
1.947457400000000005e+00 9.943843710133893898e-01
1.953650899999999968e+00 9.944345726327386004e-01
1.959844499999999989e+00 9.944840384223258001e-01
1.966042099999999904e+00 9.945328720091526353e-01
1.972235600000000089e+00 9.945810814454530968e-01
1.978433300000000061e+00 9.946288002888820090e-01
1.984626800000000024e+00 9.946760282830614530e-01
1.990824399999999939e+00 9.947228873516889003e-01
1.997017999999999960e+00 9.947693678013626029e-01
2.003211499999999923e+00 9.948155428430016656e-01
2.009409100000000059e+00 9.948614784931368860e-01
2.015602700000000080e+00 9.949071406261361661e-01
2.021800300000000217e+00 9.949526049325887467e-01
2.027993799999999958e+00 9.949978195785109669e-01
2.034187399999999979e+00 9.950428142629456074e-01
2.040385000000000115e+00 9.950876077543359122e-01
2.046578499999999856e+00 9.951321248211566495e-01
2.052776099999999992e+00 9.951764013209292159e-01
2.058969700000000014e+00 9.952203510879222836e-01
2.065163200000000199e+00 9.952639698326812834e-01
2.071360799999999891e+00 9.953072518628610643e-01
2.077554399999999912e+00 9.953501043685019090e-01
2.083752000000000049e+00 9.953925464767480191e-01
2.089945499999999790e+00 9.954344878763943250e-01
2.096139099999999811e+00 9.954759251791545083e-01
2.102336699999999947e+00 9.955168553119487784e-01
2.108530200000000132e+00 9.955572007540227641e-01
2.114727799999999824e+00 9.955969962551052266e-01
2.120921399999999846e+00 9.956361771256541093e-01
2.127114900000000031e+00 9.956747623399827551e-01
2.133312500000000167e+00 9.957127777734331442e-01
2.139506100000000188e+00 9.957501805627871905e-01
2.145703699999999881e+00 9.957870321962867255e-01
2.151897200000000066e+00 9.958233036063788290e-01
2.158094900000000038e+00 9.958590678217467129e-01
2.164288399999999779e+00 9.958943053719377936e-01
2.170481999999999800e+00 9.959290739336420506e-01
2.176679599999999937e+00 9.959634304345661437e-01
2.182873100000000122e+00 9.959973671775496085e-01
2.189070699999999814e+00 9.960309669676885580e-01
2.195264299999999835e+00 9.960642232952150454e-01
2.201457800000000020e+00 9.960971933458321326e-01
2.207655400000000157e+00 9.961299326996236880e-01
2.213849000000000178e+00 9.961624286833188346e-01
2.220046599999999870e+00 9.961947492768155055e-01
2.226240100000000055e+00 9.962268734428650907e-01
2.232433700000000076e+00 9.962588390551821993e-01
2.238631300000000213e+00 9.962906764127608117e-01
2.244824799999999954e+00 9.963223484745959979e-01
2.251022400000000090e+00 9.963538960000765110e-01
2.257216000000000111e+00 9.963852710340179719e-01
2.263409499999999852e+00 9.964164815724626534e-01
2.269607099999999988e+00 9.964475320002614822e-01
2.275800700000000010e+00 9.964783610589870166e-01
2.281998300000000146e+00 9.965089845562965509e-01
2.288191799999999887e+00 9.965393359929559658e-01
2.294385399999999908e+00 9.965694081245075608e-01
2.300583000000000045e+00 9.965991908375082531e-01
2.306776499999999785e+00 9.966286167216614755e-01
2.312974200000000202e+00 9.966576978560639510e-01
2.319167699999999943e+00 9.966863695401142476e-01
2.325361200000000128e+00 9.967146291662366542e-01
2.331558900000000101e+00 9.967424765456091018e-01
2.337752399999999842e+00 9.967698591405329545e-01
2.343949999999999978e+00 9.967968034457282966e-01
2.350143599999999999e+00 9.968232689525807766e-01
2.356341200000000136e+00 9.968492896673227799e-01
2.362534699999999876e+00 9.968748365560272662e-01
2.368728299999999898e+00 9.968999373749689585e-01
2.374925900000000034e+00 9.969246222691168224e-01
2.381119400000000219e+00 9.969488781567591440e-01
2.387316999999999911e+00 9.969727602389113486e-01
2.393510599999999933e+00 9.969962636541919165e-01
2.399704100000000118e+00 9.970194325202526020e-01
2.405901699999999810e+00 9.970423130694906488e-01
2.412095299999999831e+00 9.970649072840125360e-01
2.418292899999999968e+00 9.970872765317166930e-01
2.424486400000000152e+00 9.971094232018317127e-01
2.430680000000000174e+00 9.971313928185108200e-01
2.436877599999999866e+00 9.971532273489148723e-01
2.443071100000000051e+00 9.971749238807190441e-01
2.449268800000000024e+00 9.971965338995005812e-01
2.455462300000000209e+00 9.972180468249582930e-01
2.461655799999999950e+00 9.972394920083950121e-01
2.467853499999999922e+00 9.972608943689559302e-01
2.474047000000000107e+00 9.972822309980255984e-01
2.480244599999999799e+00 9.973035322812554559e-01
2.486438199999999821e+00 9.973247680095019829e-01
2.492631700000000006e+00 9.973459453499772254e-01
2.498829300000000142e+00 9.973670688230050763e-01
2.505022900000000163e+00 9.973880979831736271e-01
2.511220499999999856e+00 9.974090446213138561e-01
2.517414000000000041e+00 9.974298640776948499e-01
2.523611600000000177e+00 9.974505653199946531e-01
2.529805200000000198e+00 9.974711020663238337e-01
2.535998699999999939e+00 9.974914681918265469e-01
2.542196300000000075e+00 9.975116587598608087e-01
2.548389900000000097e+00 9.975316300443145545e-01
2.554587499999999789e+00 9.975513922727057281e-01
2.560780999999999974e+00 9.975709063173012758e-01
2.566974599999999995e+00 9.975901749772612126e-01
2.573172200000000132e+00 9.976092024109328715e-01
2.579365699999999872e+00 9.976279591707134520e-01
2.585563399999999845e+00 9.976464690392519152e-01
2.591756900000000030e+00 9.976647088194002810e-01
2.597950400000000215e+00 9.976826961621509948e-01
2.604148100000000188e+00 9.977004509688482958e-01
2.610341599999999929e+00 9.977179597771465014e-01
2.616539200000000065e+00 9.977352589530048554e-01
2.622732800000000086e+00 9.977523406234879433e-01
2.628926299999999827e+00 9.977692318640922764e-01
2.635123899999999963e+00 9.977859609426910081e-01
2.641317499999999985e+00 9.978025233139899974e-01
2.647515100000000121e+00 9.978189575132379030e-01
2.653708599999999862e+00 9.978352584794731861e-01
2.659902199999999883e+00 9.978514525962578485e-01
2.666099800000000020e+00 9.978675635383893461e-01
2.672293300000000205e+00 9.978835818030906690e-01
2.678490899999999897e+00 9.978995378190022025e-01
2.684684499999999918e+00 9.979154173684768869e-01
2.690878000000000103e+00 9.979312344253886691e-01
2.697075599999999795e+00 9.979470007733770576e-01
2.703269199999999817e+00 9.979626941523626060e-01
2.709466799999999953e+00 9.979783305154594775e-01
2.715660300000000138e+00 9.979938826451600908e-01
2.721857899999999830e+00 9.980093621378300917e-01
2.728051499999999852e+00 9.980247379030019461e-01
2.734245000000000037e+00 9.980400073791995119e-01
2.740442600000000173e+00 9.980551674157629449e-01
2.746636200000000194e+00 9.980701842082165820e-01
2.752833799999999886e+00 9.980850630330105888e-01
2.759027300000000071e+00 9.980997706952924320e-01
2.765220900000000093e+00 9.981143043927243053e-01
2.771418499999999785e+00 9.981286614099775800e-01
2.777611999999999970e+00 9.981428129452790676e-01
2.783809699999999943e+00 9.981567698957176660e-01
2.790003200000000128e+00 9.981705075576270403e-01
2.796196699999999868e+00 9.981840321550663475e-01
2.802394399999999841e+00 9.981973519555175089e-01
2.808587900000000026e+00 9.982104508991925806e-01
2.814785500000000162e+00 9.982233512043040546e-01
2.820979100000000184e+00 9.982360432263926997e-01
2.827172599999999925e+00 9.982485447681331836e-01
2.833370200000000061e+00 9.982608759019675482e-01
2.839563800000000082e+00 9.982730341344862035e-01
2.845761400000000219e+00 9.982850503140554554e-01
2.851954899999999959e+00 9.982969249809965362e-01
2.858148499999999981e+00 9.983086832416639966e-01
2.864346100000000117e+00 9.983203495747470235e-01
2.870539599999999858e+00 9.983319257210274689e-01
2.876737199999999994e+00 9.983434433803526353e-01
2.882930800000000016e+00 9.983549028189354635e-01
2.889128400000000152e+00 9.983663327544666233e-01
2.895321899999999893e+00 9.983777304018744969e-01
2.901515499999999914e+00 9.983891136316257464e-01
2.907713100000000050e+00 9.984004974701475854e-01
2.913906599999999791e+00 9.984118725008067630e-01
2.920104300000000208e+00 9.984232569403326263e-01
2.926297799999999949e+00 9.984346358249197584e-01
2.932491300000000134e+00 9.984460148890856868e-01
2.938689000000000107e+00 9.984573975448933769e-01
2.944882499999999848e+00 9.984687619307756057e-01
2.951080099999999984e+00 9.984801149474553661e-01
2.957273700000000005e+00 9.984914318407480671e-01
2.963467200000000190e+00 9.985027085928946944e-01
2.969664799999999882e+00 9.985139407298512237e-01
2.975858399999999904e+00 9.985251009775861775e-01
2.982056000000000040e+00 9.985361910162422472e-01
2.988249499999999781e+00 9.985471838810191514e-01
2.994443099999999802e+00 9.985580752627575274e-01
3.000640699999999939e+00 9.985688610160586842e-01
3.006834200000000124e+00 9.985795174165682520e-01
3.013031799999999816e+00 9.985900504624527496e-01
3.019225399999999837e+00 9.986004400196478725e-01
3.025418900000000022e+00 9.986106882978342814e-01
3.031616500000000158e+00 9.986207996310741963e-01
3.037810100000000180e+00 9.986307603518413956e-01
3.044007699999999872e+00 9.986405848823775022e-01
3.050201200000000057e+00 9.986502638612658744e-01
3.056394800000000078e+00 9.986598092414867844e-01
3.062592400000000215e+00 9.986692337532901975e-01
3.068785899999999955e+00 9.986785332882859301e-01
3.074983599999999928e+00 9.986877296091308809e-01
3.081177100000000113e+00 9.986968203380602871e-01
3.087374699999999805e+00 9.987058282322164304e-01
3.093568299999999827e+00 9.987147522326053073e-01
3.099761800000000012e+00 9.987236085796624696e-01
3.105959400000000148e+00 9.987324132880116556e-01
3.112153000000000169e+00 9.987411641473308288e-01
3.118350599999999861e+00 9.987498807356632868e-01
3.124544100000000046e+00 9.987585586740037602e-01
3.130737700000000068e+00 9.987672094524138178e-01
3.136935300000000204e+00 9.987758424971165949e-01
3.143128799999999945e+00 9.987844488741697280e-01
3.149326400000000081e+00 9.987930406413676465e-01
3.155520000000000103e+00 9.988016055680807304e-01
3.161713499999999843e+00 9.988101464786716122e-01
3.167911099999999980e+00 9.988186650804947719e-01
3.174104700000000001e+00 9.988271448792018781e-01
3.180302300000000137e+00 9.988355903650019130e-01
3.186495799999999878e+00 9.988439831834325933e-01
3.192689399999999900e+00 9.988523211565604187e-01
3.198887000000000036e+00 9.988606012336954665e-01
3.205080500000000221e+00 9.988688043142813777e-01
3.211278099999999913e+00 9.988769332145829294e-01
3.217471699999999935e+00 9.988849697869758293e-01
3.223665200000000119e+00 9.988929124299407158e-01
3.229862900000000092e+00 9.989007608105600067e-01
3.236056399999999833e+00 9.989084997392720933e-01
3.242253999999999969e+00 9.989161363926299941e-01
3.248447599999999991e+00 9.989236590690864226e-01
3.254645200000000127e+00 9.989310773159789658e-01
3.260838699999999868e+00 9.989383828461882997e-01
3.267032299999999889e+00 9.989455836760381402e-01
3.273229900000000026e+00 9.989526886830405461e-01
3.279423400000000210e+00 9.989596944020024960e-01
3.285620999999999903e+00 9.989666171551384588e-01
3.291814599999999924e+00 9.989734559686408444e-01
3.298008100000000109e+00 9.989802241189328358e-01
3.304205699999999801e+00 9.989869356063429962e-01
3.310399299999999823e+00 9.989935914537988459e-01
3.316596899999999959e+00 9.990002101224626507e-01
3.322790400000000144e+00 9.990067926139494237e-01
3.328984000000000165e+00 9.990133526101571126e-01
3.335181599999999857e+00 9.990199027126452913e-01
3.341375100000000042e+00 9.990264419263837903e-01
3.347572700000000179e+00 9.990329853656760850e-01
3.353766300000000200e+00 9.990395296563955307e-01
3.359959799999999941e+00 9.990460826965632535e-01
3.366157400000000077e+00 9.990526512482230670e-01
3.372351000000000099e+00 9.990592275214186246e-01
3.378548599999999791e+00 9.990658192950587768e-01
3.384742099999999976e+00 9.990724157763790636e-01
3.390935699999999997e+00 9.990790178783082176e-01
3.397133300000000133e+00 9.990856249564096236e-01
3.403326799999999874e+00 9.990922224778877592e-01
3.409524499999999847e+00 9.990988124719110131e-01
3.415718000000000032e+00 9.991053785002621535e-01
3.421911500000000217e+00 9.991119170550574191e-01
3.428109200000000190e+00 9.991184243103921059e-01
3.434302699999999930e+00 9.991248832128402091e-01
3.440500300000000067e+00 9.991312944023251763e-01
3.446693900000000088e+00 9.991376419333586334e-01
3.452891499999999780e+00 9.991439270824454821e-01
3.459084999999999965e+00 9.991501355507688142e-01
3.465278599999999987e+00 9.991562665184949843e-01
3.471476200000000123e+00 9.991623197720721494e-01
3.477669699999999864e+00 9.991682846040045307e-01
3.483867300000000000e+00 9.991741673615207597e-01
3.490060900000000021e+00 9.991799600710477014e-01
3.496254400000000206e+00 9.991856674276973216e-01
3.502451999999999899e+00 9.991912953727046798e-01
3.508645599999999920e+00 9.991968398020310005e-01
3.514843200000000056e+00 9.992023121177410205e-01
3.521036699999999797e+00 9.992077102461655036e-01
3.527230299999999819e+00 9.992130436663319015e-01
3.533427899999999955e+00 9.992183219235416525e-01
3.539621400000000140e+00 9.992235446731847492e-01
3.545819100000000113e+00 9.992287255829184200e-01
3.552012599999999853e+00 9.992338642138004490e-01
3.558206100000000038e+00 9.992389704051296562e-01
3.564403800000000011e+00 9.992440534702963228e-01
3.570597300000000196e+00 9.992491118080253365e-01
3.576794899999999888e+00 9.992541567654933399e-01
3.582988499999999910e+00 9.992591854818452246e-01
3.589182000000000095e+00 9.992642039592067871e-01
3.595379599999999787e+00 9.992692174575947828e-01
3.601573199999999808e+00 9.992742203138461621e-01
3.607770799999999944e+00 9.992792189158425931e-01
3.613964300000000129e+00 9.992842057355958429e-01
3.620161899999999822e+00 9.992891855274314006e-01
3.626355499999999843e+00 9.992941491798438269e-01
3.632549000000000028e+00 9.992990965895258704e-01
3.638746600000000164e+00 9.993040273444413479e-01
3.644940200000000186e+00 9.993089308915522606e-01
3.651137799999999878e+00 9.993138092482193313e-01
3.657331300000000063e+00 9.993186516807810449e-01
3.663524900000000084e+00 9.993234572579677844e-01
3.669722500000000220e+00 9.993282249789379179e-01
3.675915999999999961e+00 9.993329450255060697e-01
3.682113699999999934e+00 9.993376206546731311e-01
3.688307200000000119e+00 9.993422430933367462e-01
3.694500699999999860e+00 9.993468138034057313e-01
3.700698399999999832e+00 9.993513348784754946e-01
3.706891900000000017e+00 9.993558000437797739e-01
3.713089500000000154e+00 9.993602159515646566e-01
3.719283100000000175e+00 9.993645782916098508e-01
3.725476599999999916e+00 9.993688920757589633e-01
3.731674200000000052e+00 9.993731630864471915e-01
3.737867800000000074e+00 9.993773892424673289e-01
3.744065400000000210e+00 9.993815800026083496e-01
3.750258899999999951e+00 9.993857342621709217e-01
3.756452499999999972e+00 9.993898594858067197e-01
3.762650100000000108e+00 9.993939629696644289e-01
3.768843599999999849e+00 9.993980440446498248e-01
3.775041199999999986e+00 9.994021126435544966e-01
3.781234800000000007e+00 9.994061676758075885e-01
3.787428300000000192e+00 9.994102155127695397e-01
3.793625899999999884e+00 9.994142621773313140e-01
3.799819499999999906e+00 9.994183050477146724e-01
3.806017100000000042e+00 9.994223513283289062e-01
3.812210599999999783e+00 9.994263969754954013e-01
3.818408199999999919e+00 9.994304478274173009e-01
3.824601799999999940e+00 9.994344983038186969e-01
3.830795300000000125e+00 9.994385499182534272e-01
3.836992899999999818e+00 9.994426036741627106e-01
3.843186499999999839e+00 9.994466518807572086e-01
3.849384099999999975e+00 9.994506968015058890e-01
3.855577600000000160e+00 9.994547297110498718e-01
3.861771200000000182e+00 9.994587495457343262e-01
3.867968799999999874e+00 9.994627547579038040e-01
3.874162300000000059e+00 9.994667359166810039e-01
3.880360000000000031e+00 9.994706941452745630e-01
3.886553500000000216e+00 9.994746199808244302e-01
3.892746999999999957e+00 9.994785122436243840e-01
3.898944699999999930e+00 9.994823699940698081e-01
3.905138200000000115e+00 9.994861848864196041e-01
3.911335799999999807e+00 9.994899594200539195e-01
3.917529399999999828e+00 9.994936866180953450e-01
3.923722900000000013e+00 9.994973674443926592e-01
3.929920500000000150e+00 9.995010035626449296e-01
3.936114100000000171e+00 9.995045900807059125e-01
3.942311699999999863e+00 9.995081321291953147e-01
3.948505200000000048e+00 9.995116261836582972e-01
3.954698800000000070e+00 9.995150763196621879e-01
3.960896400000000206e+00 9.995184868262866340e-01
3.967089899999999947e+00 9.995218558270113629e-01
3.973287500000000083e+00 9.995251907002746794e-01
3.979481100000000104e+00 9.995284902448675624e-01
3.985678699999999797e+00 9.995317620292533123e-01
3.991872199999999982e+00 9.995350051288826032e-01
3.998065800000000003e+00 9.995382250692285142e-01
4.004263400000000139e+00 9.995414270176319338e-01
4.010456900000000324e+00 9.995446097258087192e-01
4.016654599999999853e+00 9.995477800983826322e-01
4.022848100000000038e+00 9.995509361155840988e-01
4.029041600000000223e+00 9.995540817983672444e-01
4.035239299999999751e+00 9.995572206980725127e-01
4.041432799999999936e+00 9.995603495294641538e-01
4.047630400000000073e+00 9.995634729947358021e-01
4.053823999999999650e+00 9.995665870731145208e-01
4.060017499999999835e+00 9.995696933757246549e-01
4.066215099999999971e+00 9.995727932661208071e-01
4.072408700000000437e+00 9.995758816325186480e-01
4.078610399999999636e+00 9.995789631726782476e-01
4.084803899999999821e+00 9.995820282687697400e-01
4.090997400000000006e+00 9.995850793645622012e-01
4.097190999999999583e+00 9.995881148250037596e-01
4.103384499999999768e+00 9.995911328968530851e-01
4.109578100000000234e+00 9.995941321222366893e-01
4.115771600000000419e+00 9.995971110144635796e-01
4.121965099999999715e+00 9.996000684554844362e-01
4.128158700000000181e+00 9.996030035971433803e-01
4.134352200000000366e+00 9.996059157574838094e-01
4.140545799999999943e+00 9.996088047762300421e-01
4.146739300000000128e+00 9.996116706504000193e-01
4.152932899999999705e+00 9.996145139060875762e-01
4.159126399999999890e+00 9.996173352139446910e-01
4.165319900000000075e+00 9.996201356848846142e-01
4.171513499999999652e+00 9.996229166931240862e-01
4.177747799999999678e+00 9.996256978411086624e-01
4.183941299999999863e+00 9.996284444899337096e-01
4.190134900000000329e+00 9.996311767511163460e-01
4.196328399999999625e+00 9.996338963802543498e-01
4.202521899999999810e+00 9.996366052334036967e-01
4.208715500000000276e+00 9.996393050681828818e-01
4.214908999999999573e+00 9.996419973511969648e-01
4.221102600000000038e+00 9.996446835056398417e-01
4.227296100000000223e+00 9.996473645135192099e-01
4.233489600000000408e+00 9.996500411786292117e-01
4.239683199999999985e+00 9.996527139656736782e-01
4.245876700000000170e+00 9.996553828521436147e-01
4.252070299999999747e+00 9.996580476233586365e-01
4.258263799999999932e+00 9.996607075332311076e-01
4.264457400000000398e+00 9.996633616660456356e-01
4.270650899999999695e+00 9.996660086221609287e-01
4.276844399999999879e+00 9.996686468580033846e-01
4.283038000000000345e+00 9.996712746059117638e-01
4.289231499999999642e+00 9.996738898041584998e-01
4.295425100000000107e+00 9.996764904558208542e-01
4.301618600000000292e+00 9.996790743572037119e-01
4.307812199999999869e+00 9.996816395011431933e-01
4.314005700000000054e+00 9.996841838102077382e-01
4.320199200000000239e+00 9.996867054911972028e-01
4.326392799999999816e+00 9.996892029680558567e-01
4.332627099999999842e+00 9.996916910104662879e-01
4.338820600000000027e+00 9.996941360565457790e-01
4.345014199999999605e+00 9.996965538304428689e-01
4.351207699999999789e+00 9.996989439396894994e-01
4.357401199999999974e+00 9.997013064879263222e-01
4.363594800000000440e+00 9.997036419536957652e-01
4.369788299999999737e+00 9.997059510651565839e-01
4.375981900000000202e+00 9.997082350372835657e-01
4.382175400000000387e+00 9.997104952371265174e-01
4.388368899999999684e+00 9.997127333971121965e-01
4.394562500000000149e+00 9.997149514490556443e-01
4.400756000000000334e+00 9.997171513584311997e-01
4.406949599999999911e+00 9.997193353103359659e-01
4.413143100000000096e+00 9.997215053591701484e-01
4.419336699999999674e+00 9.997236636451001246e-01
4.425530199999999859e+00 9.997258120502070522e-01
4.431723700000000044e+00 9.997279523840193471e-01
4.437917299999999621e+00 9.997300862259428378e-01
4.444110799999999806e+00 9.997322147782686796e-01
4.450304400000000271e+00 9.997343390725500489e-01
4.456497899999999568e+00 9.997364596708221418e-01
4.462691399999999753e+00 9.997385768936950523e-01
4.468885000000000218e+00 9.997406907169992252e-01
4.475078500000000403e+00 9.997428006814086388e-01
4.481312800000000429e+00 9.997449199731968106e-01
4.487506400000000006e+00 9.997470199049349748e-01
4.493699900000000191e+00 9.997491130851692276e-01
4.499893400000000376e+00 9.997511981592003272e-01
4.506086999999999954e+00 9.997532736503657036e-01
4.512280500000000139e+00 9.997553379226176151e-01
4.518474099999999716e+00 9.997573894793760907e-01
4.524667599999999901e+00 9.997594267617502251e-01
4.530861200000000366e+00 9.997614484759371756e-01
4.537054699999999663e+00 9.997634533882963082e-01
4.543248199999999848e+00 9.997654406061601273e-01
4.549441800000000313e+00 9.997674095220775436e-01
4.555635299999999610e+00 9.997693597533470200e-01
4.561828900000000075e+00 9.997712913863535666e-01
4.568022400000000260e+00 9.997732047352498874e-01
4.574215899999999557e+00 9.997751005591291040e-01
4.580409500000000023e+00 9.997769799527667089e-01
4.586603000000000208e+00 9.997788442301882572e-01
4.592796599999999785e+00 9.997806950983341157e-01
4.598990099999999970e+00 9.997825343676121079e-01
4.605183700000000435e+00 9.997843641336997544e-01
4.611377199999999732e+00 9.997861864753290195e-01
4.617570699999999917e+00 9.997880035919497477e-01
4.623764300000000382e+00 9.997898176423928307e-01
4.629957799999999679e+00 9.997916305846253904e-01
4.636192099999999705e+00 9.997934562346217913e-01
4.642385700000000170e+00 9.997952723161485089e-01
4.648579200000000355e+00 9.997970919840871717e-01
4.654772699999999652e+00 9.997989161761816623e-01
4.660966300000000118e+00 9.998007454282441531e-01
4.667159800000000303e+00 9.998025797566454376e-01
4.673353399999999880e+00 9.998044188497993146e-01
4.679546900000000065e+00 9.998062618296766901e-01
4.685740499999999642e+00 9.998081075018678820e-01
4.691933999999999827e+00 9.998099541442093674e-01
4.698127500000000012e+00 9.998117997552473657e-01
4.704321099999999589e+00 9.998136420170936622e-01
4.710514599999999774e+00 9.998154782695105602e-01
4.716708200000000240e+00 9.998173057902175476e-01
4.722901700000000424e+00 9.998191216372608325e-01
4.729095199999999721e+00 9.998209229398916653e-01
4.735288800000000187e+00 9.998227068950824581e-01
4.741482300000000372e+00 9.998244707677490517e-01
4.747675899999999949e+00 9.998262121739653896e-01
4.753869400000000134e+00 9.998279289299868422e-01
4.760062999999999711e+00 9.998296193455229464e-01
4.766256499999999896e+00 9.998312820602417439e-01
4.772450000000000081e+00 9.998329162817060078e-01
4.778643599999999658e+00 9.998345217334162482e-01
4.784837099999999843e+00 9.998360985961041170e-01
4.791071399999999869e+00 9.998376577795423659e-01
4.797265000000000335e+00 9.998391801989321426e-01
4.803458499999999631e+00 9.998406778837634068e-01
4.809651999999999816e+00 9.998421530886136832e-01
4.815845600000000282e+00 9.998436084531261425e-01
4.822039099999999578e+00 9.998450468620401210e-01
4.828232700000000044e+00 9.998464715278869708e-01
4.834426200000000229e+00 9.998478857161564592e-01
4.840619700000000414e+00 9.998492928130366941e-01
4.846813299999999991e+00 9.998506961598002674e-01
4.853006800000000176e+00 9.998520988899144424e-01
4.859200399999999753e+00 9.998535039957617832e-01
4.865393899999999938e+00 9.998549140617402076e-01
4.871587500000000404e+00 9.998563313694971422e-01
4.877780999999999700e+00 9.998577576506029185e-01
4.883974499999999885e+00 9.998591941949330764e-01
4.890168100000000351e+00 9.998606417463784535e-01
4.896361599999999648e+00 9.998621004119873090e-01
4.902555200000000113e+00 9.998635698230724511e-01
4.908748700000000298e+00 9.998650489611928815e-01
4.914942199999999595e+00 9.998665363551166863e-01
4.921135800000000060e+00 9.998680300576529012e-01
4.927329300000000245e+00 9.998695276348722460e-01
4.933522899999999822e+00 9.998710264101634548e-01
4.939757199999999848e+00 9.998725332051544568e-01
4.945950700000000033e+00 9.998740251665807488e-01
4.952144200000000218e+00 9.998755089671496066e-01
4.958337799999999795e+00 9.998769814750000373e-01
4.964531299999999980e+00 9.998784396301458877e-01
4.970724899999999558e+00 9.998798807073085992e-01
4.976918399999999743e+00 9.998813022178839605e-01
4.983112000000000208e+00 9.998827021763081468e-01
4.989305500000000393e+00 9.998840789847687205e-01
4.995498999999999690e+00 9.998854316460206171e-01
5.001692600000000155e+00 9.998867597313885192e-01
5.007886100000000340e+00 9.998880633382585259e-01
5.014079699999999917e+00 9.998893432410449478e-01
5.020273200000000102e+00 9.998906007061236778e-01
5.026466799999999679e+00 9.998918376225111038e-01
5.032660299999999864e+00 9.998930562873399319e-01
5.038853800000000049e+00 9.998942594787593174e-01
5.045047399999999627e+00 9.998954503133212768e-01
5.051240899999999812e+00 9.998966320963816878e-01
5.057434500000000277e+00 9.998978083545816409e-01
5.063627999999999574e+00 9.998989825754980298e-01
5.069821499999999759e+00 9.999001582309589020e-01
5.076015100000000224e+00 9.999013386112197699e-01
5.082208600000000409e+00 9.999025266630239273e-01
5.088402199999999986e+00 9.999037250261832988e-01
5.094636500000000012e+00 9.999049438143935431e-01
5.100830000000000197e+00 9.999061686892579681e-01
5.107023500000000382e+00 9.999074085673833601e-01
5.113217099999999959e+00 9.999086638117338222e-01
5.119410600000000144e+00 9.999099340629070687e-01
5.125604199999999722e+00 9.999112183807555843e-01
5.131797699999999907e+00 9.999125150996425182e-01
5.137991300000000372e+00 9.999138220331844629e-01
5.144184799999999669e+00 9.999151363646273660e-01
5.150378299999999854e+00 9.999164548690318011e-01
5.156571900000000319e+00 9.999177739402537179e-01
5.162765399999999616e+00 9.999190896292987629e-01
5.168959000000000081e+00 9.999203979053993274e-01
5.175152500000000266e+00 9.999216946048844479e-01
5.181345999999999563e+00 9.999229757007237485e-01
5.187539600000000029e+00 9.999242373587343691e-01
5.193733100000000213e+00 9.999254759940212622e-01
5.199926699999999791e+00 9.999266885212816369e-01
5.206120199999999976e+00 9.999278722926197016e-01
5.212313800000000441e+00 9.999290253374799597e-01
5.218507299999999738e+00 9.999301462767392623e-01
5.224700799999999923e+00 9.999312345022757231e-01
5.230894400000000388e+00 9.999322901464057223e-01
5.237087899999999685e+00 9.999333140393511510e-01
5.243322199999999711e+00 9.999343142471643908e-01
5.249515800000000176e+00 9.999352800020641086e-01
5.255709300000000361e+00 9.999362208518188799e-01
5.261902799999999658e+00 9.999371403092720545e-01
5.268096400000000123e+00 9.999380423529287132e-01
5.274289900000000308e+00 9.999389312764528359e-01
5.280483499999999886e+00 9.999398116704493189e-01
5.286677000000000071e+00 9.999406881797636704e-01
5.292870500000000256e+00 9.999415654716439228e-01
5.299064099999999833e+00 9.999424480611283084e-01
5.305257600000000018e+00 9.999433401397980203e-01
5.311451199999999595e+00 9.999442455548697151e-01
5.317644699999999780e+00 9.999451675836413811e-01
5.323838300000000245e+00 9.999461089549742665e-01
5.330031800000000430e+00 9.999470716515150848e-01
5.336225299999999727e+00 9.999480569565044608e-01
5.342418900000000193e+00 9.999490653724437683e-01
5.348612400000000378e+00 9.999500965559376953e-01
5.354805999999999955e+00 9.999511494410929791e-01
5.360999500000000140e+00 9.999522221379910647e-01
5.367193099999999717e+00 9.999533121223584953e-01
5.373386599999999902e+00 9.999544161717395241e-01
5.379580100000000087e+00 9.999555305811235195e-01
5.385773699999999664e+00 9.999566512199554724e-01
5.391967199999999849e+00 9.999577735989433336e-01
5.398201499999999875e+00 9.999589004647475576e-01
5.404395100000000340e+00 9.999600123971906784e-01
5.410588599999999637e+00 9.999611121886026188e-01
5.416782099999999822e+00 9.999621955330771916e-01
5.422975700000000288e+00 9.999632584893112242e-01
5.429169199999999584e+00 9.999642975483552521e-01
5.435362800000000050e+00 9.999653098568456189e-01
5.441556300000000235e+00 9.999662931699435653e-01
5.447749800000000420e+00 9.999672460339622537e-01
5.453943399999999997e+00 9.999681677804816982e-01
5.460136900000000182e+00 9.999690585059589631e-01
5.466330499999999759e+00 9.999699191727133840e-01
5.472523999999999944e+00 9.999707514677407261e-01
5.478717600000000409e+00 9.999715578645050895e-01
5.484911099999999706e+00 9.999723414436596514e-01
5.491104599999999891e+00 9.999731058935736883e-01
5.497298200000000357e+00 9.999738553607915303e-01
5.503491699999999653e+00 9.999745942917452890e-01
5.509685300000000119e+00 9.999753273830292999e-01
5.515878800000000304e+00 9.999760593448568935e-01
5.522072299999999601e+00 9.999767948409045148e-01
5.528265900000000066e+00 9.999775383115314664e-01
5.534459400000000251e+00 9.999782938019997625e-01
5.540652999999999828e+00 9.999790649215758442e-01
5.546887299999999854e+00 9.999798599036394675e-01
5.553080800000000039e+00 9.999806706638932896e-01
5.559274300000000224e+00 9.999815038701832526e-01
5.565467899999999801e+00 9.999823602502332376e-01
5.571661399999999986e+00 9.999832396474491736e-01
5.577854999999999563e+00 9.999841411167748051e-01
5.584048499999999748e+00 9.999850628346725889e-01
5.590242100000000214e+00 9.999860022636721801e-01
5.596435600000000399e+00 9.999869561051908384e-01
5.602629099999999696e+00 9.999879204980948177e-01
5.608822700000000161e+00 9.999888910858056867e-01
5.615016200000000346e+00 9.999898630959188628e-01
5.621209799999999923e+00 9.999908315891463673e-01
5.627403300000000108e+00 9.999917914811480291e-01
5.633596800000000293e+00 9.999927378025906810e-01
5.639790399999999870e+00 9.999936658008019563e-01
5.645983900000000055e+00 9.999945710399865684e-01
5.652177499999999633e+00 9.999954496397388537e-01
5.658370999999999817e+00 9.999962982793086930e-01
5.664564600000000283e+00 9.999971144144488289e-01
5.670758099999999580e+00 9.999978962511557601e-01
5.676951599999999765e+00 9.999986428993095089e-01
5.683145200000000230e+00 9.999993543657917927e-01
5.689338700000000415e+00 1.000000031531588895e+00
5.695532299999999992e+00 1.000000676213294248e+00
5.701766600000000018e+00 1.000001294990016110e+00
