6.108177000000000051e-02 3.997575767785255721e+03
6.727816400000000141e-02 3.948160618434390017e+03
7.347496600000000266e-02 3.895055246455803172e+03
7.967135999999999663e-02 3.838540675438755443e+03
8.586816199999999788e-02 3.778896988999999849e+03
9.206455600000000572e-02 3.716430656870763869e+03
9.826135799999999310e-02 3.651440793299266261e+03
1.044577500000000020e-01 3.584249534355804826e+03
1.106545500000000043e-01 3.515165369929484314e+03
1.168509499999999951e-01 3.444515955771871177e+03
1.230477499999999974e-01 3.372609750289010663e+03
1.292441400000000074e-01 3.299770248722568340e+03
1.354409500000000044e-01 3.226296078113878593e+03
1.416373400000000005e-01 3.152497648477306029e+03
1.478341400000000028e-01 3.078655593355574638e+03
1.540305399999999936e-01 3.005058191738290589e+03
1.602273399999999959e-01 2.931960974783310121e+03
1.664237299999999919e-01 2.859623309534846612e+03
1.726205299999999943e-01 2.788268865442390052e+03
1.788169300000000128e-01 2.718122399761207816e+03
1.850137299999999874e-01 2.649371504201626976e+03
1.912101200000000112e-01 2.582202198545823649e+03
1.974069300000000082e-01 2.516762356349652691e+03
2.036037300000000105e-01 2.453192993811988345e+03
2.098001200000000066e-01 2.391613570587482172e+03
2.159969200000000089e-01 2.332110770749705807e+03
2.221933199999999997e-01 2.274766701610913515e+03
2.283901200000000020e-01 2.219628191787557171e+03
2.345865099999999981e-01 2.166737151970768537e+03
2.407833100000000004e-01 2.116102515475565724e+03
2.469797099999999912e-01 2.067728950198488292e+03
2.531765100000000213e-01 2.021591389588927541e+03
2.593729000000000173e-01 1.977661318169327842e+03
2.655697100000000144e-01 1.935883833441414026e+03
2.717661000000000104e-01 1.896202428032798025e+03
2.779629000000000127e-01 1.858537845867862870e+03
2.841593000000000035e-01 1.822810767342178679e+03
2.903561000000000059e-01 1.788923476215400115e+03
2.965524900000000019e-01 1.756779937374900328e+03
3.027492900000000042e-01 1.726269541276889640e+03
3.089456899999999950e-01 1.697285504493953340e+03
3.151424899999999973e-01 1.669710292373621996e+03
3.213392899999999996e-01 1.643430388624877651e+03
3.275356899999999905e-01 1.618331613433819484e+03
3.337324899999999928e-01 1.594295870997218799e+03
3.399288799999999888e-01 1.571213504169295447e+03
3.461256799999999911e-01 1.548971752584241131e+03
3.523220799999999819e-01 1.527467878837758008e+03
3.585188799999999842e-01 1.506598342738642032e+03
3.647152699999999803e-01 1.486270737470836593e+03
3.709120799999999774e-01 1.466393437972939864e+03
3.771084699999999734e-01 1.446886981799915247e+03
3.833052699999999757e-01 1.427673716749477990e+03
3.895016700000000220e-01 1.408688521805936716e+03
3.956984700000000243e-01 1.389868871002487822e+03
4.018948600000000204e-01 1.371164777946163667e+03
4.080932899999999974e-01 1.352524005956760220e+03
4.142868399999999895e-01 1.333929933789022016e+03
4.204844500000000096e-01 1.315325544936075858e+03
4.266820700000000244e-01 1.296699767529693872e+03
4.328796899999999837e-01 1.278035984648040085e+03
4.390732299999999810e-01 1.259336057294717648e+03
4.452708400000000011e-01 1.240570609110188116e+03
4.514684600000000159e-01 1.221752305441934368e+03
4.576660799999999751e-01 1.202886262064746688e+03
4.638596199999999725e-01 1.183994124330296927e+03
4.700572399999999873e-01 1.165063720284382725e+03
4.762548500000000073e-01 1.146123204808712217e+03
4.824524700000000221e-01 1.127190608828436325e+03
4.886460100000000195e-01 1.108298336659747065e+03
4.948436299999999788e-01 1.089442747248325531e+03
5.010412400000000543e-01 1.070658403758017812e+03
5.072388599999999581e-01 1.051967664863473601e+03
5.134324000000000110e-01 1.033405073027257231e+03
5.196300200000000258e-01 1.014967999819635679e+03
5.258276400000000406e-01 9.966897150654372126e+02
5.320252500000000051e-01 9.785901037093243531e+02
5.382187899999999470e-01 9.606992752584789059e+02
5.444164099999999618e-01 9.430105126896371530e+02
5.506140299999999765e-01 9.255507196718605201e+02
5.568116400000000521e-01 9.083330713998275314e+02
5.630051900000000442e-01 8.913797352930329225e+02
5.692028000000000088e-01 8.746776334583746575e+02
5.754004200000000235e-01 8.582450808041011214e+02
5.815980400000000383e-01 8.420872778058851509e+02
5.877915799999999802e-01 8.262178611415872638e+02
5.939891899999999447e-01 8.106174235474188663e+02
6.001868099999999595e-01 7.952962631618092928e+02
6.063844299999999743e-01 7.802526778442097566e+02
6.125779700000000272e-01 7.654932031082223602e+02
6.187755900000000420e-01 7.509940994284241924e+02
6.249732000000000065e-01 7.367598866167022607e+02
6.311708200000000213e-01 7.227843658737368742e+02
6.373643599999999632e-01 7.090697061119495856e+02
6.435619799999999779e-01 6.955905593645161389e+02
6.497595900000000535e-01 6.823484776155600002e+02
6.559572099999999573e-01 6.693356922461205158e+02
6.621507500000000102e-01 6.565528597240407862e+02
6.683483700000000249e-01 6.439755772308527639e+02
6.745459900000000397e-01 6.316050432300380635e+02
6.807436000000000043e-01 6.194343599565748946e+02
6.869371499999999964e-01 6.074648399096761295e+02
6.931347599999999609e-01 5.956748783157379421e+02
6.993323799999999757e-01 5.840670391807175292e+02
7.055299999999999905e-01 5.726366401521238458e+02
7.117235400000000434e-01 5.613869776638307485e+02
7.179211500000000079e-01 5.502998379255946020e+02
7.241187700000000227e-01 5.393798745643744041e+02
7.303163900000000375e-01 5.286249363175375038e+02
7.365099299999999793e-01 5.180403442692235103e+02
7.427075499999999941e-01 5.076110792843991248e+02
7.489051599999999587e-01 4.973435769385056915e+02
7.551027799999999734e-01 4.872376017172776983e+02
7.612963200000000263e-01 4.772997982317113497e+02
7.674939400000000411e-01 4.675174740730404892e+02
7.736915500000000057e-01 4.578978394436466033e+02
7.798891700000000204e-01 4.484415807386313304e+02
7.860827099999999623e-01 4.391555464636766146e+02
7.922803299999999771e-01 4.300282574107164919e+02
7.984779499999999919e-01 4.210665638945509954e+02
8.046755599999999564e-01 4.122710256386876040e+02
8.108691000000000093e-01 4.036476020507673752e+02
8.170667200000000241e-01 3.951850810589121465e+02
8.232643400000000389e-01 3.868890706772697854e+02
8.294619500000000034e-01 3.787591659688702634e+02
8.356554999999999955e-01 3.707997889226109010e+02
8.418531099999999601e-01 3.629994551527640851e+02
8.480507299999999749e-01 3.553620483705855122e+02
8.542483499999999896e-01 3.478858830582715882e+02
8.604459599999999542e-01 3.405689604176934608e+02
8.666395000000000071e-01 3.334136131825292182e+02
8.728371200000000218e-01 3.264078479245727067e+02
8.790347400000000366e-01 3.195536034831330312e+02
8.852323500000000012e-01 3.128478486483410279e+02
8.914258999999999933e-01 3.062915993930531613e+02
8.976235099999999578e-01 2.998728925553751310e+02
9.038211299999999726e-01 2.935925852128012821e+02
9.100187499999999874e-01 2.874471393021136691e+02
9.162122900000000403e-01 2.814368898611882059e+02
9.224099100000000551e-01 2.755503414877309183e+02
9.286075200000000196e-01 2.697879638729033900e+02
9.348051400000000344e-01 2.641462659643420352e+02
9.409986799999999763e-01 2.586254815743889708e+02
9.471962999999999910e-01 2.532150875988455709e+02
9.533939099999999556e-01 2.479156611462824458e+02
9.595915299999999704e-01 2.427242410678840656e+02
9.657850700000000232e-01 2.376413819302133561e+02
9.719826900000000380e-01 2.326578048721397636e+02
9.781803100000000528e-01 2.277744986362979205e+02
9.843779200000000174e-01 2.229892675107277284e+02
9.905714599999999592e-01 2.183031361166016779e+02
9.967690799999999740e-01 2.137081046017370909e+02
1.002966699999999989e+00 2.092056280393459531e+02
1.009164299999999903e+00 2.047942160748071956e+02
1.015357899999999924e+00 2.004752542118359599e+02
1.021555500000000061e+00 1.962419311732479628e+02
1.027753099999999975e+00 1.920959406223314545e+02
1.033950699999999889e+00 1.880362478220806963e+02
1.040144200000000074e+00 1.840644892764494500e+02
1.046341900000000047e+00 1.801744305012092582e+02
1.052539499999999961e+00 1.763679709888254479e+02
1.058737100000000098e+00 1.726441764690767968e+02
1.064930600000000060e+00 1.690045539158376187e+02
1.071128300000000033e+00 1.654433322376861497e+02
1.077325899999999947e+00 1.619621321612659131e+02
1.083523500000000084e+00 1.585599185518024115e+02
1.089717000000000047e+00 1.552378316240522906e+02
1.095914599999999961e+00 1.519903762558915048e+02
1.102112299999999934e+00 1.488185600293934954e+02
1.108309900000000070e+00 1.457212462653771468e+02
1.114503400000000033e+00 1.426990478087144822e+02
1.120700999999999947e+00 1.397465802803177723e+02
1.126898699999999920e+00 1.368643702280824357e+02
1.133096300000000056e+00 1.340509952521387049e+02
1.139289800000000019e+00 1.313066313494452402e+02
1.145487399999999933e+00 1.286260259674023700e+02
1.151685000000000070e+00 1.260093589670461256e+02
1.157882700000000042e+00 1.234549018992672842e+02
1.164076200000000005e+00 1.209626615404036158e+02
1.170273799999999920e+00 1.185275846144392773e+02
1.176471400000000056e+00 1.161496319492046041e+02
1.182669100000000029e+00 1.138270725714615423e+02
1.188862599999999992e+00 1.115597962856787149e+02
1.195060199999999906e+00 1.093431307739443668e+02
1.201257800000000042e+00 1.071770050849905545e+02
1.207455399999999957e+00 1.050598817687763074e+02
1.213648999999999978e+00 1.029916029202550902e+02
1.219846599999999892e+00 1.009680835567294537e+02
1.226044200000000028e+00 9.898932905971378204e+01
1.232241799999999943e+00 9.705406555987504191e+01
1.238435399999999964e+00 9.516230086878280758e+01
1.244633000000000100e+00 9.331046518971807302e+01
1.250830600000000015e+00 9.149873965331374848e+01
1.257028199999999929e+00 8.972614081795401830e+01
1.263221799999999950e+00 8.799286007333360260e+01
1.269419400000000087e+00 8.629580669052069197e+01
1.275617000000000001e+00 8.463531852716761250e+01
1.281814599999999915e+00 8.301065489129258879e+01
1.288008199999999936e+00 8.142213685072800899e+01
1.294205800000000073e+00 7.986705993592190111e+01
1.300403399999999987e+00 7.834584239156630758e+01
1.306600999999999901e+00 7.685789276489811073e+01
1.312794599999999923e+00 7.540356939750031984e+01
1.318992200000000059e+00 7.398043837255812605e+01
1.325189799999999973e+00 7.258890257352797448e+01
1.331387400000000110e+00 7.122841865985829202e+01
1.337580900000000073e+00 6.989931188717561383e+01
1.343778600000000045e+00 6.859925209115699829e+01
1.349976199999999960e+00 6.732861223428051289e+01
1.356173800000000096e+00 6.608680074436411189e+01
1.362367300000000059e+00 6.487402750626486636e+01
1.368565000000000031e+00 6.368807002138450457e+01
1.374762599999999946e+00 6.252916556659336322e+01
1.380960200000000082e+00 6.139666717707964949e+01
1.387153700000000045e+00 6.029065755028306484e+01
1.393351400000000018e+00 5.920900255431722314e+01
1.399548999999999932e+00 5.815181512724129220e+01
1.405746600000000068e+00 5.711840802182572219e+01
1.411940100000000031e+00 5.610876849250787757e+01
1.418137699999999946e+00 5.512088581410644395e+01
1.424335399999999918e+00 5.415474884084535745e+01
1.430533000000000055e+00 5.320972331750633089e+01
1.436726500000000017e+00 5.228574286972929031e+01
1.442924099999999932e+00 5.138094207499258914e+01
1.449121799999999904e+00 5.049529914362484107e+01
1.455319400000000041e+00 4.962823611237521959e+01
1.461512900000000004e+00 4.877971005097661106e+01
1.467710499999999918e+00 4.794803794548739972e+01
1.473908100000000054e+00 4.713325387771753583e+01
1.480105800000000027e+00 4.633483944641813679e+01
1.486299299999999990e+00 4.555285613459986394e+01
1.492496899999999904e+00 4.478580847902506434e+01
1.498694500000000041e+00 4.403380144461642232e+01
1.504892200000000013e+00 4.329643443876433651e+01
1.511089799999999927e+00 4.257337072086559715e+01
1.517283299999999890e+00 4.186472937716372655e+01
1.523480900000000027e+00 4.116926439126361004e+01
1.529678499999999941e+00 4.048716510469968455e+01
1.535876199999999914e+00 3.981815796944214725e+01
1.542069700000000099e+00 3.916245073421450229e+01
1.548267300000000013e+00 3.851893745786084367e+01
1.554464899999999927e+00 3.788784351310276577e+01
1.560662599999999900e+00 3.726895761160670162e+01
1.566856100000000085e+00 3.666250480963883973e+01
1.573053699999999999e+00 3.606748624491198285e+01
1.579251299999999913e+00 3.548412551688961258e+01
1.585448900000000050e+00 3.491224277373611784e+01
1.591642500000000071e+00 3.435201637692576071e+01
1.597840099999999985e+00 3.380254126175250917e+01
1.604037699999999900e+00 3.326399817773196332e+01
1.610235300000000036e+00 3.273619813497614928e+01
1.616428900000000057e+00 3.221927745881283300e+01
1.622626499999999972e+00 3.171236869107721645e+01
1.628824100000000108e+00 3.121560317761287706e+01
1.635021700000000022e+00 3.072876905327759545e+01
1.641215300000000044e+00 3.025195359925052685e+01
1.647412899999999958e+00 2.978431829798909547e+01
1.653610500000000094e+00 2.932594700117034847e+01
1.659808100000000008e+00 2.887660898860676539e+01
1.666001700000000030e+00 2.843635263925274259e+01
1.672199299999999944e+00 2.800437501336610779e+01
1.678396900000000080e+00 2.758072888184106830e+01
1.684594499999999995e+00 2.716518122556965054e+01
1.690788100000000016e+00 2.675776234364646911e+01
1.696985699999999930e+00 2.635771976966711350e+01
1.703183300000000067e+00 2.596509803535398220e+01
1.709380899999999981e+00 2.557968243624480209e+01
1.715574399999999944e+00 2.520151378891505445e+01
1.721772099999999917e+00 2.482988668467151427e+01
1.727969700000000053e+00 2.446487597985746021e+01
1.734167299999999967e+00 2.410629558139178030e+01
1.740360799999999930e+00 2.375420663856684200e+01
1.746558499999999903e+00 2.340797804597084308e+01
1.752756100000000039e+00 2.306770706531880677e+01
1.758953699999999953e+00 2.273324938350521052e+01
1.765147199999999916e+00 2.240469206184231865e+01
1.771344800000000053e+00 2.208148125101076431e+01
1.777542500000000025e+00 2.176372143117691138e+01
1.783740099999999940e+00 2.145132149132574284e+01
1.789933599999999903e+00 2.114438402673068396e+01
1.796131200000000039e+00 2.084241581484814887e+01
1.802328900000000012e+00 2.054553602563292003e+01
1.808526499999999926e+00 2.025367819433756011e+01
1.814720000000000111e+00 1.996695363238799104e+01
1.820917600000000025e+00 1.968491377372622964e+01
1.827115199999999939e+00 1.940768320559324067e+01
1.833312899999999912e+00 1.913519200075980109e+01
1.839506400000000097e+00 1.886755950108379665e+01
1.845704000000000011e+00 1.860436165201682002e+01
1.851901599999999926e+00 1.834571098840418557e+01
1.858099299999999898e+00 1.809153589464789391e+01
1.864292800000000083e+00 1.784193901937695514e+01
1.870490399999999998e+00 1.759651437959713860e+01
1.876687999999999912e+00 1.735535495283775376e+01
1.882885600000000048e+00 1.711838468227942656e+01
1.889079200000000069e+00 1.688567416713269864e+01
1.895276799999999984e+00 1.665684228906032871e+01
1.901474399999999898e+00 1.643195809746521974e+01
1.907672000000000034e+00 1.621093734940310682e+01
1.913865600000000056e+00 1.599383349435422019e+01
1.920063199999999970e+00 1.578027969416891096e+01
1.926260800000000106e+00 1.557033046927800157e+01
1.932458400000000021e+00 1.536389896449581727e+01
1.938652000000000042e+00 1.516102879981623985e+01
1.944849599999999956e+00 1.496137271455920015e+01
1.951047200000000093e+00 1.476497908366201273e+01
1.957244800000000007e+00 1.457176614849472962e+01
1.963438400000000028e+00 1.438177627161736183e+01
1.969635999999999942e+00 1.419468751691662156e+01
1.975833600000000079e+00 1.401055010063342365e+01
1.982031199999999993e+00 1.382929390613073650e+01
1.988224800000000014e+00 1.365096664749136934e+01
1.994422399999999929e+00 1.347527514572540497e+01
2.000620000000000065e+00 1.330227634197633790e+01
2.006817600000000201e+00 1.313191484998512237e+01
2.013011099999999942e+00 1.296424910479096582e+01
2.019208799999999915e+00 1.279900633356518469e+01
2.025406400000000051e+00 1.263625890044777655e+01
2.031604000000000187e+00 1.247596243822212614e+01
2.037797499999999928e+00 1.231818178062856362e+01
2.043995199999999901e+00 1.216266928521561397e+01
2.050192800000000037e+00 1.200950115567121124e+01
2.056390400000000174e+00 1.185864268165144253e+01
2.062583899999999915e+00 1.171016074796939677e+01
2.068781500000000051e+00 1.156382929473032029e+01
2.074979200000000024e+00 1.141971639540954087e+01
2.081176800000000160e+00 1.127779854214301380e+01
2.087370299999999901e+00 1.113813718105367023e+01
2.093567900000000037e+00 1.100051939819806357e+01
2.099765600000000010e+00 1.086500786423949805e+01
2.105963200000000146e+00 1.073157812267137245e+01
2.112156699999999887e+00 1.060028472322621340e+01
2.118354300000000023e+00 1.047092358921656796e+01
2.124551900000000160e+00 1.034355119662575362e+01
2.130749600000000132e+00 1.021813354570184096e+01
2.136943099999999873e+00 1.009472288965798548e+01
2.143140700000000010e+00 9.973120134686245919e+00
2.149338300000000146e+00 9.853373189671748023e+00
2.155536000000000119e+00 9.735445120337644198e+00
2.161729499999999859e+00 9.619380448063353128e+00
2.167927099999999996e+00 9.504987746000953308e+00
2.174124700000000132e+00 9.392308415238643349e+00
2.180322299999999824e+00 9.281306465853274901e+00
2.186519999999999797e+00 9.171944373210941137e+00
2.192713499999999982e+00 9.064261058036287011e+00
2.198911100000000118e+00 8.958077408809064224e+00
2.205108699999999811e+00 8.853431210176450961e+00
2.211306399999999783e+00 8.750287695183830650e+00
2.217499899999999968e+00 8.648684907497868224e+00
2.223697500000000105e+00 8.548455773094229215e+00
2.229895099999999797e+00 8.449638400841804398e+00
2.236092699999999933e+00 8.352204488106778513e+00
2.242286299999999954e+00 8.256188685019360207e+00
2.248483900000000091e+00 8.161441451587661433e+00
2.254681499999999783e+00 8.068001084313216609e+00
2.260879099999999919e+00 7.975844791108497311e+00
2.267072699999999941e+00 7.885009344293903766e+00
2.273270300000000077e+00 7.795357168385962154e+00
2.279467900000000213e+00 7.706928215319461373e+00
2.285665499999999906e+00 7.619704405237392564e+00
2.291859099999999927e+00 7.533723729902153110e+00
2.298056700000000063e+00 7.448858783596981503e+00
2.304254300000000200e+00 7.365149793059016403e+00
2.310451899999999892e+00 7.282581620933050282e+00
2.316645499999999913e+00 7.201191754364903552e+00
2.322843100000000049e+00 7.120860657855939024e+00
2.329040700000000186e+00 7.041627030445562596e+00
2.335238299999999878e+00 6.963476732780341294e+00
2.341431899999999899e+00 6.886445030671199952e+00
2.347629500000000036e+00 6.810418214335221876e+00
2.353827100000000172e+00 6.735432019505601886e+00
2.360024699999999864e+00 6.661471906251793307e+00
2.366218200000000049e+00 6.588571050712594968e+00
2.372415900000000022e+00 6.516616812619712817e+00
2.378613500000000158e+00 6.445644905272176928e+00
2.384811099999999850e+00 6.375638751216717637e+00
2.391004600000000035e+00 6.306628135593872031e+00
2.397202300000000008e+00 6.238504879502059453e+00
2.403399900000000144e+00 6.171301358354313926e+00
2.409597499999999837e+00 6.105000610970106933e+00
2.415791000000000022e+00 6.039629793297070393e+00
2.421988600000000158e+00 5.975086626586431748e+00
2.428186300000000131e+00 5.911398072864007425e+00
2.434383899999999823e+00 5.848550823219255790e+00
2.440577400000000008e+00 5.786569520602095729e+00
2.446775000000000144e+00 5.725357364860530929e+00
2.452972700000000117e+00 5.664940329076477710e+00
2.459170299999999809e+00 5.605306431548287449e+00
2.465363799999999994e+00 5.546479913951475105e+00
2.471561400000000130e+00 5.488369918787346258e+00
2.477758999999999823e+00 5.431003163787416987e+00
2.483956699999999795e+00 5.374366772039506301e+00
2.490150199999999980e+00 5.318487861583179210e+00
2.496347800000000117e+00 5.263280562635596738e+00
2.502545399999999809e+00 5.208771597515820417e+00
2.508743099999999782e+00 5.154950037234272031e+00
2.514936599999999967e+00 5.101842889612978382e+00
2.521134200000000103e+00 5.049369673278315318e+00
2.527331799999999795e+00 4.997556784530226004e+00
2.533529399999999931e+00 4.946395509792377077e+00
2.539722999999999953e+00 4.895909755792748896e+00
2.545920600000000089e+00 4.846025996623640530e+00
2.552118199999999781e+00 4.796768849612432994e+00
2.558315799999999918e+00 4.748130202251131138e+00
2.564509399999999939e+00 4.700132786892030623e+00
2.570707000000000075e+00 4.652706548414488275e+00
2.576904600000000212e+00 4.605874595736048072e+00
2.583102199999999904e+00 4.559628798835825059e+00
2.589295799999999925e+00 4.513990256831979409e+00
2.595493400000000062e+00 4.468891764255695342e+00
2.601691000000000198e+00 4.424354648759643460e+00
2.607888599999999890e+00 4.380370510214073754e+00
2.614082199999999911e+00 4.336958754420065176e+00
2.620279800000000048e+00 4.294054815890882892e+00
2.626477400000000184e+00 4.251678390270298813e+00
2.632674999999999876e+00 4.209820968811322395e+00
2.638868599999999898e+00 4.168500601454327992e+00
2.645066200000000034e+00 4.127655514825863570e+00
2.651263800000000170e+00 4.087304251341320693e+00
2.657461399999999863e+00 4.047438634931983970e+00
2.663654999999999884e+00 4.008075921172459921e+00
2.669852600000000020e+00 3.969157449579566066e+00
2.676050200000000157e+00 3.930701191929710347e+00
2.682247799999999849e+00 3.892699786885306601e+00
2.688441300000000034e+00 3.855170830666722726e+00
2.694639000000000006e+00 3.818057218345161985e+00
2.700836600000000143e+00 3.781378595688552835e+00
2.707034199999999835e+00 3.745128104792465606e+00
2.713227700000000020e+00 3.709323339293374211e+00
2.719425399999999993e+00 3.673910637797678902e+00
2.725623000000000129e+00 3.638909557969392417e+00
2.731820599999999821e+00 3.604314347872722202e+00
2.738014100000000006e+00 3.570142547832445779e+00
2.744211700000000143e+00 3.536344171899078237e+00
2.750409400000000115e+00 3.502936866898038293e+00
2.756606999999999807e+00 3.469917286325018058e+00
2.762800499999999992e+00 3.437302043761893522e+00
2.768998100000000129e+00 3.405043734543635736e+00
2.775195800000000101e+00 3.373159391775669036e+00
2.781393399999999794e+00 3.341645895372046482e+00
2.787586899999999979e+00 3.310519060058946472e+00
2.793784500000000115e+00 3.279733495078069883e+00
2.799982099999999807e+00 3.249305693877088785e+00
2.806179799999999780e+00 3.219230872995848092e+00
2.812373299999999965e+00 3.189525170233054041e+00
2.818570900000000101e+00 3.160144296823852450e+00
2.824768499999999793e+00 3.131103463556932365e+00
2.830966200000000210e+00 3.102397546133675910e+00
2.837159699999999951e+00 3.074041380023801118e+00
2.843357300000000087e+00 3.045992124696703662e+00
2.849554899999999780e+00 3.018263758039759104e+00
2.855752499999999916e+00 2.990851326847097535e+00
2.861950199999999889e+00 2.963749411919949672e+00
2.868143700000000074e+00 2.936971520775000677e+00
2.874341300000000210e+00 2.910476784665989136e+00
2.880538899999999902e+00 2.884278091900307484e+00
2.886736599999999875e+00 2.858370152865289171e+00
2.892930100000000060e+00 2.832765875416509260e+00
2.899127700000000196e+00 2.807426272023858971e+00
2.905325299999999888e+00 2.782363851681246114e+00
2.911522900000000025e+00 2.757574234967940185e+00
2.917716500000000046e+00 2.733068955183834525e+00
2.923914100000000182e+00 2.708812340900433657e+00
2.930111699999999875e+00 2.684816479232472020e+00
2.936309300000000011e+00 2.661077746946314715e+00
2.942502900000000032e+00 2.637607801394494356e+00
2.948700500000000169e+00 2.614373112431341184e+00
2.954898099999999861e+00 2.591385898724127390e+00
2.961095699999999997e+00 2.568643326693491602e+00
2.967289300000000019e+00 2.546157181088380739e+00
2.973486900000000155e+00 2.523895916388149807e+00
2.979684499999999847e+00 2.501871768535531615e+00
2.985882099999999983e+00 2.480082490861295952e+00
2.992075700000000005e+00 2.458539769577101630e+00
2.998273300000000141e+00 2.437213698834559850e+00
3.004470899999999833e+00 2.416116231877079912e+00
3.010668499999999970e+00 2.395245356863514807e+00
3.016862099999999991e+00 2.374612314774522837e+00
3.023059700000000127e+00 2.354188421154939093e+00
3.029257299999999820e+00 2.333984996553385649e+00
3.035454899999999956e+00 2.313999903895419319e+00
3.041648400000000141e+00 2.294243938429699092e+00
3.047846100000000114e+00 2.274688332844626348e+00
3.054043699999999806e+00 2.255344474045873238e+00
3.060241299999999942e+00 2.236209551269468854e+00
3.066434800000000127e+00 2.217293424083949027e+00
3.072632500000000100e+00 2.198568054860045251e+00
3.078830099999999792e+00 2.180043849919343302e+00
3.085027699999999928e+00 2.161717632312270876e+00
3.091221200000000113e+00 2.143598386161288616e+00
3.097418799999999806e+00 2.125659117848774926e+00
3.103616499999999778e+00 2.107908552445026729e+00
3.109814099999999915e+00 2.090344188997298680e+00
3.116007600000000100e+00 2.072974099249920599e+00
3.122205199999999792e+00 2.055772222645836145e+00
3.128402900000000209e+00 2.038746814624420090e+00
3.134600499999999901e+00 2.021895448962169439e+00
3.140794000000000086e+00 2.005225926581468254e+00
3.146991599999999778e+00 1.988713368337930554e+00
3.153189199999999914e+00 1.972366161858602585e+00
3.159386899999999887e+00 1.956181464886262100e+00
3.165580400000000072e+00 1.940167898007265634e+00
3.171778000000000208e+00 1.924301689910238311e+00
3.177975599999999901e+00 1.908591332446685218e+00
3.184173299999999873e+00 1.893034564108954321e+00
3.190366800000000058e+00 1.877640165857090260e+00
3.196564400000000195e+00 1.862385789205653452e+00
3.202761999999999887e+00 1.847280100073465103e+00
3.208959600000000023e+00 1.832321655268677629e+00
3.215153200000000044e+00 1.817518645637594021e+00
3.221350800000000181e+00 1.802850736265158904e+00
3.227548399999999873e+00 1.788326411434394192e+00
3.233746000000000009e+00 1.773944624170105122e+00
3.239939600000000031e+00 1.759713531333754410e+00
3.246137200000000167e+00 1.745613803757218863e+00
3.252334799999999859e+00 1.731653752290759574e+00
3.258532399999999996e+00 1.717832456081199943e+00
3.264726000000000017e+00 1.704157769207307105e+00
3.270923600000000153e+00 1.690611067901955256e+00
3.277121199999999845e+00 1.677200224214868918e+00
3.283318799999999982e+00 1.663924179202574072e+00
3.289512400000000003e+00 1.650790247645946396e+00
3.295710000000000139e+00 1.637780267184312244e+00
3.301907599999999832e+00 1.624901484868089163e+00
3.308105199999999968e+00 1.612152539359413161e+00
3.314298799999999989e+00 1.599540089737363946e+00
3.320496400000000126e+00 1.587046318323883876e+00
3.326693999999999818e+00 1.574677806075102104e+00
3.332891599999999954e+00 1.562432875209436745e+00
3.339085100000000139e+00 1.550317764355698902e+00
3.345282800000000112e+00 1.538314446681624315e+00
3.351480399999999804e+00 1.526429532511606180e+00
3.357677999999999940e+00 1.514660960781242238e+00
3.363871500000000125e+00 1.503014521657504377e+00
3.370069200000000098e+00 1.491472727532491049e+00
3.376266799999999790e+00 1.480041827006963739e+00
3.382464399999999927e+00 1.468719788262685899e+00
3.388657900000000112e+00 1.457512190842402244e+00
3.394855499999999804e+00 1.446402445073096121e+00
3.401053200000000221e+00 1.435396140512209318e+00
3.407250799999999913e+00 1.424492018178190156e+00
3.413444300000000098e+00 1.413695482166797301e+00
3.419641899999999790e+00 1.402990796287793884e+00
3.425839600000000207e+00 1.392383621378640690e+00
3.432037199999999899e+00 1.381873047172540669e+00
3.438230700000000084e+00 1.371464605322740837e+00
3.444428300000000220e+00 1.361143456481184177e+00
3.450625899999999913e+00 1.350915555502002707e+00
3.456823599999999885e+00 1.340779860614013774e+00
3.463017100000000070e+00 1.330742515552859162e+00
3.469214700000000207e+00 1.320789342678250211e+00
3.475412299999999899e+00 1.310926356034194384e+00
3.481609999999999872e+00 1.301152791618335414e+00
3.487803500000000057e+00 1.291474777931371776e+00
3.494001100000000193e+00 1.281878810608352515e+00
3.500198699999999885e+00 1.272370812756813629e+00
3.506396300000000021e+00 1.262950279897445904e+00
3.512593999999999994e+00 1.253616555119108078e+00
3.518787500000000179e+00 1.244375508638190020e+00
3.524985099999999871e+00 1.235214212223816777e+00
3.531182700000000008e+00 1.226138238552965998e+00
3.537380399999999980e+00 1.217146831783591843e+00
3.543573900000000165e+00 1.208245491473509681e+00
3.549771499999999858e+00 1.199421583243450495e+00
3.555969099999999994e+00 1.190680272148715524e+00
3.562166700000000130e+00 1.182020750317788860e+00
3.568360300000000151e+00 1.173447668257088461e+00
3.574557899999999844e+00 1.164949041965037457e+00
3.580755499999999980e+00 1.156529475578700339e+00
3.586953100000000116e+00 1.148187967267349396e+00
3.593146700000000138e+00 1.139928786929128801e+00
3.599344299999999830e+00 1.131740196527104114e+00
3.605541899999999966e+00 1.123626460443193364e+00
3.611739500000000103e+00 1.115586468460342706e+00
3.617933100000000124e+00 1.107624221884509819e+00
3.624130699999999816e+00 1.099728320076561738e+00
3.630328299999999953e+00 1.091902821291618864e+00
3.636525900000000089e+00 1.084146635924643221e+00
3.642719500000000110e+00 1.076463639979072573e+00
3.648917099999999802e+00 1.068842878852479306e+00
3.655114699999999939e+00 1.061288344153576979e+00
3.661312300000000075e+00 1.053799088434724363e+00
3.667505900000000096e+00 1.046378985077294654e+00
3.673703499999999789e+00 1.039017604946440354e+00
3.679901099999999925e+00 1.031718970568697102e+00
3.686098700000000061e+00 1.024482347969351448e+00
3.692292199999999802e+00 1.017311786124587947e+00
3.698489900000000219e+00 1.010197054947949535e+00
3.704687499999999911e+00 1.003142581474048667e+00
3.710885100000000048e+00 9.961477306257058295e-01
3.717078599999999788e+00 9.892165971229202048e-01
3.723276300000000205e+00 9.823394607892090846e-01
3.729473899999999897e+00 9.755207533247648444e-01
3.735671500000000034e+00 9.687599945443945426e-01
3.741865000000000219e+00 9.620612541118952477e-01
3.748062700000000191e+00 9.554152270832729776e-01
3.754260299999999884e+00 9.488262617889018369e-01
3.760457900000000020e+00 9.422939342962651788e-01
3.766651400000000205e+00 9.358221911916837499e-01
3.772848999999999897e+00 9.294021366302223086e-01
3.779046699999999870e+00 9.230376296619613452e-01
3.785244300000000006e+00 9.167285156828457460e-01
3.791437800000000191e+00 9.104784285444400549e-01
3.797635399999999883e+00 9.042786856117608352e-01
3.803833099999999856e+00 8.981329079383597591e-01
3.810030699999999992e+00 8.920408287245304990e-01
3.816224200000000177e+00 8.860058309609004645e-01
3.822421799999999870e+00 8.800194000985707143e-01
3.828619400000000006e+00 8.740849954401295197e-01
3.834817099999999979e+00 8.682019424206295355e-01
3.841010600000000164e+00 8.623736681192739617e-01
3.847208199999999856e+00 8.565917356762855484e-01
3.853405799999999992e+00 8.508593771948009810e-01
3.859603499999999965e+00 8.451758450981569082e-01
3.865797000000000150e+00 8.395443696473452455e-01
3.871994599999999842e+00 8.339567335144324467e-01
3.878192199999999978e+00 8.284160110627835083e-01
3.884389800000000115e+00 8.229215376865304243e-01
3.890583400000000136e+00 8.174761603507847418e-01
3.896780999999999828e+00 8.120722042408473618e-01
3.902978599999999965e+00 8.067125767427132388e-01
3.909176200000000101e+00 8.013966749334757722e-01
3.915369800000000122e+00 7.961273093614611440e-01
3.921567399999999814e+00 7.908971220548228764e-01
3.927764999999999951e+00 7.857090065627903019e-01
3.933962600000000087e+00 7.805624694764228266e-01
3.940156200000000108e+00 7.754603300684557166e-01
3.946353799999999801e+00 7.703955665787284302e-01
3.952551399999999937e+00 7.653710859604133665e-01
3.958749000000000073e+00 7.603865162381792109e-01
3.964942600000000095e+00 7.554446921513686686e-01
3.971140199999999787e+00 7.505389124186553351e-01
3.977337799999999923e+00 7.456720864043493435e-01
3.983535400000000060e+00 7.408439397795274495e-01
3.989729000000000081e+00 7.360572947746950589e-01
3.995926600000000217e+00 7.313057263571045574e-01
4.002124199999999909e+00 7.265921067314202730e-01
4.008321800000000046e+00 7.219162119344237905e-01
4.014515300000000231e+00 7.172808783579143199e-01
4.020712999999999759e+00 7.126796763235003773e-01
4.026910599999999896e+00 7.081156142684107424e-01
4.033108200000000032e+00 7.035883917657341780e-01
4.039301700000000217e+00 6.991007341553598931e-01
4.045499399999999746e+00 6.946463854443263308e-01
4.051696999999999882e+00 6.902282177009335662e-01
4.057894600000000018e+00 6.858458913502147869e-01
4.064088100000000203e+00 6.815019889819805554e-01
4.070285700000000340e+00 6.771904637972171459e-01
4.076491500000000379e+00 6.729082574471678679e-01
4.082685099999999956e+00 6.686690880254235747e-01
4.088878600000000141e+00 6.644642326409730959e-01
4.095072100000000326e+00 6.602932720730637639e-01
4.101265699999999903e+00 6.561557779224818088e-01
4.107459200000000088e+00 6.520515121539541825e-01
4.113652799999999665e+00 6.479799626421502978e-01
4.119846299999999850e+00 6.439408753500348581e-01
4.126039800000000035e+00 6.399337949793919567e-01
4.132233399999999612e+00 6.359582667296306280e-01
4.138467699999999638e+00 6.319881485763052531e-01
4.144661199999999823e+00 6.280749510613934383e-01
4.150854800000000289e+00 6.241921448973308806e-01
4.157048299999999585e+00 6.203394803060091611e-01
4.163241799999999770e+00 6.165165281269091579e-01
4.169435400000000236e+00 6.127228717098407440e-01
4.175628900000000421e+00 6.089582899436682961e-01
4.181822499999999998e+00 6.052223308495566778e-01
4.188016000000000183e+00 6.015147987807656360e-01
4.194209599999999760e+00 5.978352724734242729e-01
4.200403099999999945e+00 5.941835843092566627e-01
4.206596600000000130e+00 5.905594033843368784e-01
4.212790199999999707e+00 5.869624155214395733e-01
4.219024499999999733e+00 5.833690670247210219e-01
4.225217999999999918e+00 5.798261032084583988e-01
4.231411600000000384e+00 5.763096471765485340e-01
4.237605099999999680e+00 5.728196089842774175e-01
4.243798599999999865e+00 5.693557385465035647e-01
4.249992200000000331e+00 5.659177964482916545e-01
4.256185699999999628e+00 5.625057170565173070e-01
4.262379300000000093e+00 5.591192194365157686e-01
4.268572800000000278e+00 5.557582465047984366e-01
4.274766299999999575e+00 5.524225796738815308e-01
4.280959900000000040e+00 5.491120031914858979e-01
4.287153400000000225e+00 5.458264612023289164e-01
4.293346999999999802e+00 5.425656832462261159e-01
4.299581299999999828e+00 5.393083709704425965e-01
4.305774800000000013e+00 5.360969340792639537e-01
4.311968300000000198e+00 5.329097984167109336e-01
4.318161899999999775e+00 5.297467317444861656e-01
4.324355399999999960e+00 5.266076488309662240e-01
4.330549000000000426e+00 5.234922546082697581e-01
4.336742499999999723e+00 5.204004495342631209e-01
4.342936100000000188e+00 5.173319272487053588e-01
4.349129600000000373e+00 5.142865742085287462e-01
4.355323099999999670e+00 5.112641223731030360e-01
4.361516700000000135e+00 5.082643000888540374e-01
4.367710200000000320e+00 5.052869764588314716e-01
4.373903799999999897e+00 5.023318240582628214e-01
4.380097300000000082e+00 4.993987044732131064e-01
4.386331600000000108e+00 4.964682272186187184e-01
4.392525100000000293e+00 4.935785118063454879e-01
4.398718699999999870e+00 4.907100271534149405e-01
4.404912200000000055e+00 4.878626323623755923e-01
4.411105799999999633e+00 4.850360047278211018e-01
4.417299299999999818e+00 4.822300085564957817e-01
4.423492800000000003e+00 4.794443758006229350e-01
4.429686399999999580e+00 4.766788453004260906e-01
4.435879899999999765e+00 4.739332960004184470e-01
4.442073500000000230e+00 4.712074358133495067e-01
4.448267000000000415e+00 4.685011567591459425e-01
4.454460599999999992e+00 4.658141832096249213e-01
4.460654100000000177e+00 4.631464216680549750e-01
4.466888400000000203e+00 4.604802700955737405e-01
4.473081900000000388e+00 4.578504602513849830e-01
4.479275499999999965e+00 4.552392827325941749e-01
4.485469000000000150e+00 4.526466726555763431e-01
4.491662599999999728e+00 4.500724039557416623e-01
4.497856099999999913e+00 4.475164236900375792e-01
4.504049600000000098e+00 4.449785596686859912e-01
4.510243199999999675e+00 4.424586457049144994e-01
4.516436699999999860e+00 4.399566415425733013e-01
4.522630300000000325e+00 4.374723479258956216e-01
4.528823799999999622e+00 4.350057289184343645e-01
4.535017299999999807e+00 4.325566295455661736e-01
4.541210900000000272e+00 4.301248965554282933e-01
4.547445200000000298e+00 4.276946462015747130e-01
4.553638699999999595e+00 4.252975323959026221e-01
4.559832300000000060e+00 4.229174384498093353e-01
4.566025800000000245e+00 4.205543220522120484e-01
4.572219300000000430e+00 4.182080227635290859e-01
4.578412900000000008e+00 4.158783781429847837e-01
4.584606400000000193e+00 4.135653351025367908e-01
4.590799999999999770e+00 4.112686871305268888e-01
4.596993499999999955e+00 4.089883730423833352e-01
4.603187100000000420e+00 4.067241804093112423e-01
4.609380599999999717e+00 4.044760403101448354e-01
4.615574099999999902e+00 4.022437710827340140e-01
4.621767700000000367e+00 4.000271895459836524e-01
4.627961199999999664e+00 3.978262176928817340e-01
4.634195499999999690e+00 3.956263218947175808e-01
4.640389100000000155e+00 3.934561085694446292e-01
4.646582600000000340e+00 3.913010478203083897e-01
4.652776099999999637e+00 3.891609526367622029e-01
4.658969700000000103e+00 3.870356380569788257e-01
4.665163200000000288e+00 3.849250236840796591e-01
4.671356799999999865e+00 3.828288947055520919e-01
4.677550300000000050e+00 3.807471751143861605e-01
4.683743800000000235e+00 3.786796907465335149e-01
4.689937399999999812e+00 3.766262723035190829e-01
4.696130899999999997e+00 3.745868541560556930e-01
4.702324499999999574e+00 3.725612431165439276e-01
4.708517999999999759e+00 3.705493820659114812e-01
4.714752299999999785e+00 3.685380017361052363e-01
4.720945799999999970e+00 3.665533154800105220e-01
4.727139400000000435e+00 3.645819755975100440e-01
4.733332899999999732e+00 3.626239423533528239e-01
4.739526500000000198e+00 3.606790533957577871e-01
4.745720000000000383e+00 3.587472763053480840e-01
4.751913599999999960e+00 3.568284569329993050e-01
4.758107100000000145e+00 3.549225684309964546e-01
4.764300600000000330e+00 3.530294933216066022e-01
4.770494199999999907e+00 3.511491168002116581e-01
4.776687700000000092e+00 3.492814163016331186e-01
4.782881299999999669e+00 3.474262489104780749e-01
4.789074799999999854e+00 3.455835920524924498e-01
4.795309099999999880e+00 3.437413167795931868e-01
4.801502600000000065e+00 3.419234521726273179e-01
4.807696199999999642e+00 3.401177866816965101e-01
4.813889699999999827e+00 3.383242918569266400e-01
4.820083300000000293e+00 3.365428210882116522e-01
4.826276799999999589e+00 3.347733410870240567e-01
4.832470299999999774e+00 3.330157299613141775e-01
4.838663900000000240e+00 3.312698643621819761e-01
4.844857400000000425e+00 3.295357032721369372e-01
4.851051000000000002e+00 3.278130913317182094e-01
4.857244500000000187e+00 3.261019830997762270e-01
4.863438099999999764e+00 3.244022208727335710e-01
4.869631599999999949e+00 3.227137561050091863e-01
4.875865899999999975e+00 3.210254447845577452e-01
4.882059400000000160e+00 3.193592804110378935e-01
4.888252999999999737e+00 3.177040470550858142e-01
4.894446499999999922e+00 3.160596955564886068e-01
4.900640100000000388e+00 3.144260716847760428e-01
4.906833599999999684e+00 3.128031290336723558e-01
4.913027099999999869e+00 3.111907444082612217e-01
4.919220700000000335e+00 3.095887981244375142e-01
4.925414199999999632e+00 3.079972511777990807e-01
4.931607800000000097e+00 3.064159648802254887e-01
4.937801300000000282e+00 3.048449066319460776e-01
4.943994899999999859e+00 3.032839457692877438e-01
4.950188400000000044e+00 3.017330565114122454e-01
4.956381900000000229e+00 3.001921410500395515e-01
4.962616200000000255e+00 2.986510774298234416e-01
4.968809799999999832e+00 2.971299458088509926e-01
4.975003300000000017e+00 2.956186144616269607e-01
4.981196800000000202e+00 2.941169983284884770e-01
4.987390399999999779e+00 2.926250149821921220e-01
4.993583899999999964e+00 2.911426556705032365e-01
4.999777500000000430e+00 2.896698165279482651e-01
5.005970999999999727e+00 2.882064894839475588e-01
5.012164600000000192e+00 2.867525714483994959e-01
5.018358100000000377e+00 2.853080527757552165e-01
5.024551599999999674e+00 2.838728520392871379e-01
5.030745200000000139e+00 2.824468866557634517e-01
5.036938700000000324e+00 2.810301408638367637e-01
5.043173000000000350e+00 2.796132846496892088e-01
5.049366599999999927e+00 2.782147731020130355e-01
5.055560100000000112e+00 2.768252788114153873e-01
5.061753600000000297e+00 2.754447061061033319e-01
5.067947199999999874e+00 2.740729569480702121e-01
5.074140700000000059e+00 2.727099968770975158e-01
5.080334299999999637e+00 2.713557005795400601e-01
5.086527799999999822e+00 2.700100282915971484e-01
5.092721400000000287e+00 2.686728512995623097e-01
5.098914899999999584e+00 2.673441262760969384e-01
5.105108399999999769e+00 2.660237443852513373e-01
5.111302000000000234e+00 2.647115972836407982e-01
5.117495500000000419e+00 2.634076407292534339e-01
5.123729799999999557e+00 2.621032581317789267e-01
5.129923400000000022e+00 2.608154178446144833e-01
5.136116900000000207e+00 2.595355177108263911e-01
5.142310400000000392e+00 2.582634593224735764e-01
5.148503999999999969e+00 2.569991485268083853e-01
5.154697500000000154e+00 2.557425565627999831e-01
5.160891099999999732e+00 2.544935778552673833e-01
5.167084599999999917e+00 2.532521926033681758e-01
5.173278100000000101e+00 2.520183254719380317e-01
5.179471699999999679e+00 2.507919066741232106e-01
5.185665199999999864e+00 2.495729307448868728e-01
5.191858800000000329e+00 2.483613180224628902e-01
5.198052299999999626e+00 2.471570717742482826e-01
5.204245900000000091e+00 2.459601212513128354e-01
5.210480099999999837e+00 2.447626830954236776e-01
5.216673700000000302e+00 2.435803281100436535e-01
5.222867199999999599e+00 2.424052295740766749e-01
5.229060800000000064e+00 2.412373273356016867e-01
5.235254300000000249e+00 2.400766373892199157e-01
5.241447899999999827e+00 2.389231001858687642e-01
5.247641400000000012e+00 2.377767297261163537e-01
5.253834900000000196e+00 2.366374820920336131e-01
5.260028499999999774e+00 2.355053110807922012e-01
5.266221999999999959e+00 2.343802218375819202e-01
5.272415600000000424e+00 2.332621425826918449e-01
5.278609099999999721e+00 2.321510694458442103e-01
5.284802599999999906e+00 2.310469394452026592e-01
5.291036899999999932e+00 2.299424972002740986e-01
5.297230500000000397e+00 2.288521255071844229e-01
5.303423999999999694e+00 2.277685485127592391e-01
5.309617600000000159e+00 2.266916657820484959e-01
5.315811100000000344e+00 2.256214420113386576e-01
5.322004599999999641e+00 2.245577855334421891e-01
5.328198200000000107e+00 2.235006015702187543e-01
5.334391700000000291e+00 2.224498436914961741e-01
5.340585299999999869e+00 2.214053954169579730e-01
5.346778800000000054e+00 2.203672068500961145e-01
5.352972399999999631e+00 2.193351607236618261e-01
5.359165899999999816e+00 2.183092074952628359e-01
5.365359400000000001e+00 2.172892494502450256e-01
5.371593700000000027e+00 2.162685478273577433e-01
5.377787299999999604e+00 2.152603714404889013e-01
5.383980799999999789e+00 2.142579837679028376e-01
5.390174400000000254e+00 2.132612880645332054e-01
5.396367900000000439e+00 2.122702581574670289e-01
5.402561399999999736e+00 2.112848260714525472e-01
5.408755000000000202e+00 2.103049310641564029e-01
5.414948500000000386e+00 2.093305668707441947e-01
5.421142099999999964e+00 2.083616711963232337e-01
5.427335600000000149e+00 2.073982514180907066e-01
5.433529100000000334e+00 2.064402745299190878e-01
5.439722699999999911e+00 2.054877139723739754e-01
5.445916200000000096e+00 2.045405947237266542e-01
5.452109799999999673e+00 2.035988850660246374e-01
5.458344099999999699e+00 2.026564683012505308e-01
5.464537599999999884e+00 2.017256697000397725e-01
5.470731100000000069e+00 2.008003107139855747e-01
5.476924699999999646e+00 1.998803839131153004e-01
5.483118199999999831e+00 1.989659256705320067e-01
5.489311800000000297e+00 1.980569112534184550e-01
5.495505299999999593e+00 1.971533718210715103e-01
5.501698900000000059e+00 1.962552759600043051e-01
5.507892400000000244e+00 1.953626454370105681e-01
5.514085900000000429e+00 1.944754526434075148e-01
5.520279500000000006e+00 1.935936638036375168e-01
5.526473000000000191e+00 1.927172807690575862e-01
5.532666599999999768e+00 1.918462412335214529e-01
5.538900899999999794e+00 1.909748464008206303e-01
5.545094399999999979e+00 1.901144384297445700e-01
5.551287900000000164e+00 1.892592407634602902e-01
5.557481499999999741e+00 1.884091766197578122e-01
5.563674999999999926e+00 1.875642041874139854e-01
5.569868600000000392e+00 1.867242215593951649e-01
5.576062099999999688e+00 1.858891768387345433e-01
5.582255599999999873e+00 1.850589740901886771e-01
5.588449200000000339e+00 1.842335155721810946e-01
5.594642699999999635e+00 1.834127426376107040e-01
5.600836300000000101e+00 1.825965439427951198e-01
5.607029800000000286e+00 1.817848627964023245e-01
5.613223399999999863e+00 1.809775930310281722e-01
5.619457599999999609e+00 1.801694230891293935e-01
5.625651200000000074e+00 1.793708088405628620e-01
5.631844700000000259e+00 1.785764221870866919e-01
5.638038299999999836e+00 1.777861813685481795e-01
5.644231800000000021e+00 1.770000639461254410e-01
5.650425399999999598e+00 1.762180052531476249e-01
5.656618899999999783e+00 1.754400002577851114e-01
5.662812399999999968e+00 1.746660151108432590e-01
5.669006000000000434e+00 1.738960251965233628e-01
5.675199499999999730e+00 1.731300517918734350e-01
5.681393100000000196e+00 1.723680746442675105e-01
5.687586600000000381e+00 1.716101301459530548e-01
5.693780099999999678e+00 1.708562241027648532e-01
5.700014399999999704e+00 1.701014537830229933e-01
