6.108177000000000051e-02 6.395155079334842174e-01
6.727816400000000141e-02 6.393410363399396612e-01
7.347496600000000266e-02 6.391327642323931801e-01
7.967135999999999663e-02 6.388864121534268969e-01
8.586816199999999788e-02 6.385974400936903494e-01
9.206455600000000572e-02 6.382612322533143256e-01
9.826135799999999310e-02 6.378730046342103721e-01
1.044577500000000020e-01 6.374280532397225141e-01
1.106545500000000043e-01 6.369216260787765593e-01
1.168509499999999951e-01 6.363492463525382004e-01
1.230477499999999974e-01 6.357065447941837588e-01
1.292441400000000074e-01 6.349896658218798784e-01
1.354409500000000044e-01 6.341950457367437899e-01
1.416373400000000005e-01 6.333199243495872821e-01
1.478341400000000028e-01 6.323620508734151269e-01
1.540305399999999936e-01 6.313202928668031344e-01
1.602273399999999959e-01 6.301942807336213814e-01
1.664237299999999919e-01 6.289850967016263894e-01
1.726205299999999943e-01 6.276948305475827938e-01
1.788169300000000128e-01 6.263273522684418282e-01
1.850137299999999874e-01 6.248877628985852750e-01
1.912101200000000112e-01 6.233832069394839026e-01
1.974069300000000082e-01 6.218221946471464978e-01
2.036037300000000105e-01 6.202153370860594706e-01
2.098001200000000066e-01 6.185750440955359863e-01
2.159969200000000089e-01 6.169151439658144831e-01
2.221933199999999997e-01 6.152515343604353371e-01
2.283901200000000020e-01 6.136011540921494367e-01
2.345865099999999981e-01 6.119826169890225653e-01
2.407833100000000004e-01 6.104150712078055818e-01
2.469797099999999912e-01 6.089187084865778088e-01
2.531765100000000213e-01 6.075135695602180697e-01
2.593729000000000173e-01 6.062199031257534676e-01
2.655697100000000144e-01 6.050570073740489940e-01
2.717661000000000104e-01 6.040434853140641547e-01
2.779629000000000127e-01 6.031962141640073716e-01
2.841593000000000035e-01 6.025305107114519165e-01
2.903561000000000059e-01 6.020593697610476802e-01
2.965524900000000019e-01 6.017935525780307993e-01
3.027492900000000042e-01 6.017411679266846392e-01
3.089456899999999950e-01 6.019077131052660290e-01
3.151424899999999973e-01 6.022960317524197471e-01
3.213392899999999996e-01 6.029063371591322218e-01
3.275356899999999905e-01 6.037363133722292163e-01
3.337324899999999928e-01 6.047815327049566037e-01
3.399288799999999888e-01 6.060352833334108347e-01
3.461256799999999911e-01 6.074893877441919221e-01
3.523220799999999819e-01 6.091338373727823718e-01
3.585188799999999842e-01 6.109578470128860239e-01
3.647152699999999803e-01 6.129492981917253891e-01
3.709120799999999774e-01 6.150959754360053600e-01
3.771084699999999734e-01 6.173847652421143861e-01
3.833052699999999757e-01 6.198030448955770266e-01
3.895016700000000220e-01 6.223376730725563855e-01
3.956984700000000243e-01 6.249764310551464419e-01
4.018948600000000204e-01 6.277068588469637556e-01
4.080932899999999974e-01 6.305185025728695658e-01
4.142868399999999895e-01 6.333972594280268265e-01
4.204844500000000096e-01 6.363370757864209581e-01
4.266820700000000244e-01 6.393266642588744109e-01
4.328796899999999837e-01 6.423574021705090731e-01
4.390732299999999810e-01 6.454194738769142292e-01
4.452708400000000011e-01 6.485099594954144564e-01
4.514684600000000159e-01 6.516207422165555263e-01
4.576660799999999751e-01 6.547465190307534266e-01
4.638596199999999725e-01 6.578807275162245061e-01
4.700572399999999873e-01 6.610237815092211422e-01
4.762548500000000073e-01 6.641706441618895340e-01
4.824524700000000221e-01 6.673190683626002428e-01
4.886460100000000195e-01 6.704653932514864634e-01
4.948436299999999788e-01 6.736128121534478153e-01
5.010412400000000543e-01 6.767588793010234083e-01
5.072388599999999581e-01 6.799037720301283061e-01
5.134324000000000110e-01 6.830460646556322235e-01
5.196300200000000258e-01 6.861909723590250421e-01
5.258276400000000406e-01 6.893378689823026484e-01
5.320252500000000051e-01 6.924885011638522991e-01
5.382187899999999470e-01 6.956427963093162470e-01
5.444164099999999618e-01 6.988070841111770903e-01
5.506140299999999765e-01 7.019815883851473481e-01
5.568116400000000521e-01 7.051686602733703291e-01
5.630051900000000442e-01 7.083685535431896163e-01
5.692028000000000088e-01 7.115877501536937988e-01
5.754004200000000235e-01 7.148263315274379082e-01
5.815980400000000383e-01 7.180862900583868669e-01
5.877915799999999802e-01 7.213672362372347546e-01
5.939891899999999447e-01 7.246750075835235450e-01
6.001868099999999595e-01 7.280086888446128945e-01
6.063844299999999743e-01 7.313691807497864072e-01
6.125779700000000272e-01 7.347548074976248955e-01
6.187755900000000420e-01 7.381702370033630389e-01
6.249732000000000065e-01 7.416130872672772600e-01
6.311708200000000213e-01 7.450828518735627126e-01
6.373643599999999632e-01 7.485763428495467720e-01
6.435619799999999779e-01 7.520969488880610010e-01
6.497595900000000535e-01 7.556408336914650636e-01
6.559572099999999573e-01 7.592061716809211935e-01
6.621507500000000102e-01 7.627884830753369760e-01
6.683483700000000249e-01 7.663901406356601331e-01
6.745459900000000397e-01 7.700062365832410771e-01
6.807436000000000043e-01 7.736340410308720772e-01
6.869371499999999964e-01 7.772683182281532321e-01
6.931347599999999609e-01 7.809108819675820712e-01
6.993323799999999757e-01 7.845563474091855616e-01
7.055299999999999905e-01 7.882016754037415307e-01
7.117235400000000434e-01 7.918414490793552751e-01
7.179211500000000079e-01 7.954774838848436280e-01
7.241187700000000227e-01 7.991044922135173145e-01
7.303163900000000375e-01 8.027196709808943620e-01
7.365099299999999793e-01 8.063179854919979572e-01
7.427075499999999941e-01 8.099016570125844305e-01
7.489051599999999587e-01 8.134659499080659772e-01
7.551027799999999734e-01 8.170087018617678831e-01
7.612963200000000263e-01 8.205256157465353750e-01
7.674939400000000411e-01 8.240195411427292393e-01
7.736915500000000057e-01 8.274865637642063732e-01
7.798891700000000204e-01 8.309253114388740480e-01
7.860827099999999623e-01 8.343323575900553069e-01
7.922803299999999771e-01 8.377111949248883249e-01
7.984779499999999919e-01 8.410587525957012867e-01
8.046755599999999564e-01 8.443743761853768071e-01
8.108691000000000093e-01 8.476554293801598083e-01
8.170667200000000241e-01 8.509058693317588240e-01
8.232643400000000389e-01 8.541232810773001782e-01
8.294619500000000034e-01 8.573075148930716649e-01
8.356554999999999955e-01 8.604564562023412355e-01
8.418531099999999601e-01 8.635742246632999164e-01
8.480507299999999749e-01 8.666587790023779769e-01
8.542483499999999896e-01 8.697101611065025661e-01
8.604459599999999542e-01 8.727284126465011393e-01
8.666395000000000071e-01 8.757116180402747529e-01
8.728371200000000218e-01 8.786636988475523546e-01
8.790347400000000366e-01 8.815826288225292462e-01
8.852323500000000012e-01 8.844682958306649967e-01
8.914258999999999933e-01 8.873186736308155131e-01
8.976235099999999578e-01 8.901372537626245363e-01
9.038211299999999726e-01 8.929218401348657519e-01
9.100187499999999874e-01 8.956720306187582192e-01
9.162122900000000403e-01 8.983855769089301724e-01
9.224099100000000551e-01 9.010655113604094657e-01
9.286075200000000196e-01 9.037094232221937196e-01
9.348051400000000344e-01 9.063166575287845417e-01
9.409986799999999763e-01 9.088848212169867713e-01
9.471962999999999910e-01 9.114165544391051865e-01
9.533939099999999556e-01 9.139093836201184207e-01
9.595915299999999704e-01 9.163625433913881180e-01
9.657850700000000232e-01 9.187736875540867265e-01
9.719826900000000380e-01 9.211452463742932917e-01
9.781803100000000528e-01 9.234749059145536121e-01
9.843779200000000174e-01 9.257619987093906877e-01
9.905714599999999592e-01 9.280044668434944688e-01
9.967690799999999740e-01 9.302047323583434446e-01
1.002966699999999989e+00 9.323608589962412152e-01
1.009164299999999903e+00 9.344724888837229182e-01
1.015357899999999924e+00 9.365380598093867581e-01
1.021555500000000061e+00 9.385600975916664757e-01
1.027753099999999975e+00 9.405372231991305787e-01
1.033950699999999889e+00 9.424695201764583530e-01
1.040144200000000074e+00 9.443559525914952957e-01
1.046341900000000047e+00 9.461993586042677373e-01
1.052539499999999961e+00 9.479988366191691718e-01
1.058737100000000098e+00 9.497549433418771558e-01
1.064930600000000060e+00 9.514671846116261600e-01
1.071128300000000033e+00 9.531385697388485845e-01
1.077325899999999947e+00 9.547686950035957354e-01
1.083523500000000084e+00 9.563584568936251973e-01
1.089717000000000047e+00 9.579077721740323348e-01
1.095914599999999961e+00 9.594196698003574220e-01
1.102112299999999934e+00 9.608941496184268960e-01
1.108309900000000070e+00 9.623322034886701015e-01
1.114503400000000033e+00 9.637339908967389457e-01
1.120700999999999947e+00 9.651024198536837240e-01
1.126898699999999920e+00 9.664376144196847873e-01
1.133096300000000056e+00 9.677405531310093734e-01
1.139289800000000019e+00 9.690114181262807769e-01
1.145487399999999933e+00 9.702528445849326610e-01
1.151685000000000070e+00 9.714648886823848972e-01
1.157882700000000042e+00 9.726484258378852443e-01
1.164076200000000005e+00 9.738034633517196337e-01
1.170273799999999920e+00 9.749322921614247406e-01
1.176471400000000056e+00 9.760348216061172089e-01
1.182669100000000029e+00 9.771116920833228248e-01
1.188862599999999992e+00 9.781627459520298995e-01
1.195060199999999906e+00 9.791899007680662237e-01
1.201257800000000042e+00 9.801929088288864333e-01
1.207455399999999957e+00 9.811721786853022653e-01
1.213648999999999978e+00 9.821274670618166391e-01
1.219846599999999892e+00 9.830603376409260408e-01
1.226044200000000028e+00 9.839704662255180923e-01
1.232241799999999943e+00 9.848581302212452426e-01
1.238435399999999964e+00 9.857230396768627001e-01
1.244633000000000100e+00 9.865665641718067702e-01
1.250830600000000015e+00 9.873883882511451660e-01
1.257028199999999929e+00 9.881887662090642621e-01
1.263221799999999950e+00 9.889674660424593311e-01
1.269419400000000087e+00 9.897257725380830262e-01
1.275617000000000001e+00 9.904634745432570053e-01
1.281814599999999915e+00 9.911808936862261943e-01
1.288008199999999936e+00 9.918779336074728947e-01
1.294205800000000073e+00 9.925558695635618989e-01
1.300403399999999987e+00 9.932146487142377023e-01
1.306600999999999901e+00 9.938547034093905275e-01
1.312794599999999923e+00 9.944760982377540692e-01
1.318992200000000059e+00 9.950801217295746071e-01
1.325189799999999973e+00 9.956668764683328510e-01
1.331387400000000110e+00 9.962368926138808201e-01
1.337580900000000073e+00 9.967903558308063294e-01
1.343778600000000045e+00 9.973285663533842937e-01
1.349976199999999960e+00 9.978517021256013697e-01
1.356173800000000096e+00 9.983603418255795336e-01
1.362367300000000059e+00 9.988547303949180112e-01
1.368565000000000031e+00 9.993360903192672895e-01
1.374762599999999946e+00 9.998046227557106924e-01
1.380960200000000082e+00 1.000260867318951030e+00
1.387153700000000045e+00 1.000705044381556164e+00
1.393351400000000018e+00 1.001138234246069736e+00
1.399548999999999932e+00 1.001560582217193351e+00
1.405746600000000068e+00 1.001972521264084204e+00
1.411940100000000031e+00 1.002374181166787226e+00
1.418137699999999946e+00 1.002766451008030524e+00
1.424335399999999918e+00 1.003149389464643715e+00
1.430533000000000055e+00 1.003523270032094628e+00
1.436726500000000017e+00 1.003888110832850344e+00
1.442924099999999932e+00 1.004244611215596050e+00
1.449121799999999904e+00 1.004592716478075243e+00
1.455319400000000041e+00 1.004932569616934890e+00
1.461512900000000004e+00 1.005264086662451595e+00
1.467710499999999918e+00 1.005587809778835329e+00
1.473908100000000054e+00 1.005903599840575646e+00
1.480105800000000027e+00 1.006211528221627960e+00
1.486299299999999990e+00 1.006511442845210880e+00
1.492496899999999904e+00 1.006803790906494189e+00
1.498694500000000041e+00 1.007088411558276775e+00
1.504892200000000013e+00 1.007365348371213054e+00
1.511089799999999927e+00 1.007634633985795114e+00
1.517283299999999890e+00 1.007896149535292718e+00
1.523480900000000027e+00 1.008150296968870041e+00
1.529678499999999941e+00 1.008396967401134825e+00
1.535876199999999914e+00 1.008636244418261496e+00
1.542069700000000099e+00 1.008868063628026723e+00
1.548267300000000013e+00 1.009092845895635415e+00
1.554464899999999927e+00 1.009310561715904386e+00
1.560662599999999900e+00 1.009521357175919620e+00
1.566856100000000085e+00 1.009725251451457417e+00
1.573053699999999999e+00 1.009922691791801386e+00
1.579251299999999913e+00 1.010113728903701658e+00
1.585448900000000050e+00 1.010298563062003385e+00
1.591642500000000071e+00 1.010477291465775140e+00
1.597840099999999985e+00 1.010650363886837155e+00
1.604037699999999900e+00 1.010817887947959459e+00
1.610235300000000036e+00 1.010980092035263622e+00
1.616428900000000057e+00 1.011137105573034045e+00
1.622626499999999972e+00 1.011289358745181888e+00
1.628824100000000108e+00 1.011436971763763237e+00
1.635021700000000022e+00 1.011580161180083648e+00
1.641215300000000044e+00 1.011719046235601827e+00
1.647412899999999958e+00 1.011854002876856340e+00
1.653610500000000094e+00 1.011985123999742386e+00
1.659808100000000008e+00 1.012112579323599437e+00
1.666001700000000030e+00 1.012236444307563987e+00
1.672199299999999944e+00 1.012357017041521035e+00
1.678396900000000080e+00 1.012474337938787272e+00
1.684594499999999995e+00 1.012588511753591325e+00
1.690788100000000016e+00 1.012699555944643226e+00
1.696985699999999930e+00 1.012807686107473071e+00
1.703183300000000067e+00 1.012912886598356765e+00
1.709380899999999981e+00 1.013015200427615170e+00
1.715574399999999944e+00 1.013114593063685787e+00
1.721772099999999917e+00 1.013211216818023619e+00
1.727969700000000053e+00 1.013305011598208072e+00
1.734167299999999967e+00 1.013395981128984769e+00
1.740360799999999930e+00 1.013484064433173515e+00
1.746558499999999903e+00 1.013569372026674298e+00
1.752756100000000039e+00 1.013651832453740465e+00
1.758953699999999953e+00 1.013731437453508022e+00
1.765147199999999916e+00 1.013808129027087723e+00
1.771344800000000053e+00 1.013882003558607803e+00
1.777542500000000025e+00 1.013953009691425544e+00
1.783740099999999940e+00 1.014021149941503497e+00
1.789933599999999903e+00 1.014086394564752691e+00
1.796131200000000039e+00 1.014148848531844838e+00
1.802328900000000012e+00 1.014208495008412036e+00
1.808526499999999926e+00 1.014265366454325523e+00
1.814720000000000111e+00 1.014319471372113979e+00
1.820917600000000025e+00 1.014370931672983644e+00
1.827115199999999939e+00 1.014419768414909440e+00
1.833312899999999912e+00 1.014466046981368663e+00
1.839506400000000097e+00 1.014509808506181887e+00
1.845704000000000011e+00 1.014551187681036915e+00
1.851901599999999926e+00 1.014590234983110628e+00
1.858099299999999898e+00 1.014627034397904248e+00
1.864292800000000083e+00 1.014661647939092637e+00
1.870490399999999998e+00 1.014694208261004205e+00
1.876687999999999912e+00 1.014724777699526514e+00
1.882885600000000048e+00 1.014753440785888916e+00
1.889079200000000069e+00 1.014780262822787549e+00
1.895276799999999984e+00 1.014805357024221033e+00
1.901474399999999898e+00 1.014828779800571512e+00
1.907672000000000034e+00 1.014850600434398231e+00
1.913865600000000056e+00 1.014870869980744938e+00
1.920063199999999970e+00 1.014889672192878844e+00
1.926260800000000106e+00 1.014907044749529419e+00
1.932458400000000021e+00 1.014923032436551242e+00
1.938652000000000042e+00 1.014937664570465303e+00
1.944849599999999956e+00 1.014950992102695126e+00
1.951047200000000093e+00 1.014963031264347393e+00
1.957244800000000007e+00 1.014973802645910750e+00
1.963438400000000028e+00 1.014983316121562229e+00
1.969635999999999942e+00 1.014991595256804935e+00
1.975833600000000079e+00 1.014998641165683946e+00
1.982031199999999993e+00 1.015004458647413177e+00
1.988224800000000014e+00 1.015009047863735692e+00
1.994422399999999929e+00 1.015012416205327783e+00
2.000620000000000065e+00 1.015014561300434881e+00
2.006817600000000201e+00 1.015015484419790726e+00
2.013011099999999942e+00 1.015015188427491166e+00
2.019208799999999915e+00 1.015013676801656661e+00
2.025406400000000051e+00 1.015010955499382694e+00
2.031604000000000187e+00 1.015007033310068918e+00
2.037797499999999928e+00 1.015001925878060485e+00
2.043995199999999901e+00 1.014995641539817139e+00
2.050192800000000037e+00 1.014988202219154312e+00
2.056390400000000174e+00 1.014979630132566646e+00
2.062583899999999915e+00 1.014969957885129670e+00
2.068781500000000051e+00 1.014959201886957096e+00
2.074979200000000024e+00 1.014947400364979213e+00
2.081176800000000160e+00 1.014934588921865277e+00
2.087370299999999901e+00 1.014920814471992339e+00
2.093567900000000037e+00 1.014906098412660773e+00
2.099765600000000010e+00 1.014890490435263803e+00
2.105963200000000146e+00 1.014874033156183408e+00
2.112156699999999887e+00 1.014856780536073533e+00
2.118354300000000023e+00 1.014838752099912034e+00
2.124551900000000160e+00 1.014820000719743653e+00
2.130749600000000132e+00 1.014800566596549602e+00
2.136943099999999873e+00 1.014780502690956654e+00
2.143140700000000010e+00 1.014759818851447948e+00
2.149338300000000146e+00 1.014738562410901546e+00
2.155536000000000119e+00 1.014716764479057121e+00
2.161729499999999859e+00 1.014694469112363606e+00
2.167927099999999996e+00 1.014671671657194629e+00
2.174124700000000132e+00 1.014648408635224319e+00
2.180322299999999824e+00 1.014624698658848745e+00
2.186519999999999797e+00 1.014600556684646326e+00
2.192713499999999982e+00 1.014576012085511847e+00
2.198911100000000118e+00 1.014551041228653805e+00
2.205108699999999811e+00 1.014525666766018963e+00
2.211306399999999783e+00 1.014499892394355562e+00
2.217499899999999968e+00 1.014473738407849046e+00
2.223697500000000105e+00 1.014447170042503954e+00
2.229895099999999797e+00 1.014420203389250652e+00
2.236092699999999933e+00 1.014392836372469242e+00
2.242286299999999954e+00 1.014365084367684133e+00
2.248483900000000091e+00 1.014336908620473876e+00
2.254681499999999783e+00 1.014308324132557226e+00
2.260879099999999919e+00 1.014279328555109938e+00
2.267072699999999941e+00 1.014249939383520038e+00
2.273270300000000077e+00 1.014220118017104433e+00
2.279467900000000213e+00 1.014189883843464424e+00
2.285665499999999906e+00 1.014159238739406943e+00
2.291859099999999927e+00 1.014128206195580306e+00
2.298056700000000063e+00 1.014096750940825631e+00
2.304254300000000200e+00 1.014064899203305670e+00
2.310451899999999892e+00 1.014032658763530659e+00
2.316645499999999913e+00 1.014000059954824673e+00
2.322843100000000049e+00 1.013967071081326221e+00
2.329040700000000186e+00 1.013933724591358221e+00
2.335238299999999878e+00 1.013900032918423566e+00
2.341431899999999899e+00 1.013866031271523971e+00
2.347629500000000036e+00 1.013831689363061672e+00
2.353827100000000172e+00 1.013797042950633553e+00
2.360024699999999864e+00 1.013762105976924399e+00
2.366218200000000049e+00 1.013726915585746902e+00
2.372415900000000022e+00 1.013691437971799614e+00
2.378613500000000158e+00 1.013655710269194099e+00
2.384811099999999850e+00 1.013619743938008799e+00
2.391004600000000035e+00 1.013583574129700349e+00
2.397202300000000008e+00 1.013547162488305231e+00
2.403399900000000144e+00 1.013510543096459715e+00
2.409597499999999837e+00 1.013473723269591398e+00
2.415791000000000022e+00 1.013436734307387344e+00
2.421988600000000158e+00 1.013399532854238227e+00
2.428186300000000131e+00 1.013362147266932745e+00
2.434383899999999823e+00 1.013324582288204656e+00
2.440577400000000008e+00 1.013286864980979196e+00
2.446775000000000144e+00 1.013248947274209444e+00
2.452972700000000117e+00 1.013210854700042240e+00
2.459170299999999809e+00 1.013172589253914291e+00
2.465363799999999994e+00 1.013134176266716091e+00
2.471561400000000130e+00 1.013095565197796200e+00
2.477758999999999823e+00 1.013056781759666292e+00
2.483956699999999795e+00 1.013017825845207165e+00
2.490150199999999980e+00 1.012978725503380861e+00
2.496347800000000117e+00 1.012939429651007250e+00
2.502545399999999809e+00 1.012899966001726382e+00
2.508743099999999782e+00 1.012860336467216626e+00
2.514936599999999967e+00 1.012820571989741847e+00
2.521134200000000103e+00 1.012780623347504072e+00
2.527331799999999795e+00 1.012740521672753191e+00
2.533529399999999931e+00 1.012700272616976926e+00
2.539722999999999953e+00 1.012659908701415423e+00
2.545920600000000089e+00 1.012619384897288644e+00
2.552118199999999781e+00 1.012578734965245753e+00
2.558315799999999918e+00 1.012537967173822162e+00
2.564509399999999939e+00 1.012497116628179317e+00
2.570707000000000075e+00 1.012456139546474843e+00
2.576904600000000212e+00 1.012415071432451574e+00
2.583102199999999904e+00 1.012373921474360783e+00
2.589295799999999925e+00 1.012332725384535115e+00
2.595493400000000062e+00 1.012291438796868004e+00
2.601691000000000198e+00 1.012250096783557263e+00
2.607888599999999890e+00 1.012208707357953319e+00
2.614082199999999911e+00 1.012167304706532489e+00
2.620279800000000048e+00 1.012125842121342156e+00
2.626477400000000184e+00 1.012084352373397778e+00
2.632674999999999876e+00 1.012042840729850068e+00
2.638868599999999898e+00 1.012001338462518163e+00
2.645066200000000034e+00 1.011959795618120328e+00
2.651263800000000170e+00 1.011918241857636902e+00
2.657461399999999863e+00 1.011876679287356806e+00
2.663654999999999884e+00 1.011835136144098257e+00
2.669852600000000020e+00 1.011793559544046595e+00
2.676050200000000157e+00 1.011751976549037479e+00
2.682247799999999849e+00 1.011710386951108154e+00
2.688441300000000034e+00 1.011668817729492797e+00
2.694639000000000006e+00 1.011627212417028909e+00
2.700836600000000143e+00 1.011585599011726622e+00
2.707034199999999835e+00 1.011543975999190215e+00
2.713227700000000020e+00 1.011502370213462454e+00
2.719425399999999993e+00 1.011460725424842444e+00
2.725623000000000129e+00 1.011419070379617979e+00
2.731820599999999821e+00 1.011377404692265225e+00
2.738014100000000006e+00 1.011335756717084422e+00
2.744211700000000143e+00 1.011294072644075115e+00
2.750409400000000115e+00 1.011252381287978563e+00
2.756606999999999807e+00 1.011210686524203650e+00
2.762800499999999992e+00 1.011169018405041253e+00
2.768998100000000129e+00 1.011127325498322405e+00
2.775195800000000101e+00 1.011085639014029480e+00
2.781393399999999794e+00 1.011043965107758513e+00
2.787586899999999979e+00 1.011002335914313655e+00
2.793784500000000115e+00 1.010960701939066730e+00
2.799982099999999807e+00 1.010919096648905224e+00
2.806179799999999780e+00 1.010877525457151149e+00
2.812373299999999965e+00 1.010836023325738964e+00
2.818570900000000101e+00 1.010794540765748817e+00
2.824768499999999793e+00 1.010753111263523074e+00
2.830966200000000210e+00 1.010711739912163232e+00
2.837159699999999951e+00 1.010670460774310886e+00
2.843357300000000087e+00 1.010629223524243558e+00
2.849554899999999780e+00 1.010588060000894961e+00
2.855752499999999916e+00 1.010546974120892783e+00
2.861950199999999889e+00 1.010505968511567820e+00
2.868143700000000074e+00 1.010465074160526999e+00
2.874341300000000210e+00 1.010424238192483504e+00
2.880538899999999902e+00 1.010383488940833407e+00
2.886736599999999875e+00 1.010342826296786845e+00
2.892930100000000060e+00 1.010302278270504450e+00
2.899127700000000196e+00 1.010261789784314024e+00
2.905325299999999888e+00 1.010221386404866140e+00
2.911522900000000025e+00 1.010181066326740540e+00
2.917716500000000046e+00 1.010140853265217853e+00
2.923914100000000182e+00 1.010100692711124903e+00
2.930111699999999875e+00 1.010060607843594749e+00
2.936309300000000011e+00 1.010020595691237144e+00
2.942502900000000032e+00 1.009980678981964086e+00
2.948700500000000169e+00 1.009940803165364720e+00
2.954898099999999861e+00 1.009900991176508445e+00
2.961095699999999997e+00 1.009861240360859558e+00
2.967289300000000019e+00 1.009821573951925622e+00
2.973486900000000155e+00 1.009781938705866633e+00
2.979684499999999847e+00 1.009742358661666728e+00
2.985882099999999983e+00 1.009702832677833229e+00
2.992075700000000005e+00 1.009663385558082105e+00
2.998273300000000141e+00 1.009623966197994438e+00
3.004470899999999833e+00 1.009584600443855562e+00
3.010668499999999970e+00 1.009545289143256142e+00
3.016862099999999991e+00 1.009506058931734174e+00
3.023059700000000127e+00 1.009466860888055040e+00
3.029257299999999820e+00 1.009427722504161906e+00
3.035454899999999956e+00 1.009388646246975885e+00
3.041648400000000141e+00 1.009349660633150458e+00
3.047846100000000114e+00 1.009310716341066616e+00
3.054043699999999806e+00 1.009271843497976828e+00
3.060241299999999942e+00 1.009233044555730041e+00
3.066434800000000127e+00 1.009194348147904208e+00
3.072632500000000100e+00 1.009155705347643206e+00
3.078830099999999792e+00 1.009117145790456194e+00
3.085027699999999928e+00 1.009078671348715872e+00
3.091221200000000113e+00 1.009040309576757943e+00
3.097418799999999806e+00 1.009002011515753860e+00
3.103616499999999778e+00 1.008963803410127813e+00
3.109814099999999915e+00 1.008925687505112245e+00
3.116007600000000100e+00 1.008887688879326117e+00
3.122205199999999792e+00 1.008849757350862575e+00
3.128402900000000209e+00 1.008811917184716522e+00
3.134600499999999901e+00 1.008774168873205923e+00
3.140794000000000086e+00 1.008736535570745829e+00
3.146991599999999778e+00 1.008698965986806417e+00
3.153189199999999914e+00 1.008661483298008754e+00
3.159386899999999887e+00 1.008624084892630002e+00
3.165580400000000072e+00 1.008586794446704848e+00
3.171778000000000208e+00 1.008549559682811347e+00
3.177975599999999901e+00 1.008512402966670773e+00
3.184173299999999873e+00 1.008475321380255085e+00
3.190366800000000058e+00 1.008438338354732844e+00
3.196564400000000195e+00 1.008401402267868674e+00
3.202761999999999887e+00 1.008364535792419137e+00
3.208959600000000023e+00 1.008327737378708067e+00
3.215153200000000044e+00 1.008291029496557911e+00
3.221350800000000181e+00 1.008254363892244321e+00
3.227548399999999873e+00 1.008217763862110372e+00
3.233746000000000009e+00 1.008181229405012092e+00
3.239939600000000031e+00 1.008144784478774758e+00
3.246137200000000167e+00 1.008108382895714028e+00
3.252334799999999859e+00 1.008072049537759751e+00
3.258532399999999996e+00 1.008035786145982549e+00
3.264726000000000017e+00 1.007999618185262181e+00
3.270923600000000153e+00 1.007963501420159336e+00
3.277121199999999845e+00 1.007927462022090603e+00
3.283318799999999982e+00 1.007891503036389969e+00
3.289512400000000003e+00 1.007855650833840100e+00
3.295710000000000139e+00 1.007819862486009077e+00
3.301907599999999832e+00 1.007784164631405188e+00
3.308105199999999968e+00 1.007748560737346866e+00
3.314298799999999989e+00 1.007713077102206034e+00
3.320496400000000126e+00 1.007677671191057778e+00
3.326693999999999818e+00 1.007642369078666889e+00
3.332891599999999954e+00 1.007607173665347133e+00
3.339085100000000139e+00 1.007572110751893346e+00
3.345282800000000112e+00 1.007537135663260530e+00
3.351480399999999804e+00 1.007502274739903836e+00
3.357677999999999940e+00 1.007467529008339469e+00
3.363871500000000125e+00 1.007432922541917186e+00
3.370069200000000098e+00 1.007398409773707204e+00
3.376266799999999790e+00 1.007364015177992123e+00
3.382464399999999927e+00 1.007329738225558824e+00
3.388657900000000112e+00 1.007295601138288532e+00
3.394855499999999804e+00 1.007261558041886440e+00
3.401053200000000221e+00 1.007227630040226751e+00
3.407250799999999913e+00 1.007193816971047706e+00
3.413444300000000098e+00 1.007160139058218107e+00
3.419641899999999790e+00 1.007126550047314328e+00
3.425839600000000207e+00 1.007093069930125928e+00
3.432037199999999899e+00 1.007059697902644047e+00
3.438230700000000084e+00 1.007026453477352979e+00
3.444428300000000220e+00 1.006993290734600199e+00
3.450625899999999913e+00 1.006960229868774981e+00
3.456823599999999885e+00 1.006927268601667258e+00
3.463017100000000070e+00 1.006894428095341576e+00
3.469214700000000207e+00 1.006861662899147136e+00
3.475412299999999899e+00 1.006828993543054773e+00
3.481609999999999872e+00 1.006796418476748167e+00
3.487803500000000057e+00 1.006763959412773968e+00
3.494001100000000193e+00 1.006731572292336674e+00
3.500198699999999885e+00 1.006699278313088364e+00
3.506396300000000021e+00 1.006667077385106968e+00
3.512593999999999994e+00 1.006634969119438727e+00
3.518787500000000179e+00 1.006602976028557972e+00
3.524985099999999871e+00 1.006571055740792753e+00
3.531182700000000008e+00 1.006539230120711670e+00
3.537380399999999980e+00 1.006507499430353558e+00
3.543573900000000165e+00 1.006475886447330881e+00
3.549771499999999858e+00 1.006444349712357189e+00
3.555969099999999994e+00 1.006412911107784858e+00
3.562166700000000130e+00 1.006381571535946318e+00
3.568360300000000151e+00 1.006350351974371948e+00
3.574557899999999844e+00 1.006319212858353351e+00
3.580755499999999980e+00 1.006288175027364229e+00
3.586953100000000116e+00 1.006257238984584079e+00
3.593146700000000138e+00 1.006226424937885167e+00
3.599344299999999830e+00 1.006195693246810796e+00
3.605541899999999966e+00 1.006165063814448590e+00
3.611739500000000103e+00 1.006134536412511160e+00
3.617933100000000124e+00 1.006104130218154591e+00
3.624130699999999816e+00 1.006073805335005789e+00
3.630328299999999953e+00 1.006043580624574219e+00
3.636525900000000089e+00 1.006013455106088195e+00
3.642719500000000110e+00 1.005983446993085062e+00
3.648917099999999802e+00 1.005953516258309977e+00
3.655114699999999939e+00 1.005923680937822917e+00
3.661312300000000075e+00 1.005893939575643214e+00
3.667505900000000096e+00 1.005864309770671428e+00
3.673703499999999789e+00 1.005834751723563736e+00
3.679901099999999925e+00 1.005805283080067669e+00
3.686098700000000061e+00 1.005775902359234530e+00
3.692292199999999802e+00 1.005746627498542711e+00
3.698489900000000219e+00 1.005717417949203440e+00
3.704687499999999911e+00 1.005688292859697519e+00
3.710885100000000048e+00 1.005659250694844076e+00
3.717078599999999788e+00 1.005630309679296897e+00
3.723276300000000205e+00 1.005601430294102983e+00
3.729473899999999897e+00 1.005572632098980401e+00
3.735671500000000034e+00 1.005543914254103166e+00
3.741865000000000219e+00 1.005515295490378103e+00
3.748062700000000191e+00 1.005486737451603885e+00
3.754260299999999884e+00 1.005458260199963760e+00
3.760457900000000020e+00 1.005429863606493113e+00
3.766651400000000205e+00 1.005401566857611284e+00
3.772848999999999897e+00 1.005373333101608369e+00
3.779046699999999870e+00 1.005345181367600649e+00
3.785244300000000006e+00 1.005317113376901883e+00
3.791437800000000191e+00 1.005289148037616931e+00
3.797635399999999883e+00 1.005261249243713406e+00
3.803833099999999856e+00 1.005233436024203231e+00
3.810030699999999992e+00 1.005205710205897107e+00
3.816224200000000177e+00 1.005178090492792276e+00
3.822421799999999870e+00 1.005150541163711164e+00
3.828619400000000006e+00 1.005123081306949606e+00
3.834817099999999979e+00 1.005095711168079831e+00
3.841010600000000164e+00 1.005068450229630317e+00
3.847208199999999856e+00 1.005041262424661186e+00
3.853405799999999992e+00 1.005014166174786006e+00
3.859603499999999965e+00 1.004987161262192785e+00
3.865797000000000150e+00 1.004960266419418158e+00
3.871994599999999842e+00 1.004933445561636107e+00
3.878192199999999978e+00 1.004906716359595054e+00
3.884389800000000115e+00 1.004880078534221344e+00
3.890583400000000136e+00 1.004853548805713759e+00
3.896780999999999828e+00 1.004827092430456537e+00
3.902978599999999965e+00 1.004800726016960022e+00
3.909176200000000101e+00 1.004774448948936749e+00
3.915369800000000122e+00 1.004748277439145188e+00
3.921567399999999814e+00 1.004722176995165750e+00
3.927764999999999951e+00 1.004696163850187673e+00
3.933962600000000087e+00 1.004670237314451375e+00
3.940156200000000108e+00 1.004644413372842493e+00
3.946353799999999801e+00 1.004618658044424739e+00
3.952551399999999937e+00 1.004592987462504583e+00
3.958749000000000073e+00 1.004567401120197712e+00
3.964942600000000095e+00 1.004541915018275500e+00
3.971140199999999787e+00 1.004516495888049477e+00
3.977337799999999923e+00 1.004491159953704527e+00
3.983535400000000060e+00 1.004465907042269679e+00
3.989729000000000081e+00 1.004440753288253330e+00
3.995926600000000217e+00 1.004415666204425239e+00
4.002124199999999909e+00 1.004390662146727120e+00
4.008321800000000046e+00 1.004365741273538726e+00
4.014515300000000231e+00 1.004340920211754362e+00
4.020712999999999759e+00 1.004316165977716002e+00
4.026910599999999896e+00 1.004291496148518315e+00
4.033108200000000032e+00 1.004266910672365398e+00
4.039301700000000217e+00 1.004242426092804674e+00
4.045499399999999746e+00 1.004218009963637526e+00
4.051696999999999882e+00 1.004193679660161598e+00
4.057894600000000018e+00 1.004169435111900821e+00
4.064088100000000203e+00 1.004145292556958724e+00
4.070285700000000340e+00 1.004121220264626357e+00
4.076491500000000379e+00 1.004097202739060668e+00
4.082685099999999956e+00 1.004073318949627813e+00
4.088878600000000141e+00 1.004049522002877781e+00
4.095072100000000326e+00 1.004025811454694050e+00
4.101265699999999903e+00 1.004002186781546291e+00
4.107459200000000088e+00 1.003978648517594330e+00
4.113652799999999665e+00 1.003955195589190552e+00
4.119846299999999850e+00 1.003931828358340050e+00
4.126039800000000035e+00 1.003908545973475119e+00
4.132233399999999612e+00 1.003885347518173266e+00
4.138467699999999638e+00 1.003862081145579621e+00
4.144661199999999823e+00 1.003839050349555118e+00
4.150854800000000289e+00 1.003816101518970827e+00
4.157048299999999585e+00 1.003793234662181622e+00
4.163241799999999770e+00 1.003770448654882186e+00
4.169435400000000236e+00 1.003747742369008211e+00
4.175628900000000421e+00 1.003725115777951871e+00
4.181822499999999998e+00 1.003702567404292312e+00
4.188016000000000183e+00 1.003680097252537040e+00
4.194209599999999760e+00 1.003657703905690202e+00
4.200403099999999945e+00 1.003635387435642512e+00
4.206596600000000130e+00 1.003613146875727447e+00
4.212790199999999707e+00 1.003590981315995112e+00
4.219024499999999733e+00 1.003568745700778031e+00
4.225217999999999918e+00 1.003546730268516818e+00
4.231411600000000384e+00 1.003524788517582422e+00
4.237605099999999680e+00 1.003502920830377843e+00
4.243798599999999865e+00 1.003481126579211402e+00
4.249992200000000331e+00 1.003459405190186615e+00
4.256185699999999628e+00 1.003437757184501233e+00
4.262379300000000093e+00 1.003416181719891886e+00
4.268572800000000278e+00 1.003394679379471910e+00
4.274766299999999575e+00 1.003373249722291360e+00
4.280959900000000040e+00 1.003351892325253791e+00
4.287153400000000225e+00 1.003330607803755825e+00
4.293346999999999802e+00 1.003309395392336878e+00
4.299581299999999828e+00 1.003288116666611662e+00
4.305774800000000013e+00 1.003267049687788681e+00
4.311968300000000198e+00 1.003246054824054934e+00
4.318161899999999775e+00 1.003225131569721595e+00
4.324355399999999960e+00 1.003204280395083581e+00
4.330549000000000426e+00 1.003183500381115145e+00
4.336742499999999723e+00 1.003162791910675589e+00
4.342936100000000188e+00 1.003142153983703544e+00
4.349129600000000373e+00 1.003121586892795847e+00
4.355323099999999670e+00 1.003101089889923747e+00
4.361516700000000135e+00 1.003080662194577144e+00
4.367710200000000320e+00 1.003060303982769463e+00
4.373903799999999897e+00 1.003040014086853837e+00
4.380097300000000082e+00 1.003019792631899776e+00
4.386331600000000108e+00 1.002999506205320301e+00
4.392525100000000293e+00 1.002979419783893267e+00
4.398718699999999870e+00 1.002959399517058481e+00
4.404912200000000055e+00 1.002939445521490835e+00
4.411105799999999633e+00 1.002919556644351173e+00
4.417299299999999818e+00 1.002899733048960407e+00
4.423492800000000003e+00 1.002879973972027328e+00
4.429686399999999580e+00 1.002860278698692431e+00
4.435879899999999765e+00 1.002840647517920569e+00
4.442073500000000230e+00 1.002821079504158996e+00
4.448267000000000415e+00 1.002801575056925243e+00
4.454460599999999992e+00 1.002782133375839546e+00
4.460654100000000177e+00 1.002762754981182391e+00
4.466888400000000203e+00 1.002743312480852689e+00
4.473081900000000388e+00 1.002724060372209847e+00
4.479275499999999965e+00 1.002704870973583295e+00
4.485469000000000150e+00 1.002685745033773168e+00
4.491662599999999728e+00 1.002666682112824947e+00
4.497856099999999913e+00 1.002647683045932103e+00
4.504049600000000098e+00 1.002628747778927520e+00
4.510243199999999675e+00 1.002609876288070856e+00
4.516436699999999860e+00 1.002591069480738950e+00
4.522630300000000325e+00 1.002572327056065582e+00
4.528823799999999622e+00 1.002553649924917911e+00
4.535017299999999807e+00 1.002535038079860330e+00
4.541210900000000272e+00 1.002516491498867124e+00
4.547445200000000298e+00 1.002497889508210172e+00
4.553638699999999595e+00 1.002479475503023965e+00
4.559832300000000060e+00 1.002461127403843077e+00
4.566025800000000245e+00 1.002442845928503523e+00
4.572219300000000430e+00 1.002424630853380627e+00
4.578412900000000008e+00 1.002406481903505453e+00
4.584606400000000193e+00 1.002388399624688065e+00
4.590799999999999770e+00 1.002370383334203252e+00
4.596993499999999955e+00 1.002352433456978442e+00
4.603187100000000420e+00 1.002334549200337488e+00
4.609380599999999717e+00 1.002316730875642659e+00
4.615574099999999902e+00 1.002298977878590014e+00
4.621767700000000367e+00 1.002281289565477351e+00
4.627961199999999664e+00 1.002263666111373519e+00
4.634195499999999690e+00 1.002245991342294085e+00
4.640389100000000155e+00 1.002228495866744229e+00
4.646582600000000340e+00 1.002211063901967014e+00
4.652776099999999637e+00 1.002193694692010695e+00
4.658969700000000103e+00 1.002176387485294917e+00
4.665163200000000288e+00 1.002159142375939949e+00
4.671356799999999865e+00 1.002141958357328999e+00
4.677550300000000050e+00 1.002124835556156945e+00
4.683743800000000235e+00 1.002107773293531734e+00
4.689937399999999812e+00 1.002090770926510110e+00
4.696130899999999997e+00 1.002073828671002254e+00
4.702324499999999574e+00 1.002056945685209755e+00
4.708517999999999759e+00 1.002040122259487021e+00
4.714752299999999785e+00 1.002023247665462913e+00
4.720945799999999970e+00 1.002006542596261651e+00
4.727139400000000435e+00 1.001989896016154180e+00
4.733332899999999732e+00 1.001973308358110826e+00
4.739526500000000198e+00 1.001956779011400345e+00
4.745720000000000383e+00 1.001940308459039919e+00
4.751913599999999960e+00 1.001923896136877490e+00
4.758107100000000145e+00 1.001907542554570929e+00
4.764300600000000330e+00 1.001891247431424770e+00
4.770494199999999907e+00 1.001875010488485485e+00
4.776687700000000092e+00 1.001858832223623486e+00
4.782881299999999669e+00 1.001842712071811858e+00
4.789074799999999854e+00 1.001826650488210957e+00
4.795309099999999880e+00 1.001810541887532491e+00
4.801502600000000065e+00 1.001794596983942354e+00
4.807696199999999642e+00 1.001778709740397844e+00
4.813889699999999827e+00 1.001762880459896587e+00
4.820083300000000293e+00 1.001747108376371820e+00
4.826276799999999589e+00 1.001731393698027439e+00
4.832470299999999774e+00 1.001715735822342523e+00
4.838663900000000240e+00 1.001700134105265816e+00
4.844857400000000425e+00 1.001684588615105120e+00
4.851051000000000002e+00 1.001669098374958544e+00
4.857244500000000187e+00 1.001653663375287939e+00
4.863438099999999764e+00 1.001638282578617645e+00
4.869631599999999949e+00 1.001622955919681424e+00
4.875865899999999975e+00 1.001607582133477559e+00
4.882059400000000160e+00 1.001592361856527891e+00
4.888252999999999737e+00 1.001577193470555738e+00
4.894446499999999922e+00 1.001562076887352326e+00
4.900640100000000388e+00 1.001547011056868053e+00
4.906833599999999684e+00 1.001531995927681384e+00
4.913027099999999869e+00 1.001517030749625947e+00
4.919220700000000335e+00 1.001502114813974886e+00
4.925414199999999632e+00 1.001487248178315470e+00
4.931607800000000097e+00 1.001472429987821489e+00
4.937801300000000282e+00 1.001457660399597049e+00
4.943994899999999859e+00 1.001442938671515126e+00
4.950188400000000044e+00 1.001428265071619972e+00
4.956381900000000229e+00 1.001413639212680229e+00
4.962616200000000255e+00 1.001398965125944063e+00
4.968809799999999832e+00 1.001384434607630380e+00
4.975003300000000017e+00 1.001369951951428305e+00
4.981196800000000202e+00 1.001355516984349103e+00
4.987390399999999779e+00 1.001341129577837163e+00
4.993583899999999964e+00 1.001326790334666539e+00
4.999777500000000430e+00 1.001312498957553032e+00
5.005970999999999727e+00 1.001298256093473560e+00
5.012164600000000192e+00 1.001284061479508436e+00
5.018358100000000377e+00 1.001269915774144259e+00
5.024551599999999674e+00 1.001255818942660580e+00
5.030745200000000139e+00 1.001241770940059173e+00
5.036938700000000324e+00 1.001227772380206771e+00
5.043173000000000350e+00 1.001213731440480315e+00
5.049366599999999927e+00 1.001199831774606697e+00
5.055560100000000112e+00 1.001185981835396976e+00
5.061753600000000297e+00 1.001172181410146633e+00
5.067947199999999874e+00 1.001158430241499087e+00
5.074140700000000059e+00 1.001144728687908714e+00
5.080334299999999637e+00 1.001131076170743261e+00
5.086527799999999822e+00 1.001117472944647036e+00
5.092721400000000287e+00 1.001103918335917387e+00
5.098914899999999584e+00 1.001090412502660731e+00
5.105108399999999769e+00 1.001076954905059102e+00
5.111302000000000234e+00 1.001063544970629104e+00
5.117495500000000419e+00 1.001050182746352935e+00
5.123729799999999557e+00 1.001036780047444452e+00
5.129923400000000022e+00 1.001023511659645093e+00
5.136116900000000207e+00 1.001010289711560031e+00
5.142310400000000392e+00 1.000997113556800544e+00
5.148503999999999969e+00 1.000983982560122110e+00
5.154697500000000154e+00 1.000970896737784610e+00
5.160891099999999732e+00 1.000957855282537334e+00
5.167084599999999917e+00 1.000944858260536252e+00
5.173278100000000101e+00 1.000931905141427158e+00
5.179471699999999679e+00 1.000918995438139891e+00
5.185665199999999864e+00 1.000906129332849837e+00
5.191858800000000329e+00 1.000893306222375490e+00
5.198052299999999626e+00 1.000880526381550562e+00
5.204245900000000091e+00 1.000867789307123168e+00
5.210480099999999837e+00 1.000855012092389140e+00
5.216673700000000302e+00 1.000842361162194827e+00
5.222867199999999599e+00 1.000829753412460388e+00
5.229060800000000064e+00 1.000817188517866940e+00
5.235254300000000249e+00 1.000804666997690440e+00
5.241447899999999827e+00 1.000792188586481446e+00
5.247641400000000012e+00 1.000779753844377007e+00
5.253834900000000196e+00 1.000767362737500665e+00
5.260028499999999774e+00 1.000755015237700052e+00
5.266221999999999959e+00 1.000742711909505811e+00
5.272415600000000424e+00 1.000730452508542312e+00
5.278609099999999721e+00 1.000718237563155588e+00
5.284802599999999906e+00 1.000706066980020292e+00
5.291036899999999932e+00 1.000693861095990345e+00
5.297230500000000397e+00 1.000681779509372760e+00
5.303423999999999694e+00 1.000669742570539089e+00
5.309617600000000159e+00 1.000657749830611953e+00
5.315811100000000344e+00 1.000645801566884208e+00
5.322004599999999641e+00 1.000633897424576979e+00
5.328198200000000107e+00 1.000622037001178688e+00
5.334391700000000291e+00 1.000610220419229313e+00
5.340585299999999869e+00 1.000598446990356827e+00
5.346778800000000054e+00 1.000586716745521132e+00
5.352972399999999631e+00 1.000575028919230780e+00
5.359165899999999816e+00 1.000563383470639334e+00
5.365359400000000001e+00 1.000551779767555161e+00
5.371593700000000027e+00 1.000540141317064036e+00
5.377787299999999604e+00 1.000528619794556651e+00
5.383980799999999789e+00 1.000517138796995331e+00
5.390174400000000254e+00 1.000505697487262369e+00
5.396367900000000439e+00 1.000494295782363263e+00
5.402561399999999736e+00 1.000482933066122460e+00
5.408755000000000202e+00 1.000471608753030539e+00
5.414948500000000386e+00 1.000460322840002192e+00
5.421142099999999964e+00 1.000449074633215751e+00
5.427335600000000149e+00 1.000437864210031780e+00
5.433529100000000334e+00 1.000426691149164382e+00
5.439722699999999911e+00 1.000415555079972041e+00
5.445916200000000096e+00 1.000404456219617044e+00
5.452109799999999673e+00 1.000393394115149492e+00
5.458344099999999699e+00 1.000382296569297225e+00
5.464537599999999884e+00 1.000371308651513358e+00
5.470731100000000069e+00 1.000360357645307507e+00
5.476924699999999646e+00 1.000349443439638719e+00
5.483118199999999831e+00 1.000338566478227831e+00
5.489311800000000297e+00 1.000327726520545912e+00
5.495505299999999593e+00 1.000316924039258426e+00
5.501698900000000059e+00 1.000306158812265478e+00
5.507892400000000244e+00 1.000295431310087135e+00
5.514085900000000429e+00 1.000284741469830818e+00
5.520279500000000006e+00 1.000274089211828921e+00
5.526473000000000191e+00 1.000263474945836784e+00
5.532666599999999768e+00 1.000252898362304688e+00
5.538900899999999794e+00 1.000242290499992803e+00
5.545094399999999979e+00 1.000231789985105424e+00
5.551287900000000164e+00 1.000221327177017949e+00
5.557481499999999741e+00 1.000210901766312777e+00
5.563674999999999926e+00 1.000200513899546451e+00
5.569868600000000392e+00 1.000190163003016108e+00
5.576062099999999688e+00 1.000179849126416443e+00
5.582255599999999873e+00 1.000169571774624844e+00
5.588449200000000339e+00 1.000159330416068304e+00
5.594642699999999635e+00 1.000149124981577931e+00
5.600836300000000101e+00 1.000138954714758999e+00
5.607029800000000286e+00 1.000128819497448029e+00
5.613223399999999863e+00 1.000118718543860918e+00
5.619457599999999609e+00 1.000108585676137807e+00
5.625651200000000074e+00 1.000098552414295572e+00
5.631844700000000259e+00 1.000088552374750916e+00
5.638038299999999836e+00 1.000078584812048366e+00
5.644231800000000021e+00 1.000068649654771713e+00
5.650425399999999598e+00 1.000058746225150674e+00
5.656618899999999783e+00 1.000048874528648435e+00
5.662812399999999968e+00 1.000039034138632932e+00
5.669006000000000434e+00 1.000029224682440487e+00
5.675199499999999730e+00 1.000019446317077065e+00
5.681393100000000196e+00 1.000009698623286925e+00
5.687586600000000381e+00 9.999999818687074216e-01
5.693780099999999678e+00 9.999902959036328642e-01
5.700014399999999704e+00 9.999805772872952803e-01
