4.173085900000000209e-02 4.572187141853029132e+08
4.372891599999999962e-02 4.401840714926609397e+08
4.582263899999999834e-02 4.224412346103398204e+08
4.801661100000000071e-02 4.040203735061609745e+08
5.031562600000000218e-02 3.849638581093375683e+08
5.272471799999999681e-02 3.653274717731552124e+08
5.524915700000000013e-02 3.451814688708922863e+08
5.789446300000000017e-02 3.246108849542551637e+08
6.066642800000000141e-02 3.037151424478717446e+08
6.357111299999999854e-02 2.826073203738499880e+08
6.661487300000000500e-02 2.614129724214205444e+08
6.980436700000000605e-02 2.402692214649015069e+08
7.314657400000000587e-02 2.193242724041841924e+08
7.664880200000000199e-02 1.987373817742711008e+08
8.031871599999999833e-02 1.786785130826340318e+08
8.416434700000000046e-02 1.593267535247940421e+08
8.819410199999999644e-02 1.408660236907109022e+08
9.241680200000000622e-02 1.234771920582817495e+08
9.684167999999999943e-02 1.073273181091398299e+08
1.014784199999999997e-01 9.255724754607552290e+07
1.063371699999999948e-01 7.926973444206923246e+07
1.114285500000000012e-01 6.751889929601898789e+07
1.167637100000000067e-01 5.730085544064444304e+07
1.223543099999999939e-01 4.854679666766697168e+07
1.282125799999999927e-01 4.112270185066450387e+07
1.343513500000000083e-01 3.484274714864949882e+07
1.407840399999999992e-01 2.949861440059055388e+07
1.475247299999999928e-01 2.489578506144035608e+07
1.545881500000000075e-01 2.088116482598721236e+07
1.619897700000000051e-01 1.735264718557935581e+07
1.697457800000000128e-01 1.425423354327373952e+07
1.778731400000000129e-01 1.156300713110445812e+07
1.863896399999999953e-01 9.270953831768114120e+06
1.953139000000000125e-01 7.368707753141991794e+06
2.046654499999999988e-01 5.837952119378295727e+06
2.144647500000000095e-01 4.645447310650813393e+06
2.247332400000000008e-01 3.736172778084021062e+06
2.354933800000000022e-01 3.039397401879392564e+06
2.467687100000000022e-01 2.486882569873481989e+06
2.585838999999999777e-01 2.032230823487797985e+06
2.709647900000000109e-01 1.658282197963011451e+06
2.839384799999999931e-01 1.358356865369454725e+06
2.975333499999999742e-01 1.119715768236180767e+06
3.117791200000000207e-01 9.257133423325676704e+05
3.267069899999999749e-01 7.649864318201899296e+05
3.423495899999999814e-01 6.317021889056942891e+05
3.587411500000000086e-01 5.216832444314981112e+05
3.759175399999999945e-01 4.319847805201558513e+05
3.939163199999999865e-01 3.581969486940188217e+05
4.127768700000000179e-01 2.961937723550553783e+05
4.325404700000000102e-01 2.449632649019029050e+05
4.532503299999999791e-01 2.032180429580821365e+05
4.749517999999999796e-01 1.682548770329964464e+05
4.976922899999999816e-01 1.391835843392880342e+05
5.215216200000000191e-01 1.154483593902472203e+05
5.464918600000000515e-01 9.561778037727402989e+04
5.726576599999999573e-01 7.917802068298993981e+04
6.000763099999999461e-01 6.565366500597563572e+04
6.288076999999999694e-01 5.437815283341868053e+04
6.589147899999999725e-01 4.506448654600435839e+04
6.904633500000000312e-01 3.735483540610417549e+04
7.235224799999999679e-01 3.095287312909177126e+04
7.581644699999999792e-01 2.565855283739499646e+04
7.944650599999999452e-01 2.126175383164346567e+04
8.325037600000000371e-01 1.763168308721157882e+04
8.723636799999999747e-01 1.461305824964150452e+04
9.141321100000000532e-01 1.211435740654077381e+04
9.579004100000000355e-01 1.004554422271971271e+04
1.003764300000000054e+00 8.327697116046008887e+03
1.051824099999999929e+00 6.905487580388534298e+03
1.102185100000000029e+00 5.725769868046601005e+03
1.154957299999999965e+00 4.747603948419851804e+03
1.210256199999999893e+00 3.935883457127471047e+03
1.268202800000000074e+00 3.263876881139251964e+03
1.328923800000000099e+00 2.707245645711328507e+03
1.392552100000000070e+00 2.244413870805623446e+03
1.459227000000000052e+00 1.859511166918518256e+03
1.529094200000000070e+00 1.545142565469688179e+03
1.602306699999999973e+00 1.277909305912764466e+03
1.679024400000000083e+00 1.063340168605307326e+03
1.759415500000000021e+00 8.789822560754038250e+02
1.843655599999999950e+00 7.303045693616955987e+02
1.931929100000000066e+00 6.061868628488399509e+02
2.024429099999999870e+00 5.018255119376561879e+02
2.121357999999999855e+00 4.168366070713425984e+02
2.222927799999999898e+00 3.450774492885681752e+02
2.329360700000000062e+00 2.862264225465722234e+02
2.440889499999999934e+00 2.379002131983870640e+02
2.557758399999999988e+00 1.971015715689444789e+02
2.680222899999999964e+00 1.614130736760033074e+02
2.808550900000000183e+00 1.409721048596907167e+02
2.943023199999999839e+00 1.054021697830380333e+02
3.083934000000000175e+00 9.679051357600408778e+01
3.231591499999999950e+00 7.878403192735366645e+01
3.386318900000000021e+00 5.941671763645260995e+01
3.548454500000000067e+00 5.733747236118862389e+01
3.718353099999999856e+00 4.251861804160967040e+01
3.896386399999999917e+00 3.552586455945582600e+01
4.082943799999999790e+00 3.289551987261455679e+01
4.278433599999999615e+00 2.271110487061643823e+01
