6.367979799999999579e-02 6.668785758218330750e-01
6.972053899999999804e-02 6.665821617265668131e-01
7.576168699999999423e-02 6.662245016578175472e-01
8.180283500000000430e-02 6.657985919103285299e-01
8.784357600000000654e-02 6.652976943268325005e-01
9.388472400000000273e-02 6.647154272349010684e-01
9.992587199999999892e-02 6.640461974800918599e-01
1.059666100000000027e-01 6.632853707517920583e-01
1.120077599999999979e-01 6.624293452366446511e-01
1.180485000000000007e-01 6.614761905329021863e-01
1.240896499999999958e-01 6.604254394635233893e-01
1.301307999999999909e-01 6.592787708125552593e-01
1.361715400000000076e-01 6.580400666411556632e-01
1.422126900000000027e-01 6.567153165356757194e-01
1.482538399999999978e-01 6.553132573486424306e-01
1.542945799999999867e-01 6.538452136593158048e-01
1.603357199999999871e-01 6.523247683433974764e-01
1.663768700000000100e-01 6.507682516663136907e-01
1.724176099999999989e-01 6.491942703882795929e-01
1.784587599999999941e-01 6.476230680213550528e-01
1.844999099999999892e-01 6.460767752127707375e-01
1.905406500000000058e-01 6.445786004101565769e-01
1.965818000000000010e-01 6.431519830139879046e-01
2.026229499999999961e-01 6.418206118438550822e-01
2.086636900000000128e-01 6.406074809007059612e-01
2.147048400000000079e-01 6.395340758495037248e-01
2.207455799999999968e-01 6.386203759603156227e-01
2.267867199999999972e-01 6.378838007828393497e-01
2.328278699999999923e-01 6.373392828396670096e-01
2.388686100000000090e-01 6.369987570607663629e-01
2.449097600000000041e-01 6.368709878690763659e-01
2.509509100000000270e-01 6.369616689653407882e-01
2.569916500000000159e-01 6.372733537445562924e-01
2.630328000000000110e-01 6.378057448051259737e-01
2.690739500000000062e-01 6.385558021514788907e-01
2.751146899999999951e-01 6.395180314126037713e-01
2.811558399999999902e-01 6.406850731970440416e-01
2.871965799999999791e-01 6.420475566037945336e-01
2.932377299999999742e-01 6.435950769634315449e-01
2.992788699999999746e-01 6.453159151493860213e-01
3.053196100000000190e-01 6.471975902001123604e-01
3.113607600000000142e-01 6.492275683866510771e-01
3.174019100000000093e-01 6.513927673384071193e-01
3.234426499999999982e-01 6.536801250145676256e-01
3.294837999999999933e-01 6.560773064562445134e-01
3.355245399999999822e-01 6.585717699940805137e-01
3.415656899999999774e-01 6.611522102644151744e-01
3.476068399999999725e-01 6.638075119911819311e-01
3.536475800000000169e-01 6.665273362511560107e-01
3.596887300000000121e-01 6.693027799646900089e-01
3.657298700000000125e-01 6.721253286317663278e-01
3.717706100000000013e-01 6.749874648593215953e-01
3.778117599999999965e-01 6.778832730615145241e-01
3.838529099999999916e-01 6.808073125634126477e-01
3.898936499999999805e-01 6.837551925650984241e-01
3.959347999999999757e-01 6.867241708288517321e-01
4.019755400000000201e-01 6.897117226336052509e-01
4.080158700000000027e-01 6.927166987094446338e-01
4.140586499999999726e-01 6.957402989612926358e-01
4.200973599999999752e-01 6.987798553791808587e-01
4.261401300000000059e-01 7.018407972748559320e-01
4.321788400000000085e-01 7.049209668352622860e-01
4.382216099999999837e-01 7.080269524526253688e-01
4.442643900000000090e-01 7.111594907043735647e-01
4.503031000000000117e-01 7.143194259511677080e-01
4.563458699999999868e-01 7.175140387279942411e-01
4.623845799999999895e-01 7.207419414743686525e-01
4.684273600000000148e-01 7.240101176851967413e-01
4.744660600000000228e-01 7.273163833833795611e-01
4.805088399999999926e-01 7.306668941639883341e-01
4.865516200000000180e-01 7.340604735064769626e-01
4.925903200000000259e-01 7.374951002794740695e-01
4.986330999999999958e-01 7.409749425935844291e-01
5.046718000000000037e-01 7.444940116959954945e-01
5.107145800000000291e-01 7.480549508573467454e-01
5.167532799999999815e-01 7.516500442440513519e-01
5.227960600000000069e-01 7.552804901742958821e-01
5.288388400000000322e-01 7.589395297345856717e-01
5.348775399999999847e-01 7.626197359599580228e-01
5.409203200000000100e-01 7.663206628469461101e-01
5.469590199999999625e-01 7.700315244018046679e-01
5.530017999999999878e-01 7.737512866665016142e-01
5.590405000000000513e-01 7.774687508732641694e-01
5.650832799999999656e-01 7.811827465541451021e-01
5.711219899999999683e-01 7.848821789752177258e-01
5.771647600000000544e-01 7.885661478465199048e-01
5.832075399999999687e-01 7.922265902326975917e-01
5.892462499999999714e-01 7.958558794932828473e-01
5.952890199999999465e-01 7.994541815349076597e-01
6.013277299999999492e-01 8.030124619260468055e-01
6.073705000000000354e-01 8.065318595017035852e-01
6.134092100000000380e-01 8.100045830116943124e-01
6.194519899999999524e-01 8.134328322827201196e-01
6.254947600000000385e-01 8.168123521125137954e-01
6.315334700000000412e-01 8.201395968467997122e-01
6.375762499999999555e-01 8.234182437307601132e-01
6.436149500000000190e-01 8.266435530143617649e-01
6.496577300000000443e-01 8.298199949691311694e-01
6.556964299999999968e-01 8.329437609427007283e-01
6.617392100000000221e-01 8.360198564437635316e-01
6.677779099999999746e-01 8.390451457123264678e-01
6.738206899999999999e-01 8.420249013248324310e-01
6.798634700000000253e-01 8.449583463390647475e-01
6.859021699999999777e-01 8.478448633001478552e-01
6.919449500000000031e-01 8.506896461094466400e-01
6.979836499999999555e-01 8.534900704781815950e-01
7.040264299999999809e-01 8.562510205369251448e-01
7.100651300000000443e-01 8.589697142122807438e-01
7.161079099999999587e-01 8.616505940786443052e-01
7.221506899999999840e-01 8.642923844471411821e-01
7.281893900000000475e-01 8.668937135356437063e-01
7.342321699999999618e-01 8.694582681839747584e-01
7.402708799999999645e-01 8.719825686979647550e-01
7.463136500000000506e-01 8.744698153097515414e-01
7.523523600000000533e-01 8.769163103513137880e-01
7.583951399999999676e-01 8.793248588392976739e-01
7.644338400000000311e-01 8.816916189969513651e-01
7.704766199999999454e-01 8.840191193030014771e-01
7.765193999999999708e-01 8.863050318154880314e-01
7.825581000000000342e-01 8.885471264820389292e-01
7.886008799999999486e-01 8.907477193724395725e-01
7.946395800000000120e-01 8.929031700878327094e-01
8.006823600000000374e-01 8.950157928587894052e-01
8.067210599999999898e-01 8.970822322462248533e-01
8.127638400000000152e-01 8.991048944482887828e-01
8.188066200000000405e-01 9.010821172632197396e-01
8.248453199999999930e-01 9.030125117306490035e-01
8.308881000000000183e-01 9.048987486729316299e-01
8.369267999999999708e-01 9.067385133887093662e-01
8.429695799999999961e-01 9.085346990253666544e-01
8.490082799999999486e-01 9.102854613250105364e-01
8.550510599999999739e-01 9.119939187233253586e-01
8.610938399999999993e-01 9.136597896671738717e-01
8.671325399999999517e-01 9.152830586806141033e-01
8.731753199999999770e-01 9.168671216480555053e-01
8.792140200000000405e-01 9.184111567959030165e-01
8.852567999999999548e-01 9.199186624575611537e-01
8.912955099999999575e-01 9.213890837904989972e-01
8.973382800000000437e-01 9.228259203592472648e-01
9.033769900000000463e-01 9.242287705297130840e-01
9.094197699999999607e-01 9.256010339294554745e-01
9.154625400000000468e-01 9.269432143326837847e-01
9.215012500000000495e-01 9.282558250000882971e-01
9.275440299999999638e-01 9.295419115165942658e-01
9.335827300000000273e-01 9.308008884306723241e-01
9.396255100000000526e-01 9.320354592357390500e-01
9.456642100000000051e-01 9.332447959262798465e-01
9.517069900000000304e-01 9.344312011453459466e-01
9.577497699999999448e-01 9.355943440083042129e-01
9.637884700000000082e-01 9.367337853814122761e-01
9.698312500000000336e-01 9.378512261046914045e-01
9.758699499999999860e-01 9.389451720846568872e-01
9.819127300000000114e-01 9.400169911345477303e-01
9.879514299999999638e-01 9.410650260862101213e-01
9.939942099999999892e-01 9.420904131058133180e-01
1.000032899999999891e+00 9.430914484455885649e-01
1.006075700000000017e+00 9.440691697023089191e-01
1.012118499999999921e+00 9.450225959608217208e-01
1.018157200000000095e+00 9.459508772006754995e-01
1.024199999999999999e+00 9.468551400475506696e-01
1.030238699999999952e+00 9.477341448731894102e-01
1.036281400000000019e+00 9.485892027401862103e-01
1.042320099999999972e+00 9.494194738663693789e-01
1.048362900000000097e+00 9.502265358671870832e-01
1.054405700000000001e+00 9.510104580090439352e-01
1.060444399999999954e+00 9.517715458249668137e-01
1.066487200000000080e+00 9.525118113185369051e-01
1.072525900000000032e+00 9.532313754496771763e-01
1.078568699999999936e+00 9.539324678076739339e-01
1.084607400000000110e+00 9.546154871437023681e-01
1.090650099999999956e+00 9.552827690537145644e-01
1.096692900000000082e+00 9.559353196079233284e-01
1.102731600000000034e+00 9.565741499094047029e-01
1.108774399999999938e+00 9.572015412337536722e-01
1.114813099999999890e+00 9.578179835285405286e-01
1.120855900000000016e+00 9.584255537762159660e-01
1.126894599999999969e+00 9.590245364330063360e-01
1.132937400000000094e+00 9.596167024073425367e-01
1.138976100000000047e+00 9.602020359602175814e-01
1.145018799999999892e+00 9.607819315360841550e-01
1.151061600000000018e+00 9.613564349717551583e-01
1.157100299999999971e+00 9.619253973592668538e-01
1.163143100000000096e+00 9.624896643858812384e-01
1.169181800000000049e+00 9.630483855143500138e-01
1.175224599999999953e+00 9.636020952889641222e-01
1.181263299999999905e+00 9.641497017472148157e-01
1.187306100000000031e+00 9.646915160256067656e-01
1.193348800000000098e+00 9.652266579961663595e-01
1.199387500000000051e+00 9.657542546464050748e-01
1.205430299999999955e+00 9.662744679781282153e-01
1.211468999999999907e+00 9.667860616360719472e-01
1.217511800000000033e+00 9.672892370899547343e-01
1.223550499999999985e+00 9.677828765622404905e-01
1.229593299999999889e+00 9.682672896255453132e-01
1.235632000000000064e+00 9.687415460809126744e-01
1.241674799999999967e+00 9.692061135544701722e-01
1.247717500000000035e+00 9.696605847087385044e-01
1.253756199999999987e+00 9.701047051665406817e-01
1.259798999999999891e+00 9.705391999792565283e-01
1.265837700000000066e+00 9.709637042057400746e-01
1.271880499999999969e+00 9.713791059826073493e-01
1.277919199999999922e+00 9.717852289435412461e-01
1.283962000000000048e+00 9.721830754699419819e-01
1.290004799999999952e+00 9.725728670853561741e-01
1.296043499999999904e+00 9.729548812152948312e-01
1.302086300000000030e+00 9.733301893398702553e-01
1.308124999999999982e+00 9.736988377717179510e-01
1.314167700000000050e+00 9.740618658036671595e-01
1.320206400000000002e+00 9.744193116467892990e-01
1.326249199999999906e+00 9.747721358548447901e-01
1.332287900000000080e+00 9.751202911770164850e-01
1.338330699999999984e+00 9.754646234406786354e-01
1.344373500000000110e+00 9.758052015175519012e-01
1.350412200000000063e+00 9.761420323071842153e-01
1.356454999999999966e+00 9.764757316818902799e-01
1.362493699999999919e+00 9.768059279108394222e-01
1.368536399999999986e+00 9.771330684447063764e-01
1.374575099999999939e+00 9.774566506831349200e-01
1.380617900000000065e+00 9.777769696913358732e-01
1.386660699999999968e+00 9.780936028776749946e-01
1.392699399999999921e+00 9.784060832801588781e-01
1.398742200000000047e+00 9.787145346514666278e-01
1.404780899999999999e+00 9.790182049009259480e-01
1.410823699999999903e+00 9.793171516238816654e-01
1.416862400000000077e+00 9.796106068978787107e-01
1.422905099999999923e+00 9.798986076452320670e-01
1.428947900000000049e+00 9.801806246684777735e-01
1.434986600000000001e+00 9.804561633671347032e-01
1.441029399999999905e+00 9.807253385106362575e-01
1.447068100000000079e+00 9.809875824760972973e-01
1.453110899999999983e+00 9.812431156511112196e-01
1.459149599999999936e+00 9.814915305101125087e-01
1.465192400000000061e+00 9.817331842598931990e-01
1.471231100000000014e+00 9.819678527536603863e-01
1.477273800000000081e+00 9.821960393035136239e-01
1.483316599999999985e+00 9.824178605016316013e-01
1.489355299999999938e+00 9.826335156513144042e-01
1.495398100000000063e+00 9.828437137348013941e-01
1.501436800000000016e+00 9.830486431999868602e-01
1.507479599999999920e+00 9.832491013054547313e-01
1.513518300000000094e+00 9.834453643822937963e-01
1.519561099999999998e+00 9.836382612529898095e-01
1.525603800000000065e+00 9.838282131519633378e-01
1.531642500000000018e+00 9.840156377135788057e-01
1.537685299999999922e+00 9.842012861625454301e-01
1.543724000000000096e+00 9.843853528823719445e-01
1.549766800000000000e+00 9.845684678051321859e-01
1.555805499999999952e+00 9.847506843759992190e-01
1.561848300000000078e+00 9.849324663495194754e-01
1.567887000000000031e+00 9.851136925885595197e-01
1.573929799999999934e+00 9.852946428914245436e-01
1.579972500000000002e+00 9.854751351170528695e-01
1.586011300000000013e+00 9.856549164316162903e-01
1.592054000000000080e+00 9.858340041835457201e-01
1.598092700000000033e+00 9.860118863857054716e-01
1.604135499999999936e+00 9.861884742364928069e-01
1.610174200000000111e+00 9.863631674955425366e-01
1.616217000000000015e+00 9.865358255922486164e-01
1.622259799999999919e+00 9.867059514673282017e-01
1.628298500000000093e+00 9.868730718063007945e-01
1.634341299999999997e+00 9.870370854007496364e-01
1.640379999999999949e+00 9.871974884128074113e-01
1.646422700000000017e+00 9.873542730922046928e-01
1.652461399999999969e+00 9.875070768846920810e-01
1.658504200000000095e+00 9.876560238655905932e-01
1.664546999999999999e+00 9.878010058867392473e-01
1.670585699999999951e+00 9.879420034723888078e-01
1.676628500000000077e+00 9.880793581332988351e-01
1.682667200000000030e+00 9.882131027160371284e-01
1.688709999999999933e+00 9.883436993028111850e-01
1.694748700000000108e+00 9.884713013215118416e-01
1.700791399999999953e+00 9.885964491135867949e-01
1.706830099999999906e+00 9.887193704315836440e-01
1.712872900000000032e+00 9.888406344432766337e-01
1.718915699999999935e+00 9.889605579388094370e-01
1.724954400000000110e+00 9.890794440482554295e-01
1.730997200000000014e+00 9.891978076547907062e-01
1.737035899999999966e+00 9.893158002278708008e-01
1.743078700000000092e+00 9.894338440230300291e-01
1.749117400000000044e+00 9.895519832624666279e-01
1.755160099999999890e+00 9.896705187810590498e-01
1.761202900000000016e+00 9.897894522081208679e-01
1.767241599999999968e+00 9.899087136796546060e-01
1.773284400000000094e+00 9.900284159952114083e-01
1.779323100000000046e+00 9.901482896125060051e-01
1.785365899999999950e+00 9.902683380890436871e-01
1.791404599999999903e+00 9.903881949560644493e-01
1.797447400000000028e+00 9.905077832740696309e-01
1.803486099999999981e+00 9.906266746864658135e-01
1.809528800000000048e+00 9.907447454610524007e-01
1.815571599999999952e+00 9.908616280044062474e-01
1.821610299999999905e+00 9.909769544478729264e-01
1.827653100000000030e+00 9.910906047646740324e-01
1.833691799999999983e+00 9.912021679848955769e-01
1.839734600000000109e+00 9.913115656264454012e-01
1.845773300000000061e+00 9.914184527499525501e-01
1.851816099999999965e+00 9.915228162932208100e-01
1.857858800000000032e+00 9.916244653060074521e-01
1.863897499999999985e+00 9.917232662821851008e-01
1.869940300000000111e+00 9.918193275016868871e-01
1.875979000000000063e+00 9.919125411340028453e-01
1.882021799999999967e+00 9.920031020090861462e-01
1.888060499999999919e+00 9.920909989315116473e-01
1.894103300000000045e+00 9.921765033276910284e-01
1.900146099999999949e+00 9.922597428162277522e-01
1.906184799999999901e+00 9.923408819141573689e-01
1.912227600000000027e+00 9.924202743815947469e-01
1.918266299999999980e+00 9.924980738366657729e-01
1.924309000000000047e+00 9.925746569858111545e-01
1.930347700000000000e+00 9.926501975802967115e-01
1.936390499999999903e+00 9.927250675337052632e-01
1.942429200000000078e+00 9.927994230077595850e-01
1.948471999999999982e+00 9.928736027322592195e-01
1.954514800000000108e+00 9.929477665971748745e-01
1.960553500000000060e+00 9.930220407291696638e-01
1.966596299999999964e+00 9.930966631717195181e-01
1.972634999999999916e+00 9.931716260144818342e-01
1.978677699999999984e+00 9.932470764121864581e-01
1.984716399999999936e+00 9.933229126712981305e-01
1.990759200000000062e+00 9.933991862793597472e-01
1.996801999999999966e+00 9.934757487615270000e-01
2.002840700000000140e+00 9.935524072993354716e-01
2.008883500000000044e+00 9.936290865230105185e-01
2.014922199999999997e+00 9.937054705621092277e-01
2.020964999999999900e+00 9.937814260787805054e-01
2.027003699999999853e+00 9.938565966267686180e-01
2.033046399999999920e+00 9.939308221485761985e-01
2.039085099999999873e+00 9.940037460340460651e-01
2.045127900000000221e+00 9.940752195293431903e-01
2.051170700000000124e+00 9.941449674479896359e-01
2.057209400000000077e+00 9.942127494679430244e-01
2.063252199999999981e+00 9.942785007126558883e-01
2.069290899999999933e+00 9.943420195547991725e-01
2.075333699999999837e+00 9.944033290261831137e-01
2.081372399999999789e+00 9.944623350800695372e-01
2.087415099999999857e+00 9.945191595483792169e-01
2.093457900000000205e+00 9.945738587594360469e-01
2.099496600000000157e+00 9.946265416153126093e-01
2.105539400000000061e+00 9.946774693911215603e-01
2.111578100000000013e+00 9.947268007036266235e-01
2.117620899999999917e+00 9.947748605165384062e-01
2.123659599999999870e+00 9.948218620273541202e-01
2.129702400000000218e+00 9.948681582268787960e-01
2.135741100000000170e+00 9.949139750956457195e-01
2.141783799999999793e+00 9.949596524773363093e-01
2.147826600000000141e+00 9.950054183919332385e-01
2.153865300000000094e+00 9.950514683663295168e-01
2.159908099999999997e+00 9.950980545509280351e-01
2.165946799999999950e+00 9.951452589191140952e-01
2.171989599999999854e+00 9.951932421007503304e-01
2.178028299999999806e+00 9.952419841997358629e-01
2.184071100000000154e+00 9.952915449849523144e-01
2.190113800000000222e+00 9.953418343216238195e-01
2.196152600000000010e+00 9.953927170438473526e-01
2.202195300000000078e+00 9.954441148795407646e-01
2.208234000000000030e+00 9.954957824800818589e-01
2.214276799999999934e+00 9.955475844978565192e-01
2.220315499999999886e+00 9.955992285619638116e-01
2.226358299999999790e+00 9.956505540624346340e-01
2.232401100000000138e+00 9.957012957332798120e-01
2.238439800000000091e+00 9.957511994904748587e-01
2.244482599999999994e+00 9.958001305208153964e-01
2.250521299999999947e+00 9.958478450952471528e-01
2.256564000000000014e+00 9.958942609281646874e-01
2.262602699999999967e+00 9.959392062332894646e-01
2.268645499999999871e+00 9.959826699366106650e-01
2.274684199999999823e+00 9.960245625524033475e-01
2.280727000000000171e+00 9.960649513640097430e-01
2.286769800000000075e+00 9.961038574155037795e-01
2.292808500000000027e+00 9.961413426225074197e-01
2.298851299999999931e+00 9.961775777036800950e-01
2.304889999999999883e+00 9.962126611788865160e-01
2.310932699999999951e+00 9.962468102249241175e-01
2.316971399999999903e+00 9.962801655350473906e-01
2.323014199999999807e+00 9.963129672822599314e-01
2.329057000000000155e+00 9.963453908524928515e-01
2.335095700000000107e+00 9.963776088622745553e-01
2.341138500000000011e+00 9.964098494898760983e-01
2.347177199999999964e+00 9.964422377514956519e-01
2.353219999999999867e+00 9.964749661650021961e-01
2.359258699999999820e+00 9.965081143141624187e-01
2.365301399999999887e+00 9.965418231816931538e-01
2.371340099999999840e+00 9.965761148412617398e-01
2.377382900000000188e+00 9.966110710611811863e-01
2.383425700000000091e+00 9.966466732325817146e-01
2.389464400000000044e+00 9.966828703302180736e-01
2.395507199999999948e+00 9.967196560405735539e-01
2.401545899999999900e+00 9.967568980406206203e-01
2.407588699999999804e+00 9.967945402992761661e-01
2.413627400000000200e+00 9.968324045966356906e-01
2.419670099999999824e+00 9.968703977606270250e-01
2.425712900000000172e+00 9.969083389817264829e-01
2.431751600000000124e+00 9.969460379225107971e-01
2.437794400000000028e+00 9.969833786149723265e-01
2.443833099999999980e+00 9.970201451710639651e-01
2.449875899999999884e+00 9.970562287187763051e-01
2.455914599999999837e+00 9.970914328224620427e-01
2.461957400000000185e+00 9.971256732406014178e-01
2.468000099999999808e+00 9.971588126733702540e-01
2.474038800000000204e+00 9.971907415061476154e-01
2.480081600000000108e+00 9.972214391522282728e-01
2.486120300000000061e+00 9.972508288781567476e-01
2.492163099999999964e+00 9.972789452441983560e-01
2.498201799999999917e+00 9.973057751181328978e-01
2.504244599999999821e+00 9.973314100872071597e-01
2.510283300000000217e+00 9.973558993224820313e-01
2.516326100000000121e+00 9.973793867974487526e-01
2.522368900000000025e+00 9.974019898639900905e-01
2.528407599999999977e+00 9.974238478068324643e-01
2.534450300000000045e+00 9.974451585396635345e-01
2.540488999999999997e+00 9.974660715793197685e-01
2.546531799999999901e+00 9.974867962507728558e-01
2.552570499999999853e+00 9.975074827415680856e-01
2.558613300000000201e+00 9.975283285428102609e-01
2.564656100000000105e+00 9.975494739602540628e-01
2.570694800000000058e+00 9.975710376998740969e-01
2.576737599999999961e+00 9.975931566966953490e-01
2.582776299999999914e+00 9.976158786183628724e-01
2.588818999999999981e+00 9.976392787372049265e-01
2.594857699999999934e+00 9.976633361060577299e-01
2.600900499999999838e+00 9.976880577689561935e-01
2.606939199999999790e+00 9.977133505485406006e-01
2.612982000000000138e+00 9.977391568472477879e-01
2.619024800000000042e+00 9.977653388681648750e-01
2.625063499999999994e+00 9.977917336054306086e-01
2.631106299999999898e+00 9.978182133003041798e-01
2.637144999999999850e+00 9.978445662563165675e-01
2.643187699999999918e+00 9.978706464034431400e-01
2.649226399999999870e+00 9.978962394985027018e-01
2.655269200000000218e+00 9.979212085290039003e-01
2.661312000000000122e+00 9.979453797472906951e-01
2.667350700000000074e+00 9.979686028734362502e-01
2.673393499999999978e+00 9.979908012404435924e-01
2.679432199999999931e+00 9.980118673926394735e-01
2.685474999999999834e+00 9.980317863512129239e-01
2.691513699999999787e+00 9.980505230247618265e-01
2.697556399999999854e+00 9.980681303325027454e-01
2.703599200000000202e+00 9.980846582777179732e-01
2.709637900000000155e+00 9.981001912033216072e-01
2.715680700000000058e+00 9.981148736715244052e-01
2.721719400000000011e+00 9.981288329754619548e-01
2.727762199999999915e+00 9.981422536528523626e-01
2.733800899999999867e+00 9.981552948484399002e-01
2.739843700000000215e+00 9.981681570391827130e-01
2.745882400000000167e+00 9.981810038370672045e-01
2.751925099999999791e+00 9.981940255424331943e-01
2.757967900000000139e+00 9.982073727093220272e-01
2.764006600000000091e+00 9.982211745530497060e-01
2.770049399999999995e+00 9.982355642916492799e-01
2.776088099999999947e+00 9.982506088183517035e-01
2.782130899999999851e+00 9.982663846982490208e-01
2.788169599999999804e+00 9.982828951121233141e-01
2.794212400000000152e+00 9.983001556230409745e-01
2.800255100000000219e+00 9.983181178553641733e-01
2.806293900000000008e+00 9.983367048172165914e-01
2.812336600000000075e+00 9.983558507613000677e-01
2.818375300000000028e+00 9.983754202703526426e-01
2.824418099999999932e+00 9.983953129823719408e-01
2.830456799999999884e+00 9.984153641964577108e-01
2.836499599999999788e+00 9.984354572150675455e-01
2.842538300000000184e+00 9.984554199784070327e-01
2.848581100000000088e+00 9.984751385667908208e-01
2.854623899999999992e+00 9.984944667086841363e-01
2.860662599999999944e+00 9.985132716809184128e-01
2.866705300000000012e+00 9.985314746016888954e-01
2.872743999999999964e+00 9.985489660921165189e-01
2.878786799999999868e+00 9.985657050881712182e-01
2.884825499999999820e+00 9.985816266031203314e-01
2.890868300000000168e+00 9.985967327624497569e-01
2.896911100000000072e+00 9.986110157102121576e-01
2.902949800000000025e+00 9.986244917740078053e-01
2.908992599999999928e+00 9.986372250488454450e-01
2.915031299999999881e+00 9.986492626735601341e-01
2.921073999999999948e+00 9.986607015834203516e-01
2.927112699999999901e+00 9.986716208504372583e-01
2.933155499999999805e+00 9.986821398662576454e-01
2.939198300000000152e+00 9.986923630410265984e-01
2.945237000000000105e+00 9.987023993258482557e-01
2.951279800000000009e+00 9.987123782825563234e-01
2.957318499999999961e+00 9.987223990321103528e-01
2.963361299999999865e+00 9.987325814543245306e-01
2.969399999999999817e+00 9.987430082965192968e-01
2.975442699999999885e+00 9.987537777071739953e-01
2.981481399999999837e+00 9.987649445350368360e-01
2.987524200000000185e+00 9.987765758230644497e-01
2.993567000000000089e+00 9.987886974446692490e-01
2.999605700000000041e+00 9.988013140662667100e-01
3.005648499999999945e+00 9.988144357613525370e-01
3.011687199999999898e+00 9.988280172666205159e-01
3.017729999999999801e+00 9.988420297622916388e-01
3.023768700000000198e+00 9.988563885092416328e-01
3.029811399999999821e+00 9.988710303143418789e-01
3.035854200000000169e+00 9.988858492872771944e-01
3.041892900000000122e+00 9.989007270393238658e-01
3.047935700000000026e+00 9.989155678640877500e-01
3.053974399999999978e+00 9.989302316311502450e-01
3.060017199999999882e+00 9.989446179325813802e-01
3.066055899999999834e+00 9.989585909026643673e-01
3.072098700000000182e+00 9.989720610145977897e-01
3.078137400000000135e+00 9.989849134462434055e-01
3.084180100000000202e+00 9.989970843178118676e-01
3.090222900000000106e+00 9.990085025958524989e-01
3.096261600000000058e+00 9.990191199547189260e-01
3.102304399999999962e+00 9.990289328632042665e-01
3.108343099999999914e+00 9.990379343959656655e-01
3.114385899999999818e+00 9.990461677878427205e-01
3.120424600000000215e+00 9.990536768083168040e-01
3.126467400000000119e+00 9.990605490775975595e-01
3.132510200000000022e+00 9.990668767384686122e-01
3.138548899999999975e+00 9.990727701487079893e-01
3.144591600000000042e+00 9.990783641830038864e-01
3.150630299999999995e+00 9.990837865261120720e-01
3.156673099999999899e+00 9.990891829784134259e-01
3.162711799999999851e+00 9.990946828015555559e-01
3.168754600000000199e+00 9.991004232094211623e-01
3.174797400000000103e+00 9.991065184484999584e-01
3.180836100000000055e+00 9.991130654372117892e-01
3.186878899999999959e+00 9.991201542988855655e-01
3.192917599999999911e+00 9.991278332666063688e-01
3.198960299999999979e+00 9.991361450449349757e-01
3.204998999999999931e+00 9.991450844196395620e-01
3.211041799999999835e+00 9.991546424900835666e-01
3.217080499999999788e+00 9.991647597026208638e-01
3.223123300000000135e+00 9.991753794489074414e-01
3.229166100000000039e+00 9.991864038446338636e-01
3.235204799999999992e+00 9.991977168253795005e-01
3.241247599999999895e+00 9.992092127474783148e-01
3.247286299999999848e+00 9.992207471430775145e-01
3.253328999999999915e+00 9.992322035431899785e-01
3.259367699999999868e+00 9.992434370539836630e-01
3.265410500000000216e+00 9.992543398832969270e-01
3.271453300000000119e+00 9.992647929267698403e-01
3.277492000000000072e+00 9.992746938332214279e-01
3.283534799999999976e+00 9.992839791571759278e-01
3.289573499999999928e+00 9.992925809082546795e-01
3.295616299999999832e+00 9.993004784723580336e-01
3.301654999999999784e+00 9.993076527784884311e-01
3.307697699999999852e+00 9.993141289077334122e-01
3.313736399999999804e+00 9.993199364740632529e-01
3.319779200000000152e+00 9.993251424091850188e-01
3.325822000000000056e+00 9.993298201078558707e-01
3.331860700000000008e+00 9.993340595493497291e-01
3.337903499999999912e+00 9.993379706652002481e-01
3.343942199999999865e+00 9.993416597312115845e-01
3.349985000000000213e+00 9.993452468100526564e-01
3.356023700000000165e+00 9.993488412207556237e-01
3.362066399999999788e+00 9.993525573383976734e-01
3.368109200000000136e+00 9.993564940783740136e-01
3.374147900000000089e+00 9.993607379527130741e-01
3.380190699999999993e+00 9.993653699137025059e-01
3.386229399999999945e+00 9.993704423723982488e-01
3.392272199999999849e+00 9.993760030709418762e-01
3.398310899999999801e+00 9.993820666112824824e-01
3.404353700000000149e+00 9.993886445729829315e-01
3.410392400000000102e+00 9.993957130541681888e-01
3.416435200000000005e+00 9.994032493854502208e-01
3.422477900000000073e+00 9.994112007824360600e-01
3.428516600000000025e+00 9.994194999999763684e-01
3.434559399999999929e+00 9.994280850152428286e-01
3.440598099999999882e+00 9.994368622194351737e-01
3.446640899999999785e+00 9.994457553467690492e-01
3.452679600000000182e+00 9.994546608689599543e-01
3.458722400000000086e+00 9.994634987667968540e-01
3.464765199999999989e+00 9.994721729746862682e-01
3.470803899999999942e+00 9.994805925977987560e-01
3.476846600000000009e+00 9.994886908274241977e-01
3.482885299999999962e+00 9.994963881713594400e-01
3.488928099999999866e+00 9.995036372654452217e-01
3.494966799999999818e+00 9.995103833540954774e-01
3.501009600000000166e+00 9.995166045828032253e-01
3.507052400000000070e+00 9.995222799750191900e-01
3.513091100000000022e+00 9.995274052962230815e-01
3.519133899999999926e+00 9.995320019065496719e-01
3.525172599999999878e+00 9.995360929326284616e-01
3.531215299999999946e+00 9.995397274892724448e-01
3.537253999999999898e+00 9.995429573762708575e-01
3.543296799999999802e+00 9.995458550494114025e-01
3.549335500000000199e+00 9.995484941588217431e-01
3.555378300000000102e+00 9.995509631710565168e-01
3.561421100000000006e+00 9.995533498062613154e-01
3.567459799999999959e+00 9.995557438676534456e-01
3.573502599999999862e+00 9.995582389282873237e-01
3.579541299999999815e+00 9.995609177742089679e-01
3.585583999999999882e+00 9.995638632188554862e-01
3.591622699999999835e+00 9.995671407010872089e-01
3.597665500000000183e+00 9.995708116526582643e-01
3.603708300000000087e+00 9.995749164527063524e-01
3.609747000000000039e+00 9.995794780042793759e-01
3.615789799999999943e+00 9.995845111276510098e-01
3.621828499999999895e+00 9.995899994997297089e-01
3.627871299999999799e+00 9.995959229763916598e-01
3.633910000000000196e+00 9.996022285632815141e-01
3.639952699999999819e+00 9.996088636640876324e-01
3.645991400000000215e+00 9.996157444397896219e-01
3.652034200000000119e+00 9.996227934610408816e-01
3.658077000000000023e+00 9.996299108846176118e-01
3.664115699999999975e+00 9.996369915450310506e-01
3.670158499999999879e+00 9.996439432202171016e-01
3.676197199999999832e+00 9.996506569814961329e-01
3.682240000000000180e+00 9.996570483369832116e-01
3.688278700000000132e+00 9.996630246098584527e-01
3.694321400000000200e+00 9.996685225154267052e-01
3.700364200000000103e+00 9.996734822439313772e-01
3.706402900000000056e+00 9.996778629436668950e-01
3.712445699999999960e+00 9.996816519587558014e-01
3.718484399999999912e+00 9.996848457367545349e-01
3.724527199999999816e+00 9.996874704627306540e-01
3.730565900000000212e+00 9.996895639175575887e-01
3.736608700000000116e+00 9.996911883612774607e-01
3.742651500000000020e+00 9.996924174848880185e-01
3.748690199999999972e+00 9.996933390265521080e-01
3.754732900000000040e+00 9.996940520785025930e-01
3.760771599999999992e+00 9.996946593267490577e-01
3.766814399999999896e+00 9.996952672072056956e-01
3.772853099999999849e+00 9.996959782894346835e-01
3.778895900000000196e+00 9.996968909620020938e-01
3.784934600000000149e+00 9.996980916096416259e-01
3.790977400000000053e+00 9.996996566135440965e-01
3.797020199999999956e+00 9.997016444231128229e-01
3.803058899999999909e+00 9.997040947106285991e-01
3.809101599999999976e+00 9.997070333037807455e-01
3.815140299999999929e+00 9.997104594303155567e-01
3.821183099999999833e+00 9.997143616529260424e-01
3.827221799999999785e+00 9.997187005054445352e-01
3.833264600000000133e+00 9.997234312118157273e-01
3.839307400000000037e+00 9.997284860819213304e-01
3.845346099999999989e+00 9.997337851315268864e-01
3.851388899999999893e+00 9.997392509709192021e-01
3.857427599999999845e+00 9.997447867035145208e-01
3.863470299999999913e+00 9.997503086319297072e-01
3.869508999999999865e+00 9.997557201982232300e-01
3.875551800000000213e+00 9.997609443026527209e-01
3.881590500000000166e+00 9.997658974304484136e-01
3.887633300000000069e+00 9.997705201787561169e-01
3.893676099999999973e+00 9.997747553390797792e-01
3.899714799999999926e+00 9.997785606928554225e-01
3.905757599999999830e+00 9.997819165836390187e-01
3.911796299999999782e+00 9.997848090223202533e-01
3.917838999999999849e+00 9.997872477338596298e-01
3.923877699999999802e+00 9.997892499669197575e-01
3.929920500000000150e+00 9.997908524707308509e-01
3.935963300000000054e+00 9.997920999266813880e-01
3.942002000000000006e+00 9.997930482224725024e-01
3.948044799999999910e+00 9.997937632078710557e-01
3.954083499999999862e+00 9.997943142747627299e-01
3.960126300000000210e+00 9.997947760701493269e-01
3.966165000000000163e+00 9.997952228541734376e-01
3.972207699999999786e+00 9.997957288650389795e-01
3.978246500000000019e+00 9.997963634531370491e-01
3.984289200000000086e+00 9.997971918614482201e-01
3.990331999999999990e+00 9.997982707007371239e-01
3.996370699999999943e+00 9.997996467693948119e-01
4.002413500000000290e+00 9.998013593815123778e-01
4.008452199999999799e+00 9.998034322813977859e-01
4.014495000000000147e+00 9.998058823841068365e-01
4.020533699999999655e+00 9.998087081727813352e-01
4.026576500000000003e+00 9.998119030418977093e-01
4.032619200000000070e+00 9.998154428002121730e-01
4.038657899999999579e+00 9.998192913085722777e-01
4.044700699999999927e+00 9.998234099939293795e-01
4.050739400000000323e+00 9.998277406160671621e-01
4.056782199999999783e+00 9.998322289074432767e-01
4.062820900000000179e+00 9.998368029608084573e-01
4.068863699999999639e+00 9.998413992816105322e-01
4.074902400000000036e+00 9.998459401958222914e-01
4.080932899999999641e+00 9.998503518685144531e-01
4.087004199999999976e+00 9.998545999528506423e-01
4.093034799999999862e+00 9.998585633415687512e-01
4.099065300000000356e+00 9.998622141083476356e-01
4.105095900000000242e+00 9.998655038347405988e-01
4.111167199999999688e+00 9.998684122164314125e-01
4.117197700000000182e+00 9.998708734322127034e-01
4.123228300000000068e+00 9.998728945906625309e-01
4.129258899999999954e+00 9.998744752544445058e-01
4.135330200000000289e+00 9.998756351770120565e-01
4.141360699999999895e+00 9.998763859610665383e-01
4.147391299999999781e+00 9.998767768478915574e-01
4.153421800000000275e+00 9.998768597068836694e-01
4.159493099999999721e+00 9.998766949462201126e-01
4.165523699999999607e+00 9.998763556983130130e-01
4.171554200000000101e+00 9.998759181399539120e-01
4.177584799999999987e+00 9.998754621105711005e-01
4.183656100000000322e+00 9.998750657121943108e-01
4.189686599999999927e+00 9.998748126478206322e-01
4.195717199999999814e+00 9.998747725735553926e-01
4.201747700000000307e+00 9.998750100509876670e-01
4.207818999999999754e+00 9.998755841699475955e-01
4.213849599999999640e+00 9.998765287611475205e-01
4.219880200000000414e+00 9.998778734127252710e-01
4.225910700000000020e+00 9.998796295489342789e-01
4.231982000000000355e+00 9.998818086492922141e-01
4.238012600000000241e+00 9.998843609011206501e-01
4.244043099999999846e+00 9.998872638425337911e-01
4.250073699999999732e+00 9.998904680850739801e-01
4.256145000000000067e+00 9.998939360467474780e-01
4.262175499999999673e+00 9.998975496980633260e-01
4.268206099999999559e+00 9.999012537068063811e-01
4.274277399999999894e+00 9.999049910666203411e-01
4.280307900000000387e+00 9.999086285690076403e-01
4.286338500000000273e+00 9.999121113203458533e-01
4.292368999999999879e+00 9.999153645626543963e-01
4.298440300000000214e+00 9.999183408947952545e-01
4.304470900000000100e+00 9.999209445515692130e-01
4.310501499999999986e+00 9.999231539626788345e-01
4.316531999999999591e+00 9.999249409098759367e-01
4.322603299999999926e+00 9.999263002670646383e-01
4.328633899999999812e+00 9.999272167464858807e-01
4.334664400000000306e+00 9.999277194134377211e-01
4.340695000000000192e+00 9.999278413937197074e-01
4.346766299999999639e+00 9.999276265614732706e-01
4.352796800000000133e+00 9.999271358151858857e-01
4.358827400000000019e+00 9.999264354781104425e-01
4.364857899999999624e+00 9.999255986512735062e-01
4.370929199999999959e+00 9.999246958505844107e-01
4.376959799999999845e+00 9.999238168832629281e-01
4.382990300000000339e+00 9.999230308226505493e-01
4.389020900000000225e+00 9.999224076684918305e-01
4.395092199999999671e+00 9.999220082355980699e-01
4.401122799999999557e+00 9.999218911837991497e-01
4.407153300000000051e+00 9.999220947206671761e-01
4.413183899999999937e+00 9.999226481000572653e-01
4.419255200000000272e+00 9.999235748420574055e-01
4.425285699999999878e+00 9.999248651316592351e-01
4.431316299999999764e+00 9.999265134482721029e-01
4.437346800000000258e+00 9.999284968507714533e-01
4.443418099999999704e+00 9.999307976649075558e-01
4.449448699999999590e+00 9.999333409543692541e-01
4.455479200000000084e+00 9.999360893728358457e-01
4.461509799999999970e+00 9.999389853201750000e-01
4.467581100000000305e+00 9.999419874778268102e-01
4.473611599999999910e+00 9.999449919075618087e-01
4.479642199999999796e+00 9.999479557015286124e-01
4.485672700000000290e+00 9.999508182067498030e-01
4.491743999999999737e+00 9.999535407568186374e-01
4.497774599999999623e+00 9.999560360037617057e-01
4.503805200000000397e+00 9.999582795341067643e-01
4.509876499999999844e+00 9.999602486274552504e-01
4.515907000000000338e+00 9.999618910788842241e-01
4.521937600000000224e+00 9.999632053322340397e-01
4.527968099999999829e+00 9.999641855983704142e-01
4.534039400000000164e+00 9.999648395215026131e-01
4.540070000000000050e+00 9.999651725206153419e-01
4.546100499999999656e+00 9.999652134794542180e-01
4.552131100000000430e+00 9.999649942562975902e-01
4.558202399999999876e+00 9.999645505520950994e-01
4.564232900000000370e+00 9.999639342066056757e-01
4.570263500000000256e+00 9.999631934841106684e-01
4.576293999999999862e+00 9.999623824068513134e-01
4.582365300000000197e+00 9.999615513048070170e-01
4.588395900000000083e+00 9.999607676999916483e-01
4.594426499999999969e+00 9.999600805727768549e-01
4.600456999999999574e+00 9.999595413583103332e-01
4.606528299999999909e+00 9.999591951617718966e-01
4.612558899999999795e+00 9.999590873061257046e-01
4.618589400000000289e+00 9.999592476083137838e-01
4.624620000000000175e+00 9.999597002109775756e-01
4.630691299999999622e+00 9.999604658210843322e-01
4.636721800000000115e+00 9.999615384261255624e-01
4.642752400000000002e+00 9.999629158018916719e-01
4.648782899999999607e+00 9.999645810109057953e-01
4.654854199999999942e+00 9.999665208338207600e-01
4.660884799999999828e+00 9.999686724349615696e-01
4.666915300000000322e+00 9.999710028704802411e-01
4.672945900000000208e+00 9.999734600742293811e-01
4.679017199999999654e+00 9.999760035696915184e-01
4.685047800000000429e+00 9.999785377454500912e-01
4.691078300000000034e+00 9.999810167612444012e-01
4.697108899999999920e+00 9.999833786619749532e-01
4.703180200000000255e+00 9.999855782321506181e-01
4.709210699999999861e+00 9.999875314595318976e-01
4.715241299999999747e+00 9.999892066758923059e-01
4.721271800000000241e+00 9.999905655369105695e-01
4.727343099999999687e+00 9.999915858223080711e-01
4.733373699999999573e+00 9.999922374607861375e-01
4.739404200000000067e+00 9.999925246195455752e-01
4.745475500000000402e+00 9.999924545376109863e-01
4.751506100000000288e+00 9.999920497458038016e-01
4.757536599999999893e+00 9.999913444433602416e-01
4.763567199999999779e+00 9.999903829344687356e-01
4.769638500000000114e+00 9.999892104659118264e-01
4.775669100000000000e+00 9.999879041593158213e-01
4.781699599999999606e+00 9.999865230071968147e-01
4.787730200000000380e+00 9.999851358268472268e-01
4.793801499999999827e+00 9.999838029762309066e-01
4.799832000000000320e+00 9.999826090157638570e-01
4.805862600000000207e+00 9.999816058093343729e-01
4.811893099999999812e+00 9.999808470069130317e-01
4.817964400000000147e+00 9.999803745206181649e-01
4.823995000000000033e+00 9.999802276534971446e-01
4.830025499999999639e+00 9.999804224766112304e-01
4.836056100000000413e+00 9.999809660779721554e-01
4.842127399999999859e+00 9.999818592826339447e-01
4.848157900000000353e+00 9.999830706461375618e-01
4.854188500000000239e+00 9.999845735299358607e-01
4.860218999999999845e+00 9.999863255466033829e-01
4.866290300000000180e+00 9.999882890411545544e-01
4.872320900000000066e+00 9.999903788868601540e-01
4.878351499999999952e+00 9.999925444804966812e-01
4.884381999999999557e+00 9.999947203704004917e-01
4.890453299999999892e+00 9.999968554235242335e-01
4.896483899999999778e+00 9.999988580962850815e-01
4.902514400000000272e+00 1.000000685341656759e+00
4.908545000000000158e+00 1.000002286591087586e+00
4.914616299999999605e+00 1.000003627875366119e+00
4.920646800000000098e+00 1.000004659149972053e+00
4.926677399999999984e+00 1.000005369556807189e+00
4.932707899999999590e+00 1.000005749765905172e+00
4.938779199999999925e+00 1.000005801357641610e+00
4.944809799999999811e+00 1.000005537320396876e+00
4.950840300000000305e+00 1.000004983287272609e+00
4.956870900000000191e+00 1.000004172848826478e+00
4.962942199999999637e+00 1.000003140106866750e+00
4.968972800000000412e+00 1.000001947215712006e+00
4.975003300000000017e+00 1.000000640556334863e+00
4.981074600000000352e+00 9.999992660398672184e-01
4.987105200000000238e+00 9.999978983549040468e-01
4.993135699999999844e+00 9.999965831375576819e-01
4.999166299999999730e+00 9.999953720182198635e-01
5.005237600000000064e+00 9.999943055050976026e-01
5.011268099999999670e+00 9.999934390904022807e-01
5.017298699999999556e+00 9.999927987420261788e-01
5.023329200000000050e+00 9.999924100867824128e-01
5.029400500000000385e+00 9.999922901538429443e-01
5.035431100000000271e+00 9.999924485054227929e-01
5.041461599999999876e+00 9.999928822840814524e-01
5.047492199999999762e+00 9.999935816491994922e-01
5.053563500000000097e+00 9.999945356959478726e-01
5.059594099999999983e+00 9.999957058966869594e-01
5.065624599999999589e+00 9.999970656290672055e-01
5.071655200000000363e+00 9.999985772618995572e-01
5.077726499999999810e+00 1.000000210015887125e+00
5.083757000000000303e+00 1.000001896722495287e+00
5.089787600000000189e+00 1.000003601389539698e+00
5.095818099999999795e+00 1.000005276980485247e+00
5.101889400000000130e+00 1.000006888060572363e+00
5.107920000000000016e+00 1.000008369188046142e+00
5.113950499999999622e+00 1.000009691506023701e+00
5.119981100000000396e+00 1.000010819893209169e+00
5.126052399999999842e+00 1.000011730269171339e+00
5.132082900000000336e+00 1.000012387674340530e+00
5.138113500000000222e+00 1.000012783861670584e+00
5.144143999999999828e+00 1.000012911633971546e+00
5.150215300000000163e+00 1.000012770267450390e+00
5.156245900000000049e+00 1.000012371215603268e+00
5.162276499999999935e+00 1.000011732179292512e+00
5.168307000000000428e+00 1.000010878728234909e+00
5.174378299999999875e+00 1.000009836001202634e+00
5.180408899999999761e+00 1.000008657129608292e+00
5.186439400000000255e+00 1.000007379713537592e+00
5.192470000000000141e+00 1.000006051404751517e+00
5.198541299999999588e+00 1.000004713227309994e+00
5.204571800000000081e+00 1.000003433800618957e+00
5.210602399999999967e+00 1.000002253201183411e+00
5.216673700000000302e+00 1.000001211223591646e+00
5.222704199999999908e+00 1.000000363571253104e+00
5.228734799999999794e+00 9.999997379117353535e-01
5.234765300000000288e+00 9.999993618473492774e-01
5.240836599999999734e+00 9.999992543761632158e-01
5.246867199999999620e+00 9.999994261340432455e-01
5.252897800000000395e+00 9.999998744422337049e-01
5.258928300000000000e+00 1.000000587979283928e+00
5.264999600000000335e+00 1.000001552670610749e+00
5.271030200000000221e+00 1.000002724669132315e+00
5.277060699999999827e+00 1.000004070504438625e+00
5.283091299999999713e+00 1.000005544089836329e+00
5.289162600000000047e+00 1.000007104493199073e+00
5.295193099999999653e+00 1.000008675437710881e+00
5.301223700000000427e+00 1.000010210743476957e+00
5.307254200000000033e+00 1.000011654505063685e+00
5.313325500000000368e+00 1.000012961825453850e+00
5.319356100000000254e+00 1.000014066562048498e+00
5.325386599999999859e+00 1.000014936353436523e+00
5.331417199999999745e+00 1.000015537826737688e+00
5.337488500000000080e+00 1.000015848188665624e+00
5.343519099999999966e+00 1.000015849920131039e+00
5.349549599999999572e+00 1.000015543932240680e+00
5.355580200000000346e+00 1.000014939207288789e+00
5.361651499999999793e+00 1.000014048747331907e+00
5.367682000000000286e+00 1.000012914667561370e+00
5.373712600000000172e+00 1.000011570846469633e+00
5.379743099999999778e+00 1.000010063754406708e+00
5.385814400000000113e+00 1.000008434257092294e+00
5.391844999999999999e+00 1.000006760293441488e+00
5.397875499999999604e+00 1.000005088544875242e+00
5.403906100000000379e+00 1.000003475535106379e+00
5.409977399999999825e+00 1.000001965421180250e+00
5.416007900000000319e+00 1.000000627662979369e+00
5.422038500000000205e+00 9.999994939380685288e-01
5.428069100000000091e+00 9.999985984481862822e-01
5.434140400000000426e+00 9.999979627838172513e-01
5.440170900000000032e+00 9.999976104271276478e-01
5.446201499999999918e+00 9.999975406561073532e-01
5.452272800000000252e+00 9.999977499237608924e-01
5.458303299999999858e+00 9.999982195545047414e-01
5.464333899999999744e+00 9.999989251776061350e-01
5.470364400000000238e+00 9.999998339635481903e-01
5.476435699999999684e+00 1.000000914278369013e+00
5.482466299999999571e+00 1.000002107025972364e+00
