6.126431699999999869e-02 1.268005707046864217e-01
6.746437800000000540e-02 1.274018275337771844e-01
7.366443899999999823e-02 1.280672424824178257e-01
7.986490799999999834e-02 1.287988171091632161e-01
8.606497000000000452e-02 1.295986932667351765e-01
9.226543900000000464e-02 1.304695350791092445e-01
9.846549999999999747e-02 1.314141447760036330e-01
1.046659699999999971e-01 1.324359603824472320e-01
1.108660300000000043e-01 1.335385958526862094e-01
1.170665000000000039e-01 1.347264200752953112e-01
1.232665599999999972e-01 1.360040074532239407e-01
1.294666200000000045e-01 1.373767037026190907e-01
1.356670899999999902e-01 1.388504414239665752e-01
1.418671499999999974e-01 1.404314329523387861e-01
1.480676200000000109e-01 1.421268727348405092e-01
1.542676799999999904e-01 1.439440880729927486e-01
1.604681500000000038e-01 1.458914133526109380e-01
1.666682100000000111e-01 1.479771861986615700e-01
1.728686799999999968e-01 1.502107250561869056e-01
1.790687400000000040e-01 1.526011530185616138e-01
1.852688100000000060e-01 1.551583279633687584e-01
1.914692699999999970e-01 1.578923317887352129e-01
1.976693399999999989e-01 1.608128194562206681e-01
2.038697999999999899e-01 1.639301336226927919e-01
2.100698699999999919e-01 1.672537106122272410e-01
2.162703400000000054e-01 1.707935316525089342e-01
2.224704000000000126e-01 1.745582888792926446e-01
2.286704599999999921e-01 1.785568311843135081e-01
2.348709300000000055e-01 1.827974043825959793e-01
2.410709900000000128e-01 1.872866076106026456e-01
2.472714599999999985e-01 1.920312644253262258e-01
2.534715200000000057e-01 1.970359136705670533e-01
2.596719900000000192e-01 2.023051903192541745e-01
2.658720500000000264e-01 2.078410494640228756e-01
2.720725199999999844e-01 2.136454334956819356e-01
2.782725799999999916e-01 2.197172321078178225e-01
2.844726399999999988e-01 2.260548290193711007e-01
2.906731100000000123e-01 2.326549552598083659e-01
2.968731700000000195e-01 2.395112557634098138e-01
3.030736399999999775e-01 2.466173785538283425e-01
3.092736999999999847e-01 2.539633877277294727e-01
3.154741699999999982e-01 2.615396114546074680e-01
3.216742300000000054e-01 2.693329111660394126e-01
3.278747000000000189e-01 2.773309026489846896e-01
3.340747600000000261e-01 2.855181205496414854e-01
3.402752299999999841e-01 2.938805914684917697e-01
3.464752899999999913e-01 3.024019098936658878e-01
3.526753499999999986e-01 3.110675256464791039e-01
3.588758200000000120e-01 3.198635998022048010e-01
3.650758800000000193e-01 3.287756925894536053e-01
3.712763499999999772e-01 3.377933085799397772e-01
3.774764199999999792e-01 3.469056067618052630e-01
3.836768799999999979e-01 3.561064255531196654e-01
3.898769499999999999e-01 3.653898594278540135e-01
3.960770100000000071e-01 3.747544079769579706e-01
4.022774800000000206e-01 3.842013188162872184e-01
4.084763100000000091e-01 3.937305561369062734e-01
4.146780099999999858e-01 4.033544049036843493e-01
4.208797000000000232e-01 4.130755783110884871e-01
4.270773099999999878e-01 4.228959740842635484e-01
4.332790100000000200e-01 4.328375687221546197e-01
4.394807000000000019e-01 4.429029245563396167e-01
4.456783100000000220e-01 4.530936328101858313e-01
4.518800000000000039e-01 4.634300743320606819e-01
4.580776200000000187e-01 4.739036441172930769e-01
4.642793100000000006e-01 4.845305588672582653e-01
4.704809999999999826e-01 4.953034896805677545e-01
4.766786199999999973e-01 5.062114569787649065e-01
4.828803099999999793e-01 5.172615803184673622e-01
4.890820000000000167e-01 5.284360746763785421e-01
4.952796199999999760e-01 5.397135137771109648e-01
5.014813099999999579e-01 5.510917010984752729e-01
5.076829999999999954e-01 5.625436460179857878e-01
5.138806200000000102e-01 5.740401153560078518e-01
5.200823100000000476e-01 5.855731454286794424e-01
5.262839999999999741e-01 5.971114337746321610e-01
5.324816199999999888e-01 6.086237164517886988e-01
5.386833100000000263e-01 6.201022000306501969e-01
5.448849999999999527e-01 6.315178673996354464e-01
5.510826199999999675e-01 6.428439461699624324e-01
5.572843100000000049e-01 6.540785238855646444e-01
5.634819300000000197e-01 6.651929840470538480e-01
5.696836199999999462e-01 6.761911208014442787e-01
5.758853099999999836e-01 6.870578673768065192e-01
5.820829299999999984e-01 6.977814053613655698e-01
5.882846200000000358e-01 7.083735731583694628e-01
5.944863099999999623e-01 7.188271414065128262e-01
6.006839200000000378e-01 7.291367569984578134e-01
6.068856200000000145e-01 7.393182877065481717e-01
6.130873100000000520e-01 7.493673700730517639e-01
6.192849200000000165e-01 7.592796120092062395e-01
6.254866199999999932e-01 7.690691354635699195e-01
6.316883100000000306e-01 7.787288824350115934e-01
6.378859199999999952e-01 7.882503011546838634e-01
6.440876100000000326e-01 7.976414790001272737e-01
6.502852300000000474e-01 8.068834634668949901e-01
6.564869199999999738e-01 8.159797122688562387e-01
6.626886100000000113e-01 8.249136189699438626e-01
6.688862300000000261e-01 8.336676050494582491e-01
6.750879199999999525e-01 8.422404075700271608e-01
6.812896099999999899e-01 8.506131827829799263e-01
6.874872300000000047e-01 8.587680014246363847e-01
6.936889200000000422e-01 8.667039933664089091e-01
6.998906099999999686e-01 8.744058437461665889e-01
7.060882299999999834e-01 8.818611185951965581e-01
7.122899200000000208e-01 8.890747296588227266e-01
7.184916099999999473e-01 8.960398886737314106e-01
7.246892299999999620e-01 9.027537074229600167e-01
7.308909199999999995e-01 9.092297104928297458e-01
7.370885400000000143e-01 9.154672147329314669e-01
7.432902300000000517e-01 9.214850451816845034e-01
7.494919199999999782e-01 9.272920287269507122e-01
7.556895399999999929e-01 9.328993376269879567e-01
7.618912300000000304e-01 9.383302642147615114e-01
7.680929199999999568e-01 9.435974417541816983e-01
7.742905300000000324e-01 9.487136552892361241e-01
7.804922300000000090e-01 9.537007930268159850e-01
7.866939200000000465e-01 9.585689977835200049e-01
7.928915300000000110e-01 9.633266447337801575e-01
7.990932299999999877e-01 9.679889505752680146e-01
8.052949200000000252e-01 9.725588991868765465e-01
8.114925299999999897e-01 9.770368402201426994e-01
8.176942200000000271e-01 9.814290622430921207e-01
8.238959200000000038e-01 9.857303043361151929e-01
8.300935299999999684e-01 9.899331636940396084e-01
8.362952200000000058e-01 9.940366031710800021e-01
8.424928400000000206e-01 9.980272616231344873e-01
8.486945299999999470e-01 1.001901597317796710e+00
8.548962199999999845e-01 1.005647976083042350e+00
8.610938399999999993e-01 1.009255526988968477e+00
8.672955300000000367e-01 1.012721452813064804e+00
8.734972199999999631e-01 1.016037323885368826e+00
8.796948399999999779e-01 1.019197051824770606e+00
8.858965300000000154e-01 1.022202987275954378e+00
8.920982200000000528e-01 1.025053657745737201e+00
8.982958399999999566e-01 1.027750506907235462e+00
9.044975299999999940e-01 1.030302677526494293e+00
9.106992200000000315e-01 1.032716192165140878e+00
9.168968400000000463e-01 1.034999363942084916e+00
9.230985299999999727e-01 1.037166483540804762e+00
9.292961499999999875e-01 1.039227038983557172e+00
9.354978400000000249e-01 1.041196613460359188e+00
9.416995299999999514e-01 1.043086703546333815e+00
9.478971499999999661e-01 1.044908490027513182e+00
9.540988400000000036e-01 1.046675705391734823e+00
9.603005300000000410e-01 1.048397041341602609e+00
9.664981400000000056e-01 1.050079528479386015e+00
9.726998399999999823e-01 1.051731480933392193e+00
9.789015300000000197e-01 1.053355706760042532e+00
9.850991399999999842e-01 1.054952903018369081e+00
9.913008399999999609e-01 1.056524800631976735e+00
9.975025299999999984e-01 1.058068033309002010e+00
1.003700100000000095e+00 1.059577659548555539e+00
1.009901799999999961e+00 1.061050438273423602e+00
1.016099499999999933e+00 1.062478294687072999e+00
1.022301099999999963e+00 1.063856438101106416e+00
1.028502800000000050e+00 1.065177338795120665e+00
1.034700500000000023e+00 1.066433951329603946e+00
1.040902100000000052e+00 1.067622442668158644e+00
1.047103799999999918e+00 1.068737708091527461e+00
1.053301400000000054e+00 1.069776148015522121e+00
1.059503099999999920e+00 1.070737792627403318e+00
1.065704800000000008e+00 1.071622252467673064e+00
1.071902399999999922e+00 1.072431010912649363e+00
1.078104100000000010e+00 1.073168717068404332e+00
1.084305800000000097e+00 1.073839814795139125e+00
1.090503400000000012e+00 1.074450111238000938e+00
1.096705100000000099e+00 1.075007501668352017e+00
1.102906799999999965e+00 1.075519225453557493e+00
1.109104400000000101e+00 1.075992862985077236e+00
1.115306099999999967e+00 1.076436786993269390e+00
1.121503799999999940e+00 1.076857686318662299e+00
1.127705399999999969e+00 1.077262597026152458e+00
1.133907100000000057e+00 1.077656720525983047e+00
1.140104800000000029e+00 1.078044031988739881e+00
1.146306400000000059e+00 1.078427886434343730e+00
1.152508099999999924e+00 1.078809481545717874e+00
1.158705799999999897e+00 1.079188594686768532e+00
1.164907399999999926e+00 1.079564416393594239e+00
1.171109100000000014e+00 1.079934252879216405e+00
1.177306799999999987e+00 1.080294451080380691e+00
1.183508400000000016e+00 1.080641348952424252e+00
1.189710100000000104e+00 1.080970173368870579e+00
1.195907800000000076e+00 1.081276049682176499e+00
1.202109400000000106e+00 1.081554849992927059e+00
1.208307100000000078e+00 1.081802139559690179e+00
1.214508799999999944e+00 1.082014816220364661e+00
1.220710399999999973e+00 1.082190157322523660e+00
1.226908099999999946e+00 1.082326557031689118e+00
1.233109800000000034e+00 1.082423753121049437e+00
1.239311400000000063e+00 1.082482336475975471e+00
1.245509100000000036e+00 1.082504093251787314e+00
1.251710799999999901e+00 1.082491840649084880e+00
1.257912399999999931e+00 1.082449210741591283e+00
1.264110099999999903e+00 1.082380593990235340e+00
1.270311799999999991e+00 1.082290709686987817e+00
1.276513400000000020e+00 1.082184642292140175e+00
1.282711099999999993e+00 1.082067507692882513e+00
1.288912700000000022e+00 1.081943955285436632e+00
1.295110399999999995e+00 1.081818472263318176e+00
1.301312100000000083e+00 1.081694580595914390e+00
1.307513699999999890e+00 1.081575237813146906e+00
1.313711400000000085e+00 1.081462465425097497e+00
1.319913099999999950e+00 1.081357093739786723e+00
1.326114699999999980e+00 1.081259184286303299e+00
1.332312399999999952e+00 1.081167828931252739e+00
1.338514100000000040e+00 1.081081094149615840e+00
1.344715700000000069e+00 1.080996501286169753e+00
1.350913400000000042e+00 1.080911007838555538e+00
1.357115099999999908e+00 1.080821048240500737e+00
1.363316699999999937e+00 1.080723064286157165e+00
1.369514399999999910e+00 1.080613566847449691e+00
1.375716099999999997e+00 1.080489110700254329e+00
1.381913699999999912e+00 1.080346991793912581e+00
1.388115399999999999e+00 1.080184742972983836e+00
1.394317100000000087e+00 1.080000882247246663e+00
1.400514700000000001e+00 1.079794774356383602e+00
1.406716400000000089e+00 1.079566195354041636e+00
1.412918099999999955e+00 1.079316144641145891e+00
1.419115700000000091e+00 1.079046451157499531e+00
1.425317399999999957e+00 1.078759088530446997e+00
1.431519100000000044e+00 1.078457128278080379e+00
1.437716699999999959e+00 1.078144101592820814e+00
1.443918400000000046e+00 1.077823170235379102e+00
1.450120099999999912e+00 1.077498197459348495e+00
1.456317700000000048e+00 1.077172962444978177e+00
1.462519399999999914e+00 1.076850333734265641e+00
1.468721100000000002e+00 1.076533410203063701e+00
1.474918699999999916e+00 1.076224729254076973e+00
1.481120400000000004e+00 1.075925570605529069e+00
1.487317999999999918e+00 1.075637304635871594e+00
1.493519700000000006e+00 1.075359785047569128e+00
1.499721400000000093e+00 1.075092710710666699e+00
1.505919000000000008e+00 1.074835070722905517e+00
1.512120700000000095e+00 1.074584745519030049e+00
1.518322399999999961e+00 1.074339639052137807e+00
1.524520000000000097e+00 1.074097286357915904e+00
1.530721699999999963e+00 1.073854537203567494e+00
1.536923400000000051e+00 1.073608671766763001e+00
1.543120999999999965e+00 1.073357083930249312e+00
1.549322700000000053e+00 1.073096918457282500e+00
1.555524399999999918e+00 1.072826196113491504e+00
1.561722000000000055e+00 1.072543451415904681e+00
1.567923699999999920e+00 1.072247218931996482e+00
1.574121300000000057e+00 1.071937411720469857e+00
1.580322999999999922e+00 1.071613768612326156e+00
1.586524700000000010e+00 1.071277250407622672e+00
1.592722299999999924e+00 1.070929416064393846e+00
1.598924000000000012e+00 1.070571620606066254e+00
1.605125700000000100e+00 1.070206300744877215e+00
1.611323300000000014e+00 1.069836192315777756e+00
1.617525000000000102e+00 1.069463447523777644e+00
1.623726699999999967e+00 1.069090975171410829e+00
1.629924300000000104e+00 1.068721575191790230e+00
1.636125999999999969e+00 1.068357083597717416e+00
1.642327700000000057e+00 1.067999731896138726e+00
1.648525299999999971e+00 1.067651302846511330e+00
1.654727000000000059e+00 1.067312392823652312e+00
1.660924599999999973e+00 1.066983969091666706e+00
1.667126300000000061e+00 1.066665566537594811e+00
1.673327999999999927e+00 1.066356840860224642e+00
1.679525600000000063e+00 1.066056931754852943e+00
1.685727299999999929e+00 1.065763964024408983e+00
1.691929000000000016e+00 1.065476325072763908e+00
1.698126599999999931e+00 1.065192157980283882e+00
1.704328300000000018e+00 1.064908926731076511e+00
1.710530000000000106e+00 1.064624658927815659e+00
1.716727600000000020e+00 1.064337498729988951e+00
1.722929300000000108e+00 1.064045239001194076e+00
1.729130999999999974e+00 1.063746550284458747e+00
1.735328600000000110e+00 1.063440502207593008e+00
1.741530299999999976e+00 1.063125988202533900e+00
1.747732000000000063e+00 1.062802967025710865e+00
1.753929599999999978e+00 1.062471883539218842e+00
1.760131300000000065e+00 1.062132966380507026e+00
1.766328899999999980e+00 1.061787730821771580e+00
1.772530600000000067e+00 1.061437128192374013e+00
1.778732299999999933e+00 1.061083056833775462e+00
1.784929900000000069e+00 1.060727598460863286e+00
1.791131599999999935e+00 1.060372206882123525e+00
1.797333300000000023e+00 1.060019022916836917e+00
1.803530899999999937e+00 1.059670067228109414e+00
1.809732600000000025e+00 1.059326466294626456e+00
1.815934299999999890e+00 1.058989762693633319e+00
1.822131900000000027e+00 1.058661141277077222e+00
1.828333599999999892e+00 1.058340754471952083e+00
1.834535299999999980e+00 1.058029004844837084e+00
1.840732899999999894e+00 1.057725866483176791e+00
1.846934599999999982e+00 1.057430328843329104e+00
1.853132199999999896e+00 1.057141828249079873e+00
1.859333899999999984e+00 1.056858739352713128e+00
1.865535600000000072e+00 1.056579793971478498e+00
1.871733199999999986e+00 1.056303577981055453e+00
1.877934900000000074e+00 1.056028082479499863e+00
1.884136599999999939e+00 1.055751886377125359e+00
1.890334200000000076e+00 1.055473693934198431e+00
1.896535899999999941e+00 1.055191855997644534e+00
1.902737600000000029e+00 1.054905536141073075e+00
1.908935199999999943e+00 1.054614219647672657e+00
1.915136900000000031e+00 1.054317153103807136e+00
1.921338599999999897e+00 1.054014512914453583e+00
1.927536200000000033e+00 1.053706837623832326e+00
1.933737899999999899e+00 1.053394377632021817e+00
1.939935500000000035e+00 1.053078487729375956e+00
1.946137199999999901e+00 1.052759924603356989e+00
1.952338899999999988e+00 1.052440240179370434e+00
1.958536499999999902e+00 1.052121087081119066e+00
1.964738199999999990e+00 1.051803507333365806e+00
1.970939900000000078e+00 1.051489125871690078e+00
1.977137499999999992e+00 1.051179436596113792e+00
1.983339200000000080e+00 1.050875133095679592e+00
1.989540899999999946e+00 1.050577285104186798e+00
1.995738500000000082e+00 1.050286663921772945e+00
2.001940199999999948e+00 1.050003158522528679e+00
2.008141900000000035e+00 1.049726919481716481e+00
2.014339500000000172e+00 1.049457767573865885e+00
2.020541199999999815e+00 1.049194703873478574e+00
2.026742899999999903e+00 1.048937015227776381e+00
2.032940500000000039e+00 1.048683774697534821e+00
2.039142200000000127e+00 1.048433415038737104e+00
2.045339799999999819e+00 1.048184963442616136e+00
2.051541499999999907e+00 1.047936782766414776e+00
2.057743199999999995e+00 1.047687793566524084e+00
2.063940800000000131e+00 1.047437046896292356e+00
2.070142500000000219e+00 1.047183279944305045e+00
2.076344199999999862e+00 1.046925955246859941e+00
2.082541799999999999e+00 1.046664805435977952e+00
2.088743500000000086e+00 1.046399322492904682e+00
2.094945200000000174e+00 1.046129797441545772e+00
2.101142799999999866e+00 1.045856802751638837e+00
2.107344499999999954e+00 1.045580614200730007e+00
2.113546200000000042e+00 1.045302258668197704e+00
2.119743800000000178e+00 1.045022932433979479e+00
2.125945499999999821e+00 1.044743386942013519e+00
2.132143099999999958e+00 1.044465163839801258e+00
2.138344800000000046e+00 1.044189060181765161e+00
2.144546500000000133e+00 1.043916359638809910e+00
2.150744099999999825e+00 1.043648215508603760e+00
2.156945799999999913e+00 1.043385080416444177e+00
2.163147500000000001e+00 1.043127732276114550e+00
2.169345100000000137e+00 1.042876696867963471e+00
2.175546799999999781e+00 1.042631750746013664e+00
2.181748499999999868e+00 1.042392915016034260e+00
2.187946100000000005e+00 1.042159949645854011e+00
2.194147800000000093e+00 1.041931932246160430e+00
2.200349500000000180e+00 1.041708216709831269e+00
2.206547099999999872e+00 1.041488002147426650e+00
2.212748799999999960e+00 1.041269959460074057e+00
2.218946400000000096e+00 1.041053302659806779e+00
2.225148100000000184e+00 1.040836688515141217e+00
2.231349799999999828e+00 1.040619276392670933e+00
2.237547399999999964e+00 1.040400349921482892e+00
2.243749100000000052e+00 1.040178922245003523e+00
2.249950800000000140e+00 1.039954636934246057e+00
2.256148399999999832e+00 1.039727363563627938e+00
2.262350099999999919e+00 1.039496748396158576e+00
2.268551800000000007e+00 1.039263114636830299e+00
2.274749400000000144e+00 1.039027006943532561e+00
2.280951099999999787e+00 1.038788690351520883e+00
2.287152799999999875e+00 1.038549055322669279e+00
2.293350400000000011e+00 1.038309113110690518e+00
2.299552100000000099e+00 1.038069470765654811e+00
2.305749699999999791e+00 1.037831393434877514e+00
2.311951399999999879e+00 1.037595491527627312e+00
2.318153099999999966e+00 1.037362778756382609e+00
2.324350700000000103e+00 1.037134147745355062e+00
2.330552400000000191e+00 1.036909889238794014e+00
2.336754099999999834e+00 1.036690571575789921e+00
2.342951699999999970e+00 1.036476553050965421e+00
2.349153400000000058e+00 1.036267562562133593e+00
2.355355100000000146e+00 1.036063550670755395e+00
2.361552699999999838e+00 1.035864262348863862e+00
2.367754399999999926e+00 1.035668878198249931e+00
2.373956100000000013e+00 1.035476835754155944e+00
2.380153700000000150e+00 1.035287461941215126e+00
2.386355399999999793e+00 1.035099649828708168e+00
2.392557099999999881e+00 1.034912654750838712e+00
2.398754700000000017e+00 1.034725761318322279e+00
2.404956400000000105e+00 1.034537957838815414e+00
2.411153999999999797e+00 1.034348841295876120e+00
2.417355699999999885e+00 1.034157653600942917e+00
2.423557399999999973e+00 1.033964178673038692e+00
2.429755000000000109e+00 1.033768387957864299e+00
2.435956700000000197e+00 1.033570049728908424e+00
2.442158399999999840e+00 1.033369501166168547e+00
2.448355999999999977e+00 1.033167252037004546e+00
2.454557700000000064e+00 1.032963554561989961e+00
2.460759400000000152e+00 1.032759177589076316e+00
2.466956999999999844e+00 1.032554972827518069e+00
2.473158699999999932e+00 1.032351429847772284e+00
2.479360400000000020e+00 1.032149448022268379e+00
2.485558000000000156e+00 1.031949887636693708e+00
2.491759699999999800e+00 1.031753141652236527e+00
2.497957299999999936e+00 1.031560022114680786e+00
2.504159000000000024e+00 1.031370693996943810e+00
2.510360700000000111e+00 1.031185554572797702e+00
2.516558299999999804e+00 1.031004825281091497e+00
2.522759999999999891e+00 1.030828201365649344e+00
2.528961699999999979e+00 1.030655573937075520e+00
2.535159300000000115e+00 1.030486672811250060e+00
2.541361000000000203e+00 1.030320764171047898e+00
2.547562699999999847e+00 1.030157348273778695e+00
2.553760299999999983e+00 1.029995849821161880e+00
2.559962000000000071e+00 1.029835341060117315e+00
2.566163700000000158e+00 1.029675219694240695e+00
2.572361299999999851e+00 1.029514923990800135e+00
2.578562999999999938e+00 1.029353649889719780e+00
2.584760600000000075e+00 1.029191124234778210e+00
2.590962300000000162e+00 1.029026773746760437e+00
2.597163999999999806e+00 1.028860491934230126e+00
2.603361599999999942e+00 1.028692330576842728e+00
2.609563300000000030e+00 1.028522160707652455e+00
2.615765000000000118e+00 1.028350332645815879e+00
2.621962599999999810e+00 1.028177332268153332e+00
2.628164299999999898e+00 1.028003411688265478e+00
2.634365999999999985e+00 1.027829250117346271e+00
2.640563600000000122e+00 1.027655581163517740e+00
2.646765300000000209e+00 1.027482815242610314e+00
2.652966999999999853e+00 1.027311696653984807e+00
2.659164599999999989e+00 1.027142922099149702e+00
2.665366300000000077e+00 1.026976781096134106e+00
2.671568000000000165e+00 1.026813800752107264e+00
2.677765599999999857e+00 1.026654380957038981e+00
2.683967299999999945e+00 1.026498472854198152e+00
2.690164900000000081e+00 1.026346303662664994e+00
2.696366600000000169e+00 1.026197551821289355e+00
2.702568299999999812e+00 1.026052064469609837e+00
2.708765899999999949e+00 1.025909559771964741e+00
2.714967600000000036e+00 1.025769373895581316e+00
2.721169300000000124e+00 1.025631051551546102e+00
2.727366899999999816e+00 1.025494086817882122e+00
2.733568599999999904e+00 1.025357688149714619e+00
2.739770299999999992e+00 1.025221353219588405e+00
2.745967900000000128e+00 1.025084627346320554e+00
2.752169600000000216e+00 1.024946859911632702e+00
2.758371299999999859e+00 1.024807769754787268e+00
2.764568899999999996e+00 1.024667195252272345e+00
2.770770600000000083e+00 1.024524822712552963e+00
2.776968200000000220e+00 1.024380844436093785e+00
2.783169899999999863e+00 1.024235203297847008e+00
2.789371599999999951e+00 1.024088247832355192e+00
2.795569200000000087e+00 1.023940435409855132e+00
2.801770900000000175e+00 1.023792015141889777e+00
2.807972599999999819e+00 1.023643591187673119e+00
2.814170199999999955e+00 1.023495802875119542e+00
2.820371900000000043e+00 1.023349003550977576e+00
2.826573600000000130e+00 1.023203819851674856e+00
2.832771199999999823e+00 1.023060827061204492e+00
2.838972899999999910e+00 1.022920246071738593e+00
2.845174599999999998e+00 1.022782491027244056e+00
2.851372200000000134e+00 1.022647861547079318e+00
2.857573899999999778e+00 1.022516273621311367e+00
2.863775599999999866e+00 1.022387789824815041e+00
2.869973200000000002e+00 1.022262344954919300e+00
2.876174900000000090e+00 1.022139514326192877e+00
2.882372600000000062e+00 1.022019102387582201e+00
2.888574199999999870e+00 1.021900520565211190e+00
2.894775899999999957e+00 1.021783352461576699e+00
2.900973500000000094e+00 1.021667155761168289e+00
2.907175200000000181e+00 1.021551253359209488e+00
2.913376899999999825e+00 1.021435223063736908e+00
2.919574499999999961e+00 1.021318692792017480e+00
2.925776200000000049e+00 1.021201131454891886e+00
2.931977900000000137e+00 1.021082329480403006e+00
2.938175499999999829e+00 1.020962184440390441e+00
2.944377199999999917e+00 1.020840466641747657e+00
2.950578900000000004e+00 1.020717297670105772e+00
2.956776500000000141e+00 1.020592912045469092e+00
2.962978199999999784e+00 1.020467396530600812e+00
2.969175900000000201e+00 1.020341251207193878e+00
2.975377500000000008e+00 1.020214718433368750e+00
2.981579200000000096e+00 1.020088323985314904e+00
2.987776900000000069e+00 1.019962621313318163e+00
2.993978499999999876e+00 1.019837918342519023e+00
3.000180199999999964e+00 1.019714735029779495e+00
3.006377899999999936e+00 1.019593545520766975e+00
3.012579500000000188e+00 1.019474522101565750e+00
3.018781199999999831e+00 1.019357983043842619e+00
3.024978899999999804e+00 1.019244150447732533e+00
3.031180500000000055e+00 1.019132923977749794e+00
3.037382200000000143e+00 1.019024314684143340e+00
3.043579900000000116e+00 1.018918231350908421e+00
3.049781499999999923e+00 1.018814285772277062e+00
3.055979199999999896e+00 1.018712277267995292e+00
3.062180899999999983e+00 1.018611682957564435e+00
3.068382499999999791e+00 1.018512137242886917e+00
3.074580200000000207e+00 1.018413249325654357e+00
3.080781899999999851e+00 1.018314447917860299e+00
3.086983500000000102e+00 1.018215381936644404e+00
3.093181200000000075e+00 1.018115746212024719e+00
3.099382900000000163e+00 1.018015115713386765e+00
3.105584499999999970e+00 1.017913340792242716e+00
3.111782199999999943e+00 1.017810362369313770e+00
3.117983800000000194e+00 1.017706025665805480e+00
3.124185499999999838e+00 1.017600465351978345e+00
3.130383199999999810e+00 1.017493916063322734e+00
3.136584800000000062e+00 1.017386487775918669e+00
3.142782500000000034e+00 1.017278629224643405e+00
3.148984200000000122e+00 1.017170567917339508e+00
3.155185799999999929e+00 1.017062772142182991e+00
3.161383499999999902e+00 1.016955715580086572e+00
3.167585199999999990e+00 1.016849660398895239e+00
3.173786799999999797e+00 1.016745046773160022e+00
3.179984500000000214e+00 1.016642257990391540e+00
3.186186199999999857e+00 1.016541419718518524e+00
3.192387800000000109e+00 1.016442780362494913e+00
3.198585500000000081e+00 1.016346492269022406e+00
3.204787200000000169e+00 1.016252436636380097e+00
3.210988799999999976e+00 1.016160591524820855e+00
3.217186499999999949e+00 1.016070839501106216e+00
3.223388200000000037e+00 1.015982818200263038e+00
3.229589799999999844e+00 1.015896276165894729e+00
3.235787499999999817e+00 1.015810907152833842e+00
3.241989199999999904e+00 1.015726216267705651e+00
3.248186800000000041e+00 1.015641920547148747e+00
3.254388500000000128e+00 1.015557527256472747e+00
3.260590200000000216e+00 1.015472743198786665e+00
3.266787799999999908e+00 1.015387326288104131e+00
3.272989499999999996e+00 1.015300929785874384e+00
3.279191200000000084e+00 1.015213452360440360e+00
3.285388800000000220e+00 1.015124878778124184e+00
3.291590499999999864e+00 1.015035103572824227e+00
3.297792199999999951e+00 1.014944280738371729e+00
3.303989800000000088e+00 1.014852644821337524e+00
3.310191500000000175e+00 1.014760315980554051e+00
3.316393199999999819e+00 1.014667650678611199e+00
3.322590799999999955e+00 1.014575045008556664e+00
3.328792500000000043e+00 1.014482732476737592e+00
3.334990100000000179e+00 1.014391193898771970e+00
3.341191799999999823e+00 1.014300652078206744e+00
3.347393499999999911e+00 1.014211479501242685e+00
3.353591100000000047e+00 1.014123997074133587e+00
3.359792800000000135e+00 1.014038291424460336e+00
3.365994499999999778e+00 1.013954552298121259e+00
3.372192099999999915e+00 1.013872886676140617e+00
3.378393800000000002e+00 1.013793159912537378e+00
3.384595500000000090e+00 1.013715321361055244e+00
3.390793099999999782e+00 1.013639242275679919e+00
3.396994799999999870e+00 1.013564579699728796e+00
3.403196499999999958e+00 1.013491090865630051e+00
3.409394100000000094e+00 1.013418494079367127e+00
3.415595800000000182e+00 1.013346345302694518e+00
3.421793399999999874e+00 1.013274391725128343e+00
3.427995099999999962e+00 1.013202207154590306e+00
3.434196800000000049e+00 1.013129542556313378e+00
3.440394400000000186e+00 1.013056199632707433e+00
3.446596099999999829e+00 1.012981896079782951e+00
3.452797799999999917e+00 1.012906565314739105e+00
3.458995400000000053e+00 1.012830218874651855e+00
3.465197100000000141e+00 1.012752792861984608e+00
3.471398799999999785e+00 1.012674448018763051e+00
3.477596399999999921e+00 1.012595414179457309e+00
3.483798100000000009e+00 1.012515820770246933e+00
3.489999800000000096e+00 1.012435998093881739e+00
3.496197399999999789e+00 1.012356306494256231e+00
3.502399099999999876e+00 1.012276961662746055e+00
3.508600799999999964e+00 1.012198334933146926e+00
3.514798400000000100e+00 1.012120776986150661e+00
3.521000100000000188e+00 1.012044451091632880e+00
3.527197699999999880e+00 1.011969676943865526e+00
3.533399399999999968e+00 1.011896516822702319e+00
3.539601100000000056e+00 1.011825116267321523e+00
3.545798700000000192e+00 1.011755545820178570e+00
3.552000399999999836e+00 1.011687666982966860e+00
3.558202099999999923e+00 1.011621410794828702e+00
3.564399700000000060e+00 1.011556641004683899e+00
3.570601400000000147e+00 1.011493039587373133e+00
3.576803099999999791e+00 1.011430375703561646e+00
3.583000699999999927e+00 1.011368388667681195e+00
3.589202400000000015e+00 1.011306683391085981e+00
3.595404100000000103e+00 1.011244992385732511e+00
3.601601699999999795e+00 1.011183068613861868e+00
3.607803399999999883e+00 1.011120577372833784e+00
3.614001000000000019e+00 1.011057396629434946e+00
3.620202700000000107e+00 1.010993295907828493e+00
3.626404400000000194e+00 1.010928234617862742e+00
3.632601999999999887e+00 1.010862242815197654e+00
3.638803699999999974e+00 1.010795287185267677e+00
3.645005400000000062e+00 1.010727529294693117e+00
3.651203000000000198e+00 1.010659190008623254e+00
3.657404699999999842e+00 1.010590401797641924e+00
3.663606399999999930e+00 1.010521468270166201e+00
3.669804000000000066e+00 1.010452715441121363e+00
3.676005700000000154e+00 1.010384340462424424e+00
3.682207399999999797e+00 1.010316670206303113e+00
3.688404999999999934e+00 1.010250008640247055e+00
3.694606700000000021e+00 1.010184493659324945e+00
3.700804300000000158e+00 1.010120392621977947e+00
3.707005999999999801e+00 1.010057747471912126e+00
3.713207699999999889e+00 1.009996667498570311e+00
3.719405300000000025e+00 1.009937194285099871e+00
3.725607000000000113e+00 1.009879188244394488e+00
3.731808700000000201e+00 1.009822567825692019e+00
3.738006299999999893e+00 1.009767193713150046e+00
3.744207999999999981e+00 1.009712772129034875e+00
3.750409700000000068e+00 1.009659085900347586e+00
3.756607300000000205e+00 1.009605895637742057e+00
3.762808999999999848e+00 1.009552850640665023e+00
3.769010699999999936e+00 1.009499714319447738e+00
3.775208300000000072e+00 1.009446272915887954e+00
3.781410000000000160e+00 1.009392241911649002e+00
3.787611699999999804e+00 1.009337488670301042e+00
3.793809299999999940e+00 1.009281936643087185e+00
3.800011000000000028e+00 1.009225458214419779e+00
3.806208600000000164e+00 1.009168135365121843e+00
3.812410299999999808e+00 1.009109959777577004e+00
3.818611999999999895e+00 1.009051092604026811e+00
3.824809600000000032e+00 1.008991745645257287e+00
3.831011300000000119e+00 1.008932052128434176e+00
3.837213000000000207e+00 1.008872291232234319e+00
3.843410599999999899e+00 1.008812758019333566e+00
3.849612299999999987e+00 1.008753632021250457e+00
3.855814000000000075e+00 1.008695200743016329e+00
3.862011600000000211e+00 1.008637727050789135e+00
3.868213299999999855e+00 1.008581325950375529e+00
3.874414999999999942e+00 1.008526183421143196e+00
3.880612600000000079e+00 1.008472431337954944e+00
3.886814300000000166e+00 1.008420039707072835e+00
3.893011899999999859e+00 1.008369061332301087e+00
3.899213599999999946e+00 1.008319355561791530e+00
3.905415300000000034e+00 1.008270830363022119e+00
3.911612900000000170e+00 1.008223344194552729e+00
3.917814599999999814e+00 1.008176624182602676e+00
3.924016299999999902e+00 1.008130465326788627e+00
3.930213900000000038e+00 1.008084646926857841e+00
3.936415600000000126e+00 1.008038856372742709e+00
3.942617300000000213e+00 1.007992883853473520e+00
3.948814899999999906e+00 1.007946544330320826e+00
3.955016599999999993e+00 1.007899596050267244e+00
3.961218300000000081e+00 1.007851933330170979e+00
3.967415900000000217e+00 1.007803503250196631e+00
3.973617599999999861e+00 1.007754211267550604e+00
3.979815199999999997e+00 1.007704147687519702e+00
3.986016900000000085e+00 1.007653325041712566e+00
3.992218600000000173e+00 1.007601903924201681e+00
3.998416199999999865e+00 1.007550088243105213e+00
4.004617900000000397e+00 1.007498011513497271e+00
4.010819599999999596e+00 1.007445932109081843e+00
4.017017199999999733e+00 1.007394118872690925e+00
4.023218899999999820e+00 1.007342736365317570e+00
4.029420599999999908e+00 1.007292039031798092e+00
4.035618200000000044e+00 1.007242255374551476e+00
4.041819900000000132e+00 1.007193481439121019e+00
4.048021600000000220e+00 1.007145870542738519e+00
4.054219200000000356e+00 1.007099525094246273e+00
4.060420900000000444e+00 1.007054404448980423e+00
4.066618499999999692e+00 1.007010536499279851e+00
4.072820199999999780e+00 1.006967780566866644e+00
4.079017799999999916e+00 1.006926064046157254e+00
4.085211400000000381e+00 1.006885215474490503e+00
4.091404899999999678e+00 1.006845008497716076e+00
4.097639199999999704e+00 1.006804960728051146e+00
4.103832699999999889e+00 1.006765365251278688e+00
4.110026300000000354e+00 1.006725731035825300e+00
4.116219799999999651e+00 1.006685846615614999e+00
4.122413400000000117e+00 1.006645523296713751e+00
4.128606900000000302e+00 1.006604609818834817e+00
4.134841200000000327e+00 1.006562718750407814e+00
4.141034699999999624e+00 1.006520335710985092e+00
4.147228300000000090e+00 1.006477176403114404e+00
4.153421800000000275e+00 1.006433280719326362e+00
4.159615399999999852e+00 1.006388733498031485e+00
4.165808900000000037e+00 1.006343665197302562e+00
4.172043200000000063e+00 1.006297939799633889e+00
4.178236700000000248e+00 1.006252348569868449e+00
4.184430299999999825e+00 1.006206801215726587e+00
4.190623800000000010e+00 1.006161514183232297e+00
4.196817399999999587e+00 1.006116696414590672e+00
4.203010899999999772e+00 1.006072544679927017e+00
4.209245199999999798e+00 1.006028946559185622e+00
4.215438699999999983e+00 1.005986610695980943e+00
4.221632299999999560e+00 1.005945345290258919e+00
4.227825799999999745e+00 1.005905203969841288e+00
4.234019400000000211e+00 1.005866190331475396e+00
4.240212900000000396e+00 1.005828262897953795e+00
4.246447200000000421e+00 1.005791092600860193e+00
4.252640699999999718e+00 1.005755035978330048e+00
4.258834300000000184e+00 1.005719682361104539e+00
4.265027800000000369e+00 1.005684843360205249e+00
4.271221399999999946e+00 1.005650312275959246e+00
4.277414900000000131e+00 1.005615879270725710e+00
4.283649200000000157e+00 1.005581110051811722e+00
4.289842700000000342e+00 1.005546269486848887e+00
4.296036299999999919e+00 1.005510966803760065e+00
4.302229800000000104e+00 1.005475074032609051e+00
4.308423399999999681e+00 1.005438501373292270e+00
4.314616899999999866e+00 1.005401205984140178e+00
4.320810400000000051e+00 1.005363189631170107e+00
4.327044700000000077e+00 1.005324243441812815e+00
4.333238299999999654e+00 1.005284967893274040e+00
4.339431799999999839e+00 1.005245239993842299e+00
4.345625400000000305e+00 1.005205217468203793e+00
4.351818899999999601e+00 1.005165082747646599e+00
4.358012399999999786e+00 1.005125029100258915e+00
4.364246699999999812e+00 1.005084992678868083e+00
4.370440300000000278e+00 1.005045687741179750e+00
4.376633799999999574e+00 1.005007025707536084e+00
4.382827400000000040e+00 1.004969153572688567e+00
4.389020900000000225e+00 1.004932188424724870e+00
4.395214400000000410e+00 1.004896207419987864e+00
4.401448700000000436e+00 1.004861019485983942e+00
4.407642300000000013e+00 1.004827076617418324e+00
4.413835800000000198e+00 1.004794094843941332e+00
4.420029399999999775e+00 1.004761981043290842e+00
4.426222899999999960e+00 1.004730608255408830e+00
4.432416400000000145e+00 1.004699818598066230e+00
4.438650700000000171e+00 1.004669234239452758e+00
4.444844299999999748e+00 1.004639063377283925e+00
4.451037799999999933e+00 1.004608913069848786e+00
4.457231400000000399e+00 1.004578597674609108e+00
4.463424899999999695e+00 1.004547951002134232e+00
4.469618399999999880e+00 1.004516831439230540e+00
4.475852699999999906e+00 1.004484920065668030e+00
4.482046300000000372e+00 1.004452564211598897e+00
4.488239799999999669e+00 1.004419530393019455e+00
4.494433299999999853e+00 1.004385832965659642e+00
4.500626900000000319e+00 1.004351527550057854e+00
4.506820399999999616e+00 1.004316709369876826e+00
4.513054699999999642e+00 1.004281271809023268e+00
4.519248300000000107e+00 1.004245831709389636e+00
4.525441800000000292e+00 1.004210330040478993e+00
4.531635299999999589e+00 1.004174945890792259e+00
4.537828900000000054e+00 1.004139858281537290e+00
4.544022400000000239e+00 1.004105238853339577e+00
4.550256700000000265e+00 1.004071018368292822e+00
4.556450299999999842e+00 1.004037772617648594e+00
4.562643800000000027e+00 1.004005372654934281e+00
4.568837300000000212e+00 1.003973877829343442e+00
4.575030899999999789e+00 1.003943308336798346e+00
4.581224399999999974e+00 1.003913645610951866e+00
4.587458700000000000e+00 1.003884643150621425e+00
4.593652299999999578e+00 1.003856584436371602e+00
4.599845799999999763e+00 1.003829151233385453e+00
4.606039299999999947e+00 1.003802191613119010e+00
4.612232900000000413e+00 1.003775536670586721e+00
4.618426399999999710e+00 1.003749010525007312e+00
4.624660699999999736e+00 1.003722261337140376e+00
4.630854300000000201e+00 1.003695472153891544e+00
4.637047800000000386e+00 1.003668322095033094e+00
4.643241299999999683e+00 1.003640689853994905e+00
4.649434900000000148e+00 1.003612486311965091e+00
4.655628400000000333e+00 1.003583660236186725e+00
4.661862700000000359e+00 1.003554001717739341e+00
4.668056299999999936e+00 1.003523924541100509e+00
4.674249800000000121e+00 1.003493301060313092e+00
4.680443300000000306e+00 1.003462227848408217e+00
4.686636899999999883e+00 1.003430829790653123e+00
4.692830400000000068e+00 1.003399254970549048e+00
4.699064700000000094e+00 1.003367456183589690e+00
4.705258299999999672e+00 1.003336016927556473e+00
4.711451799999999857e+00 1.003304894174697814e+00
4.717645300000000042e+00 1.003274240703540654e+00
4.723838899999999619e+00 1.003244190805381519e+00
4.730032399999999804e+00 1.003214855034380459e+00
4.736266699999999830e+00 1.003186126587619631e+00
4.742460300000000295e+00 1.003158425612528326e+00
4.748653799999999592e+00 1.003131569759541319e+00
4.754847299999999777e+00 1.003105528883798003e+00
4.761040900000000242e+00 1.003080237240854267e+00
4.767234400000000427e+00 1.003055597960718748e+00
4.773428000000000004e+00 1.003031485199905593e+00
4.779662300000000030e+00 1.003007598342559925e+00
4.785855800000000215e+00 1.002984089384390654e+00
4.792049300000000400e+00 1.002960636426556862e+00
4.798242899999999977e+00 1.002937078070292642e+00
4.804436400000000162e+00 1.002913265872457105e+00
4.810629999999999740e+00 1.002889069355645812e+00
4.816864299999999766e+00 1.002864221295760361e+00
4.823057799999999951e+00 1.002838973916215792e+00
4.829251300000000136e+00 1.002813128933474740e+00
4.835444899999999713e+00 1.002786684879084733e+00
4.841638399999999898e+00 1.002759677578850983e+00
4.847832000000000363e+00 1.002732174960016431e+00
4.854066300000000389e+00 1.002704091820153964e+00
4.860259799999999686e+00 1.002675919385892511e+00
4.866453299999999871e+00 1.002647616599376290e+00
4.872646900000000336e+00 1.002619335314469229e+00
4.878840399999999633e+00 1.002591231774814240e+00
4.885034000000000098e+00 1.002563455626079403e+00
4.891268300000000124e+00 1.002535967960371366e+00
4.897461800000000309e+00 1.002509247843504037e+00
4.903655299999999606e+00 1.002483207680493482e+00
4.909848900000000071e+00 1.002457911369504684e+00
4.916042400000000256e+00 1.002433391165694854e+00
4.922235999999999834e+00 1.002409643283639573e+00
4.928470199999999579e+00 1.002386482280761326e+00
4.934663800000000045e+00 1.002364139643377339e+00
4.940857300000000230e+00 1.002342363767879885e+00
4.947050899999999807e+00 1.002321031371463667e+00
4.953244399999999992e+00 1.002300003053353095e+00
4.959437999999999569e+00 1.002279127768688216e+00
4.965672200000000203e+00 1.002258115846080821e+00
4.971865799999999780e+00 1.002237092794558082e+00
4.978059299999999965e+00 1.002215788066478153e+00
4.984252900000000430e+00 1.002194086759941039e+00
4.990446399999999727e+00 1.002171901152724365e+00
4.996640000000000192e+00 1.002149172261614707e+00
5.002874199999999938e+00 1.002125720473994397e+00
5.009067800000000403e+00 1.002101859898784975e+00
5.015261299999999700e+00 1.002077481851812779e+00
5.021454900000000166e+00 1.002052657877923858e+00
5.027648400000000350e+00 1.002027487640972048e+00
5.033841999999999928e+00 1.002002090420509584e+00
5.040076199999999673e+00 1.001976434584448628e+00
5.046269800000000139e+00 1.001950998128505743e+00
5.052463300000000324e+00 1.001925758300238112e+00
5.058656899999999901e+00 1.001900851580871166e+00
5.064850400000000086e+00 1.001876402771351593e+00
5.071043999999999663e+00 1.001852515662374765e+00
5.077278200000000297e+00 1.001829120537720774e+00
5.083471799999999874e+00 1.001806573796369060e+00
5.089665300000000059e+00 1.001784741481361429e+00
5.095858899999999636e+00 1.001763611054896197e+00
5.102052399999999821e+00 1.001743139900197033e+00
5.108246000000000286e+00 1.001723254780546135e+00
5.114480200000000032e+00 1.001703732084307630e+00
5.120673799999999609e+00 1.001684706688552362e+00
5.126867299999999794e+00 1.001665917079981316e+00
5.133060900000000260e+00 1.001647221980650482e+00
5.139254399999999556e+00 1.001628481154905437e+00
5.145448000000000022e+00 1.001609560295717127e+00
5.151682199999999767e+00 1.001590212844266414e+00
5.157875800000000233e+00 1.001570590874474975e+00
5.164069300000000418e+00 1.001550495746490244e+00
5.170262899999999995e+00 1.001529881606273875e+00
5.176456400000000180e+00 1.001508734849107407e+00
5.182649999999999757e+00 1.001487071876984825e+00
5.188884200000000391e+00 1.001464793781134732e+00
5.195077799999999968e+00 1.001442265836459233e+00
5.201271300000000153e+00 1.001419442828054285e+00
5.207464899999999730e+00 1.001396440071414595e+00
5.213658399999999915e+00 1.001373386327791826e+00
5.219851900000000100e+00 1.001350414650184373e+00
5.226045499999999677e+00 1.001327656757746931e+00
5.232279799999999703e+00 1.001305091211501797e+00
5.238473299999999888e+00 1.001283123570176459e+00
5.244666900000000354e+00 1.001261694897965349e+00
5.250860399999999650e+00 1.001240872174838925e+00
5.257053899999999835e+00 1.001220694018516433e+00
5.263247500000000301e+00 1.001201169836415383e+00
5.269481800000000327e+00 1.001182157815682094e+00
5.275675299999999623e+00 1.001163857380271027e+00
5.281868900000000089e+00 1.001146066611499741e+00
5.288062400000000274e+00 1.001128688522272103e+00
5.294255899999999571e+00 1.001111607878545362e+00
5.300449500000000036e+00 1.001094698027457319e+00
5.306683800000000062e+00 1.001077716971094045e+00
5.312877300000000247e+00 1.001060756714839517e+00
5.319070899999999824e+00 1.001043585329125296e+00
5.325264400000000009e+00 1.001026097799481596e+00
5.331457900000000194e+00 1.001008208663268784e+00
5.337651499999999771e+00 1.000989857105672343e+00
5.343885799999999797e+00 1.000970885007646194e+00
5.350079299999999982e+00 1.000951536660606100e+00
5.356272899999999559e+00 1.000931714597999234e+00
5.362466399999999744e+00 1.000911472221449827e+00
5.368659899999999929e+00 1.000890886382816980e+00
5.374853500000000395e+00 1.000870054133741194e+00
5.381087800000000421e+00 1.000848950326508113e+00
5.387281299999999717e+00 1.000827973252984782e+00
5.393474900000000183e+00 1.000807109531315797e+00
5.399668400000000368e+00 1.000786481310439902e+00
5.405861899999999665e+00 1.000766200377793957e+00
5.412055500000000130e+00 1.000746363630982350e+00
5.418289800000000156e+00 1.000726923833000992e+00
5.424483300000000341e+00 1.000708189250646640e+00
5.430676899999999918e+00 1.000690058097943647e+00
5.436870400000000103e+00 1.000672530845010622e+00
5.443063900000000288e+00 1.000655579436003473e+00
5.449257499999999865e+00 1.000639149589294119e+00
5.455491799999999891e+00 1.000623060238239770e+00
5.461685300000000076e+00 1.000607423968352006e+00
5.467878899999999653e+00 1.000592022040574847e+00
5.474072399999999838e+00 1.000576734328104900e+00
5.480265900000000023e+00 1.000561437424899669e+00
5.486459499999999601e+00 1.000546011793372436e+00
5.492693799999999626e+00 1.000530244518907041e+00
5.498887299999999811e+00 1.000514247760740272e+00
5.505080900000000277e+00 1.000497846074418495e+00
5.511274399999999574e+00 1.000480991268720476e+00
5.517467899999999759e+00 1.000463660867015880e+00
5.523661500000000224e+00 1.000445859788470448e+00
5.529895800000000250e+00 1.000427499231049122e+00
5.536089300000000435e+00 1.000408876726005092e+00
5.542282900000000012e+00 1.000389952264572502e+00
5.548476400000000197e+00 1.000370823095040329e+00
5.554669900000000382e+00 1.000351598065957193e+00
5.560863499999999959e+00 1.000332392928283909e+00
5.567097799999999985e+00 1.000313200495874577e+00
5.573291300000000170e+00 1.000294384514991419e+00
5.579484899999999747e+00 1.000275920278735020e+00
5.585678399999999932e+00 1.000257894694227545e+00
5.591871900000000117e+00 1.000240374055554327e+00
5.598065499999999695e+00 1.000223401691178404e+00
5.604299799999999721e+00 1.000206890399146786e+00
5.610493299999999905e+00 1.000191048249998271e+00
5.616686900000000371e+00 1.000175731560322134e+00
5.622880399999999668e+00 1.000160883288360170e+00
5.629073899999999853e+00 1.000146424526317857e+00
5.635267500000000318e+00 1.000132259277025648e+00
5.641501800000000344e+00 1.000118188301841071e+00
5.647695299999999641e+00 1.000104280311191252e+00
5.653888799999999826e+00 1.000090327466719442e+00
5.660082400000000291e+00 1.000076219607040739e+00
5.666275899999999588e+00 1.000061858278610938e+00
5.672469500000000053e+00 1.000047160217566233e+00
5.678703800000000079e+00 1.000031962539696506e+00
5.684897300000000264e+00 1.000016424721901220e+00
5.691090799999999561e+00 1.000000435001672461e+00
5.697284400000000026e+00 9.999840051516892814e-01
5.703477900000000211e+00 9.999671725850406423e-01
