3.577503900000000153e-02 7.344180160514956412e+01 8.569819228265528110e+00 8.569819228265528110e+00
4.190623799999999843e-02 7.221569143755755249e+01 8.497981609626933164e+00 8.497981609626933164e+00
4.803784500000000263e-02 7.082825463276395794e+01 8.415952390119846527e+00 8.415952390119846527e+00
5.416904399999999953e-02 6.929313871359045152e+01 8.324250039108054722e+00 8.324250039108054722e+00
6.030024300000000337e-02 6.762506082126363083e+01 8.223445799740133566e+00 8.223445799740133566e+00
6.643184900000000115e-02 6.583985786169640164e+01 8.114176351404768894e+00 8.114176351404768894e+00
7.256304800000000499e-02 6.395467411386384526e+01 7.997166630367523510e+00 7.997166630367523510e+00
7.869424699999999495e-02 6.198702342796864428e+01 7.873183817742898327e+00 7.873183817742898327e+00
8.482544599999999879e-02 5.995501646534604134e+01 7.743062473294791026e+00 7.743062473294791026e+00
9.095705299999999605e-02 5.787685455266332468e+01 7.607683915138911956e+00 7.607683915138911956e+00
9.708825199999999989e-02 5.577112656577566696e+01 7.468006867014495676e+00 7.468006867014495676e+00
1.032198599999999966e-01 5.365557407406366508e+01 7.324996523826046158e+00 7.324996523826046158e+00
1.093510599999999999e-01 5.154794801153573047e+01 7.179689966254512612e+00 7.179689966254512612e+00
1.154822600000000032e-01 4.946477277563231922e+01 7.033119704344034773e+00 7.033119704344034773e+00
1.216134600000000066e-01 4.742167291867330192e+01 6.886339587812475571e+00 6.886339587812475571e+00
1.277450599999999936e-01 4.543288720874215869e+01 6.740392214755916100e+00 6.740392214755916100e+00
1.338762599999999969e-01 4.351159181036042156e+01 6.596331693476338742e+00 6.596331693476338742e+00
1.400074600000000002e-01 4.166895848822350956e+01 6.455149764972421877e+00 6.455149764972421877e+00
1.461390700000000098e-01 3.991443620222408128e+01 6.317787286876955122e+00 6.317787286876955122e+00
1.522702700000000131e-01 3.825599242041633374e+01 6.185142877930656979e+00 6.185142877930656979e+00
1.584014599999999939e-01 3.669935977100634972e+01 6.057999650957925475e+00 6.057999650957925475e+00
1.645330700000000035e-01 3.524839732984185048e+01 5.937036072809550369e+00 5.937036072809550369e+00
1.706642700000000068e-01 3.390539462997595166e+01 5.822833900256467743e+00 5.822833900256467743e+00
1.767954700000000101e-01 3.267054467803676943e+01 5.715815311750088945e+00 5.715815311750088945e+00
1.829270799999999919e-01 3.154237028441152901e+01 5.616259456650086967e+00 5.616259456650086967e+00
1.890582799999999952e-01 3.051804886949290818e+01 5.524314334783358760e+00 5.524314334783358760e+00
1.951894700000000038e-01 2.959311848019199687e+01 5.439955742484675838e+00 5.439955742484675838e+00
2.013210800000000134e-01 2.876190582223192749e+01 5.363012756113109347e+00 5.363012756113109347e+00
2.074522799999999889e-01 2.801786544502716580e+01 5.293190478815887445e+00 5.293190478815887445e+00
2.135834799999999922e-01 2.735344386721343923e+01 5.230051994695028128e+00 5.230051994695028128e+00
2.197146799999999955e-01 2.676051694980829510e+01 5.173056828395401929e+00 5.173056828395401929e+00
2.258462800000000104e-01 2.623050568144984140e+01 5.121572578949734833e+00 5.121572578949734833e+00
2.319774800000000137e-01 2.575471223801932297e+01 5.074910071914509047e+00 5.074910071914509047e+00
2.381086799999999892e-01 2.532430602273498721e+01 5.032326104569833092e+00 5.032326104569833092e+00
2.442402899999999988e-01 2.493061982118191011e+01 4.993057161817988643e+00 4.993057161817988643e+00
2.503714899999999743e-01 2.456537975604346968e+01 4.956347420837594164e+00 4.956347420837594164e+00
2.565026899999999777e-01 2.422069347409404472e+01 4.921452374461632751e+00 4.921452374461632751e+00
2.626342899999999925e-01 2.388926084047025000e+01 4.887664149721239859e+00 4.887664149721239859e+00
2.687654899999999958e-01 2.356453525272106830e+01 4.854331596906114932e+00 4.854331596906114932e+00
2.748966899999999991e-01 2.324067509910033991e+01 4.820858336344301165e+00 4.820858336344301165e+00
2.810283000000000087e-01 2.291266585604264705e+01 4.786717649500818794e+00 4.786717649500818794e+00
2.871595000000000120e-01 2.257642048945341173e+01 4.751465088733517028e+00 4.751465088733517028e+00
2.932907000000000153e-01 2.222866005559408364e+01 4.714727993807710682e+00 4.714727993807710682e+00
2.994222999999999746e-01 2.186696681325004121e+01 4.676212870822931578e+00 4.676212870822931578e+00
3.055534999999999779e-01 2.148982757733059756e+01 4.635712197422376057e+00 4.635712197422376057e+00
3.116846999999999812e-01 2.109644357262635950e+01 4.593086497403064961e+00 4.593086497403064961e+00
3.178163099999999908e-01 2.068673080050142232e+01 4.548266790822787620e+00 4.548266790822787620e+00
3.239475099999999941e-01 2.026132890775335582e+01 4.501258591522304009e+00 4.501258591522304009e+00
3.300787099999999974e-01 1.982134725929219954e+01 4.452117165943883847e+00 4.452117165943883847e+00
3.362103100000000122e-01 1.936834643584080595e+01 4.400948356416012786e+00 4.400948356416012786e+00
3.423415100000000155e-01 1.890432912396444820e+01 4.347910891907106112e+00 4.347910891907106112e+00
3.484727100000000188e-01 1.843146036638261975e+01 4.293187669597338108e+00 4.293187669597338108e+00
3.546039100000000222e-01 1.795208519216924614e+01 4.236990109991908504e+00 4.236990109991908504e+00
3.607355199999999762e-01 1.746857263248561765e+01 4.179542155845017426e+00 4.179542155845017426e+00
3.668667099999999848e-01 1.698335988132656382e+01 4.121087220786107785e+00 4.121087220786107785e+00
3.729979099999999881e-01 1.649867910804015025e+01 4.061856608503080501e+00 4.061856608503080501e+00
3.791295199999999976e-01 1.601659577917173749e+01 4.002073934745800976e+00 4.002073934745800976e+00
3.852607200000000010e-01 1.553905190137560055e+01 3.941960413471398805e+00 3.941960413471398805e+00
3.913919200000000043e-01 1.506763708069648899e+01 3.881705434560495771e+00 3.881705434560495771e+00
3.975235200000000191e-01 1.460366568980976254e+01 3.821474282238435105e+00 3.821474282238435105e+00
4.036547200000000224e-01 1.414825647427154465e+01 3.761416817406912472e+00 3.761416817406912472e+00
4.097842899999999955e-01 1.370227196880816400e+01 3.701658002680442650e+00 3.701658002680442650e+00
4.159167100000000228e-01 1.326589725638511830e+01 3.642237946151392958e+00 3.642237946151392958e+00
4.220491399999999893e-01 1.283960609255077578e+01 3.583239608587566405e+00 3.583239608587566405e+00
4.281815600000000166e-01 1.242345240338396195e+01 3.524691816795329835e+00 3.524691816795329835e+00
4.343099000000000265e-01 1.201757920706858052e+01 3.466638026542226303e+00 3.466638026542226303e+00
4.404423299999999930e-01 1.162118633244642751e+01 3.408986115026933827e+00 3.408986115026933827e+00
4.465747500000000203e-01 1.123419402191412431e+01 3.351744921964397328e+00 3.351744921964397328e+00
4.527071699999999921e-01 1.085619157993579798e+01 3.294873530188343835e+00 3.294873530188343835e+00
4.588355199999999967e-01 1.048699331848095895e+01 3.238362752762722785e+00 3.238362752762722785e+00
4.649679400000000240e-01 1.012569626475516316e+01 3.182089920909709768e+00 3.182089920909709768e+00
4.711003599999999958e-01 9.772179252631774560e+00 3.126048504523206262e+00 3.126048504523206262e+00
4.772287100000000004e-01 9.426366493492944088e+00 3.070238833298306158e+00 3.070238833298306158e+00
4.833611300000000277e-01 9.087577950259985826e+00 3.014560987981498297e+00 3.014560987981498297e+00
4.894935499999999995e-01 8.755916657469818176e+00 2.959039820189957926e+00 2.959039820189957926e+00
4.956259700000000268e-01 8.431348498804922542e+00 2.903678442735166509e+00 2.903678442735166509e+00
5.017543199999999759e-01 8.114139818499948476e+00 2.848532923892569180e+00 2.848532923892569180e+00
5.078867400000000032e-01 7.804011392108463951e+00 2.793566070832845583e+00 2.793566070832845583e+00
5.140191600000000305e-01 7.501390086913305666e+00 2.738866569753500180e+00 2.738866569753500180e+00
5.201515799999999468e-01 7.206545454401047657e+00 2.684500969342542120e+00 2.684500969342542120e+00
5.262799299999999514e-01 6.919972072929043705e+00 2.630583979448108067e+00 2.630583979448108067e+00
5.324123499999999787e-01 6.641614063315193661e+00 2.577132915337351005e+00 2.577132915337351005e+00
5.385447700000000060e-01 6.371987641472512287e+00 2.524279628225152283e+00 2.524279628225152283e+00
5.446771900000000333e-01 6.111395329353643824e+00 2.472123647666848445e+00 2.472123647666848445e+00
5.508055400000000379e-01 5.860265432090725923e+00 2.420798511254236285e+00 2.420798511254236285e+00
5.569379599999999542e-01 5.618476282640074260e+00 2.370332525752468111e+00 2.370332525752468111e+00
5.630703799999999815e-01 5.386345298603791854e+00 2.320850124114823387e+00 2.320850124114823387e+00
5.691987299999999861e-01 5.164091322074417789e+00 2.272463711937864339e+00 2.272463711937864339e+00
5.753311500000000134e-01 4.951415533212212949e+00 2.225177640821561997e+00 2.225177640821561997e+00
5.814635700000000407e-01 4.748385502224452992e+00 2.179079049099516663e+00 2.179079049099516663e+00
5.875959899999999569e-01 4.554840025894345779e+00 2.134207118790101276e+00 2.134207118790101276e+00
5.937243399999999616e-01 4.370664045343107595e+00 2.090613317986639963e+00 2.090613317986639963e+00
5.998567599999999889e-01 4.195312960993428320e+00 2.048246313555434739e+00 2.048246313555434739e+00
6.059891800000000162e-01 4.028555722753022650e+00 2.007126234882356197e+00 2.007126234882356197e+00
6.121216000000000435e-01 3.869990695758204868e+00 1.967229192483225919e+00 1.967229192483225919e+00
6.182499500000000481e-01 3.719280693551746175e+00 1.928543671673458970e+00 1.928543671673458970e+00
6.243823699999999643e-01 3.575770304898982399e+00 1.890970730841432745e+00 1.890970730841432745e+00
6.305147899999999916e-01 3.439098339069904586e+00 1.854480611672687296e+00 1.854480611672687296e+00
6.366472100000000189e-01 3.308804399880396208e+00 1.819011929559670726e+00 1.819011929559670726e+00
6.427755600000000236e-01 3.184522846425602349e+00 1.784523142586164957e+00 1.784523142586164957e+00
6.489079800000000509e-01 3.065665870010803928e+00 1.750904300643185918e+00 1.750904300643185918e+00
6.550403999999999671e-01 2.951925869738579955e+00 1.718116954615889869e+00 1.718116954615889869e+00
6.611687499999999718e-01 2.843018214308987268e+00 1.686125207186283337e+00 1.686125207186283337e+00
6.673011699999999990e-01 2.738483293403803920e+00 1.654836334325483715e+00 1.654836334325483715e+00
6.734335900000000263e-01 2.638121941551005101e+00 1.624229645570787195e+00 1.624229645570787195e+00
6.795660199999999929e-01 2.541702963294482309e+00 1.594271922632548355e+00 1.594271922632548355e+00
6.856943599999999472e-01 2.449096244107056286e+00 1.564958863391321398e+00 1.564958863391321398e+00
6.918267799999999745e-01 2.360024374018856452e+00 1.536237082620666383e+00 1.536237082620666383e+00
6.979592100000000521e-01 2.274428383503276585e+00 1.508120811972063713e+00 1.508120811972063713e+00
7.040916299999999683e-01 2.192213716371190557e+00 1.480612615227626216e+00 1.480612615227626216e+00
7.102199700000000337e-01 2.113357660202601629e+00 1.453739199513654823e+00 1.453739199513654823e+00
7.163523899999999500e-01 2.037695831108095046e+00 1.427478837359102526e+00 1.427478837359102526e+00
7.224848200000000276e-01 1.965230627640679906e+00 1.401866836629171331e+00 1.401866836629171331e+00
7.286131599999999819e-01 1.895958753802512664e+00 1.376938180820951985e+00 1.376938180820951985e+00
7.347455800000000092e-01 1.829736446379513604e+00 1.352677510118178050e+00 1.352677510118178050e+00
7.408780099999999758e-01 1.766552028410613095e+00 1.329117010804772292e+00 1.329117010804772292e+00
7.470104300000000030e-01 1.706336131828309899e+00 1.306268016843522783e+00 1.306268016843522783e+00
7.531387699999999574e-01 1.649042958560886563e+00 1.284150675957025811e+00 1.284150675957025811e+00
7.592712000000000350e-01 1.594498577330437872e+00 1.262734563291287193e+00 1.262734563291287193e+00
7.654036199999999512e-01 1.542629611210827978e+00 1.242026413250067796e+00 1.242026413250067796e+00
7.715360399999999785e-01 1.493308970963780347e+00 1.222010217209242633e+00 1.222010217209242633e+00
7.776643899999999832e-01 1.446427277111589360e+00 1.202675050506823107e+00 1.202675050506823107e+00
7.837968100000000105e-01 1.401772214203732991e+00 1.183964616955985205e+00 1.183964616955985205e+00
7.899292300000000377e-01 1.359218161800928915e+00 1.165855120416310120e+00 1.165855120416310120e+00
7.960616499999999540e-01 1.318603553950175256e+00 1.148304643354791654e+00 1.148304643354791654e+00
8.021899999999999586e-01 1.279791633107264515e+00 1.131278760123809901e+00 1.131278760123809901e+00
8.083224199999999859e-01 1.242572189963488283e+00 1.114707221634222867e+00 1.114707221634222867e+00
8.144548400000000132e-01 1.206819563237487181e+00 1.098553395715241132e+00 1.098553395715241132e+00
8.205831900000000179e-01 1.172414113698672100e+00 1.082780732049971384e+00 1.082780732049971384e+00
8.267156100000000452e-01 1.139180804297598604e+00 1.067324132725199215e+00 1.067324132725199215e+00
8.328480299999999614e-01 1.107028348468924062e+00 1.052154146724197492e+00 1.052154146724197492e+00
8.389804499999999887e-01 1.075858577473295385e+00 1.037236027851566433e+00 1.037236027851566433e+00
8.451087999999999933e-01 1.045610369778689597e+00 1.022550913049658172e+00 1.022550913049658172e+00
8.512412200000000206e-01 1.016180046429096206e+00 1.008057561069354957e+00 1.008057561069354957e+00
8.573736400000000479e-01 9.875413156276838800e-01 9.937511336485025382e-01 9.937511336485025382e-01
8.635060599999999642e-01 9.596632290076151373e-01 9.796240243111716817e-01 9.796240243111716817e-01
8.696344099999999688e-01 9.325466339564136842e-01 9.656845416368710078e-01 9.656845416368710078e-01
8.757668299999999961e-01 9.061504939857899510e-01 9.519193736791945470e-01 9.519193736791945470e-01
8.818992500000000234e-01 8.804974788155724985e-01 9.383482716004609703e-01 9.383482716004609703e-01
8.880316700000000507e-01 8.555987856834427197e-01 9.249858299906235093e-01 9.249858299906235093e-01
8.941600200000000553e-01 8.314854205268049636e-01 9.118582239179536808e-01 9.118582239179536808e-01
9.002924399999999716e-01 8.081419769644017093e-01 8.989671723508049217e-01 8.989671723508049217e-01
9.064248599999999989e-01 7.856002397495115419e-01 8.863409274932031456e-01 8.863409274932031456e-01
9.125532100000000035e-01 7.638865273514175991e-01 8.740060224915029430e-01 8.740060224915029430e-01
9.186856300000000308e-01 7.429789569933051840e-01 8.619622712122063657e-01 8.619622712122063657e-01
9.248180499999999471e-01 7.228925326880512037e-01 8.502308702276406560e-01 8.502308702276406560e-01
9.309504699999999744e-01 7.036199337277559973e-01 8.388205611021680719e-01 8.388205611021680719e-01
9.370788199999999790e-01 6.851577064996660082e-01 8.277425363599879571e-01 8.277425363599879571e-01
9.432112400000000063e-01 6.674577278293898353e-01 8.169808613605277214e-01 8.169808613605277214e-01
9.493436600000000336e-01 6.505011668260228808e-01 8.065365254134637674e-01 8.065365254134637674e-01
9.554760799999999499e-01 6.342497417156504058e-01 7.963979794773781151e-01 7.963979794773781151e-01
9.616044299999999545e-01 6.186695358522240618e-01 7.865554880949112704e-01 7.865554880949112704e-01
9.677368499999999818e-01 6.036914698273055935e-01 7.769758489343833174e-01 7.769758489343833174e-01
9.738692700000000091e-01 5.892749301966996311e-01 7.676424494494162865e-01 7.676424494494162865e-01
9.799976200000000137e-01 5.753767367347329964e-01 7.585359165753016164e-01 7.585359165753016164e-01
9.861300400000000410e-01 5.619268182437595627e-01 7.496177814351521196e-01 7.496177814351521196e-01
9.922624599999999573e-01 5.488851564267562821e-01 7.408678400543219356e-01 7.408678400543219356e-01
9.983948900000000348e-01 5.362060109169944910e-01 7.322608899272133876e-01 7.322608899272133876e-01
1.004523199999999949e+00 5.238568252731343744e-01 7.237795419001108455e-01 7.237795419001108455e-01
1.010655700000000046e+00 5.117860176761021007e-01 7.153922124793518078e-01 7.153922124793518078e-01
1.016788100000000084e+00 4.999740659879835514e-01 7.070884428329906601e-01 7.070884428329906601e-01
1.022920499999999899e+00 4.883994722250010190e-01 6.988558307870093023e-01 6.988558307870093023e-01
1.029048799999999986e+00 4.770554508603027655e-01 6.906920086842635031e-01 6.906920086842635031e-01
1.035181300000000082e+00 4.659190622751965827e-01 6.825826413520904579e-01 6.825826413520904579e-01
1.041313699999999898e+00 4.549969030969107653e-01 6.745345825803972239e-01 6.745345825803972239e-01
1.047446099999999936e+00 4.442927105432205592e-01 6.665528565261876759e-01 6.665528565261876759e-01
1.053574500000000080e+00 4.338215086775079610e-01 6.586512800241930421e-01 6.586512800241930421e-01
1.059706899999999896e+00 4.235810870701719466e-01 6.508310741430313184e-01 6.508310741430313184e-01
1.065839299999999934e+00 4.135917950598583248e-01 6.431110285633875323e-01 6.431110285633875323e-01
1.071967600000000020e+00 4.038742151326135676e-01 6.355109874208419996e-01 6.355109874208419996e-01
1.078100099999999895e+00 3.944288904769577275e-01 6.280357398086177101e-01 6.280357398086177101e-01
1.084232499999999932e+00 3.852748541095890600e-01 6.207051265372222071e-01 6.207051265372222071e-01
1.090364899999999970e+00 3.764215504491408848e-01 6.135320288698389302e-01 6.135320288698389302e-01
1.096493299999999893e+00 3.678807445221682348e-01 6.065317341427143294e-01 6.065317341427143294e-01
1.102625699999999931e+00 3.596437037601064590e-01 5.997030129656732989e-01 5.997030129656732989e-01
1.108758099999999969e+00 3.517143110763150116e-01 5.930550658044453360e-01 5.930550658044453360e-01
1.114890500000000007e+00 3.440864596032143230e-01 5.865888335139139986e-01 5.865888335139139986e-01
1.121018899999999929e+00 3.367545460683793457e-01 5.803055626722695148e-01 5.803055626722695148e-01
1.127151299999999967e+00 3.296948577989848306e-01 5.741906110334658031e-01 5.741906110334658031e-01
1.133283700000000005e+00 3.228947933357588784e-01 5.682383244165768454e-01 5.682383244165768454e-01
1.139416100000000043e+00 3.163342129709832973e-01 5.624359634402686936e-01 5.624359634402686936e-01
1.145544499999999966e+00 3.099951757090098625e-01 5.567721039249451387e-01 5.567721039249451387e-01
1.151676900000000003e+00 3.038463899255287592e-01 5.512226319061371838e-01 5.512226319061371838e-01
1.157809300000000041e+00 2.978688966868839327e-01 5.457736680043147048e-01 5.457736680043147048e-01
1.163937699999999964e+00 2.920440161135685608e-01 5.404109696458506695e-01 5.404109696458506695e-01
1.170070100000000002e+00 2.863432475886601991e-01 5.351105003535813198e-01 5.351105003535813198e-01
1.176202500000000040e+00 2.807517674548174469e-01 5.298601395225134292e-01 5.298601395225134292e-01
1.182334900000000077e+00 2.752537214211786543e-01 5.246462821951363154e-01 5.246462821951363154e-01
1.188463300000000000e+00 2.698400122912567034e-01 5.194612712139921040e-01 5.194612712139921040e-01
1.194595700000000038e+00 2.644944831064111046e-01 5.142902712539010324e-01 5.142902712539010324e-01
1.200728100000000076e+00 2.592152026192652281e-01 5.091318126175825576e-01 5.091318126175825576e-01
1.206860499999999892e+00 2.540002103433326441e-01 5.039843354146362753e-01 5.039843354146362753e-01
1.212988900000000037e+00 2.488541753407824131e-01 4.988528594092474511e-01 4.988528594092474511e-01
1.219121300000000074e+00 2.437746230609860176e-01 4.937353775667548961e-01 4.937353775667548961e-01
1.225253699999999890e+00 2.387715944903051335e-01 4.886426040474828869e-01 4.886426040474828869e-01
1.231382100000000035e+00 2.338567554477288257e-01 4.835873813983661007e-01 4.835873813983661007e-01
1.237514500000000073e+00 2.290333517767999816e-01 4.785742907603792173e-01 4.785742907603792173e-01
1.243646900000000111e+00 2.243147930710988058e-01 4.736188267701135213e-01 4.736188267701135213e-01
1.249779299999999926e+00 2.197110925375667101e-01 4.687334984162820906e-01 4.687334984162820906e-01
1.255907700000000071e+00 2.152343561713049858e-01 4.639335687049440105e-01 4.639335687049440105e-01
1.262040100000000109e+00 2.108866159641169247e-01 4.592239279089417314e-01 4.592239279089417314e-01
1.268172499999999925e+00 2.066769012986172105e-01 4.546173130212016189e-01 4.546173130212016189e-01
1.274305000000000021e+00 2.026090402131006385e-01 4.501211394870281435e-01 4.501211394870281435e-01
1.280433300000000107e+00 1.986872265347338906e-01 4.457434537205609559e-01 4.457434537205609559e-01
1.286565699999999923e+00 1.949051178987931954e-01 4.414805974205358030e-01 4.414805974205358030e-01
1.292698099999999961e+00 1.912618685647642647e-01 4.373349615166437498e-01 4.373349615166437498e-01
1.298830600000000057e+00 1.877515606561413475e-01 4.333030817524164968e-01 4.333030817524164968e-01
1.304958899999999922e+00 1.843685837511699066e-01 4.293816294989457605e-01 4.293816294989457605e-01
1.311091299999999960e+00 1.810986756847507706e-01 4.255569006428526757e-01 4.255569006428526757e-01
1.317223800000000056e+00 1.779330983515991504e-01 4.218211686859719145e-01 4.218211686859719145e-01
1.323352099999999920e+00 1.748621566568987484e-01 4.181652265037095750e-01 4.181652265037095750e-01
1.329484499999999958e+00 1.718695400311206767e-01 4.145715137718951615e-01 4.145715137718951615e-01
1.335616899999999996e+00 1.689453473142897011e-01 4.110296185365352462e-01 4.110296185365352462e-01
1.341749400000000092e+00 1.660781954571721730e-01 4.075269260517299652e-01 4.075269260517299652e-01
1.347877699999999956e+00 1.632597935849550708e-01 4.040541963461771191e-01 4.040541963461771191e-01
1.354010099999999994e+00 1.604775182545934153e-01 4.005964531228320968e-01 4.005964531228320968e-01
1.360142600000000090e+00 1.577261464532912494e-01 3.971475122083622522e-01 3.971475122083622522e-01
1.366274999999999906e+00 1.550006147026172509e-01 3.937011743729211255e-01 3.937011743729211255e-01
1.372403299999999993e+00 1.522995453517934639e-01 3.902557435218519388e-01 3.902557435218519388e-01
1.378535700000000030e+00 1.496182084742270491e-01 3.868051298447670039e-01 3.868051298447670039e-01
1.384668199999999905e+00 1.469591754631780767e-01 3.833525472240638110e-01 3.833525472240638110e-01
1.390800599999999942e+00 1.443250633366207347e-01 3.799013863315330863e-01 3.799013863315330863e-01
1.396928900000000029e+00 1.417215576234815977e-01 3.764592376652239891e-01 3.764592376652239891e-01
1.403061399999999903e+00 1.391502732721519031e-01 3.730285153606248127e-01 3.730285153606248127e-01
1.409193799999999941e+00 1.366189699346583297e-01 3.696200345417687827e-01 3.696200345417687827e-01
1.415322100000000027e+00 1.341355670338943706e-01 3.662452280015323081e-01 3.662452280015323081e-01
1.421454500000000065e+00 1.317030574605370929e-01 3.629091586892470578e-01 3.629091586892470578e-01
1.427586999999999939e+00 1.293290269356326683e-01 3.596234515929581099e-01 3.596234515929581099e-01
1.433719399999999977e+00 1.270187838845475703e-01 3.563969470752346158e-01 3.563969470752346158e-01
1.439847700000000064e+00 1.247779868144838766e-01 3.532392769985861491e-01 3.532392769985861491e-01
1.445980199999999938e+00 1.226065822059056037e-01 3.501522271896975735e-01 3.501522271896975735e-01
1.452112599999999976e+00 1.205077418259977301e-01 3.471422501309768816e-01 3.471422501309768816e-01
1.458245000000000013e+00 1.184815190958253273e-01 3.442114453295028742e-01 3.442114453295028742e-01
1.464373300000000100e+00 1.165277892416491240e-01 3.413616692624541482e-01 3.413616692624541482e-01
1.470505799999999974e+00 1.146410695233218285e-01 3.385868714574176153e-01 3.385868714574176153e-01
1.476638200000000012e+00 1.128186164809805991e-01 3.358848262142554719e-01 3.358848262142554719e-01
1.482766500000000098e+00 1.110563236957740341e-01 3.332511420772238386e-01 3.332511420772238386e-01
1.488898999999999972e+00 1.093457183148929396e-01 3.306746411730009383e-01 3.306746411730009383e-01
1.495031400000000010e+00 1.076813885262038473e-01 3.281484245371351083e-01 3.281484245371351083e-01
1.501163800000000048e+00 1.060563659557687138e-01 3.256629637459081961e-01 3.256629637459081961e-01
1.507292099999999913e+00 1.044647974689678904e-01 3.232101444400653500e-01 3.232101444400653500e-01
1.513424600000000009e+00 1.028979504422835589e-01 3.207771039869952157e-01 3.207771039869952157e-01
1.519557000000000047e+00 1.013509685710444613e-01 3.183566688025310509e-01 3.183566688025310509e-01
1.525689400000000084e+00 9.981867856504074432e-02 3.159409415777587049e-01 3.159409415777587049e-01
1.531817800000000007e+00 9.829794582947884440e-02 3.135250322214780394e-01 3.135250322214780394e-01
1.537950200000000045e+00 9.678381884150719094e-02 3.111009785286880103e-01 3.111009785286880103e-01
1.544082600000000083e+00 9.527555589890217280e-02 3.086673871644073919e-01 3.086673871644073919e-01
1.550214999999999899e+00 9.377266352131233274e-02 3.062232249867934963e-01 3.062232249867934963e-01
1.556343400000000043e+00 9.227681879407605148e-02 3.037709972892014831e-01 3.037709972892014831e-01
1.562475800000000081e+00 9.078786400595637018e-02 3.013102454380806039e-01 3.013102454380806039e-01
1.568608199999999897e+00 8.930951385940567866e-02 2.988469739840202699e-01 2.988469739840202699e-01
1.574736600000000042e+00 8.784620189825491365e-02 2.963885994741614627e-01 2.963885994741614627e-01
1.580869000000000080e+00 8.640002436712865275e-02 2.939388105833060094e-01 2.939388105833060094e-01
1.587001399999999895e+00 8.497623406172982730e-02 2.915068336449933573e-01 2.915068336449933573e-01
1.593133799999999933e+00 8.357916129789240423e-02 2.891006075709499634e-01 2.891006075709499634e-01
1.599262200000000078e+00 8.221381409096457926e-02 2.867295138121720988e-01 2.867295138121720988e-01
1.605394599999999894e+00 8.088211113659385387e-02 2.843978043807544043e-01 2.843978043807544043e-01
1.611526999999999932e+00 7.958803825702698287e-02 2.821135201599295761e-01 2.821135201599295761e-01
1.617659399999999970e+00 7.833390303426801538e-02 2.798819448165029700e-01 2.798819448165029700e-01
1.623787799999999892e+00 7.712189952339258692e-02 2.777082993419400792e-01 2.777082993419400792e-01
1.629920199999999930e+00 7.595090437438097031e-02 2.755919163806895278e-01 2.755919163806895278e-01
1.636052599999999968e+00 7.482120601903093082e-02 2.735346523185516188e-01 2.735346523185516188e-01
1.642180999999999891e+00 7.373204187336947213e-02 2.715364466758918849e-01 2.715364466758918849e-01
1.648313399999999929e+00 7.267966250562815644e-02 2.695916588205728437e-01 2.695916588205728437e-01
1.654445799999999966e+00 7.166171170893836928e-02 2.676970521110353385e-01 2.676970521110353385e-01
1.660578200000000004e+00 7.067450899781517470e-02 2.658467772943940988e-01 2.658467772943940988e-01
1.666706599999999927e+00 6.971456805175085814e-02 2.640351644227542094e-01 2.640351644227542094e-01
1.672838999999999965e+00 6.877630035308864020e-02 2.622523600524667153e-01 2.622523600524667153e-01
1.678971400000000003e+00 6.785596828147860693e-02 2.604917816006458997e-01 2.604917816006458997e-01
1.685103800000000041e+00 6.694935921405080481e-02 2.587457424075820245e-01 2.587457424075820245e-01
1.691232199999999963e+00 6.605318421133307694e-02 2.570081403600537051e-01 2.570081403600537051e-01
1.697364600000000001e+00 6.516290472761969432e-02 2.552702582119971697e-01 2.552702582119971697e-01
1.703497000000000039e+00 6.427637005242545221e-02 2.535278486723410163e-01 2.535278486723410163e-01
1.709629499999999913e+00 6.339155646469094019e-02 2.517767989007146934e-01 2.517767989007146934e-01
1.715757800000000000e+00 6.250786273049775688e-02 2.500157249664463621e-01 2.500157249664463621e-01
1.721890200000000037e+00 6.162367776570465416e-02 2.482411685553076175e-01 2.482411685553076175e-01
1.728022600000000075e+00 6.073996462536849356e-02 2.464547922548240844e-01 2.464547922548240844e-01
1.734150999999999998e+00 5.985839796939874252e-02 2.446597596038194988e-01 2.446597596038194988e-01
1.740283400000000036e+00 5.897956263338063193e-02 2.428570827325829407e-01 2.428570827325829407e-01
1.746415800000000074e+00 5.810628787679331803e-02 2.410524587652930761e-01 2.410524587652930761e-01
1.752548299999999948e+00 5.724118827544485977e-02 2.392513077820994094e-01 2.392513077820994094e-01
1.758676600000000034e+00 5.638770735140059831e-02 2.374609596363170538e-01 2.374609596363170538e-01
1.764809000000000072e+00 5.554759453202062769e-02 2.356853719092905919e-01 2.356853719092905919e-01
1.770941400000000110e+00 5.472423144049255034e-02 2.339321086137868266e-01 2.339321086137868266e-01
1.777073899999999984e+00 5.392016158384764501e-02 2.322071523098452051e-01 2.322071523098452051e-01
1.783202200000000071e+00 5.313810043377707737e-02 2.305170285115116513e-01 2.305170285115116513e-01
1.789334600000000108e+00 5.237866839210709308e-02 2.288638643213626589e-01 2.288638643213626589e-01
1.795467099999999983e+00 5.164349058778164303e-02 2.272520419881450537e-01 2.272520419881450537e-01
1.801599500000000020e+00 5.093307092221412841e-02 2.256835636953079538e-01 2.256835636953079538e-01
1.807727800000000107e+00 5.024768227152213301e-02 2.241599479646668169e-01 2.241599479646668169e-01
1.813860299999999981e+00 4.958560044700748709e-02 2.226782442157461683e-01 2.226782442157461683e-01
1.819992700000000019e+00 4.894592978489689661e-02 2.212372703341299596e-01 2.212372703341299596e-01
1.826121000000000105e+00 4.832716824196599953e-02 2.198344109596266083e-01 2.198344109596266083e-01
1.832253399999999921e+00 4.772617203846797607e-02 2.184632052279467385e-01 2.184632052279467385e-01
1.838385900000000017e+00 4.714073109952295754e-02 2.171191633631701368e-01 2.171191633631701368e-01
1.844518300000000055e+00 4.656806567594752588e-02 2.157963523230815028e-01 2.157963523230815028e-01
1.850646599999999919e+00 4.600569559016776805e-02 2.144893833973322006e-01 2.144893833973322006e-01
1.856779100000000016e+00 4.545010287329416532e-02 2.131902973244658717e-01 2.131902973244658717e-01
1.862911500000000053e+00 4.489913682169024284e-02 2.118941641992299896e-01 2.118941641992299896e-01
1.869043900000000091e+00 4.435056103300677455e-02 2.105957289049490144e-01 2.105957289049490144e-01
1.875172199999999956e+00 4.380292782322727646e-02 2.092914900879327966e-01 2.092914900879327966e-01
1.881304700000000052e+00 4.325416485399124350e-02 2.079763564783055907e-01 2.079763564783055907e-01
1.887437100000000090e+00 4.270385250510670694e-02 2.066491047769302702e-01 2.066491047769302702e-01
1.893569499999999906e+00 4.215172334287619477e-02 2.053088486716444228e-01 2.053088486716444228e-01
1.899697900000000050e+00 4.159841651814733671e-02 2.039568986775081860e-01 2.039568986775081860e-01
1.905830300000000088e+00 4.104398778724555052e-02 2.025931582932788688e-01 2.025931582932788688e-01
1.911962699999999904e+00 4.049001844794710564e-02 2.012213170813348662e-01 2.012213170813348662e-01
1.918090999999999990e+00 3.993846053590168615e-02 1.998460921206659247e-01 1.998460921206659247e-01
1.924223500000000087e+00 3.939041918492747901e-02 1.984701972209618193e-01 1.984701972209618193e-01
1.930355899999999902e+00 3.884829910692853827e-02 1.970997186881009722e-01 1.970997186881009722e-01
1.936488299999999940e+00 3.831416175799787216e-02 1.957400361653125753e-01 1.957400361653125753e-01
1.942616700000000085e+00 3.779035912844011524e-02 1.943974257248282378e-01 1.943974257248282378e-01
1.948749099999999901e+00 3.727805915714638152e-02 1.930752681136203575e-01 1.930752681136203575e-01
1.954881499999999939e+00 3.677920504887954162e-02 1.917790526853220823e-01 1.917790526853220823e-01
1.961013899999999976e+00 3.629506082026636576e-02 1.905126264064047892e-01 1.905126264064047892e-01
1.967142299999999899e+00 3.582679664122039032e-02 1.892796783630519286e-01 1.892796783630519286e-01
1.973274699999999937e+00 3.537423709474113442e-02 1.880804006129855599e-01 1.880804006129855599e-01
1.979407099999999975e+00 3.493767826369068713e-02 1.869162332802870585e-01 1.869162332802870585e-01
1.985535499999999898e+00 3.451692969395391691e-02 1.857873238247268466e-01 1.857873238247268466e-01
1.991667899999999936e+00 3.411056437341935393e-02 1.846904555558281924e-01 1.846904555558281924e-01
1.997800299999999973e+00 3.371761279000637379e-02 1.836235627309479312e-01 1.836235627309479312e-01
2.003932700000000011e+00 3.333651913831246760e-02 1.825829103128561448e-01 1.825829103128561448e-01
2.010061100000000156e+00 3.296573798383650028e-02 1.815646936599638051e-01 1.815646936599638051e-01
2.016193499999999972e+00 3.260286037857840907e-02 1.805626217648005072e-01 1.805626217648005072e-01
2.022325899999999788e+00 3.224615623350857857e-02 1.795721477109091524e-01 1.795721477109091524e-01
2.028458300000000047e+00 3.189369366499911207e-02 1.785880557736130025e-01 1.785880557736130025e-01
2.034586700000000192e+00 3.154390023323906667e-02 1.776060253292074120e-01 1.776060253292074120e-01
2.040719100000000008e+00 3.119473114515720555e-02 1.766203021885004165e-01 1.766203021885004165e-01
2.046851499999999824e+00 3.084510512207714814e-02 1.756277458776862865e-01 1.756277458776862865e-01
2.052983900000000084e+00 3.049404326062262957e-02 1.746254370377426646e-01 1.746254370377426646e-01
2.059112299999999784e+00 3.014116396745903509e-02 1.736121077789767320e-01 1.736121077789767320e-01
2.065244700000000044e+00 2.978577640490145603e-02 1.725855625621721956e-01 1.725855625621721956e-01
2.071377099999999860e+00 2.942825935174235574e-02 1.715466681452669784e-01 1.715466681452669784e-01
2.077505500000000005e+00 2.906935486297042640e-02 1.704973749445146958e-01 1.704973749445146958e-01
2.083637899999999821e+00 2.870942123056869841e-02 1.694385470622570555e-01 1.694385470622570555e-01
2.089770300000000081e+00 2.834978629439442038e-02 1.683739477900141890e-01 1.683739477900141890e-01
2.095902699999999896e+00 2.799174615218513046e-02 1.673073404013856458e-01 1.673073404013856458e-01
2.102031100000000041e+00 2.763695609977236817e-02 1.662436648410169360e-01 1.662436648410169360e-01
2.108163499999999857e+00 2.728642851867766131e-02 1.651860421424209135e-01 1.651860421424209135e-01
2.114295900000000117e+00 2.694184555768605258e-02 1.641397135299256238e-01 1.641397135299256238e-01
2.120428400000000213e+00 2.660454936876591181e-02 1.631090106915185356e-01 1.631090106915185356e-01
2.126556700000000077e+00 2.627594539950156571e-02 1.620985669261192641e-01 1.620985669261192641e-01
2.132689099999999893e+00 2.595653761834547033e-02 1.611103274726529422e-01 1.611103274726529422e-01
2.138821500000000153e+00 2.564722533410273078e-02 1.601475111704915855e-01 1.601475111704915855e-01
2.144949899999999854e+00 2.534857245620595820e-02 1.592123501999953561e-01 1.592123501999953561e-01
2.151082300000000114e+00 2.506024253555457632e-02 1.583042720066472897e-01 1.583042720066472897e-01
2.157214699999999930e+00 2.478216954641869127e-02 1.574235355543086856e-01 1.574235355543086856e-01
2.163347200000000026e+00 2.451378371778155027e-02 1.565687827051789605e-01 1.565687827051789605e-01
2.169475499999999890e+00 2.425442941874288855e-02 1.557383363810686538e-01 1.557383363810686538e-01
2.175607900000000150e+00 2.400269503745628211e-02 1.549280318001112489e-01 1.549280318001112489e-01
2.181740299999999966e+00 2.375752488592269146e-02 1.541347620944824026e-01 1.541347620944824026e-01
2.187872800000000062e+00 2.351757318189847887e-02 1.533544038555739730e-01 1.533544038555739730e-01
2.194001099999999926e+00 2.328161854305548298e-02 1.525831528808324344e-01 1.525831528808324344e-01
2.200133500000000186e+00 2.304797826258781282e-02 1.518156061233093823e-01 1.518156061233093823e-01
2.206265999999999838e+00 2.281552996669283795e-02 1.510481048100003054e-01 1.510481048100003054e-01
2.212398400000000098e+00 2.258314826620436491e-02 1.502769052988660869e-01 1.502769052988660869e-01
2.218526699999999963e+00 2.235004748407532979e-02 1.494993226876808745e-01 1.494993226876808745e-01
2.224659099999999778e+00 2.211521179952439034e-02 1.487118414905967967e-01 1.487118414905967967e-01
2.230791599999999875e+00 2.187834962773974393e-02 1.479133179525756736e-01 1.479133179525756736e-01
2.236919900000000183e+00 2.163946075996044799e-02 1.471035715404641342e-01 1.471035715404641342e-01
2.243052299999999999e+00 2.139832774282598993e-02 1.462816726142615320e-01 1.462816726142615320e-01
2.249184800000000095e+00 2.115547275383675152e-02 1.454492102207390891e-01 1.454492102207390891e-01
2.255317199999999911e+00 2.091150569352234062e-02 1.446081107459825099e-01 1.446081107459825099e-01
2.261445500000000219e+00 2.066738559551237198e-02 1.437615581284244770e-01 1.437615581284244770e-01
2.267577900000000035e+00 2.042373674545838041e-02 1.429116396430269165e-01 1.429116396430269165e-01
2.273710400000000131e+00 2.018176922906347523e-02 1.420625539298216167e-01 1.420625539298216167e-01
2.279842799999999947e+00 1.994258469348970941e-02 1.412182165780665466e-01 1.412182165780665466e-01
2.285971099999999812e+00 1.970741464983832153e-02 1.403830995876580723e-01 1.403830995876580723e-01
2.292103599999999908e+00 1.947695057489166534e-02 1.395598458543562126e-01 1.395598458543562126e-01
2.298236000000000168e+00 1.925224937348229970e-02 1.387524751976781934e-01 1.387524751976781934e-01
2.304368399999999983e+00 1.903403447801005344e-02 1.379638883114348014e-01 1.379638883114348014e-01
2.310496699999999848e+00 1.882297390990551531e-02 1.371968436586844808e-01 1.371968436586844808e-01
2.316629199999999944e+00 1.861908906635634936e-02 1.364517829357914658e-01 1.364517829357914658e-01
2.322761600000000204e+00 1.842260281660694152e-02 1.357298891792332596e-01 1.357298891792332596e-01
2.328889900000000068e+00 1.823347310148005704e-02 1.350313782106961069e-01 1.350313782106961069e-01
2.335022400000000165e+00 1.805105671793649086e-02 1.343542210648273338e-01 1.343542210648273338e-01
2.341154799999999980e+00 1.787489821396538031e-02 1.336970389124807201e-01 1.336970389124807201e-01
2.347287199999999796e+00 1.770423255292957396e-02 1.330572529136595794e-01 1.330572529136595794e-01
2.353415500000000105e+00 1.753827483199245710e-02 1.324321518060944947e-01 1.324321518060944947e-01
2.359548000000000201e+00 1.737581855033686756e-02 1.318173681664782382e-01 1.318173681664782382e-01
2.365680400000000017e+00 1.721595957189543322e-02 1.312096016756983952e-01 1.312096016756983952e-01
2.371812799999999832e+00 1.705768303130494531e-02 1.306050651058562329e-01 1.306050651058562329e-01
2.377941199999999977e+00 1.690013702503442850e-02 1.300005270182949257e-01 1.300005270182949257e-01
2.384073599999999793e+00 1.674226305491973918e-02 1.293918971764450865e-01 1.293918971764450865e-01
2.390206000000000053e+00 1.658345028058222717e-02 1.287767458844267798e-01 1.287767458844267798e-01
2.396338399999999869e+00 1.642315499097898521e-02 1.281528579118662581e-01 1.281528579118662581e-01
2.402466800000000013e+00 1.626113146482921143e-02 1.275191415624697955e-01 1.275191415624697955e-01
2.408599199999999829e+00 1.609701937043650499e-02 1.268740295349544966e-01 1.268740295349544966e-01
2.414731600000000089e+00 1.593097959325609145e-02 1.262179844287496522e-01 1.262179844287496522e-01
2.420859999999999790e+00 1.576337385566117105e-02 1.255522753902181265e-01 1.255522753902181265e-01
2.426992400000000050e+00 1.559441296304904349e-02 1.248775919172412791e-01 1.248775919172412791e-01
2.433124799999999865e+00 1.542478715460640117e-02 1.241965665974965743e-01 1.241965665974965743e-01
2.439257200000000125e+00 1.525519599964796427e-02 1.235119265482000489e-01 1.235119265482000489e-01
2.445385599999999826e+00 1.508652845305036294e-02 1.228272300959781654e-01 1.228272300959781654e-01
2.451518000000000086e+00 1.491938134001855043e-02 1.221449194195916993e-01 1.221449194195916993e-01
2.457650399999999902e+00 1.475467811006109763e-02 1.214688359624027103e-01 1.214688359624027103e-01
2.463782800000000162e+00 1.459318584940266436e-02 1.208022592893140540e-01 1.208022592893140540e-01
2.469911199999999862e+00 1.443568876727051135e-02 1.201486111749549557e-01 1.201486111749549557e-01
2.476043600000000122e+00 1.428254614877944549e-02 1.195096069309051212e-01 1.195096069309051212e-01
2.482175999999999938e+00 1.413428282296365010e-02 1.188876899555359745e-01 1.188876899555359745e-01
2.488304400000000083e+00 1.399124741202864043e-02 1.182846034445254463e-01 1.182846034445254463e-01
2.494436799999999899e+00 1.385333575289436452e-02 1.177001943621775182e-01 1.177001943621775182e-01
2.500569200000000158e+00 1.372054928347115656e-02 1.171347484031581287e-01 1.171347484031581287e-01
2.506701599999999974e+00 1.359262502960872226e-02 1.165874136843626924e-01 1.165874136843626924e-01
2.512830000000000119e+00 1.346922502908285725e-02 1.160569904360907456e-01 1.160569904360907456e-01
2.518962399999999935e+00 1.334963967468760435e-02 1.155406407922666967e-01 1.155406407922666967e-01
2.525094800000000195e+00 1.323329901506382737e-02 1.150360770152730333e-01 1.150360770152730333e-01
2.531227200000000011e+00 1.311948120015709457e-02 1.145403038242744226e-01 1.145403038242744226e-01
2.537355600000000155e+00 1.300750308820903221e-02 1.140504409820892878e-01 1.140504409820892878e-01
2.543487999999999971e+00 1.289646611364291852e-02 1.135626087831858450e-01 1.135626087831858450e-01
2.549620399999999787e+00 1.278573021994333127e-02 1.130740032896303260e-01 1.130740032896303260e-01
2.555752899999999883e+00 1.267465267108369709e-02 1.125817599395377011e-01 1.125817599395377011e-01
2.561881200000000192e+00 1.256277346782951401e-02 1.120837787899280069e-01 1.120837787899280069e-01
2.568013600000000007e+00 1.244952824700089680e-02 1.115774540263439474e-01 1.115774540263439474e-01
2.574145999999999823e+00 1.233472129701221158e-02 1.110617904457343597e-01 1.110617904457343597e-01
2.580274399999999968e+00 1.221831158767782560e-02 1.105364717533440372e-01 1.105364717533440372e-01
2.586406799999999784e+00 1.210018421257046811e-02 1.100008373266788686e-01 1.100008373266788686e-01
2.592539200000000044e+00 1.198060067052682774e-02 1.094559302666001238e-01 1.094559302666001238e-01
2.598671700000000140e+00 1.185988121585025874e-02 1.089030817555236008e-01 1.089030817555236008e-01
2.604800000000000004e+00 1.173855011024030337e-02 1.083445896675985509e-01 1.083445896675985509e-01
2.610932399999999820e+00 1.161697378529996834e-02 1.077820661580578959e-01 1.077820661580578959e-01
2.617064800000000080e+00 1.149582745602454811e-02 1.072185965960408827e-01 1.072185965960408827e-01
2.623197300000000176e+00 1.137573518949775049e-02 1.066570916043455136e-01 1.066570916043455136e-01
2.629325600000000041e+00 1.125740479034563306e-02 1.061009179524175089e-01 1.061009179524175089e-01
2.635457999999999856e+00 1.114126869125576375e-02 1.055522083674982348e-01 1.055522083674982348e-01
2.641590499999999953e+00 1.102793603075708125e-02 1.050139801681522905e-01 1.050139801681522905e-01
2.647722900000000212e+00 1.091785379915105776e-02 1.044885342951610979e-01 1.044885342951610979e-01
2.653851200000000077e+00 1.081142434966032330e-02 1.039779993539995118e-01 1.039779993539995118e-01
2.659983599999999893e+00 1.070871509760212836e-02 1.034829217678073093e-01 1.034829217678073093e-01
2.666116099999999989e+00 1.060987357163973785e-02 1.030042405517352377e-01 1.030042405517352377e-01
2.672244399999999853e+00 1.051490647178757697e-02 1.025422179972111658e-01 1.025422179972111658e-01
2.678376800000000113e+00 1.042349546167858215e-02 1.020955212616037472e-01 1.020955212616037472e-01
2.684509300000000209e+00 1.033539421825648702e-02 1.016631409029668254e-01 1.016631409029668254e-01
2.690641700000000025e+00 1.025019254490684532e-02 1.012432345636331693e-01 1.012432345636331693e-01
2.696769999999999889e+00 1.016744870679841747e-02 1.008337676911778280e-01 1.008337676911778280e-01
2.702902400000000149e+00 1.008650061603809031e-02 1.004315718090585813e-01 1.004315718090585813e-01
2.709034899999999801e+00 1.000682215210240561e-02 1.000341049447757424e-01 1.000341049447757424e-01
2.715167300000000061e+00 9.927834163045648128e-03 9.963851746712035218e-02 9.963851746712035218e-02
2.721295599999999926e+00 9.849033573277168885e-03 9.924229729947392498e-02 9.924229729947392498e-02
2.727428100000000022e+00 9.769812692944104121e-03 9.884236284581679466e-02 9.884236284581679466e-02
2.733560499999999838e+00 9.689801961791198390e-03 9.843679170813725288e-02 9.843679170813725288e-02
2.739688800000000146e+00 9.608725233691120526e-03 9.802410537052159978e-02 9.802410537052159978e-02
2.745821199999999962e+00 9.526253759058897486e-03 9.760252947059772088e-02 9.760252947059772088e-02
2.751953700000000058e+00 9.442336993103830900e-03 9.717168822812451145e-02 9.717168822812451145e-02
2.758086099999999874e+00 9.356994409626794712e-03 9.673155849890352487e-02 9.673155849890352487e-02
2.764214400000000182e+00 9.270415806957112842e-03 9.628299853534430519e-02 9.628299853534430519e-02
2.770346899999999835e+00 9.182723404096728576e-03 9.582652766377756925e-02 9.582652766377756925e-02
2.776479300000000094e+00 9.094309627730050305e-03 9.536408982279467872e-02 9.536408982279467872e-02
2.782611699999999910e+00 9.005578874076025295e-03 9.489772849797842302e-02 9.489772849797842302e-02
2.788740000000000219e+00 8.917047823666967091e-03 9.443012137907569326e-02 9.443012137907569326e-02
2.794872499999999871e+00 8.829081573077716266e-03 9.396319265051457370e-02 9.396319265051457370e-02
2.801004900000000131e+00 8.742230180153345506e-03 9.349989401145514245e-02 9.349989401145514245e-02
2.807137299999999946e+00 8.656957929446811029e-03 9.304277472994242071e-02 9.304277472994242071e-02
2.813265700000000091e+00 8.573738812645555901e-03 9.259448586522610325e-02 9.259448586522610325e-02
2.819398099999999907e+00 8.492818589932560336e-03 9.215648967887481169e-02 9.215648967887481169e-02
2.825530500000000167e+00 8.414524144653816318e-03 9.173071538287388971e-02 9.173071538287388971e-02
2.831658899999999868e+00 8.339080409860517504e-03 9.131856552673457694e-02 9.131856552673457694e-02
2.837791300000000128e+00 8.266462709248323729e-03 9.092008969005872798e-02 9.092008969005872798e-02
2.843923699999999943e+00 8.196689938371165551e-03 9.053557277872142928e-02 9.053557277872142928e-02
2.850056100000000203e+00 8.129628570804903198e-03 9.016445292245110765e-02 9.016445292245110765e-02
2.856184499999999904e+00 8.065092123438435956e-03 8.980585795725375131e-02 8.980585795725375131e-02
2.862316900000000164e+00 8.002686806504866537e-03 8.945773754407645995e-02 8.945773754407645995e-02
2.868449299999999980e+00 7.942080249162868089e-03 8.911834967706071253e-02 8.911834967706071253e-02
2.874581699999999795e+00 7.882850861719211885e-03 8.878542032180290755e-02 8.878542032180290755e-02
2.880710099999999940e+00 7.824589802333109523e-03 8.845671146008712848e-02 8.845671146008712848e-02
2.886842500000000200e+00 7.766771648051929398e-03 8.812928938810257740e-02 8.812928938810257740e-02
2.892974900000000016e+00 7.709004011313374052e-03 8.780093400023358807e-02 8.780093400023358807e-02
2.899103300000000161e+00 7.650933863445977430e-03 8.746961680175566189e-02 8.746961680175566189e-02
2.905235699999999976e+00 7.592152297142082222e-03 8.713295758289214821e-02 8.713295758289214821e-02
2.911368099999999792e+00 7.532436748543716587e-03 8.678961198521235876e-02 8.678961198521235876e-02
2.917500500000000052e+00 7.471611172788972764e-03 8.643848201344683790e-02 8.643848201344683790e-02
2.923628900000000197e+00 7.409631568744356155e-03 8.607921682232219651e-02 8.607921682232219651e-02
2.929761300000000013e+00 7.346425642882237206e-03 8.571129238835591135e-02 8.571129238835591135e-02
2.935893699999999829e+00 7.282133182214199987e-03 8.533541575579391136e-02 8.533541575579391136e-02
2.942026100000000088e+00 7.216938223331328256e-03 8.495256454828969961e-02 8.495256454828969961e-02
2.948154499999999789e+00 7.151141316655689265e-03 8.456442110400620715e-02 8.456442110400620715e-02
2.954286900000000049e+00 7.084972930516397586e-03 8.417228124814248036e-02 8.417228124814248036e-02
2.960419299999999865e+00 7.018834420263401173e-03 8.377848423230992159e-02 8.377848423230992159e-02
2.966551700000000125e+00 6.953107627565227253e-03 8.338529623120150003e-02 8.338529623120150003e-02
2.972680099999999825e+00 6.888219995991351138e-03 8.299530104765781569e-02 8.299530104765781569e-02
2.978812500000000085e+00 6.824456139944267558e-03 8.261026655291864307e-02 8.261026655291864307e-02
2.984944899999999901e+00 6.762193921500209148e-03 8.223255998386654053e-02 8.223255998386654053e-02
2.991073300000000046e+00 6.701756637700576058e-03 8.186425738807245889e-02 8.186425738807245889e-02
2.997205699999999862e+00 6.643285428635270148e-03 8.150635207537673677e-02 8.150635207537673677e-02
3.003338100000000122e+00 6.586965959307815657e-03 8.116012542688567921e-02 8.116012542688567921e-02
3.009470600000000218e+00 6.532862036190150226e-03 8.082612223897760184e-02 8.082612223897760184e-02
3.015598900000000082e+00 6.480990883740623924e-03 8.050460163084234566e-02 8.050460163084234566e-02
3.021731299999999898e+00 6.431182448313949897e-03 8.019465348958089435e-02 8.019465348958089435e-02
3.027863700000000158e+00 6.383296966410410139e-03 7.989553783791940311e-02 7.989553783791940311e-02
3.033996199999999810e+00 6.337092606408813687e-03 7.960585786491351790e-02 7.960585786491351790e-02
3.040124500000000118e+00 6.292306090270563708e-03 7.932405744961967820e-02 7.932405744961967820e-02
3.046256899999999934e+00 6.248544372795614664e-03 7.904773477333562615e-02 7.904773477333562615e-02
3.052389400000000030e+00 6.205483139059999979e-03 7.877488901331439197e-02 7.877488901331439197e-02
3.058521799999999846e+00 6.162765819424845422e-03 7.850328540529272203e-02 7.850328540529272203e-02
3.064650100000000155e+00 6.120075854725417173e-03 7.823091367691813180e-02 7.823091367691813180e-02
3.070782499999999970e+00 6.077041787967739708e-03 7.795538331614910998e-02 7.795538331614910998e-02
3.076915000000000067e+00 6.033421647752241351e-03 7.767510313963053858e-02 7.767510313963053858e-02
3.083043299999999931e+00 5.989034146810281664e-03 7.738885027450842502e-02 7.738885027450842502e-02
3.089175700000000191e+00 5.943672920916115605e-03 7.709521983181652494e-02 7.709521983181652494e-02
3.095308199999999843e+00 5.897292512529471280e-03 7.679383121403353385e-02 7.679383121403353385e-02
3.101440600000000103e+00 5.849894827498347202e-03 7.648460516665002429e-02 7.648460516665002429e-02
3.107568899999999967e+00 5.801585127627739702e-03 7.616813722041348989e-02 7.616813722041348989e-02
3.113701299999999783e+00 5.752440011109707929e-03 7.584484169084743099e-02 7.584484169084743099e-02
3.119833799999999879e+00 5.702691574552081442e-03 7.551616763681855138e-02 7.551616763681855138e-02
3.125966200000000139e+00 5.652590782970164270e-03 7.518371354868130796e-02 7.518371354868130796e-02
3.132094500000000004e+00 5.602454741408053641e-03 7.484954736942671383e-02 7.484954736942671383e-02
3.138227000000000100e+00 5.552519981203427220e-03 7.451523321578902570e-02 7.451523321578902570e-02
3.144359399999999916e+00 5.503130827692711419e-03 7.418308990391753177e-02 7.418308990391753177e-02
3.150487699999999780e+00 5.454616645211198510e-03 7.385537654911251970e-02 7.385537654911251970e-02
3.156620100000000040e+00 5.407184554353339050e-03 7.353356073490076306e-02 7.353356073490076306e-02
3.162752600000000136e+00 5.361099596107408473e-03 7.321953015492115024e-02 7.321953015492115024e-02
3.168884999999999952e+00 5.316545946144571322e-03 7.291464836467752286e-02 7.291464836467752286e-02
3.175013299999999816e+00 5.273674803856756230e-03 7.262007163213732297e-02 7.262007163213732297e-02
3.181145799999999912e+00 5.232487735431697387e-03 7.233593668040594338e-02 7.233593668040594338e-02
3.187278200000000172e+00 5.193008556887671219e-03 7.206253226807722567e-02 7.206253226807722567e-02
3.193410599999999988e+00 5.155164554724386491e-03 7.179947461315010215e-02 7.179947461315010215e-02
3.199538899999999852e+00 5.118846656829665123e-03 7.154611559567483625e-02 7.154611559567483625e-02
3.205671399999999949e+00 5.083819367210116319e-03 7.130090719766556118e-02 7.130090719766556118e-02
3.211803800000000209e+00 5.049878490159879531e-03 7.106249707236496349e-02 7.106249707236496349e-02
3.217936200000000024e+00 5.016761519361354060e-03 7.082910079452763019e-02 7.082910079452763019e-02
3.224064600000000169e+00 4.984209133076213105e-03 7.059893152928174709e-02 7.059893152928174709e-02
3.230196999999999985e+00 4.951894005768241874e-03 7.036969522293130830e-02 7.036969522293130830e-02
3.236329399999999801e+00 4.919562015247364722e-03 7.013958950013440830e-02 7.013958950013440830e-02
3.242457700000000109e+00 4.886982387353941241e-03 6.990695521444158234e-02 6.990695521444158234e-02
3.248590200000000205e+00 4.853893186308970605e-03 6.966988722761771613e-02 6.966988722761771613e-02
3.254722600000000021e+00 4.820144137179497093e-03 6.942725788319381586e-02 6.942725788319381586e-02
3.260854999999999837e+00 4.785614298759177654e-03 6.917813454234782167e-02 6.917813454234782167e-02
3.266983399999999982e+00 4.750264245011838644e-03 6.892216076859342122e-02 6.892216076859342122e-02
3.273115799999999798e+00 4.714044735517342911e-03 6.865890135676031014e-02 6.865890135676031014e-02
3.279248200000000057e+00 4.677034235762171123e-03 6.838884584317950210e-02 6.838884584317950210e-02
3.285380599999999873e+00 4.639343391039563343e-03 6.811272561746126164e-02 6.811272561746126164e-02
3.291509000000000018e+00 4.601156393697849838e-03 6.783182434298704044e-02 6.783182434298704044e-02
3.297641399999999834e+00 4.562622122016873720e-03 6.754718441220827763e-02 6.754718441220827763e-02
3.303773800000000094e+00 4.523993264278524870e-03 6.726063681142578632e-02 6.726063681142578632e-02
3.309906199999999910e+00 4.485514917832500448e-03 6.697398687425215602e-02 6.697398687425215602e-02
3.316034600000000054e+00 4.447461434445521868e-03 6.668929025297481994e-02 6.668929025297481994e-02
3.322166999999999870e+00 4.410024687507284845e-03 6.640801674125862419e-02 6.640801674125862419e-02
3.328299400000000130e+00 4.373451297821650575e-03 6.613207465233228444e-02 6.613207465233228444e-02
3.334427799999999831e+00 4.337954752229464250e-03 6.586315170282594500e-02 6.586315170282594500e-02
3.340560200000000091e+00 4.303639236009892781e-03 6.560212828872163948e-02 6.560212828872163948e-02
3.346692599999999906e+00 4.270631736762927136e-03 6.535007067144554815e-02 6.535007067144554815e-02
3.352825000000000166e+00 4.238983930147605626e-03 6.510747983256305604e-02 6.510747983256305604e-02
3.358953399999999867e+00 4.208713048677619438e-03 6.487459478623060216e-02 6.487459478623060216e-02
3.365085800000000127e+00 4.179724471072061680e-03 6.465078863457167369e-02 6.465078863457167369e-02
3.371218199999999943e+00 4.151933538215538122e-03 6.443549905304946090e-02 6.443549905304946090e-02
3.377350600000000203e+00 4.125191396799543150e-03 6.422765289810568323e-02 6.422765289810568323e-02
3.383478999999999903e+00 4.099329679058863474e-03 6.402600783321464595e-02 6.402600783321464595e-02
3.389611400000000163e+00 4.074103097446451875e-03 6.382870120444604500e-02 6.382870120444604500e-02
3.395743799999999979e+00 4.049301215769282591e-03 6.363411990252777761e-02 6.363411990252777761e-02
3.401876300000000075e+00 4.024691458498214601e-03 6.344045600796241469e-02 6.344045600796241469e-02
3.408004599999999940e+00 4.000065796844217911e-03 6.324607337095496107e-02 6.324607337095496107e-02
3.414137000000000199e+00 3.975183349157448802e-03 6.304905510122613133e-02 6.304905510122613133e-02
3.420269400000000015e+00 3.949880506045878176e-03 6.284807479983677003e-02 6.284807479983677003e-02
3.426397800000000160e+00 3.924030280064503932e-03 6.264208074501120826e-02 6.264208074501120826e-02
3.432530199999999976e+00 3.897497359126475720e-03 6.242993960534060777e-02 6.242993960534060777e-02
3.438662599999999792e+00 3.870243527987670719e-03 6.221128135625941802e-02 6.221128135625941802e-02
3.444795099999999888e+00 3.842262097120620074e-03 6.198598306972811361e-02 6.198598306972811361e-02
3.450923400000000196e+00 3.813615273862605570e-03 6.175447573951709651e-02 6.175447573951709651e-02
3.457055800000000012e+00 3.784351381657283069e-03 6.151708203139420045e-02 6.151708203139420045e-02
3.463188199999999828e+00 3.754616666465853542e-03 6.127492689890257083e-02 6.127492689890257083e-02
3.469320699999999924e+00 3.724571098626496598e-03 6.102926428056049124e-02 6.102926428056049124e-02
3.475448999999999788e+00 3.694420906731355706e-03 6.078174813816526051e-02 6.078174813816526051e-02
3.481581400000000048e+00 3.664325198467685823e-03 6.053366995703866882e-02 6.053366995703866882e-02
3.487713900000000145e+00 3.634508427005178448e-03 6.028688436969668191e-02 6.028688436969668191e-02
3.493842200000000009e+00 3.605190174625398647e-03 6.004323587736922624e-02 6.004323587736922624e-02
3.499974599999999825e+00 3.576514327787165288e-03 5.980396581989496502e-02 5.980396581989496502e-02
3.506107000000000085e+00 3.548659912883664943e-03 5.957062961631062747e-02 5.957062961631062747e-02
3.512239500000000181e+00 3.521753593351613365e-03 5.934436446160337025e-02 5.934436446160337025e-02
3.518367800000000045e+00 3.495902189757047699e-03 5.912615487038749840e-02 5.912615487038749840e-02
3.524500199999999861e+00 3.471117593417212630e-03 5.891619126706352377e-02 5.891619126706352377e-02
3.530632699999999957e+00 3.447420143856116340e-03 5.871473532134940942e-02 5.871473532134940942e-02
3.536765100000000217e+00 3.424770143573784530e-03 5.852153572466963632e-02 5.852153572466963632e-02
3.542893400000000081e+00 3.403099908609959114e-03 5.833609438940833697e-02 5.833609438940833697e-02
3.549025799999999897e+00 3.382262530745294531e-03 5.815722251573999385e-02 5.815722251573999385e-02
3.555158299999999993e+00 3.362124289755387407e-03 5.798382782945075281e-02 5.798382782945075281e-02
3.561290699999999809e+00 3.342515071329349875e-03 5.781448842054515841e-02 5.781448842054515841e-02
3.567419000000000118e+00 3.323262708875161266e-03 5.764774678055649415e-02 5.764774678055649415e-02
3.573551500000000214e+00 3.304151982451688108e-03 5.748175347405198865e-02 5.748175347405198865e-02
3.579683900000000030e+00 3.285011977837043549e-03 5.731502401497397259e-02 5.731502401497397259e-02
3.585812199999999894e+00 3.265684647537077812e-03 5.714616914139632881e-02 5.714616914139632881e-02
3.591944600000000154e+00 3.245995373735188847e-03 5.697363753294315547e-02 5.697363753294315547e-02
3.598077099999999806e+00 3.225836748656099075e-03 5.679645014132572722e-02 5.679645014132572722e-02
3.604209500000000066e+00 3.205123902439780282e-03 5.661381370690178605e-02 5.661381370690178605e-02
3.610337799999999930e+00 3.183823520552557344e-03 5.642538010995191977e-02 5.642538010995191977e-02
3.616470300000000027e+00 3.161899112562554463e-03 5.623076660123490361e-02 5.623076660123490361e-02
3.622602699999999842e+00 3.139397372713431666e-03 5.603032547392020751e-02 5.603032547392020751e-02
3.628735100000000102e+00 3.116387248031462533e-03 5.582461149019724705e-02 5.582461149019724705e-02
3.634863399999999967e+00 3.092987134108783273e-03 5.561463057603442672e-02 5.561463057603442672e-02
3.640995900000000063e+00 3.069295584200765984e-03 5.540122367060826974e-02 5.540122367060826974e-02
3.647128299999999879e+00 3.045479994688054387e-03 5.518586770802878794e-02 5.518586770802878794e-02
3.653260700000000138e+00 3.021703975024288454e-03 5.497002797001551699e-02 5.497002797001551699e-02
3.659389099999999839e+00 2.998151289885083066e-03 5.475537681255680106e-02 5.475537681255680106e-02
3.665521500000000099e+00 2.974955591734684303e-03 5.454315348175868550e-02 5.454315348175868550e-02
3.671653899999999915e+00 2.952284621540899809e-03 5.433493003161870422e-02 5.433493003161870422e-02
3.677782199999999779e+00 2.930285440153483894e-03 5.413211098925926890e-02 5.413211098925926890e-02
3.683914699999999876e+00 2.909034705900249290e-03 5.393546797702092332e-02 5.393546797702092332e-02
3.690047100000000135e+00 2.888623435012469074e-03 5.374591551934406602e-02 5.374591551934406602e-02
3.696179499999999951e+00 2.869092092916205282e-03 5.356390662485518289e-02 5.356390662485518289e-02
3.702307900000000096e+00 2.850457163810547409e-03 5.338967281984922930e-02 5.338967281984922930e-02
3.708440299999999912e+00 2.832662898082127442e-03 5.322276672705138212e-02 5.322276672705138212e-02
3.714572700000000172e+00 2.815656201374046926e-03 5.306275719724755369e-02 5.306275719724755369e-02
3.720705099999999987e+00 2.799341023296644023e-03 5.290879911032421445e-02 5.290879911032421445e-02
3.726833500000000132e+00 2.783605997219095254e-03 5.275989004176463715e-02 5.275989004176463715e-02
3.732965899999999948e+00 2.768290024305259268e-03 5.261454194712008453e-02 5.261454194712008453e-02
3.739098300000000208e+00 2.753250894644696922e-03 5.247142931772200841e-02 5.247142931772200841e-02
3.745226699999999909e+00 2.738341305702878415e-03 5.232916305180963096e-02 5.232916305180963096e-02
3.751359100000000169e+00 2.723388234065047056e-03 5.218609234331544888e-02 5.218609234331544888e-02
3.757491499999999984e+00 2.708258668025455111e-03 5.204093262063484021e-02 5.204093262063484021e-02
3.763623899999999800e+00 2.692827586072654017e-03 5.189246174612122120e-02 5.189246174612122120e-02
3.769752299999999945e+00 2.677004083567933578e-03 5.173977274368272289e-02 5.173977274368272289e-02
3.775884700000000205e+00 2.660694442194613731e-03 5.158191972188136409e-02 5.158191972188136409e-02
3.782017100000000021e+00 2.643867213742069882e-03 5.141854931580693705e-02 5.141854931580693705e-02
3.788149499999999836e+00 2.626513828709418387e-03 5.124952515594088931e-02 5.124952515594088931e-02
3.794277899999999981e+00 2.608670513606070000e-03 5.107514575217646929e-02 5.107514575217646929e-02
3.800410299999999797e+00 2.590369656780768578e-03 5.089567424428886183e-02 5.089567424428886183e-02
3.806542700000000057e+00 2.571706511854355767e-03 5.071199573921692655e-02 5.071199573921692655e-02
3.812675099999999873e+00 2.552788332006684577e-03 5.052512574953856028e-02 5.052512574953856028e-02
3.818803500000000017e+00 2.533752612001924625e-03 5.033639450737333737e-02 5.033639450737333737e-02
3.824935899999999833e+00 2.514710796245976134e-03 5.014689218930696440e-02 5.014689218930696440e-02
3.831068300000000093e+00 2.495815996208486549e-03 4.995814244153285594e-02 4.995814244153285594e-02
3.837196699999999794e+00 2.477218202391760250e-03 4.977166063526271278e-02 4.977166063526271278e-02
3.843329100000000054e+00 2.459021440213937822e-03 4.958852125455989052e-02 4.958852125455989052e-02
3.849461499999999869e+00 2.441350432933008571e-03 4.941002360789770870e-02 4.941002360789770870e-02
3.855593900000000129e+00 2.424296329457751708e-03 4.923714379873950220e-02 4.923714379873950220e-02
3.861722299999999830e+00 2.407935096910342535e-03 4.907071526797161798e-02 4.907071526797161798e-02
3.867854700000000090e+00 2.392282285068960106e-03 4.891096283113797322e-02 4.891096283113797322e-02
3.873987099999999906e+00 2.377355619768996373e-03 4.875813388316862368e-02 4.875813388316862368e-02
3.880119600000000002e+00 2.363131570517082881e-03 4.861205170034569450e-02 4.861205170034569450e-02
3.886247899999999866e+00 2.349567537044322529e-03 4.847233785412379675e-02 4.847233785412379675e-02
3.892380300000000126e+00 2.336567506347861974e-03 4.833805443279509673e-02 4.833805443279509673e-02
3.898512699999999942e+00 2.324041491704544483e-03 4.820831351234498852e-02 4.820831351234498852e-02
3.904641100000000087e+00 2.311881609594358938e-03 4.808203000700322916e-02 4.808203000700322916e-02
3.910773499999999903e+00 2.299945771670712860e-03 4.795774986037932425e-02 4.795774986037932425e-02
3.916905900000000162e+00 2.288111531688109129e-03 4.783420880173632622e-02 4.783420880173632622e-02
3.923038399999999815e+00 2.276250485071100536e-03 4.771006691539114025e-02 4.771006691539114025e-02
3.929166700000000123e+00 2.264251472244311041e-03 4.758415148181494025e-02 4.758415148181494025e-02
3.935299099999999939e+00 2.251993000990466266e-03 4.745516832749058916e-02 4.745516832749058916e-02
3.941431500000000199e+00 2.239397075606564588e-03 4.732226828467296642e-02 4.732226828467296642e-02
3.947563999999999851e+00 2.226400843324061532e-03 4.718475223336519170e-02 4.718475223336519170e-02
3.953692300000000159e+00 2.212977316140568671e-03 4.704229284527454424e-02 4.704229284527454424e-02
3.959824699999999975e+00 2.199099315285269179e-03 4.689455528401212381e-02 4.689455528401212381e-02
3.965957200000000071e+00 2.184794006838747336e-03 4.674178009916553356e-02 4.674178009916553356e-02
3.972089599999999887e+00 2.170106708834601897e-03 4.658440413737844482e-02 4.658440413737844482e-02
3.978217900000000196e+00 2.155115836286388645e-03 4.642322518186763058e-02 4.642322518186763058e-02
3.984350300000000011e+00 2.139889738222108730e-03 4.625894225144051852e-02 4.625894225144051852e-02
3.990482800000000108e+00 2.124541795547097139e-03 4.609275209343761254e-02 4.609275209343761254e-02
3.996611099999999972e+00 2.109196311722659218e-03 4.592598732441861148e-02 4.592598732441861148e-02
4.002743500000000232e+00 2.093950045813136075e-03 4.575969892616357781e-02 4.575969892616357781e-02
4.008875999999999884e+00 2.078928750575464481e-03 4.559527114269049108e-02 4.559527114269049108e-02
4.015008400000000144e+00 2.064240973096535380e-03 4.543391875126484569e-02 4.543391875126484569e-02
4.021136699999999564e+00 2.049990907773453861e-03 4.527682528373046245e-02 4.527682528373046245e-02
4.027269200000000104e+00 2.036236700082161375e-03 4.512467950115724852e-02 4.512467950115724852e-02
4.033401600000000364e+00 2.023044685403034993e-03 4.497826903520226599e-02 4.497826903520226599e-02
4.039533999999999736e+00 2.010446968290741793e-03 4.483800807675048655e-02 4.483800807675048655e-02
4.045662300000000045e+00 1.998458470467878896e-03 4.470412140360079806e-02 4.470412140360079806e-02
4.051794799999999697e+00 1.987044755042203115e-03 4.457628018399699410e-02 4.457628018399699410e-02
4.057927199999999957e+00 1.976172026269250228e-03 4.445415645661551091e-02 4.445415645661551091e-02
4.064059600000000216e+00 1.965775878440306941e-03 4.433707115315926178e-02 4.433707115315926178e-02
4.070187999999999917e+00 1.955780088467498797e-03 4.422420251929364693e-02 4.422420251929364693e-02
