4.173085900000000209e-02 4.129909327099063396e+09
4.372891599999999962e-02 3.667959073852076054e+09
4.582263899999999834e-02 3.279823413656454563e+09
4.801661100000000071e-02 2.944867102948068142e+09
5.031562600000000218e-02 2.644009578882759094e+09
5.272471799999999681e-02 2.362296288414054394e+09
5.524915700000000013e-02 2.090949017245752096e+09
5.789446300000000017e-02 1.828314336666804552e+09
6.066642800000000141e-02 1.579261654205940962e+09
6.357111299999999854e-02 1.352908859582044601e+09
6.661487300000000500e-02 1.159050740877864838e+09
6.980436700000000605e-02 1.004233882892091274e+09
7.314657400000000587e-02 8.887969225507572889e+08
7.664880200000000199e-02 8.061251397026022673e+08
8.031871599999999833e-02 7.446629200840369463e+08
8.416434700000000046e-02 6.920077369074497223e+08
8.819410199999999644e-02 6.391944309128841162e+08
9.241680200000000622e-02 5.828902735543867350e+08
9.684167999999999943e-02 5.242714062156018615e+08
1.014784199999999997e-01 4.655664905453310609e+08
1.063371699999999948e-01 4.071676917808213830e+08
1.114285500000000012e-01 3.479059826953095198e+08
1.167637100000000067e-01 2.880927550555565953e+08
1.223543099999999939e-01 2.316559205356436372e+08
1.282125799999999927e-01 1.840569983325086534e+08
1.343513500000000083e-01 1.475370781118533313e+08
1.407840399999999992e-01 1.193427789589038640e+08
1.475247299999999928e-01 9.550384980708745122e+07
1.545881500000000075e-01 7.507085857753856480e+07
1.619897700000000051e-01 5.894974035867711157e+07
1.697457800000000128e-01 4.640403883612409234e+07
1.778731400000000129e-01 3.595848404778177291e+07
1.863896399999999953e-01 2.803645469277420640e+07
1.953139000000000125e-01 2.302343759262507781e+07
2.046654499999999988e-01 1.929137737942028791e+07
2.144647500000000095e-01 1.592350508344842307e+07
2.247332400000000008e-01 1.333306225418280438e+07
2.354933800000000022e-01 1.105856138587197848e+07
2.467687100000000022e-01 8.869443491066807881e+06
2.585838999999999777e-01 7.211757515900342725e+06
2.709647900000000109e-01 5.925107888442599215e+06
2.839384799999999931e-01 4.968442323163455352e+06
2.975333499999999742e-01 4.147841567633439787e+06
3.117791200000000207e-01 3.452635426678249612e+06
3.267069899999999749e-01 2.962190121409037616e+06
3.423495899999999814e-01 2.417678715307837352e+06
3.587411500000000086e-01 1.979669456208601128e+06
3.759175399999999945e-01 1.635317273154484807e+06
3.939163199999999865e-01 1.389631728086465038e+06
4.127768700000000179e-01 1.158325225981405238e+06
4.325404700000000102e-01 9.481287164382453775e+05
4.532503299999999791e-01 7.901541281614179024e+05
4.749517999999999796e-01 6.290449224558291025e+05
4.976922899999999816e-01 5.337749463635399006e+05
5.215216200000000191e-01 4.346784480452354182e+05
5.464918600000000515e-01 3.667830864984912332e+05
5.726576599999999573e-01 3.043724077295194147e+05
6.000763099999999461e-01 2.486767828228765284e+05
6.288076999999999694e-01 2.072919797288575210e+05
6.589147899999999725e-01 1.701276138498402433e+05
6.904633500000000312e-01 1.414640347148358414e+05
7.235224799999999679e-01 1.165265043509365642e+05
7.581644699999999792e-01 9.760845905583628337e+04
7.944650599999999452e-01 8.162539810182430665e+04
8.325037600000000371e-01 6.883896208494980237e+04
8.723636799999999747e-01 5.607004769473747001e+04
9.141321100000000532e-01 4.795359263496847416e+04
9.579004100000000355e-01 3.807390053678156983e+04
1.003764300000000054e+00 3.257393052692075071e+04
1.051824099999999929e+00 2.659243039047616548e+04
1.102185100000000029e+00 2.141213083149558952e+04
1.154957299999999965e+00 1.855530529895431755e+04
1.210256199999999893e+00 1.500777023924800778e+04
1.268202800000000074e+00 1.252910915961862520e+04
1.328923800000000099e+00 1.074780486623217985e+04
1.392552100000000070e+00 8.703781445253240236e+03
1.459227000000000052e+00 6.806681916454533166e+03
1.529094200000000070e+00 6.051203310115128261e+03
1.602306699999999973e+00 4.875105845313692043e+03
1.679024400000000083e+00 4.332597957306382341e+03
1.759415500000000021e+00 3.273293873544832422e+03
1.843655599999999950e+00 2.710351280828043400e+03
1.931929100000000066e+00 2.467754549507647880e+03
2.024429099999999870e+00 1.827006241627586860e+03
2.121357999999999855e+00 1.690528819534128388e+03
2.222927799999999898e+00 1.350085561399482458e+03
2.329360700000000062e+00 1.100707156903634541e+03
2.440889499999999934e+00 9.424465525531627463e+02
2.557758399999999988e+00 7.823713599836455614e+02
2.680222899999999964e+00 6.335378774801744157e+02
2.808550900000000183e+00 5.171959749123052461e+02
2.943023199999999839e+00 4.408908579713940981e+02
3.083934000000000175e+00 3.605690066798481439e+02
3.231591499999999950e+00 2.960984579176287070e+02
3.386318900000000021e+00 2.321647626087453489e+02
3.548454500000000067e+00 2.188704247336398510e+02
3.718353099999999856e+00 1.703430440037609799e+02
3.896386399999999917e+00 1.395243099582364152e+02
4.082943799999999790e+00 1.261927303243982124e+02
4.278433599999999615e+00 8.369372595453090469e+01
