4.173085900000000209e-02 1.663437500444068519e+03 4.078526082353855031e+01 4.078526082353855031e+01
4.372891599999999962e-02 1.643997767775505281e+03 4.054624233853866144e+01 4.054624233853866144e+01
4.582263899999999834e-02 1.623448091625876259e+03 4.029203508915721699e+01 4.029203508915721699e+01
4.801661100000000071e-02 1.601694572833161828e+03 4.002117655483358760e+01 4.002117655483358760e+01
5.031562600000000218e-02 1.578634290902824432e+03 3.973203104426986698e+01 3.973203104426986698e+01
5.272471799999999681e-02 1.554156586703435778e+03 3.942279273089916103e+01 3.942279273089916103e+01
5.524915700000000013e-02 1.528144333829786547e+03 3.909148671807950848e+01 3.909148671807950848e+01
5.789446300000000017e-02 1.500473870953776213e+03 3.873595062669530620e+01 3.873595062669530620e+01
6.066642800000000141e-02 1.471012771705651858e+03 3.835378432052894482e+01 3.835378432052894482e+01
6.357111299999999854e-02 1.439615066455923397e+03 3.794225963824404602e+01 3.794225963824404602e+01
6.661487300000000500e-02 1.406113189478572167e+03 3.749817581534563260e+01 3.749817581534563260e+01
6.980436700000000605e-02 1.370307918558055235e+03 3.701767035562955499e+01 3.701767035562955499e+01
7.314657400000000587e-02 1.331958199518245920e+03 3.649600251422401698e+01 3.649600251422401698e+01
7.664880200000000199e-02 1.290774398154998835e+03 3.592734888848603703e+01 3.592734888848603703e+01
8.031871599999999833e-02 1.246418859222431820e+03 3.530465775535052586e+01 3.530465775535052586e+01
8.416434700000000046e-02 1.198518209848175047e+03 3.461962174617416110e+01 3.461962174617416110e+01
8.819410199999999644e-02 1.146689915664689806e+03 3.386281021511194211e+01 3.386281021511194211e+01
9.241680200000000622e-02 1.090583526989476695e+03 3.302398411744828621e+01 3.302398411744828621e+01
9.684167999999999943e-02 1.029936637878653301e+03 3.209262591123782471e+01 3.209262591123782471e+01
1.014784199999999997e-01 9.646429234362987017e+02 3.105870125160256379e+01 3.105870125160256379e+01
1.063371699999999948e-01 8.948307246601414136e+02 2.991372134422832829e+01 2.991372134422832829e+01
1.114285500000000012e-01 8.209457592702708553e+02 2.865215104089518050e+01 2.865215104089518050e+01
1.167637100000000067e-01 7.438215992195790704e+02 2.727309295293768088e+01 2.727309295293768088e+01
1.223543099999999939e-01 6.647118477786494850e+02 2.578200627916007548e+01 2.578200627916007548e+01
1.282125799999999927e-01 5.852492589589269301e+02 2.419192549093450850e+01 2.419192549093450850e+01
1.343513500000000083e-01 5.073168794462123969e+02 2.252369595439905581e+01 2.252369595439905581e+01
1.407840399999999992e-01 4.328495353208296592e+02 2.080503629703225599e+01 2.080503629703225599e+01
1.475247299999999928e-01 3.636128535758432463e+02 1.906863533596054694e+01 1.906863533596054694e+01
1.545881500000000075e-01 3.010122611378594684e+02 1.734970492941766196e+01 1.734970492941766196e+01
1.619897700000000051e-01 2.459602088957510944e+02 1.568311859598565583e+01 1.568311859598565583e+01
1.697457800000000128e-01 1.988211392473330648e+02 1.410039500323778405e+01 1.410039500323778405e+01
1.778731400000000129e-01 1.594454728520952074e+02 1.262717200532626016e+01 1.262717200532626016e+01
1.863896399999999953e-01 1.272797834155475414e+02 1.128183422212662812e+01 1.128183422212662812e+01
1.953139000000000125e-01 1.015018314368643644e+02 1.007481173208037539e+01 1.007481173208037539e+01
2.046654499999999988e-01 8.113815990940528877e+01 9.007672280306676882e+00 9.007672280306676882e+00
2.144647500000000095e-01 6.516964487997982758e+01 8.072771821374603363e+00 8.072771821374603363e+00
2.247332400000000008e-01 5.263271131221080168e+01 7.254840543541312137e+00 7.254840543541312137e+00
2.354933800000000022e-01 4.269851684157478644e+01 6.534410213751106866e+00 6.534410213751106866e+00
2.467687100000000022e-01 3.472192573181015973e+01 5.892531351788479199e+00 5.892531351788479199e+00
2.585838999999999777e-01 2.825576407932503287e+01 5.315615117681587343e+00 5.315615117681587343e+00
2.709647900000000109e-01 2.301217146205255659e+01 4.797100318114324580e+00 4.797100318114324580e+00
2.839384799999999931e-01 1.879045295536793603e+01 4.334795607103976600e+00 4.334795607103976600e+00
2.975333499999999742e-01 1.541756527876942862e+01 3.926520760007443211e+00 3.926520760007443211e+00
3.117791200000000207e-01 1.271441984507256961e+01 3.565728515334919635e+00 3.565728515334919635e+00
3.267069899999999749e-01 1.050757309460780498e+01 3.241538692443421077e+00 3.241538692443421077e+00
3.423495899999999814e-01 8.671997593073392352e+00 2.944825562418492915e+00 2.944825562418492915e+00
3.587411500000000086e-01 7.144327087976088286e+00 2.672887406528020815e+00 2.672887406528020815e+00
3.759175399999999945e-01 5.889394256108720249e+00 2.426807420482457900e+00 2.426807420482457900e+00
3.939163199999999865e-01 4.864441958529535981e+00 2.205547995063706690e+00 2.205547995063706690e+00
4.127768700000000179e-01 4.024006064370372115e+00 2.005992538463284625e+00 2.005992538463284625e+00
4.325404700000000102e-01 3.331178774545954013e+00 1.825151712747725030e+00 1.825151712747725030e+00
4.532503299999999791e-01 2.754029917299112284e+00 1.659527016140174949e+00 1.659527016140174949e+00
4.749517999999999796e-01 2.272799827022842667e+00 1.507580786234304249e+00 1.507580786234304249e+00
4.976922899999999816e-01 1.879920230970306028e+00 1.371101830999545523e+00 1.371101830999545523e+00
5.215216200000000191e-01 1.558312327422286980e+00 1.248323807119886331e+00 1.248323807119886331e+00
5.464918600000000515e-01 1.288906987550802574e+00 1.135300395292277997e+00 1.135300395292277997e+00
5.726576599999999573e-01 1.065178620373119056e+00 1.032074910252700040e+00 1.032074910252700040e+00
6.000763099999999461e-01 8.823156290497176091e-01 9.393165755216489332e-01 9.393165755216489332e-01
6.288076999999999694e-01 7.309791527417760504e-01 8.549731883174910285e-01 8.549731883174910285e-01
6.589147899999999725e-01 6.047234345449520321e-01 7.776396559750229365e-01 7.776396559750229365e-01
6.904633500000000312e-01 5.006819384835872189e-01 7.075888202081680456e-01 7.075888202081680456e-01
7.235224799999999679e-01 4.150822935012810633e-01 6.442688053144285387e-01 6.442688053144285387e-01
7.581644699999999792e-01 3.434965680705768798e-01 5.860858026522881570e-01 5.860858026522881570e-01
7.944650599999999452e-01 2.846390185396441286e-01 5.335157153633284244e-01 5.335157153633284244e-01
8.325037600000000371e-01 2.358860478583265086e-01 4.856810145129480949e-01 4.856810145129480949e-01
8.723636799999999747e-01 1.953338234035867649e-01 4.419658622604089593e-01 4.419658622604089593e-01
9.141321100000000532e-01 1.619695591877647056e-01 4.024544187703306686e-01 4.024544187703306686e-01
9.579004100000000355e-01 1.341390179347711209e-01 3.662499391600920196e-01 3.662499391600920196e-01
1.003764300000000054e+00 1.112377264337941069e-01 3.335232022420540621e-01 3.335232022420540621e-01
1.051824099999999929e+00 9.213899633959936331e-02 3.035440599642815762e-01 3.035440599642815762e-01
1.102185100000000029e+00 7.641216906710465717e-02 2.764275114150265833e-01 2.764275114150265833e-01
1.154957299999999965e+00 6.331048988719434334e-02 2.516157584238203904e-01 2.516157584238203904e-01
1.210256199999999893e+00 5.250298015344780772e-02 2.291352878834855555e-01 2.291352878834855555e-01
1.268202800000000074e+00 4.351042706646176400e-02 2.085915316269137676e-01 2.085915316269137676e-01
1.328923800000000099e+00 3.607037271394791106e-02 1.899220174543960193e-01 1.899220174543960193e-01
1.392552100000000070e+00 2.991175297498521388e-02 1.729501459235730509e-01 1.729501459235730509e-01
1.459227000000000052e+00 2.479214290885945263e-02 1.574552092147460669e-01 1.574552092147460669e-01
1.529094200000000070e+00 2.055218246647592256e-02 1.433603238921980216e-01 1.433603238921980216e-01
1.602306699999999973e+00 1.704709815595875991e-02 1.305645363640478007e-01 1.305645363640478007e-01
1.679024400000000083e+00 1.413211509227682572e-02 1.188785728896373795e-01 1.188785728896373795e-01
1.759415500000000021e+00 1.171937967932791536e-02 1.082560837982231572e-01 1.082560837982231572e-01
1.843655599999999950e+00 9.715239866632320240e-03 9.856591635363778914e-02 9.856591635363778914e-02
1.931929100000000066e+00 8.061110820737875035e-03 8.978368905729967875e-02 8.978368905729967875e-02
2.024429099999999870e+00 6.669890450824696518e-03 8.166939727232408464e-02 8.166939727232408464e-02
2.121357999999999855e+00 5.546436637568823332e-03 7.447440256604159758e-02 7.447440256604159758e-02
2.222927799999999898e+00 4.592604246599367793e-03 6.776875568135634631e-02 6.776875568135634631e-02
2.329360700000000062e+00 3.805939061751124550e-03 6.169229337406029884e-02 6.169229337406029884e-02
2.440889499999999934e+00 3.163221325195644633e-03 5.624252239360930800e-02 5.624252239360930800e-02
2.557758399999999988e+00 2.621006185918524009e-03 5.119576335907614906e-02 5.119576335907614906e-02
2.680222899999999964e+00 2.170331743668176688e-03 4.658681941996230258e-02 4.658681941996230258e-02
2.808550900000000183e+00 1.801316582589191371e-03 4.244192010959437628e-02 4.244192010959437628e-02
2.943023199999999839e+00 1.495136569835669093e-03 3.866699587291039242e-02 3.866699587291039242e-02
3.083934000000000175e+00 1.236040767057318803e-03 3.515737144692871602e-02 3.515737144692871602e-02
3.231591499999999950e+00 1.032173255225383307e-03 3.212745329504632791e-02 3.212745329504632791e-02
3.386318900000000021e+00 8.450400386897938005e-04 2.906957238574027838e-02 2.906957238574027838e-02
3.548454500000000067e+00 7.162243510454009785e-04 2.676236818828634650e-02 2.676236818828634650e-02
3.718353099999999856e+00 5.800542068057518716e-04 2.408431453883942003e-02 2.408431453883942003e-02
3.896386399999999917e+00 4.773769633376847470e-04 2.184895794626564788e-02 2.184895794626564788e-02
4.082943799999999790e+00 4.301984383916033095e-04 2.074122557592977117e-02 2.074122557592977117e-02
4.278433599999999615e+00 3.030365387569708565e-04 1.740794470226082746e-02 1.740794470226082746e-02
