2.000000000000000042e-02 -5.432874146601799255e-06 -4.853961067563570403e-02 0.000000000000000000e+00 0.000000000000000000e+00 1.536032391185583601e-01 2.581988897471611255e-02 0.000000000000000000e+00 0.000000000000000000e+00
5.200000000000000178e-01 1.487458444052836830e-07 1.328958702562109493e-03 1.487458444052836830e-07 1.328958702562109493e-03 9.010791647412725409e-04 6.713171133426188986e-01 1.312519903538955868e+00 3.102309116281325640e-04
1.020000000000000018e+00 -3.706563258217748167e-08 -3.311601422076749374e-04 0.000000000000000000e+00 0.000000000000000000e+00 1.164618382757884275e-03 1.316814337710521698e+00 0.000000000000000000e+00 0.000000000000000000e+00
1.520000000000000018e+00 1.671036852187110877e-07 1.492975468252590900e-03 1.671036852187110877e-07 1.492975468252590900e-03 1.880452677319960006e-03 1.962311562078424609e+00 5.903728150267161662e-02 3.485188363351667288e-04
2.020000000000000018e+00 -1.025615158839235274e-06 -9.163282485427243565e-03 0.000000000000000000e+00 0.000000000000000000e+00 2.517422049398902999e-03 2.607808786446327520e+00 0.000000000000000000e+00 0.000000000000000000e+00
2.520000000000000018e+00 -4.467363450974599467e-07 -3.991332705406122616e-03 0.000000000000000000e+00 0.000000000000000000e+00 2.928037101535688799e-03 3.253306010814230209e+00 0.000000000000000000e+00 0.000000000000000000e+00
3.020000000000000018e+00 5.346010290523612042e-07 4.776353200308685980e-03 5.346010290523612042e-07 4.776353200308685980e-03 3.651601402820124458e-03 3.898803235182132898e+00 2.408130669983832989e-02 1.114987549826034320e-03
3.520000000000000018e+00 1.267040052435609482e-06 1.132027527163133318e-02 1.267040052435609482e-06 1.132027527163133318e-02 3.833139809832311184e-03 4.544300459550036031e+00 3.604403813858193806e-02 2.642594770348376948e-03
4.019999999999999574e+00 -1.114222536860163515e-06 -9.954938525318198644e-03 0.000000000000000000e+00 0.000000000000000000e+00 4.611985726629296532e-03 5.189797683917937832e+00 0.000000000000000000e+00 0.000000000000000000e+00
4.519999999999999574e+00 1.366490216080561772e-06 1.220880537461073792e-02 1.366490216080561772e-06 1.220880537461073792e-02 4.885217638396221161e-03 5.835294908285840521e+00 1.835956171984160987e-02 2.850012429997929916e-03
5.019999999999999574e+00 -1.244920068829311418e-06 -1.112264592049446929e-02 0.000000000000000000e+00 0.000000000000000000e+00 5.615320910629179735e-03 6.480792132653743209e+00 0.000000000000000000e+00 0.000000000000000000e+00
5.519999999999999574e+00 -1.531672718803781343e-06 -1.368461618050384118e-02 0.000000000000000000e+00 0.000000000000000000e+00 6.210233110072372990e-03 7.126289357021646786e+00 0.000000000000000000e+00 0.000000000000000000e+00
6.019999999999999574e+00 -1.478352250816062996e-07 -1.320822841827573937e-03 0.000000000000000000e+00 0.000000000000000000e+00 6.345686273861328268e-03 7.771786581389549475e+00 0.000000000000000000e+00 0.000000000000000000e+00
6.519999999999999574e+00 3.563692444895113484e-06 3.183954554719628516e-02 3.563692444895113484e-06 3.183954554719628516e-02 6.978873054762626746e-03 8.417283805757451276e+00 1.595249130327108106e-02 7.432594573397226234e-03
7.019999999999999574e+00 2.851363831810348914e-06 2.547529844350127429e-02 2.851363831810348914e-06 2.547529844350127429e-02 8.044130777040491009e-03 9.062781030125353965e+00 1.022615538498585983e-02 5.946930514010300046e-03
7.519999999999999574e+00 -3.842186688138040350e-06 -3.432773168544372283e-02 0.000000000000000000e+00 0.000000000000000000e+00 8.315117081256566053e-03 9.708278254493258430e+00 0.000000000000000000e+00 0.000000000000000000e+00
8.019999999999999574e+00 -7.061641350481327891e-06 -6.309171032384990052e-02 0.000000000000000000e+00 0.000000000000000000e+00 9.127621217110026830e-03 1.035377547886116112e+01 0.000000000000000000e+00 0.000000000000000000e+00
8.519999999999999574e+00 4.975075138445804706e-06 4.444943942852824098e-02 4.975075138445804706e-06 4.444943942852824098e-02 1.001765626572672339e-02 1.099927270322906381e+01 9.980491919380978655e-03 1.037623673985257899e-02
9.019999999999999574e+00 6.836130465665953763e-06 6.107690006749542239e-02 6.836130465665953763e-06 6.107690006749542239e-02 9.559212727136466581e-03 1.164476992759696650e+01 1.155744451842123655e-02 1.425773603862149838e-02
9.519999999999999574e+00 1.597147860694291623e-06 1.426959897424024022e-02 1.597147860694291623e-06 1.426959897424024022e-02 9.919064849195805694e-03 1.229026715196486919e+01 2.296705795684722551e-03 3.331082214828660903e-03
1.001999999999999957e+01 -6.910809432634267891e-06 -6.174411375301176730e-02 0.000000000000000000e+00 0.000000000000000000e+00 1.151588462909917780e-02 1.293576437633277187e+01 0.000000000000000000e+00 0.000000000000000000e+00
1.051999999999999957e+01 -3.007475600396081932e-06 -2.687006744873879013e-02 0.000000000000000000e+00 0.000000000000000000e+00 1.164002317168676484e-02 1.358126160070067456e+01 0.000000000000000000e+00 0.000000000000000000e+00
1.101999999999999957e+01 1.779719883336208027e-06 1.590077515468701908e-02 1.779719883336208027e-06 1.590077515468701908e-02 1.213936066914521154e-02 1.422675882506857725e+01 1.649977250568854682e-03 3.711862499807041475e-03
1.151999999999999957e+01 6.422481687137321068e-06 5.738118576886937217e-02 6.422481687137321068e-06 5.738118576886937217e-02 1.308352429996533471e-02 1.487225604943647994e+01 5.212145427363741243e-03 1.339501185180554110e-02
1.201999999999999957e+01 1.543354290661266244e-06 1.378898431691584492e-02 1.543354290661266244e-06 1.378898431691584492e-02 1.252790868224570864e-02 1.551775327380438263e+01 1.102613531802307820e-03 3.218887966056192644e-03
1.251999999999999957e+01 1.099012761815566099e-06 9.819047919497605678e-03 1.099012761815566099e-06 9.819047919497605678e-03 1.348588119700958043e-02 1.616325049817228532e+01 6.948016422383167722e-04 2.292149621740180877e-03
1.301999999999999957e+01 -9.344991048134593562e-07 -8.349212866038447506e-03 0.000000000000000000e+00 0.000000000000000000e+00 1.451756725046711612e-02 1.680874772254018978e+01 0.000000000000000000e+00 0.000000000000000000e+00
1.351999999999999957e+01 -1.087558191687864988e-05 -9.716707913185633483e-02 0.000000000000000000e+00 0.000000000000000000e+00 1.630843785793662654e-02 1.745424494690809070e+01 0.000000000000000000e+00 0.000000000000000000e+00
1.401999999999999957e+01 4.558825621767397408e-06 4.073048902800605053e-02 4.558825621767397408e-06 4.073048902800605053e-02 1.727704303498186003e-02 1.809974217127599516e+01 2.052485165727439310e-03 9.508088338529410710e-03
1.451999999999999957e+01 9.963291411961469049e-06 8.901628735261787884e-02 9.963291411961469049e-06 8.901628735261787884e-02 1.593980317552488868e-02 1.874523939564389607e+01 4.038072121032604267e-03 2.077988121219577489e-02
1.501999999999999957e+01 5.267736532248286049e-06 4.706420092154880996e-02 5.267736532248286049e-06 4.706420092154880996e-02 1.587669862133037069e-02 1.939073662001180054e+01 1.928791728023943009e-03 1.098662428621201628e-02
1.551999999999999957e+01 -5.903140506096796007e-06 -5.274117054758919315e-02 0.000000000000000000e+00 0.000000000000000000e+00 1.945902528264988052e-02 2.003623384437970145e+01 0.000000000000000000e+00 0.000000000000000000e+00
1.601999999999999957e+01 3.127988154061881230e-07 2.794677791149144646e-03 3.127988154061881230e-07 2.794677791149144646e-03 1.805429862016687953e-02 2.068173106874760592e+01 9.439492632298274730e-05 6.523870434676472740e-04
1.651999999999999957e+01 -8.157913291385304592e-06 -7.288627058241699264e-02 0.000000000000000000e+00 0.000000000000000000e+00 1.807810113002224217e-02 2.132722829311550683e+01 0.000000000000000000e+00 0.000000000000000000e+00
1.701999999999999957e+01 -3.836913449604833652e-06 -3.428061832730312786e-02 0.000000000000000000e+00 0.000000000000000000e+00 2.083509594863995965e-02 2.197272551748341129e+01 0.000000000000000000e+00 0.000000000000000000e+00
1.751999999999999957e+01 1.534367545896900894e-05 1.370869291307825477e-01 1.534367545896900894e-05 1.370869291307825477e-01 1.921895487086433887e-02 2.261822274185131221e+01 3.539958623628167936e-03 3.200144813721650383e-02
1.801999999999999957e+01 1.280788154901493965e-05 1.144310667232560225e-01 1.280788154901493965e-05 1.144310667232560225e-01 2.093708578335068404e-02 2.326371996621921667e+01 2.715713992180134300e-03 2.671268420884302663e-02
1.851999999999999957e+01 -8.186361233005563700e-06 -7.314043660458303953e-02 0.000000000000000000e+00 0.000000000000000000e+00 2.318757560691265054e-02 2.390921719058711759e+01 0.000000000000000000e+00 0.000000000000000000e+00
1.901999999999999957e+01 -6.355948617817845105e-06 -5.678675100106926610e-02 0.000000000000000000e+00 0.000000000000000000e+00 2.090121938517739558e-02 2.455471441495502205e+01 0.000000000000000000e+00 0.000000000000000000e+00
1.951999999999999957e+01 -8.527569928962444221e-06 -7.618894036409820658e-02 0.000000000000000000e+00 0.000000000000000000e+00 2.370960337769002779e-02 2.520021163932292652e+01 0.000000000000000000e+00 0.000000000000000000e+00
2.001999999999999957e+01 -4.298058228781339685e-06 -3.840068211717214547e-02 0.000000000000000000e+00 0.000000000000000000e+00 2.019295665782278038e-02 2.584570886369082743e+01 0.000000000000000000e+00 0.000000000000000000e+00
2.051999999999999957e+01 1.429872420674703894e-05 1.277508897547189326e-01 1.429872420674703894e-05 1.277508897547189326e-01 2.562893911330007407e-02 2.649120608805873189e+01 2.053223884629526604e-03 2.982205159084639484e-02
2.101999999999999957e+01 1.561196855061439560e-05 1.394839738375102667e-01 1.561196855061439560e-05 1.394839738375102667e-01 2.197155686860633936e-02 2.713670331242663281e+01 2.085598088226945420e-03 3.256101207486773730e-02
2.151999999999999957e+01 4.821935991067617959e-06 4.308122908675446339e-02 4.821935991067617959e-06 4.308122908675446339e-02 2.780047994234572176e-02 2.778220053679453727e+01 6.002963841703272234e-04 1.005684296124290805e-02
2.201999999999999957e+01 -1.413389643820870669e-05 -1.262782482950619289e-01 0.000000000000000000e+00 0.000000000000000000e+00 2.390027508860189873e-02 2.842769776116243818e+01 0.000000000000000000e+00 0.000000000000000000e+00
2.251999999999999957e+01 -2.240063826402906104e-05 -2.001368393379448496e-01 0.000000000000000000e+00 0.000000000000000000e+00 2.924127603666711733e-02 2.907319498553034265e+01 0.000000000000000000e+00 0.000000000000000000e+00
2.301999999999999957e+01 7.783838221630993769e-07 6.954412464651438079e-03 7.783838221630993769e-07 6.954412464651438079e-03 2.376040533018967255e-02 2.971869220989824356e+01 7.916786454407020025e-05 1.623431724844010817e-03
2.351999999999999957e+01 1.219061347314931822e-05 1.089161309311657694e-01 1.219061347314931822e-05 1.089161309311657694e-01 2.864521669592245967e-02 3.036418943426614803e+01 1.162477876720804763e-03 2.542528261009333740e-02
2.401999999999999957e+01 2.296406322867050121e-05 2.051707178506167184e-01 2.296406322867050121e-05 2.051707178506167184e-01 2.711151981002586989e-02 3.100968665863404894e+01 2.055894440649071869e-03 4.789486589423983670e-02
2.451999999999999957e+01 4.193793493511198346e-06 3.746913658148613019e-02 4.193793493511198346e-06 3.746913658148613019e-02 3.030994270373095836e-02 3.165518388300195340e+01 3.529528811784128075e-04 8.746761187675202234e-03
2.501999999999999957e+01 -1.072010235378297992e-05 -9.577795851962896123e-02 0.000000000000000000e+00 0.000000000000000000e+00 2.700398557868806046e-02 3.230068110736985432e+01 0.000000000000000000e+00 0.000000000000000000e+00
2.551999999999999957e+01 -1.577448764070556782e-05 -1.409359885809989277e-01 0.000000000000000000e+00 0.000000000000000000e+00 2.992880936497038791e-02 3.294617833173775523e+01 0.000000000000000000e+00 0.000000000000000000e+00
2.601999999999999957e+01 -1.244645659130630400e-05 -1.112019422741633567e-01 0.000000000000000000e+00 0.000000000000000000e+00 3.133136965348558983e-02 3.359167555610566325e+01 0.000000000000000000e+00 0.000000000000000000e+00
2.651999999999999957e+01 2.846834153699746742e-06 2.543482837074759195e-02 2.846834153699746742e-06 2.543482837074759195e-02 2.584949486904445509e-02 3.423717278047356416e+01 1.893706612433147807e-04 5.937483217010154982e-03
2.701999999999999957e+01 1.180076328377432243e-05 1.054330433603039713e-01 1.180076328377432243e-05 1.054330433603039713e-01 3.305179322732325342e-02 3.488267000484146507e+01 7.422071813055012559e-04 2.461219381334904879e-02
2.751999999999999957e+01 2.352279582804584737e-05 2.101626727742235690e-01 2.352279582804584737e-05 2.101626727742235690e-01 3.215082469225137574e-02 3.552816722920937309e+01 1.400279522275528097e-03 4.906018331439098573e-02
2.801999999999999957e+01 8.396020829070367070e-06 7.501362469854286341e-02 8.396020829070367070e-06 7.501362469854286341e-02 2.865316201371290866e-02 3.617366445357727400e+01 4.735220442426856706e-04 1.751111236932657508e-02
2.851999999999999957e+01 -1.043652988486864195e-05 -9.324440135117507966e-02 0.000000000000000000e+00 0.000000000000000000e+00 3.562478983103081753e-02 3.681916167794517492e+01 0.000000000000000000e+00 0.000000000000000000e+00
2.901999999999999957e+01 -2.602470101642273331e-05 -2.325157589150330939e-01 0.000000000000000000e+00 0.000000000000000000e+00 3.075885950564442514e-02 3.746465890231307583e+01 0.000000000000000000e+00 0.000000000000000000e+00
2.951999999999999957e+01 -2.149822305020908397e-05 -1.920742776137807917e-01 0.000000000000000000e+00 0.000000000000000000e+00 3.359920587627474031e-02 3.811015612668098385e+01 0.000000000000000000e+00 0.000000000000000000e+00
3.001999999999999957e+01 1.780596468270089844e-06 1.590860693769295675e-02 1.780596468270089844e-06 1.590860693769295675e-02 3.319420304923578757e-02 3.875565335104888476e+01 8.165908913927739249e-05 3.713690744113596221e-03
3.051999999999999957e+01 2.856302937472775206e-05 2.551942651631701753e-01 2.856302937472775206e-05 2.551942651631701753e-01 3.192251683524676559e-02 3.940115057541678567e+01 1.246584624777695308e-03 5.957231731220155591e-02
3.101999999999999957e+01 3.520111355807153302e-05 3.145017354260586928e-01 3.520111355807153302e-05 3.145017354260586928e-01 3.444727287384690556e-02 4.004664779978468658e+01 1.463194665747630111e-03 7.341699926548023170e-02
3.151999999999999957e+01 8.729783499640441833e-06 7.799560249710188464e-02 8.729783499640441833e-06 7.799560249710188464e-02 3.508883838971422336e-02 4.069214502415259460e+01 3.458724212751742482e-04 1.820722255628596728e-02
3.202000000000000313e+01 -2.852372463588712711e-05 -2.548430998923484903e-01 0.000000000000000000e+00 0.000000000000000000e+00 3.018567792923024240e-02 4.133764224852050262e+01 0.000000000000000000e+00 0.000000000000000000e+00
3.252000000000000313e+01 -3.649403621127543995e-05 -3.260532568724890390e-01 0.000000000000000000e+00 0.000000000000000000e+00 3.690386389272269640e-02 4.198313947288840353e+01 0.000000000000000000e+00 0.000000000000000000e+00
3.302000000000000313e+01 -2.043802683961411866e-05 -1.826020332890613274e-01 0.000000000000000000e+00 0.000000000000000000e+00 3.579766793950236309e-02 4.262863669725630444e+01 0.000000000000000000e+00 0.000000000000000000e+00
3.352000000000000313e+01 7.238665401113414323e-06 6.467331856030797410e-02 7.238665401113414323e-06 6.467331856030797410e-02 3.025993369954371043e-02 4.327413392162420536e+01 2.384611092600693412e-04 1.509728070277886226e-02
3.402000000000000313e+01 4.228884808775277464e-05 3.778265733220695921e-01 4.228884808775277464e-05 3.778265733220695921e-01 3.927730190242519764e-02 4.391963114599211337e+01 1.332582222043738555e-03 8.819949186762716942e-02
3.452000000000000313e+01 3.783735125223783692e-05 3.380550053657473963e-01 3.783735125223783692e-05 3.380550053657473963e-01 3.660105419637617319e-02 4.456512837036001429e+01 1.141246484945350427e-03 7.891525319250293491e-02
3.502000000000000313e+01 9.468618498444708647e-07 8.459666893592683590e-03 9.468618498444708647e-07 8.459666893592683590e-03 3.185910056518644062e-02 4.521062559472791520e+01 2.735327179329790062e-05 1.974816950601921296e-03
3.552000000000000313e+01 -2.934714873087927202e-05 -2.621999213303816689e-01 0.000000000000000000e+00 0.000000000000000000e+00 3.675818068393244681e-02 4.585612281909581611e+01 0.000000000000000000e+00 0.000000000000000000e+00
3.602000000000000313e+01 -3.604236214340924595e-05 -3.220178084496281845e-01 0.000000000000000000e+00 0.000000000000000000e+00 3.673738378137100802e-02 4.650162004346372413e+01 0.000000000000000000e+00 0.000000000000000000e+00
3.652000000000000313e+01 -2.770376418759966331e-05 -2.475172241486248703e-01 0.000000000000000000e+00 0.000000000000000000e+00 3.617849426617805036e-02 4.714711726783162504e+01 0.000000000000000000e+00 0.000000000000000000e+00
3.702000000000000313e+01 3.839522526288617176e-06 3.430392892921223930e-02 3.839522526288617176e-06 3.430392892921223930e-02 3.650274875002362113e-02 4.779261449219952596e+01 9.389426443807457939e-05 8.007877990203249308e-03
3.752000000000000313e+01 3.714698058552543024e-05 3.318869399035537793e-01 3.714698058552543024e-05 3.318869399035537793e-01 3.598337354861318171e-02 4.843811171656742687e+01 8.725817330875798843e-04 7.747538559719750750e-02
3.802000000000000313e+01 5.000750251662127539e-05 4.467883182119993801e-01 5.000750251662127539e-05 4.467883182119993801e-01 4.155205525601031458e-02 4.908360894093533489e+01 1.128937541615358895e-03 1.042978589150183738e-01
3.852000000000000313e+01 1.949078543681616359e-05 1.741389753077872971e-01 1.949078543681616359e-05 1.741389753077872971e-01 3.543907507541053936e-02 4.972910616530323580e+01 4.230986042381545812e-04 4.065084411996536251e-02
3.902000000000000313e+01 -2.627939891101217047e-05 -2.347913383430985101e-01 0.000000000000000000e+00 0.000000000000000000e+00 3.692651568605165302e-02 5.037460338967113671e+01 0.000000000000000000e+00 0.000000000000000000e+00
3.952000000000000313e+01 -5.545360343424388366e-05 -4.954461024912418243e-01 0.000000000000000000e+00 0.000000000000000000e+00 4.147913150685443584e-02 5.102010061403904473e+01 0.000000000000000000e+00 0.000000000000000000e+00
4.002000000000000313e+01 -4.536058165144769535e-05 -4.052707487727921776e-01 0.000000000000000000e+00 0.000000000000000000e+00 4.072344499416925140e-02 5.166559783840694564e+01 0.000000000000000000e+00 0.000000000000000000e+00
4.052000000000000313e+01 5.249341316843803451e-06 4.689985023534957997e-02 5.249341316843803451e-06 4.689985023534957997e-02 3.660501703444592886e-02 5.231109506277484655e+01 9.789659558943458175e-05 1.094825841140492292e-02
4.102000000000000313e+01 5.162064180554712736e-05 4.612007914144219400e-01 5.162064180554712736e-05 4.612007914144219400e-01 4.117426985235778103e-02 5.295659228714274747e+01 9.279135554431979915e-04 1.076622935598147285e-01
4.152000000000000313e+01 5.431764075804657206e-05 4.852969283052063210e-01 5.431764075804657206e-05 4.852969283052063210e-01 4.593632312066625589e-02 5.360208951151065548e+01 9.415425499635936193e-04 1.132872738544864061e-01
4.202000000000000313e+01 2.136255926630641891e-05 1.908621996094453099e-01 2.136255926630641891e-05 1.908621996094453099e-01 3.654884369793404836e-02 5.424758673587855640e+01 3.572368274080188694e-04 4.455469840111269536e-02
4.252000000000000313e+01 -2.653913659514861492e-05 -2.371119453966707147e-01 0.000000000000000000e+00 0.000000000000000000e+00 3.964545198032223133e-02 5.489308396024645731e+01 0.000000000000000000e+00 0.000000000000000000e+00
4.302000000000000313e+01 -5.502409903545906703e-05 -4.916087273307058192e-01 0.000000000000000000e+00 0.000000000000000000e+00 4.761377155196595823e-02 5.553858118461435822e+01 0.000000000000000000e+00 0.000000000000000000e+00
4.352000000000000313e+01 -4.796632049512629566e-05 -4.285515289973171882e-01 0.000000000000000000e+00 0.000000000000000000e+00 3.977223779951681581e-02 5.618407840898226624e+01 0.000000000000000000e+00 0.000000000000000000e+00
4.402000000000000313e+01 -5.090446835060794266e-06 -4.548021928566554906e-02 0.000000000000000000e+00 0.000000000000000000e+00 3.932260047345872284e-02 5.682957563335016715e+01 0.000000000000000000e+00 0.000000000000000000e+00
4.452000000000000313e+01 4.894396089410459581e-05 4.372861845528598912e-01 4.894396089410459581e-05 4.372861845528598912e-01 4.644722468814792282e-02 5.747507285771806806e+01 6.881842564090409143e-04 1.020796894701710561e-01
4.502000000000000313e+01 6.418386085971217441e-05 5.734459392434639868e-01 6.418386085971217441e-05 5.734459392434639868e-01 4.261896894645880729e-02 5.812057008208596898e+01 8.727311013492911182e-04 1.338646988487862954e-01
4.552000000000000313e+01 3.032501649050171845e-05 2.709366082227181449e-01 3.032501649050171845e-05 2.709366082227181449e-01 3.990571239190430358e-02 5.876606730645387699e+01 3.989012276918622261e-04 6.324719556771915552e-02
4.602000000000000313e+01 -3.142270795349972256e-05 -2.807438510960357791e-01 0.000000000000000000e+00 0.000000000000000000e+00 4.332938656043626435e-02 5.941156453082177791e+01 0.000000000000000000e+00 0.000000000000000000e+00
4.652000000000000313e+01 -7.527679500001188250e-05 -6.725549356772222431e-01 0.000000000000000000e+00 0.000000000000000000e+00 4.182167059957889177e-02 6.005706175518967882e+01 0.000000000000000000e+00 0.000000000000000000e+00
4.702000000000000313e+01 -4.972693371476115311e-05 -4.442815970838211448e-01 0.000000000000000000e+00 0.000000000000000000e+00 3.901699031055249484e-02 6.070255897955758684e+01 0.000000000000000000e+00 0.000000000000000000e+00
4.752000000000000313e+01 3.094005477664206949e-05 2.764316221240682991e-01 3.094005477664206949e-05 2.764316221240682991e-01 3.782304380682011136e-02 6.134805620392548775e+01 3.577361837437770752e-04 6.452994661840159851e-02
4.802000000000000313e+01 8.062971926161275650e-05 7.203802400415413310e-01 8.062971926161275650e-05 7.203802400415413310e-01 3.733536934735821877e-02 6.199355342829338866e+01 9.034409418524478501e-04 1.681649084776851433e-01
4.852000000000000313e+01 3.849711302584629896e-05 3.439495979451931418e-01 3.849711302584629896e-05 3.439495979451931418e-01 3.402951988558634150e-02 6.263905065266128958e+01 4.181545944555893081e-04 8.029128152662072526e-02
4.902000000000000313e+01 -4.680279899734048846e-05 -4.181561325660228534e-01 0.000000000000000000e+00 0.000000000000000000e+00 2.986561073233227545e-02 6.328454787702919759e+01 0.000000000000000000e+00 0.000000000000000000e+00
4.952000000000000313e+01 -7.854462161304602910e-05 -7.017510899174917993e-01 0.000000000000000000e+00 0.000000000000000000e+00 3.428981845673882700e-02 6.393004510139709851e+01 0.000000000000000000e+00 0.000000000000000000e+00
5.002000000000000313e+01 1.119266115030628523e-04 1.000000000000000000e+00 1.119266115030628523e-04 1.000000000000000000e+00 2.948471462109578112e-02 6.457554232576499942e+01 1.109617713982196741e-03 2.334390910944305897e-01
