5.986972826788450330e-02 -1.056203516624836941e-01 -3.390432392576703258e-01 0.000000000000000000e+00 0.000000000000000000e+00 1.274516455853068331e-01 7.729148684116003698e-02 0.000000000000000000e+00 0.000000000000000000e+00
6.987933799356604858e-02 -1.023359117525014517e-01 -3.285001277389166252e-01 0.000000000000000000e+00 0.000000000000000000e+00 1.252147527762898227e-01 9.021383743102683039e-02 0.000000000000000000e+00 0.000000000000000000e+00
8.127480133808655249e-02 -9.859673355584938625e-02 -3.164972980948180803e-01 0.000000000000000000e+00 0.000000000000000000e+00 1.226910924635150474e-01 1.049253173495751645e-01 0.000000000000000000e+00 0.000000000000000000e+00
9.506446737350382481e-02 -9.407194889433367901e-02 -3.019726574887537374e-01 0.000000000000000000e+00 0.000000000000000000e+00 1.196697553624960358e-01 1.227276996512195462e-01 0.000000000000000000e+00 0.000000000000000000e+00
1.107717901506947156e-01 -8.891792642937446089e-02 -2.854281521522195608e-01 0.000000000000000000e+00 0.000000000000000000e+00 1.162724687124462586e-01 1.430057661610744657e-01 0.000000000000000000e+00 0.000000000000000000e+00
1.285964107218982855e-01 -8.306915910536805114e-02 -2.666535032518608794e-01 0.000000000000000000e+00 0.000000000000000000e+00 1.124754838585491218e-01 1.660172523693203284e-01 0.000000000000000000e+00 0.000000000000000000e+00
1.487497796669686179e-01 -7.645626658423740341e-02 -2.454259986475249011e-01 0.000000000000000000e+00 0.000000000000000000e+00 1.082588781033650416e-01 1.920351398007306976e-01 0.000000000000000000e+00 0.000000000000000000e+00
1.714548486595780519e-01 -6.900609944328230105e-02 -2.215108273692447949e-01 0.000000000000000000e+00 0.000000000000000000e+00 1.036084267595366593e-01 2.213472578283529335e-01 0.000000000000000000e+00 0.000000000000000000e+00
1.969456473285476072e-01 -6.064188567387231860e-02 -1.946615498806937294e-01 0.000000000000000000e+00 0.000000000000000000e+00 9.851801178822200411e-02 2.542557374038347251e-01 0.000000000000000000e+00 0.000000000000000000e+00
2.254667447502816113e-01 -5.128342650521314217e-02 -1.646207266770168542e-01 0.000000000000000000e+00 0.000000000000000000e+00 9.299272106596019605e-02 2.910763158471463830e-01 0.000000000000000000e+00 0.000000000000000000e+00
2.572725964236561857e-01 -4.084735737508104342e-02 -1.311207560056092125e-01 0.000000000000000000e+00 0.000000000000000000e+00 8.705282505280327598e-02 3.321374937947874084e-01 0.000000000000000000e+00 0.000000000000000000e+00
2.926267790990940698e-01 -2.924751031642455756e-02 -9.388503713366191938e-02 0.000000000000000000e+00 0.000000000000000000e+00 8.073883303045721604e-02 3.777795473683693284e-01 0.000000000000000000e+00 0.000000000000000000e+00
3.005373612100958325e-01 -2.665215817619686831e-02 -8.555390981978008846e-02 0.000000000000000000e+00 0.000000000000000000e+00 7.937015354378720855e-02 3.879920649599413740e-01 0.000000000000000000e+00 0.000000000000000000e+00
3.086617901519569940e-01 -2.398670805281306537e-02 -7.699776671206122469e-02 0.000000000000000000e+00 0.000000000000000000e+00 7.798145032611004945e-02 3.984806576230326414e-01 0.000000000000000000e+00 0.000000000000000000e+00
3.170058468478038072e-01 -2.124927867744576954e-02 -6.821056890354179614e-02 0.000000000000000000e+00 0.000000000000000000e+00 7.657333941044870695e-02 4.092527884973076735e-01 0.000000000000000000e+00 0.000000000000000000e+00
3.255754684965047607e-01 -1.843794086064956539e-02 -5.918612366120753338e-02 0.000000000000000000e+00 0.000000000000000000e+00 7.514653695421795454e-02 4.203161224735468271e-01 0.000000000000000000e+00 0.000000000000000000e+00
3.343767527972738574e-01 -1.555071681812847037e-02 -4.991808226169493906e-02 0.000000000000000000e+00 0.000000000000000000e+00 7.370186793026516081e-02 4.316785316475852952e-01 0.000000000000000000e+00 0.000000000000000000e+00
3.434159622884779273e-01 -1.258557960716196258e-02 -4.039993818220855709e-02 0.000000000000000000e+00 0.000000000000000000e+00 7.224027539206009929e-02 4.433481009216897473e-01 0.000000000000000000e+00 0.000000000000000000e+00
3.526995288037343967e-01 -9.540452702494012227e-03 -3.062502573911712184e-02 0.000000000000000000e+00 0.000000000000000000e+00 7.076283032140340268e-02 4.553331337573554571e-01 0.000000000000000000e+00 0.000000000000000000e+00
3.622340580484717520e-01 -6.413209746153168342e-03 -2.058651928487151631e-02 0.000000000000000000e+00 0.000000000000000000e+00 6.927074205713774913e-02 4.676421580836205849e-01 0.000000000000000000e+00 0.000000000000000000e+00
3.720263343002069845e-01 -3.201674512276328835e-03 -1.027743309508843093e-02 0.000000000000000000e+00 0.000000000000000000e+00 6.776536929239615481e-02 4.802839323650982539e-01 0.000000000000000000e+00 0.000000000000000000e+00
3.820833252358869503e-01 9.637886423381807283e-05 3.093778974551134823e-04 9.637886423381807283e-05 3.093778974551134823e-04 6.624823161178380881e-02 4.932674518340474101e-01 4.821042628340418100e-03 1.522353114400878797e-04
3.924121868897260668e-01 3.483225337416168306e-03 1.118121633637248445e-02 3.483225337416168306e-03 1.118121633637248445e-02 6.472102151829321748e-02 5.066019548909138637e-01 1.608375811257931609e-01 5.501931344315333025e-03
4.030202687450705201e-01 6.961188010106205901e-03 2.234553942378499428e-02 6.961188010106205901e-03 2.234553942378499428e-02 6.318561687423583650e-02 5.202969296778985342e-01 2.967126896587852780e-01 1.099555004238860628e-02
4.139151189639094786e-01 1.053263672373582795e-02 3.380995439355383159e-02 1.053263672373582795e-02 3.380995439355383159e-02 6.164409364254588852e-02 5.343621208302277159e-01 4.144161359529559552e-01 1.663683469057321632e-02
4.251044897577571091e-01 1.419998608418036184e-02 4.558221217421327964e-02 1.419998608418036184e-02 4.558221217421327964e-02 6.009873877024653199e-02 5.488075364099315179e-01 5.157440960438727240e-01 2.242959928149459992e-02
4.365963429037246213e-01 1.796569281415497446e-02 5.767019889011528594e-02 1.796569281415497446e-02 5.767019889011528594e-02 5.855206299583977370e-02 5.636434550270627009e-01 6.023336285171539961e-01 2.837772433346596318e-02
4.483988554097091961e-01 2.183225230505226461e-02 7.008192479276581510e-02 2.183225230505226461e-02 7.008192479276581510e-02 5.700681328605636949e-02 5.788804331534237457e-01 6.756759755846154514e-01 3.448515144394061899e-02
4.605204253327289665e-01 2.580219422137948818e-02 8.282551015098875424e-02 2.580219422137948818e-02 8.282551015098875424e-02 5.546598451120261786e-02 5.945293126340051026e-01 7.371287843821534569e-01 4.075587634649732033e-02
4.729696777545464581e-01 2.987807698900481895e-02 9.590916755809679450e-02 2.987807698900481895e-02 9.590916755809679450e-02 5.393282984643857358e-02 6.106012284014823432e-01 7.879273345678345919e-01 4.719394020474526608e-02
4.857554709188296460e-01 3.406248097427564542e-02 1.093411800367377340e-01 3.406248097427564542e-02 1.093411800367377340e-01 5.241086923636448930e-02 6.271076163992561625e-01 8.291948515672851183e-01 5.380341883839499795e-02
4.988869025342203556e-01 3.835800013471923897e-02 1.231298742374926647e-01 3.835800013471923897e-02 1.231298742374926647e-01 5.090389507531182384e-02 6.440602217186793821e-01 8.619519786112386228e-01 6.058840953511603761e-02
5.123733162477919212e-01 4.276723189368302619e-02 1.372835879362880040e-01 4.276723189368302619e-02 1.372835879362880040e-01 4.941597403707112535e-02 6.614711069562547729e-01 8.871254749976776877e-01 6.755301505701685749e-02
5.262243082935059713e-01 4.729276496108401201e-02 1.518106309387809993e-01 4.729276496108401201e-02 1.518106309387809993e-01 4.795144373202553378e-02 6.793526607967553810e-01 9.055562027474164388e-01 7.470132440290000453e-02
5.404497343203947812e-01 5.193716479084806159e-02 1.667192383984765769e-01 5.193716479084806159e-02 1.667192383984765769e-01 4.651490258533309829e-02 6.977176068283706956e-01 9.180064589732798153e-01 8.203738983754879643e-02
5.550597164053319155e-01 5.670295633304933691e-02 1.820175154507831794e-01 5.670295633304933691e-02 1.820175154507831794e-01 4.511119103132898295e-02 7.165790125961540857e-01 9.251667068134850069e-01 8.956519964785544796e-02
5.700646502553773365e-01 6.159260370589177830e-02 1.977133719597055084e-01 6.159260370589177830e-02 1.977133719597055084e-01 4.374536183324598260e-02 7.359502989002106865e-01 9.276617536593531055e-01 9.728864603368331254e-02
5.854752126048252681e-01 6.660848638023199320e-02 2.138144460697322113e-01 6.660848638023199320e-02 2.138144460697322113e-01 4.242263711169924623e-02 7.558452493452449961e-01 9.260564216052924458e-01 1.052114874901111385e-01
6.013023688122151045e-01 7.175287143824933545e-02 2.303280151556651723e-01 7.175287143824933545e-02 2.303280151556651723e-01 4.114834956659054604e-02 7.762780201482597509e-01 9.208607515381173059e-01 1.133373049885934014e-01
6.175573806627134843e-01 7.702788143905299478e-02 2.472608926706369170e-01 7.702788143905299478e-02 2.472608926706369170e-01 3.992786549883488995e-02 7.972631502113878277e-01 9.125347790360437417e-01 1.216694512190544392e-01
6.342518143814173115e-01 8.243545739854522825e-02 2.646193093108020755e-01 8.243545739854522825e-02 2.646193093108020755e-01 3.876648769432017999e-02 8.188155714670223295e-01 9.014929172416611403e-01 1.302109921147021065e-01
6.513975488632811617e-01 8.797731636968898761e-02 2.824087768472290927e-01 8.797731636968898761e-02 2.824087768472290927e-01 3.766933714603386274e-02 8.409506195026066333e-01 8.881079790842874022e-01 1.389646398479058853e-01
6.690067841255240566e-01 9.365490309341109598e-02 3.006339329244250291e-01 9.365490309341109598e-02 3.006339329244250291e-01 3.664121406644107320e-02 8.636840444726450183e-01 8.727148686354250229e-01 1.479326764603425548e-01
6.870920499885300181e-01 9.946933518036737976e-02 3.192983650928100103e-01 9.946933518036737976e-02 3.192983650928100103e-01 3.568644073090211644e-02 8.870320223056968878e-01 8.556139689671352633e-01 1.571168672748099182e-01
7.056662149914201265e-01 1.054213412802253447e-01 3.384044123309962737e-01 1.054213412802253447e-01 3.384044123309962737e-01 3.480869133096460566e-02 9.110111662143308697e-01 8.370742516316633797e-01 1.665183632304682027e-01
7.247424955486385656e-01 1.115111916981125079e-01 3.579529423233323016e-01 1.115111916981125079e-01 3.579529423233323016e-01 3.401081698303337619e-02 9.356385385162266921e-01 8.173361307779795082e-01 1.761375912879959704e-01
7.443344653540692191e-01 1.177386209273177942e-01 3.779431027884731509e-01 1.177386209273177942e-01 3.779431027884731509e-01 3.329467692047340804e-02 9.609316627748372142e-01 7.966140829571360937e-01 1.859741320660571462e-01
7.644560650393737999e-01 1.241027415828893365e-01 3.983720452046727312e-01 1.241027415828893365e-01 3.983720452046727312e-01 3.266098912157749945e-02 9.869085362682494811e-01 7.750990518369328397e-01 1.960265838950472073e-01
7.851216120934234599e-01 1.306019492422360040e-01 4.192346193463931669e-01 1.306019492422360040e-01 4.192346193463931669e-01 3.210921455360146726e-02 1.013587642795116261e+00 7.529606553448759954e-01 2.062924125079898807e-01
8.063458110498831211e-01 1.372338177264527670e-01 4.405230371354656449e-01 1.372338177264527670e-01 4.405230371354656449e-01 3.163748831070917894e-02 1.040987965826770001e+00 7.303492111876459525e-01 2.167677856320714136e-01
8.281437639501966208e-01 1.439949843912996796e-01 4.622265044230576270e-01 1.439949843912996796e-01 4.622265044230576270e-01 3.124260796458407791e-02 1.069129002014879148e+00 7.073975952597684191e-01 2.274473917999157158e-01
8.505309810894171596e-01 1.508810250430558664e-01 4.843308194673019984e-01 1.508810250430558664e-01 4.843308194673019984e-01 3.092008465780097387e-02 1.098030775064255948e+00 6.842229461608301255e-01 2.383242427728220203e-01
8.735233920525312667e-01 1.578863181584314324e-01 5.068179370767581515e-01 1.578863181584314324e-01 5.068179370767581515e-01 3.066425655468286646e-02 1.127713849980688687e+00 6.609282278971979618e-01 2.493894590692192770e-01
8.971373570491264493e-01 1.650038981802532667e-01 5.296654976869100695e-01 1.650038981802532667e-01 5.296654976869100695e-01 3.046845825079822628e-02 1.158199347703934512e+00 6.376036618577711756e-01 2.606320382377502187e-01
9.213896785544697376e-01 1.722252977978528388e-01 5.528463210773582048e-01 1.722252977978528388e-01 5.528463210773582048e-01 3.032523470387194983e-02 1.189508960136288707e+00 6.143280383264055899e-01 2.720386057311328099e-01
9.462976132652790584e-01 1.795403793251549862e-01 5.763278650924347213e-01 1.795403793251549862e-01 5.763278650924347213e-01 3.022658500286431668e-02 1.221664965577417439e+00 5.911699171225939242e-01 2.835931485592866341e-01
9.718788843786967391e-01 1.869371555880750269e-01 6.000716506865081401e-01 1.869371555880750269e-01 6.000716506865081401e-01 3.016422018661694959e-02 1.254690244576445401e+00 5.681887264316459740e-01 2.952767323718790693e-01
9.981516942031968265e-01 1.944016011578967307e-01 6.240326559797129136e-01 1.944016011578967307e-01 6.240326559797129136e-01 3.012982020820114890e-02 1.288608296212566451e+00 5.454357684679974616e-01 3.070672032918576044e-01
1.025134737110408478e+00 2.019174553514690718e-01 6.481586838850169618e-01 2.019174553514690718e-01 6.481586838850169618e-01 3.011527748802945645e-02 1.323443254815776848e+00 5.229551402667123039e-01 3.189388767442544736e-01
1.052847212837060953e+00 2.094660191901216162e-01 6.723897103426682564e-01 2.094660191901216162e-01 6.723897103426682564e-01 3.011291761841770540e-02 1.359219907139610939e+00 5.007845775596927451e-01 3.308622167424802307e-01
1.081308840146524286e+00 2.170259494826312641e-01 6.966572233227928956e-01 2.170259494826312641e-01 6.966572233227928956e-01 3.011569102636127426e-02 1.395963709998115476e+00 4.789562292935470866e-01 3.428035106319108904e-01
1.110539870859658551e+00 2.245730543670535484e-01 7.208835665109760704e-01 2.245730543670535484e-01 7.208835665109760704e-01 3.011733229355383415e-02 1.433700808379597680e+00 4.574973698090998853e-01 3.547245461378251696e-01
1.140561104264964154e+00 2.320800959744228620e-01 7.449813058551696399e-01 2.320800959744228620e-01 7.449813058551696399e-01 3.011248610523591454e-02 1.472458054050049148e+00 4.364310549576012055e-01 3.665822996626956209e-01
1.171393901918276637e+00 2.395166072882926600e-01 7.688526416815044673e-01 2.395166072882926600e-01 7.688526416815044673e-01 3.009680035922115277e-02 1.512263024659469934e+00 4.157767274256202739e-01 3.783286470065302387e-01
1.203060202842545223e+00 2.468487316523314545e-01 7.923888935107700204e-01 2.468487316523314545e-01 7.923888935107700204e-01 3.006698783105883621e-02 1.553144043364698135e+00 3.955507752679831013e-01 3.899101098609683569e-01
1.235582539138505576e+00 2.540390945733515538e-01 8.154700885438179725e-01 2.540390945733515538e-01 8.154700885438179725e-01 3.002085803174159642e-02 1.595130198982702030e+00 3.757670461451703692e-01 4.012676533156531722e-01
1.268984052017357422e+00 2.610467183160808946e-01 8.379646875092352509e-01 2.610467183160808946e-01 8.379646875092352509e-01 2.995732060736406785e-02 1.638251366688677102e+00 3.564373181356235154e-01 4.123365509563355347e-01
1.303288508266850831e+00 2.678269901423902533e-01 8.597294827106887194e-01 2.678269901423902533e-01 8.597294827106887194e-01 2.987636094435856121e-02 1.682538229273673469e+00 3.375717264152012786e-01 4.230463346971204408e-01
1.338520317162505080e+00 2.743316948230725139e-01 8.806097023903244336e-01 2.743316948230725139e-01 8.806097023903244336e-01 2.977898774981830796e-02 1.728022298976883864e+00 3.191791437851669300e-01 4.333208461344734697e-01
1.374704547835981838e+00 2.805091212618564533e-01 9.004393529937811946e-01 2.805091212618564533e-01 9.004393529937811946e-01 2.966715155869466269e-02 1.774735939908118176e+00 3.012675122282894025e-01 4.430784049652666257e-01
1.411866947112986104e+00 2.863042518701469641e-01 9.190418270665311473e-01 2.863042518701469641e-01 9.190418270665311473e-01 2.954363276303426794e-02 1.822712391076434235e+00 2.838441225866839557e-01 4.522321081137992138e-01
1.450033957833370524e+00 2.916590420084975155e-01 9.362308002660615358e-01 2.916590420084975155e-01 9.362308002660615358e-01 2.941189829851291460e-02 1.871985790041290620e+00 2.669158402026962640e-01 4.606902711237972903e-01
1.489232737666495554e+00 2.965127957516832113e-01 9.518114375745552191e-01 2.965127957516832113e-01 9.518114375745552191e-01 2.927592791885609558e-02 1.922591197203072033e+00 2.504892759119667356e-01 4.683570216984330736e-01
1.529491178435217646e+00 3.008026438232418998e-01 9.655819274774131156e-01 3.008026438232418998e-01 9.655819274774131156e-01 2.914001412462251250e-02 1.974564620750251409e+00 2.345709039125494499e-01 4.751330546222081175e-01
1.570837925962270232e+00 3.044641300187228561e-01 9.773353643924886924e-01 3.044641300187228561e-01 9.773353643924886924e-01 2.900854390117561105e-02 2.027943042280957453e+00 2.191671303626871736e-01 4.809165580462611000e-01
1.613302400453144880e+00 3.074319137328147544e-01 9.868620037948765411e-01 3.074319137328147544e-01 9.868620037948765411e-01 2.888577452745434357e-02 2.082764443117159470e+00 2.042843185783013438e-01 4.856043231656498871e-01
1.656914817429990139e+00 3.096405978591279529e-01 9.939519197901875991e-01 3.096405978591279529e-01 9.939519197901875991e-01 2.877561856182701827e-02 2.139067831330218272e+00 1.899287779106238194e-01 4.890930519291092904e-01
1.701706209231411915e+00 3.110256924839351345e-01 9.983980985888880610e-01 3.110256924839351345e-01 9.983980985888880610e-01 2.868145357340172452e-02 2.196893269497004031e+00 1.761067234404928294e-01 4.912808792422633242e-01
1.747708447093477613e+00 3.115247243795149501e-01 1.000000000000000000e+00 3.115247243795149501e-01 1.000000000000000000e+00 2.860596992744303055e-02 2.256281903206355022e+00 1.628242124831240922e-01 4.920691254687162841e-01
1.794954263827641894e+00 3.110784993652411234e-01 9.985676096330311502e-01 3.110784993652411234e-01 9.985676096330311502e-01 2.855106573300083411e-02 2.317275990336150393e+00 1.500870618686763192e-01 4.913642903935121486e-01
1.843477277111716495e+00 3.096325186897927462e-01 9.939259855104886077e-01 3.096325186897927462e-01 9.939259855104886077e-01 2.851779352475814627e-02 2.379918931121824510e+00 1.379007476691919420e-01 4.890802904707781673e-01
1.893312013410475059e+00 3.071385419799192995e-01 9.859202751616844562e-01 3.071385419799192995e-01 9.859202751616844562e-01 2.850635989146776961e-02 2.444255299037734641e+00 1.262702872128516896e-01 4.851409275806862209e-01
1.944493932542892711e+00 3.035562789421197283e-01 9.744211460157247151e-01 3.035562789421197283e-01 9.744211460157247151e-01 2.851617744908467936e-02 2.510330872513330647e+00 1.152001024287739733e-01 4.794825611581819969e-01
1.997059452913523492e+00 2.988551810190425706e-01 9.593305366509602417e-01 2.988551810190425706e-01 9.593305366509602417e-01 2.854596706030682746e-02 2.578192667506723712e+00 1.046938639567047136e-01 4.720569382052723362e-01
2.051045977425947076e+00 2.930162932063337666e-01 9.405876011605637244e-01 2.930162932063337666e-01 9.405876011605637244e-01 2.859390490838405186e-02 2.647888970958802268e+00 9.475431670456403721e-02 4.628341183297963735e-01
2.106491920096742909e+00 2.860341148713386183e-01 9.181746824142201779e-01 2.860341148713386183e-01 9.181746824142201779e-01 2.865780278575957504e-02 2.719469375151723156e+00 8.538308900472590945e-02 4.518054130030816906e-01
2.163436733388913513e+00 2.779184056290028293e-01 8.921231089524335189e-01 2.779184056290028293e-01 8.921231089524335189e-01 2.873530249001707629e-02 2.792984812996212263e+00 7.658048864949909551e-02 4.389862380326562397e-01
2.221920936284217163e+00 2.686958575383981418e-01 8.625185627676198452e-01 2.686958575383981418e-01 8.625185627676198452e-01 2.882406114808924030e-02 2.868487594272787877e+00 6.834528978578620351e-02 4.244187548815968047e-01
2.281986143114376198e+00 2.584115394148986389e-01 8.295057155723178921e-01 2.584115394148986389e-01 8.295057155723178921e-01 2.892190788207509716e-02 2.946031442852691473e+00 6.067451538191587918e-02 4.081741520329721928e-01
2.343675093171683432e+00 2.471300065670758994e-01 7.932917910746942747e-01 2.471300065670758994e-01 7.932917910746942747e-01 2.902696287353604895e-02 3.025671534925015393e+00 5.356322139090943790e-02 3.903543978756364163e-01
2.407031681120068267e+00 2.349359639823140611e-01 7.541486938163641796e-01 2.349359639823140611e-01 7.541486938163641796e-01 2.913772096865755931e-02 3.107464538257222131e+00 4.700429097210597623e-02 3.710932882395930332e-01
2.472100988228271401e+00 2.219343742067868275e-01 7.124133554690680326e-01 2.219343742067868275e-01 7.124133554690680326e-01 2.925310567910121770e-02 3.191468652516997295e+00 4.098824939704823200e-02 3.505566167978980130e-01
2.538929314447335717e+00 2.082499090078986370e-01 6.684859746611899745e-01 2.082499090078986370e-01 6.684859746611899745e-01 2.937249398759902985e-02 3.277743650684115106e+00 3.550311115241942816e-02 3.289413089396342471e-01
2.607564211355263950e+00 1.940256500923404348e-01 6.228258462592161093e-01 1.940256500923404348e-01 6.228258462592161093e-01 2.949570507501596273e-02 3.366350921581804823e+00 3.053426945304119067e-02 3.064733694880856230e-01
2.678054515992251083e+00 1.794209485116173008e-01 5.759444900207592033e-01 1.794209485116173008e-01 5.759444900207592033e-01 2.962294774483651208e-02 3.457353513557850810e+00 2.606443586027728382e-02 2.834045015230407527e-01
2.750450385610602400e+00 1.646083685387058348e-01 5.283958403833517448e-01 1.646083685387058348e-01 5.283958403833517448e-01 2.975473399178812928e-02 3.550816179346543588e+00 2.207363650124798127e-02 2.600072790787433252e-01
2.824803333364031666e+00 1.497696924590086187e-01 4.807634217711455604e-01 1.497696924590086187e-01 4.807634217711455604e-01 2.989177710348666500e-02 3.646805422143364339e+00 1.853927338195306140e-02 2.365688365082752043e-01
2.901166264961760888e+00 1.350910577877066365e-01 4.336447389746567183e-01 1.350910577877066365e-01 4.336447389746567183e-01 3.003488759088931634e-02 3.745389542925224635e+00 1.543626293844218428e-02 2.133831874713690846e-01
2.979593516313479018e+00 1.207574112433530689e-01 3.876334743056874532e-01 1.207574112433530689e-01 3.876334743056874532e-01 3.018486375229022245e-02 3.846638689049900250e+00 1.273726411462830152e-02 1.907424647039997201e-01
3.060140892191968387e+00 1.069465376000894585e-01 3.433003201049360520e-01 1.069465376000894585e-01 3.433003201049360520e-01 3.034236765202690672e-02 3.950624904169266483e+00 1.041300036461768538e-02 1.689274882871662498e-01
3.142865705940889764e+00 9.382292132653242966e-02 3.011732744917949844e-01 9.382292132653242966e-02 3.011732744917949844e-01 3.050779439665835674e-02 4.057422179491827485e+00 8.432666030442445559e-03 1.481980697937272107e-01
3.227826820255987883e+00 8.153166816425652663e-02 2.617181295213364400e-01 8.153166816425652663e-02 2.617181295213364400e-01 3.068116637164770497e-02 4.167106506431027313e+00 6.764396753110567609e-03 1.287834111128722536e-01
3.315084689068746204e+00 7.019275415113014616e-02 2.253200104451993091e-01 7.019275415113014616e-02 2.253200104451993091e-01 3.086208655583730018e-02 4.279755930676815368e+00 5.375784144575871011e-03 1.108730204903712463e-01
3.404701400562271996e+00 5.989602005229075626e-02 1.922673077444807810e-01 5.989602005229075626e-02 1.922673077444807810e-01 3.104976845234717203e-02 4.395450607728915493e+00 4.234423577062049367e-03 9.460880597805119974e-02
3.496740721350034331e+00 5.069746744570882702e-02 1.627397874974014780e-01 5.069746744570882702e-02 1.627397874974014780e-01 3.124315274616795354e-02 4.514272859931330650e+00 3.308486701495243643e-03 8.007922491281108113e-02
3.591268141848880546e+00 4.261735350173410236e-02 1.368024755871881104e-01 4.261735350173410236e-02 1.368024755871881104e-01 3.144112060823046201e-02 4.636307235048656494e+00 2.567298694431590332e-03 6.731627452414307156e-02
3.688350922878637750e+00 3.564032481799035007e-02 1.144060873145064661e-01 3.564032481799035007e-02 1.144060873145064661e-01 3.164278497807432311e-02 4.761640566425906940e+00 1.981884637114389187e-03 5.629570333314679736e-02
3.788058143521422227e+00 2.971761295317358956e-02 9.539407510066556795e-02 2.971761295317358956e-02 9.539407510066556795e-02 3.184778325250002540e-02 4.890362034774617506e+00 1.525448093690109051e-03 4.694047910968154880e-02
3.890460750274742363e+00 2.477126685241190854e-02 7.951621464957726870e-02 2.477126685241190854e-02 7.951621464957726870e-02 3.205646666527959404e-02 5.022563231629229463e+00 1.173757891038318532e-03 3.912747420320021596e-02
3.995631607533355556e+00 2.070027153557015345e-02 6.644824604788687750e-02 2.070027153557015345e-02 6.644824604788687750e-02 3.226990976968259484e-02 5.158338224518884907e+00 9.054263810377125325e-04 3.269713032171377848e-02
4.103645549435792184e+00 1.738796760752266135e-02 5.581569052714985268e-02 1.738796760752266135e-02 5.581569052714985268e-02 3.248969932872410038e-02 5.297783623901002770e+00 7.020575578731600656e-04 2.746517802512713977e-02
4.214579433112467299e+00 1.470981647733123759e-02 4.721877695784751361e-02 1.470981647733123759e-02 4.721877695784751361e-02 3.271749901666499982e-02 5.440998651904293659e+00 5.482491230668118430e-04 2.323490228335039695e-02
4.328512193373227568e+00 1.254077862096584367e-02 4.025612620617567000e-02 1.254077862096584367e-02 4.025612620617567000e-02 3.295447374940984470e-02 5.588085212930082868e+00 4.314614388262919898e-04 1.980879681703113376e-02
4.445524898873283171e+00 1.076202548677433063e-02 3.454629647200488374e-02 1.076202548677433063e-02 3.454629647200488374e-02 3.320074822370013001e-02 5.739147966162212455e+00 3.417891695628447798e-04 1.699916589316244342e-02
4.565700809797455406e+00 9.266670729824821526e-03 2.974618065478392553e-02 9.266670729824821526e-03 2.974618065478392553e-02 3.345506317293698434e-02 5.894294400037087378e+00 2.716656989670760943e-04 1.463717710083397260e-02
4.689125437103828453e+00 7.964160773907526247e-03 2.556510013698042386e-02 7.964160773907526247e-03 2.556510013698042386e-02 3.371473480331595163e-02 6.053634908726900576e+00 2.155251166056355958e-04 1.257979646692411642e-02
4.815886603368914720e+00 6.783577589814022979e-03 2.177540676209677173e-02 6.783577589814022979e-03 2.177540676209677173e-02 3.397599470349455669e-02 6.217282870690403307e+00 1.694585404873799118e-04 1.071500536215052972e-02
4.946074505277657352e+00 5.676119643635649421e-03 1.822044672358242093e-02 5.676119643635649421e-03 1.822044672358242093e-02 3.423471097977496408e-02 6.385354729347151981e+00 1.308889550840751251e-04 8.965719284922539153e-03
5.079781777802711673e+00 4.615744448647507783e-03 1.481662316800376293e-02 4.615744448647507783e-03 1.481662316800376293e-02 3.448738668939135832e-02 6.557970075932602505e+00 9.825168569745861664e-05 7.290802804679132228e-03
5.217103560118715677e+00 3.596860793696137360e-03 1.154598820642647322e-02 3.596860793696137360e-03 1.154598820642647322e-02 3.473230729792737420e-02 6.735251734593069806e+00 7.067546571530498075e-05 5.681424319408386915e-03
5.358137563298387640e+00 2.629513278574339367e-03 8.440785185868378976e-03 2.629513278574339367e-03 8.440785185868378976e-03 3.497066729385103073e-02 6.917325849781014391e+00 4.769438047663654629e-05 4.153449784679548798e-03
5.502984139838678956e+00 1.732633500779865625e-03 5.561784876724856948e-03 1.732633500779865625e-03 5.561784876724856948e-03 3.520740628183863935e-02 7.104321976012916373e+00 2.900984081175892498e-05 2.736782620335132758e-03
5.651746355066400440e+00 9.261191242588744446e-04 2.972859140164521921e-03 9.261191242588744446e-04 2.972859140164521921e-03 3.545135526646088497e-02 7.296373170053546353e+00 1.431371235539620124e-05 1.462852197242436088e-03
5.804530060474196063e+00 2.243602645074505833e-04 7.202005072127877711e-04 2.243602645074505833e-04 7.202005072127877711e-04 3.571404757816664527e-02 7.493616085592297082e+00 3.200944698903453246e-06 3.543884337463224106e-04
5.961443969038969115e+00 -3.677648145560438969e-04 -1.180531706716204292e-03 0.000000000000000000e+00 0.000000000000000000e+00 3.600644498240150593e-02 7.696191070478857199e+00 0.000000000000000000e+00 0.000000000000000000e+00
6.122599732576421871e+00 -8.577340303036718686e-04 -2.753341751644525996e-03 0.000000000000000000e+00 0.000000000000000000e+00 3.633323956056075388e-02 7.904242266587488963e+00 0.000000000000000000e+00 0.000000000000000000e+00
6.288112021186694101e+00 -1.266913218237137716e-03 -4.066814345989825524e-03 0.000000000000000000e+00 0.000000000000000000e+00 3.668558466298275922e-02 8.117917712380908313e+00 0.000000000000000000e+00 0.000000000000000000e+00
6.458098604847685387e+00 -1.632087982672545063e-03 -5.239031944970936466e-03 0.000000000000000000e+00 0.000000000000000000e+00 3.703521523147297601e-02 8.337369448246812809e+00 0.000000000000000000e+00 0.000000000000000000e+00
6.632680437214072633e+00 -2.006507455697395005e-03 -6.440925225738961500e-03 0.000000000000000000e+00 0.000000000000000000e+00 3.733501113918837044e-02 8.562753624681944231e+00 0.000000000000000000e+00 0.000000000000000000e+00
6.811981741681667479e+00 -2.455233859105511365e-03 -7.881345097073010758e-03 0.000000000000000000e+00 0.000000000000000000e+00 3.753159443358436431e-02 8.794230613400698005e+00 0.000000000000000000e+00 0.000000000000000000e+00
6.996130099778346434e+00 -3.042303461816853963e-03 -9.765849140470045375e-03 0.000000000000000000e+00 0.000000000000000000e+00 3.759274600839277586e-02 9.031965121447322886e+00 0.000000000000000000e+00 0.000000000000000000e+00
7.185256541944483821e+00 -3.805944065854771196e-03 -1.221714929187508146e-02 0.000000000000000000e+00 0.000000000000000000e+00 3.754449443596430402e-02 9.276126308392960595e+00 0.000000000000000000e+00 0.000000000000000000e+00
7.379495640767413711e+00 -4.725474951047926517e-03 -1.516886006547306202e-02 0.000000000000000000e+00 0.000000000000000000e+00 3.749838404035733125e-02 9.526887906700807207e+00 0.000000000000000000e+00 0.000000000000000000e+00
7.578985606736329039e+00 -5.690376957833368637e-03 -1.826621296003802172e-02 0.000000000000000000e+00 0.000000000000000000e+00 3.763196563968995018e-02 9.784428345345173028e+00 0.000000000000000000e+00 0.000000000000000000e+00
7.783868386585694132e+00 -6.485027506207309556e-03 -2.081705559365787384e-02 0.000000000000000000e+00 0.000000000000000000e+00 3.808565310042247992e-02 1.004893087677226227e+01 0.000000000000000000e+00 0.000000000000000000e+00
7.994289764297218603e+00 -6.808237651611636146e-03 -2.185456600650901096e-02 0.000000000000000000e+00 0.000000000000000000e+00 3.879487125514508722e-02 1.032058370729318142e+01 0.000000000000000000e+00 0.000000000000000000e+00
8.210399464832176974e+00 -6.335068401437310599e-03 -2.033568415494243359e-02 0.000000000000000000e+00 0.000000000000000000e+00 3.937743705427285829e-02 1.059958013100176899e+01 0.000000000000000000e+00 0.000000000000000000e+00
8.432351260667946491e+00 -4.821165091475288801e-03 -1.547602714705207522e-02 0.000000000000000000e+00 0.000000000000000000e+00 3.922887429626167877e-02 1.088611866731269018e+01 0.000000000000000000e+00 0.000000000000000000e+00
8.660303081214536292e+00 -2.225265601181428132e-03 -7.143142829557562294e-03 0.000000000000000000e+00 0.000000000000000000e+00 3.789135282455301235e-02 1.118040320221755834e+01 0.000000000000000000e+00 0.000000000000000000e+00
8.894417125188995854e+00 1.181632955029535874e-03 3.793063158576176659e-03 1.181632955029535874e-03 3.793063158576176659e-03 3.565823758131165394e-02 1.148264313335967657e+01 4.685581947686599323e-06 1.866449271288186202e-03
9.134859976027611239e+00 4.767857558713422227e-03 1.530490900267992942e-02 4.767857558713422227e-03 1.530490900267992942e-02 3.410158414032429808e-02 1.179305351903053989e+01 1.745223330392834955e-05 7.531073188326996466e-03
9.381802720418068731e+00 7.591928986241860272e-03 2.437022936578540563e-02 7.591928986241860272e-03 2.437022936578540563e-02 3.517568819916074702e-02 1.211185523119420537e+01 2.565232122622220781e-05 1.199183745149405393e-02
9.635421070035881996e+00 8.586265748561437705e-03 2.756206835801970276e-02 8.586265748561437705e-03 2.756206835801970276e-02 3.804439966868987388e-02 1.243927511264833896e+01 2.678092992950551873e-05 1.356244287303973173e-02
9.895895486571712141e+00 6.868375054890698238e-03 2.204760815877747707e-02 6.868375054890698238e-03 2.204760815877747707e-02 3.804141104684050090e-02 1.277554613843379450e+01 1.977525644831075414e-05 1.084894726536656667e-02
1.016341131013859211e+01 2.113947634529870188e-03 6.785810143128651918e-03 2.113947634529870188e-03 6.785810143128651918e-03 3.036646240849070338e-02 1.312090758160762327e+01 5.618354543593696645e-06 3.339087662726060359e-03
1.043815889115034068e+01 -5.168743247692800247e-03 -1.659175931537292675e-02 0.000000000000000000e+00 0.000000000000000000e+00 2.618732010579725294e-02 1.347560518349738246e+01 0.000000000000000000e+00 0.000000000000000000e+00
1.072033372576507659e+01 -1.487689475068581374e-02 -4.775510123736451118e-02 0.000000000000000000e+00 0.000000000000000000e+00 6.617980295924283385e-02 1.383989132855795035e+01 0.000000000000000000e+00 0.000000000000000000e+00
