6.367979799999999579e-02 1.274828790403451650e-01
6.972053899999999804e-02 1.271466638075336997e-01
7.576168699999999423e-02 1.267935464264254575e-01
8.180283500000000430e-02 1.264277063970920545e-01
8.784357600000000654e-02 1.260538720082306219e-01
9.388472400000000273e-02 1.256772532791816943e-01
9.992587199999999892e-02 1.253036933520020324e-01
1.059666100000000027e-01 1.249395771247494430e-01
1.120077599999999979e-01 1.245917263744951570e-01
1.180485000000000007e-01 1.242675213165167908e-01
1.240896499999999958e-01 1.239746474253646119e-01
1.301307999999999909e-01 1.237211706403828909e-01
1.361715400000000076e-01 1.235153618931722486e-01
1.422126900000000027e-01 1.233655583074149964e-01
1.482538399999999978e-01 1.232801313499442691e-01
1.542945799999999867e-01 1.232673059010791911e-01
1.603357199999999871e-01 1.233350600016722559e-01
1.663768700000000100e-01 1.234910218404734333e-01
1.724176099999999989e-01 1.237423423867466260e-01
1.784587599999999941e-01 1.240956932813674501e-01
1.844999099999999892e-01 1.245571047113421675e-01
1.905406500000000058e-01 1.251319454892888816e-01
1.965818000000000010e-01 1.258250580705060351e-01
2.026229499999999961e-01 1.266405327410133341e-01
2.086636900000000128e-01 1.275818163326395138e-01
2.147048400000000079e-01 1.286519887693906572e-01
2.207455799999999968e-01 1.298533567754000806e-01
2.267867199999999972e-01 1.311881074721974461e-01
2.328278699999999923e-01 1.326578501665551524e-01
2.388686100000000090e-01 1.342638910366867888e-01
2.449097600000000041e-01 1.360076938798253643e-01
2.509509100000000270e-01 1.378903040336617869e-01
2.569916500000000159e-01 1.399127060971423753e-01
2.630328000000000110e-01 1.420763421192949294e-01
2.690739500000000062e-01 1.443823413825874036e-01
2.751146899999999951e-01 1.468319301352296324e-01
2.811558399999999902e-01 1.494270029018764379e-01
2.871965799999999791e-01 1.521689505190822467e-01
2.932377299999999742e-01 1.550600740640305508e-01
2.992788699999999746e-01 1.581022947639833254e-01
3.053196100000000190e-01 1.612976687335465897e-01
3.113607600000000142e-01 1.646490261784231690e-01
3.174019100000000093e-01 1.681586545339970595e-01
3.234426499999999982e-01 1.718288531240729777e-01
3.294837999999999933e-01 1.756626805237427591e-01
3.355245399999999822e-01 1.796621306735659285e-01
3.415656899999999774e-01 1.838301603127727724e-01
3.476068399999999725e-01 1.881687610114658460e-01
3.536475800000000169e-01 1.926796662248907444e-01
3.596887300000000121e-01 1.973652689197551158e-01
3.657298700000000125e-01 2.022267275439933731e-01
3.717706100000000013e-01 2.072648198811274101e-01
3.778117599999999965e-01 2.124809380247444923e-01
3.838529099999999916e-01 2.178750411001757759e-01
3.898936499999999805e-01 2.234466014300642844e-01
3.959347999999999757e-01 2.291957871462044494e-01
4.019755400000000201e-01 2.351207910900232623e-01
4.080158700000000027e-01 2.412201308030605673e-01
4.140586499999999726e-01 2.474949462081343088e-01
4.200973599999999752e-01 2.539362171230122311e-01
4.261401300000000059e-01 2.605501412960606333e-01
4.321788400000000085e-01 2.673251306504312863e-01
4.382216099999999837e-01 2.742674314086543941e-01
4.442643900000000090e-01 2.813696002096585103e-01
4.503031000000000117e-01 2.886237076369960741e-01
4.563458699999999868e-01 2.960365860676460459e-01
4.623845799999999895e-01 3.035954365125428933e-01
4.684273600000000148e-01 3.113077244153543144e-01
4.744660600000000228e-01 3.191604832384788981e-01
4.805088399999999926e-01 3.271618944040265431e-01
4.865516200000000180e-01 3.353043728780969457e-01
4.925903200000000259e-01 3.435799940582592304e-01
4.986330999999999958e-01 3.519976077346358423e-01
5.046718000000000037e-01 3.605433550714826074e-01
5.107145800000000291e-01 3.692259927791092800e-01
5.167532799999999815e-01 3.780305591194834114e-01
5.227960600000000069e-01 3.869651011475763736e-01
5.288388400000000322e-01 3.960190858466989261e-01
5.348775399999999847e-01 4.051807276945784131e-01
5.409203200000000100e-01 4.144557802772919630e-01
5.469590199999999625e-01 4.238239133545920745e-01
5.530017999999999878e-01 4.332887061798235129e-01
5.590405000000000513e-01 4.428270005494800987e-01
5.650832799999999656e-01 4.524400002379031505e-01
5.711219899999999683e-01 4.621018282068161676e-01
5.771647600000000544e-01 4.718114443858489881e-01
5.832075399999999687e-01 4.815473732419133790e-01
5.892462499999999714e-01 4.912872817970546091e-01
5.952890199999999465e-01 5.010280623326590632e-01
6.013277299999999492e-01 5.107402398374717434e-01
6.073705000000000354e-01 5.204206154133677042e-01
6.134092100000000380e-01 5.300404123866078177e-01
6.194519899999999524e-01 5.395976064626435420e-01
6.254947600000000385e-01 5.490718179749355388e-01
6.315334700000000412e-01 5.584443445638465064e-01
6.375762499999999555e-01 5.677170097962297435e-01
6.436149500000000190e-01 5.768683595549927157e-01
6.496577300000000443e-01 5.859037687314363474e-01
6.556964299999999968e-01 5.948060746869575643e-01
6.617392100000000221e-01 6.035843584781298565e-01
6.677779099999999746e-01 6.122257623281347483e-01
6.738206899999999999e-01 6.207427678971497720e-01
6.798634700000000253e-01 6.291319209849677296e-01
6.859021699999999777e-01 6.373915051268974619e-01
6.919449500000000031e-01 6.455376364339125983e-01
6.979836499999999555e-01 6.535651210864540372e-01
7.040264299999999809e-01 6.614911921077730739e-01
7.100651300000000443e-01 6.693118233112642645e-01
7.161079099999999587e-01 6.770443027874828434e-01
7.221506899999999840e-01 6.846898392991879190e-01
7.281893900000000475e-01 6.922494743054119493e-01
7.342321699999999618e-01 6.997389711574804050e-01
7.402708799999999645e-01 7.071530685873019806e-01
7.463136500000000506e-01 7.145057939466664676e-01
7.523523600000000533e-01 7.217904503083291123e-01
7.583951399999999676e-01 7.290191435041289969e-01
7.644338400000000311e-01 7.361835335007720360e-01
7.704766199999999454e-01 7.432938471777069678e-01
7.765193999999999708e-01 7.503449471322094499e-01
7.825581000000000342e-01 7.573310911754399521e-01
7.886008799999999486e-01 7.642599807745930063e-01
7.946395800000000120e-01 7.711199029629784985e-01
8.006823600000000374e-01 7.779172323458747318e-01
8.067210599999999898e-01 7.846394492345962757e-01
8.127638400000000152e-01 7.912919367498648660e-01
8.188066200000000405e-01 7.978661650451888132e-01
8.248453199999999930e-01 8.043536539348062897e-01
8.308881000000000183e-01 8.107589875106107069e-01
8.369267999999999708e-01 8.170693845646461728e-01
8.429695799999999961e-01 8.232893921106425594e-01
8.490082799999999486e-01 8.294068982038417248e-01
8.550510599999999739e-01 8.354268249261852519e-01
8.610938399999999993e-01 8.413421337497810626e-01
8.671325399999999517e-01 8.471466371149048991e-01
8.731753199999999770e-01 8.528465283692453491e-01
8.792140200000000405e-01 8.584331769789307343e-01
8.852567999999999548e-01 8.639139570518863387e-01
8.912955099999999575e-01 8.692820782767686216e-01
8.973382800000000437e-01 8.745461378215920734e-01
9.033769900000000463e-01 8.797011561107579425e-01
9.094197699999999607e-01 8.847568229082897195e-01
9.154625400000000468e-01 8.897129231078160227e-01
9.215012500000000495e-01 8.945699546627723375e-01
9.275440299999999638e-01 8.993384449377619383e-01
9.335827300000000273e-01 9.040160434570871928e-01
9.396255100000000526e-01 9.086130701139428778e-01
9.456642100000000051e-01 9.131270453180301283e-01
9.517069900000000304e-01 9.175673575240540503e-01
9.577497699999999448e-01 9.219336195176810467e-01
9.637884700000000082e-01 9.262249103668632744e-01
9.698312500000000336e-01 9.304481479384933973e-01
9.758699499999999860e-01 9.345978534163777995e-01
9.819127300000000114e-01 9.386789471374531457e-01
9.879514299999999638e-01 9.426843506988480392e-01
9.939942099999999892e-01 9.466171020493304722e-01
1.000032899999999891e+00 9.504688267894844111e-01
1.006075700000000017e+00 9.542411681524143319e-01
1.012118499999999921e+00 9.579275535613154258e-01
1.018157200000000095e+00 9.615215299625919920e-01
1.024199999999999999e+00 9.650240434073769080e-01
1.030238699999999952e+00 9.684267480366394176e-01
1.036281400000000019e+00 9.717311732215805353e-01
1.042320099999999972e+00 9.749306683466946177e-01
1.048362900000000097e+00 9.780281739878815550e-01
1.054405700000000001e+00 9.810211942381272809e-01
1.060444399999999954e+00 9.839086608707046100e-01
1.066487200000000080e+00 9.866965309742966594e-01
1.072525900000000032e+00 9.893842157705653451e-01
1.078568699999999936e+00 9.919796533146262307e-01
1.084607400000000110e+00 9.944845783228866143e-01
1.090650099999999956e+00 9.969084264030600995e-01
1.096692900000000082e+00 9.992562412786084591e-01
1.102731600000000034e+00 1.001533547118693912e+00
1.108774399999999938e+00 1.003750680699533993e+00
1.114813099999999890e+00 1.005911790373973824e+00
1.120855900000000016e+00 1.008026660434711452e+00
1.126894599999999969e+00 1.010098736142348574e+00
1.132937400000000094e+00 1.012136434939229668e+00
1.138976100000000047e+00 1.014141720598965568e+00
1.145018799999999892e+00 1.016121033160504838e+00
1.151061600000000018e+00 1.018075765184861980e+00
1.157100299999999971e+00 1.020006202435841614e+00
1.163143100000000096e+00 1.021915532516353586e+00
1.169181800000000049e+00 1.023800739371209190e+00
1.175224599999999953e+00 1.025663065394664120e+00
1.181263299999999905e+00 1.027497905904834363e+00
1.187306100000000031e+00 1.029305064389758995e+00
1.193348800000000098e+00 1.031080126479418269e+00
1.199387500000000051e+00 1.032818587162346979e+00
1.205430299999999955e+00 1.034519290681800596e+00
1.211468999999999907e+00 1.036176517545567943e+00
1.217511800000000033e+00 1.037789324499288401e+00
1.223550499999999985e+00 1.039352681616555696e+00
1.229593299999999889e+00 1.040866321744696732e+00
1.235632000000000064e+00 1.042326333982928288e+00
1.241674799999999967e+00 1.043733423867943655e+00
1.247717500000000035e+00 1.045085887526260970e+00
1.253756199999999987e+00 1.046382838440881757e+00
1.259798999999999891e+00 1.047626524509040147e+00
1.265837700000000066e+00 1.048816302510403586e+00
1.271880499999999969e+00 1.049955311542522862e+00
1.277919199999999922e+00 1.051043937538530537e+00
1.283962000000000048e+00 1.052085927078291183e+00
1.290004799999999952e+00 1.053083051705449913e+00
1.296043499999999904e+00 1.054037385189548370e+00
1.302086300000000030e+00 1.054953036910095676e+00
1.308124999999999982e+00 1.055831613847920236e+00
1.314167700000000050e+00 1.056677124232296316e+00
1.320206400000000002e+00 1.057491197446516207e+00
1.326249199999999906e+00 1.058277551207321254e+00
1.332287900000000080e+00 1.059037577975270539e+00
1.338330699999999984e+00 1.059774573188820845e+00
1.344373500000000110e+00 1.060490050639474324e+00
1.350412200000000063e+00 1.061185333535390463e+00
1.356454999999999966e+00 1.061862886253317928e+00
1.362493699999999919e+00 1.062523026250506319e+00
1.368536399999999986e+00 1.063167584504612018e+00
1.374575099999999939e+00 1.063796352750048690e+00
1.380617900000000065e+00 1.064410518310232590e+00
1.386660699999999968e+00 1.065009695554452129e+00
1.392699399999999921e+00 1.065593251512171991e+00
1.398742200000000047e+00 1.066161465321935564e+00
1.404780899999999999e+00 1.066712806673439262e+00
1.410823699999999903e+00 1.067247050778691309e+00
1.416862400000000077e+00 1.067762328442529940e+00
1.422905099999999923e+00 1.068258064226921267e+00
1.428947900000000049e+00 1.068732585935978863e+00
1.434986600000000001e+00 1.069184253082055003e+00
1.441029399999999905e+00 1.069612412674089574e+00
1.447068100000000079e+00 1.070015353745768616e+00
1.453110899999999983e+00 1.070392695567203623e+00
1.459149599999999936e+00 1.070743265340860617e+00
1.465192400000000061e+00 1.071067200281975440e+00
1.471231100000000014e+00 1.071364089933317221e+00
1.477273800000000081e+00 1.071634762450424327e+00
1.483316599999999985e+00 1.071879862541535333e+00
1.489355299999999938e+00 1.072100506322290148e+00
1.495398100000000063e+00 1.072298652394336527e+00
1.501436800000000016e+00 1.072476048781895619e+00
1.507479599999999920e+00 1.072635260169660043e+00
1.513518300000000094e+00 1.072778626688562609e+00
1.519561099999999998e+00 1.072909052735045776e+00
1.525603800000000065e+00 1.073029203321348435e+00
1.531642500000000018e+00 1.073141736316761241e+00
1.537685299999999922e+00 1.073249388137549554e+00
1.543724000000000096e+00 1.073354358173396861e+00
1.549766800000000000e+00 1.073458809503859079e+00
1.555805499999999952e+00 1.073564215739306826e+00
1.561848300000000078e+00 1.073671872550242323e+00
1.567887000000000031e+00 1.073782280238509745e+00
1.573929799999999934e+00 1.073895710298116368e+00
1.579972500000000002e+00 1.074011685536700567e+00
1.586011300000000013e+00 1.074129232690599567e+00
1.592054000000000080e+00 1.074247154834625961e+00
1.598092700000000033e+00 1.074363566551296278e+00
1.604135499999999936e+00 1.074476589561550233e+00
1.610174200000000111e+00 1.074583831247131638e+00
1.616217000000000015e+00 1.074683091553629621e+00
1.622259799999999919e+00 1.074771949449761399e+00
1.628298500000000093e+00 1.074848116477949533e+00
1.634341299999999997e+00 1.074909657020772791e+00
1.640379999999999949e+00 1.074954737171439634e+00
1.646422700000000017e+00 1.074982024279513837e+00
1.652461399999999969e+00 1.074990501983657643e+00
1.658504200000000095e+00 1.074979647297913399e+00
1.664546999999999999e+00 1.074949375983803135e+00
1.670585699999999951e+00 1.074900112710562849e+00
1.676628500000000077e+00 1.074832607357597780e+00
1.682667200000000030e+00 1.074748157586769448e+00
1.688709999999999933e+00 1.074648189890017536e+00
1.694748700000000108e+00 1.074534645579893422e+00
1.700791399999999953e+00 1.074409370118055040e+00
1.706830099999999906e+00 1.074274634863973121e+00
1.712872900000000032e+00 1.074132395401719009e+00
1.718915699999999935e+00 1.073984829215282044e+00
1.724954400000000110e+00 1.073834007943631708e+00
1.730997200000000014e+00 1.073681511152615231e+00
1.737035899999999966e+00 1.073529094237805959e+00
1.743078700000000092e+00 1.073377826826286352e+00
1.749117400000000044e+00 1.073228891419361730e+00
1.755160099999999890e+00 1.073082756276305449e+00
1.761202900000000016e+00 1.072939878452447759e+00
1.767241599999999968e+00 1.072800418920627719e+00
1.773284400000000094e+00 1.072663982584725062e+00
1.779323100000000046e+00 1.072530311210303511e+00
1.785365899999999950e+00 1.072398580298410842e+00
1.791404599999999903e+00 1.072268169976768215e+00
1.797447400000000028e+00 1.072137992054491784e+00
1.803486099999999981e+00 1.072007245520605334e+00
1.809528800000000048e+00 1.071874751287401617e+00
1.815571599999999952e+00 1.071739602565755289e+00
1.821610299999999905e+00 1.071600953798518052e+00
1.827653100000000030e+00 1.071457750217958527e+00
1.833691799999999983e+00 1.071309419730644308e+00
1.839734600000000109e+00 1.071155110718341685e+00
1.845773300000000061e+00 1.070994512007806820e+00
1.851816099999999965e+00 1.070827021116125932e+00
1.857858800000000032e+00 1.070652503243445963e+00
1.863897499999999985e+00 1.070470973730817787e+00
1.869940300000000111e+00 1.070282221423024538e+00
1.875979000000000063e+00 1.070086666778478302e+00
1.882021799999999967e+00 1.069884333901449658e+00
1.888060499999999919e+00 1.069675903620733504e+00
1.894103300000000045e+00 1.069461607070370857e+00
1.900146099999999949e+00 1.069242195030667197e+00
1.906184799999999901e+00 1.069018516854819856e+00
1.912227600000000027e+00 1.068791035699106606e+00
1.918266299999999980e+00 1.068560882147673308e+00
1.924309000000000047e+00 1.068328608602525653e+00
1.930347700000000000e+00 1.068095401940181155e+00
1.936390499999999903e+00 1.067861827285596199e+00
1.942429200000000078e+00 1.067629053536855555e+00
1.948471999999999982e+00 1.067397567697671246e+00
1.954514800000000108e+00 1.067168256964996065e+00
1.960553500000000060e+00 1.066941903174367434e+00
1.966596299999999964e+00 1.066718704615512436e+00
1.972634999999999916e+00 1.066499324914537805e+00
1.978677699999999984e+00 1.066283668334062407e+00
1.984716399999999936e+00 1.066072043336866448e+00
1.990759200000000062e+00 1.065864006010070586e+00
1.996801999999999966e+00 1.065659357025278142e+00
2.002840700000000140e+00 1.065457710357297971e+00
2.008883500000000044e+00 1.065258106623093948e+00
2.014922199999999997e+00 1.065059989404015139e+00
2.020964999999999900e+00 1.064862147414288529e+00
2.027003699999999853e+00 1.064663827833142618e+00
2.033046399999999920e+00 1.064463701617076152e+00
2.039085099999999873e+00 1.064260973086336159e+00
2.045127900000000221e+00 1.064054353897281313e+00
2.051170700000000124e+00 1.063843052294072056e+00
2.057209400000000077e+00 1.063626418436091958e+00
2.063252199999999981e+00 1.063403525299283725e+00
2.069290899999999933e+00 1.063174238644404079e+00
2.075333699999999837e+00 1.062938028193594286e+00
2.081372399999999789e+00 1.062695227242282714e+00
2.087415099999999857e+00 1.062445758629418702e+00
2.093457900000000205e+00 1.062190254804117329e+00
2.099496600000000157e+00 1.061929590384520283e+00
2.105539400000000061e+00 1.061664291450368225e+00
2.111578100000000013e+00 1.061395752286012240e+00
2.117620899999999917e+00 1.061124758542148161e+00
2.123659599999999870e+00 1.060852897127924077e+00
2.129702400000000218e+00 1.060581040969053923e+00
2.135741100000000170e+00 1.060310772706084981e+00
2.141783799999999793e+00 1.060042869543827759e+00
2.147826600000000141e+00 1.059778527707016638e+00
2.153865300000000094e+00 1.059518788893497820e+00
2.159908099999999997e+00 1.059263972422919364e+00
2.165946799999999950e+00 1.059014882453766404e+00
2.171989599999999854e+00 1.058771412662277811e+00
2.178028299999999806e+00 1.058533894879514214e+00
2.184071100000000154e+00 1.058301784009366475e+00
2.190113800000000222e+00 1.058074816172692945e+00
2.196152600000000010e+00 1.057852515423112427e+00
2.202195300000000078e+00 1.057633829112881507e+00
2.208234000000000030e+00 1.057418164196193944e+00
2.214276799999999934e+00 1.057204278698212319e+00
2.220315499999999886e+00 1.056991480460589328e+00
2.226358299999999790e+00 1.056778508866020427e+00
2.232401100000000138e+00 1.056564587829217805e+00
2.238439800000000091e+00 1.056349030872735906e+00
2.244482599999999994e+00 1.056130829422816220e+00
2.250521299999999947e+00 1.055909705087794581e+00
2.256564000000000014e+00 1.055684943526146391e+00
2.262602699999999967e+00 1.055456590655120541e+00
2.268645499999999871e+00 1.055224255450924131e+00
2.274684199999999823e+00 1.054988330016198850e+00
2.280727000000000171e+00 1.054748720409655283e+00
2.286769800000000075e+00 1.054505944416239904e+00
2.292808500000000027e+00 1.054260639127162946e+00
2.298851299999999931e+00 1.054013027374849143e+00
2.304889999999999883e+00 1.053764061042236300e+00
2.310932699999999951e+00 1.053514056796520437e+00
2.316971399999999903e+00 1.053264004206493354e+00
2.323014199999999807e+00 1.053014211809953471e+00
2.329057000000000155e+00 1.052765457178640895e+00
2.335095700000000107e+00 1.052518460502297026e+00
2.341138500000000011e+00 1.052273370065804681e+00
2.347177199999999964e+00 1.052030921814948616e+00
2.353219999999999867e+00 1.051791103201039634e+00
2.359258699999999820e+00 1.051554465499586755e+00
2.365301399999999887e+00 1.051320826265140784e+00
2.371340099999999840e+00 1.051090541206128659e+00
2.377382900000000188e+00 1.050863263999538999e+00
2.383425700000000091e+00 1.050639037016802169e+00
2.389464400000000044e+00 1.050417824657227994e+00
2.395507199999999948e+00 1.050199080645104477e+00
2.401545899999999900e+00 1.049982804212625798e+00
2.407588699999999804e+00 1.049768361217510604e+00
2.413627400000000200e+00 1.049555669413015924e+00
2.419670099999999824e+00 1.049344046227213889e+00
2.425712900000000172e+00 1.049133217834052889e+00
2.431751600000000124e+00 1.048922913904941190e+00
2.437794400000000028e+00 1.048712437102500061e+00
2.443833099999999980e+00 1.048501675745206807e+00
2.449875899999999884e+00 1.048289969697245194e+00
2.455914599999999837e+00 1.048077265971302019e+00
2.461957400000000185e+00 1.047862978103766052e+00
2.468000099999999808e+00 1.047647008175149663e+00
2.474038800000000204e+00 1.047429313128197759e+00
2.480081600000000108e+00 1.047209485627564662e+00
2.486120300000000061e+00 1.046987784387610532e+00
2.492163099999999964e+00 1.046763949382183423e+00
2.498201799999999917e+00 1.046538408798130648e+00
2.504244599999999821e+00 1.046311064861852103e+00
2.510283300000000217e+00 1.046082515818532288e+00
2.516326100000000121e+00 1.045852817381596189e+00
2.522368900000000025e+00 1.045622558063480145e+00
2.528407599999999977e+00 1.045392383611921883e+00
2.534450300000000045e+00 1.045162515704013639e+00
2.540488999999999997e+00 1.044933812609895929e+00
2.546531799999999901e+00 1.044706526929526147e+00
2.552570499999999853e+00 1.044481510401638058e+00
2.558613300000000201e+00 1.044258964796554334e+00
2.564656100000000105e+00 1.044039494211991936e+00
2.570694800000000058e+00 1.043823618214969384e+00
2.576737599999999961e+00 1.043611324543506802e+00
2.582776299999999914e+00 1.043403075138542579e+00
2.588818999999999981e+00 1.043198648004662221e+00
2.594857699999999934e+00 1.042998249607689054e+00
2.600900499999999838e+00 1.042801425293977013e+00
2.606939199999999790e+00 1.042608139981796134e+00
2.612982000000000138e+00 1.042417722663699475e+00
2.619024800000000042e+00 1.042229805995662062e+00
2.625063499999999994e+00 1.042043944502957009e+00
2.631106299999999898e+00 1.041859266453956101e+00
2.637144999999999850e+00 1.041675380405097551e+00
2.643187699999999918e+00 1.041491400237663845e+00
2.649226399999999870e+00 1.041306960193173703e+00
2.655269200000000218e+00 1.041121257685561297e+00
2.661312000000000122e+00 1.040933939639920425e+00
2.667350700000000074e+00 1.040744753912040910e+00
2.673393499999999978e+00 1.040553173942585952e+00
2.679432199999999931e+00 1.040359311488404215e+00
2.685474999999999834e+00 1.040162880742962370e+00
2.691513699999999787e+00 1.039964250376343324e+00
2.697556399999999854e+00 1.039763374604906643e+00
2.703599200000000202e+00 1.039560708689121205e+00
2.709637900000000155e+00 1.039356813974991800e+00
2.715680700000000058e+00 1.039151904670216675e+00
2.721719400000000011e+00 1.038946799588907899e+00
2.727762199999999915e+00 1.038741788122994336e+00
2.733800899999999867e+00 1.038537718491171713e+00
2.739843700000000215e+00 1.038334863262953656e+00
2.745882400000000167e+00 1.038134004144059652e+00
2.751925099999999791e+00 1.037935316317864176e+00
2.757967900000000139e+00 1.037739296738288575e+00
2.764006600000000091e+00 1.037546354382208547e+00
2.770049399999999995e+00 1.037356404155616474e+00
2.776088099999999947e+00 1.037169778533396425e+00
2.782130899999999851e+00 1.036986197783385855e+00
2.788169599999999804e+00 1.036805789014606072e+00
2.794212400000000152e+00 1.036628098445524282e+00
2.800255100000000219e+00 1.036452969169230354e+00
2.806293900000000008e+00 1.036280166399377034e+00
2.812336600000000075e+00 1.036109081429345435e+00
2.818375300000000028e+00 1.035939527243051606e+00
2.824418099999999932e+00 1.035770857334215700e+00
2.830456799999999884e+00 1.035602890370506124e+00
2.836499599999999788e+00 1.035435011367470626e+00
2.842538300000000184e+00 1.035267098372052441e+00
2.848581100000000088e+00 1.035098620822225479e+00
2.854623899999999992e+00 1.034929445496908240e+00
2.860662599999999944e+00 1.034759501830986306e+00
2.866705300000000012e+00 1.034588439056208120e+00
2.872743999999999964e+00 1.034416424186607397e+00
2.878786799999999868e+00 1.034243228016777927e+00
2.884825499999999820e+00 1.034069143977189187e+00
2.890868300000000168e+00 1.033894045381778426e+00
2.896911100000000072e+00 1.033718204382998662e+00
2.902949800000000025e+00 1.033541932182023837e+00
2.908992599999999928e+00 1.033365209982655131e+00
2.915031299999999881e+00 1.033188519442747255e+00
2.921073999999999948e+00 1.033011879552577339e+00
2.927112699999999901e+00 1.032835786683123924e+00
2.933155499999999805e+00 1.032660267478845428e+00
2.939198300000000152e+00 1.032485698604767022e+00
2.945237000000000105e+00 1.032312442509648154e+00
2.951279800000000009e+00 1.032140492325986925e+00
2.957318499999999961e+00 1.031970288215669163e+00
2.963361299999999865e+00 1.031801780430971149e+00
2.969399999999999817e+00 1.031635349319595329e+00
2.975442699999999885e+00 1.031470890280435038e+00
2.981481399999999837e+00 1.031308703312961983e+00
2.987524200000000185e+00 1.031148614126621954e+00
2.993567000000000089e+00 1.030990735388553015e+00
2.999605700000000041e+00 1.030835130822775225e+00
3.005648499999999945e+00 1.030681504255373193e+00
3.011687199999999898e+00 1.030529936015527559e+00
3.017729999999999801e+00 1.030380050182792440e+00
3.023768700000000198e+00 1.030231841278271609e+00
3.029811399999999821e+00 1.030084866809982902e+00
3.035854200000000169e+00 1.029938950497557348e+00
3.041892900000000122e+00 1.029793899076795860e+00
3.047935700000000026e+00 1.029649208970159213e+00
3.053974399999999978e+00 1.029504767161220524e+00
3.060017199999999882e+00 1.029360075389254670e+00
3.066055899999999834e+00 1.029215046600668648e+00
3.072098700000000182e+00 1.029069229581116351e+00
3.078137400000000135e+00 1.028922607874278361e+00
3.084180100000000202e+00 1.028774819426857112e+00
3.090222900000000106e+00 1.028625850060053804e+00
3.096261600000000058e+00 1.028475758946730378e+00
3.102304399999999962e+00 1.028324363193324542e+00
3.108343099999999914e+00 1.028171956579904123e+00
3.114385899999999818e+00 1.028018486366903739e+00
3.120424600000000215e+00 1.027864376156010229e+00
3.126467400000000119e+00 1.027709686399123079e+00
3.132510200000000022e+00 1.027554835985914128e+00
3.138548899999999975e+00 1.027400277098182046e+00
3.144591600000000042e+00 1.027246169109832685e+00
3.150630299999999995e+00 1.027093087444133079e+00
3.156673099999999899e+00 1.026941188564218121e+00
3.162711799999999851e+00 1.026791015253642358e+00
3.168754600000000199e+00 1.026642661686610225e+00
3.174797400000000103e+00 1.026496477174208000e+00
3.180836100000000055e+00 1.026352743152977975e+00
3.186878899999999959e+00 1.026211378993042711e+00
3.192917599999999911e+00 1.026072615993039783e+00
3.198960299999999979e+00 1.025936230656485648e+00
3.204998999999999931e+00 1.025802291134310984e+00
3.211041799999999835e+00 1.025670435032703276e+00
3.217080499999999788e+00 1.025540596469978860e+00
3.223123300000000135e+00 1.025412302655578811e+00
3.229166100000000039e+00 1.025285307256452283e+00
3.235204799999999992e+00 1.025159336599732907e+00
3.241247599999999895e+00 1.025033852525942146e+00
3.247286299999999848e+00 1.024908665824011855e+00
3.253328999999999915e+00 1.024783271064968249e+00
3.259367699999999868e+00 1.024657533026772649e+00
3.265410500000000216e+00 1.024531029313123787e+00
3.271453300000000119e+00 1.024403648409824674e+00
3.277492000000000072e+00 1.024275344834285173e+00
3.283534799999999976e+00 1.024145878742314997e+00
3.289573499999999928e+00 1.024015427977826187e+00
3.295616299999999832e+00 1.023883882918805721e+00
3.301654999999999784e+00 1.023751549695311569e+00
3.307697699999999852e+00 1.023618431293288333e+00
3.313736399999999804e+00 1.023484927556903790e+00
3.319779200000000152e+00 1.023351115752640927e+00
3.325822000000000056e+00 1.023217363792622958e+00
3.331860700000000008e+00 1.023084048356075249e+00
3.337903499999999912e+00 1.022951271804863671e+00
3.343942199999999865e+00 1.022819483660261541e+00
3.349985000000000213e+00 1.022688750884886311e+00
3.356023700000000165e+00 1.022559464562317055e+00
3.362066399999999788e+00 1.022431626442166896e+00
3.368109200000000136e+00 1.022305452460321451e+00
3.374147900000000089e+00 1.022181114324158591e+00
3.380190699999999993e+00 1.022058482039225336e+00
3.386229399999999945e+00 1.021937715066023600e+00
3.392272199999999849e+00 1.021818599375484249e+00
3.398310899999999801e+00 1.021701207683555213e+00
3.404353700000000149e+00 1.021585257841592043e+00
3.410392400000000102e+00 1.021470756865126006e+00
3.416435200000000005e+00 1.021357377578961279e+00
3.422477900000000073e+00 1.021245013653906186e+00
3.428516600000000025e+00 1.021133542432918873e+00
3.434559399999999929e+00 1.021022618340226895e+00
3.440598099999999882e+00 1.020912199907777484e+00
3.446640899999999785e+00 1.020801954010085666e+00
3.452679600000000182e+00 1.020691860548052388e+00
3.458722400000000086e+00 1.020581617127057417e+00
3.464765199999999989e+00 1.020471165400762770e+00
3.470803899999999942e+00 1.020360469695351657e+00
3.476846600000000009e+00 1.020249294423659858e+00
3.482885299999999962e+00 1.020137724636263066e+00
3.488928099999999866e+00 1.020025574093621712e+00
3.494966799999999818e+00 1.019912984341563078e+00
3.501009600000000166e+00 1.019799817717709445e+00
3.507052400000000070e+00 1.019686191222012983e+00
3.513091100000000022e+00 1.019572247825444755e+00
3.519133899999999926e+00 1.019457921868513361e+00
3.525172599999999878e+00 1.019343479495758986e+00
3.531215299999999946e+00 1.019228898287781515e+00
3.537253999999999898e+00 1.019114478263427603e+00
3.543296799999999802e+00 1.019000228581114165e+00
3.549335500000000199e+00 1.018886477119310685e+00
3.555378300000000102e+00 1.018773248368597839e+00
3.561421100000000006e+00 1.018660799773131176e+00
3.567459799999999959e+00 1.018549382233987055e+00
3.573502599999999862e+00 1.018439009800075956e+00
3.579541299999999815e+00 1.018329981396734807e+00
3.585583999999999882e+00 1.018222278168270600e+00
3.591622699999999835e+00 1.018116142702280902e+00
3.597665500000000183e+00 1.018011500552367998e+00
3.603708300000000087e+00 1.017908455988466132e+00
3.609747000000000039e+00 1.017807069898298167e+00
3.615789799999999943e+00 1.017707156622161380e+00
3.621828499999999895e+00 1.017608763310148268e+00
3.627871299999999799e+00 1.017511629033063913e+00
3.633910000000000196e+00 1.017415723039572395e+00
3.639952699999999819e+00 1.017320723646512493e+00
3.645991400000000215e+00 1.017226540096812570e+00
3.652034200000000119e+00 1.017132813529793900e+00
3.658077000000000023e+00 1.017039368485938011e+00
3.664115699999999975e+00 1.016946031256352301e+00
3.670158499999999879e+00 1.016852450272826891e+00
3.676197199999999832e+00 1.016758549403895540e+00
3.682240000000000180e+00 1.016664027991430519e+00
3.688278700000000132e+00 1.016568878904245521e+00
3.694321400000000200e+00 1.016472882597409644e+00
3.700364200000000103e+00 1.016376055988677862e+00
3.706402900000000056e+00 1.016278472752376372e+00
3.712445699999999960e+00 1.016180055656383363e+00
3.718484399999999912e+00 1.016081040916420930e+00
3.724527199999999816e+00 1.015981440024762428e+00
3.730565900000000212e+00 1.015881570942919199e+00
3.736608700000000116e+00 1.015781510298253920e+00
3.742651500000000020e+00 1.015681558452433686e+00
3.748690199999999972e+00 1.015582025903788432e+00
3.754732900000000040e+00 1.015483022286527648e+00
3.760771599999999992e+00 1.015384911628348430e+00
3.766814399999999896e+00 1.015287775835866713e+00
3.772853099999999849e+00 1.015191931585377905e+00
3.778895900000000196e+00 1.015097397828379044e+00
3.784934600000000149e+00 1.015004410061070672e+00
3.790977400000000053e+00 1.014912903553607526e+00
3.797020199999999956e+00 1.014822955771955693e+00
3.803058899999999909e+00 1.014734592399735513e+00
3.809101599999999976e+00 1.014647615709690198e+00
3.815140299999999929e+00 1.014562020563488209e+00
3.821183099999999833e+00 1.014477536404200020e+00
3.827221799999999785e+00 1.014394094140784963e+00
3.833264600000000133e+00 1.014311376731344527e+00
3.839307400000000037e+00 1.014229226359472547e+00
3.845346099999999989e+00 1.014147481837463838e+00
3.851388899999999893e+00 1.014065822679329321e+00
3.857427599999999845e+00 1.013984165592863418e+00
3.863470299999999913e+00 1.013902229177134684e+00
3.869508999999999865e+00 1.013819978476591332e+00
3.875551800000000213e+00 1.013737192331257031e+00
3.881590500000000166e+00 1.013653907888474759e+00
3.887633300000000069e+00 1.013569973555856762e+00
3.893676099999999973e+00 1.013485443567652355e+00
3.899714799999999926e+00 1.013400408313170242e+00
3.905757599999999830e+00 1.013314816265235896e+00
3.911796299999999782e+00 1.013228874817953207e+00
3.917838999999999849e+00 1.013142582556384452e+00
3.923877699999999802e+00 1.013056184636459411e+00
3.929920500000000150e+00 1.012969707800106089e+00
3.935963300000000054e+00 1.012883359442414255e+00
3.942002000000000006e+00 1.012797347355117950e+00
3.948044799999999910e+00 1.012711700037660645e+00
3.954083499999999862e+00 1.012626670417241082e+00
3.960126300000000210e+00 1.012542267718432365e+00
3.966165000000000163e+00 1.012458715948810983e+00
3.972207699999999786e+00 1.012375995213237179e+00
3.978246500000000019e+00 1.012294286867694737e+00
3.984289200000000086e+00 1.012213538743581331e+00
3.990331999999999990e+00 1.012133835753609379e+00
3.996370699999999943e+00 1.012055245231306522e+00
4.002413500000000290e+00 1.011977653830740120e+00
4.008452199999999799e+00 1.011901141483503963e+00
4.014495000000000147e+00 1.011825561275048191e+00
4.020533699999999655e+00 1.011750956501501042e+00
4.026576500000000003e+00 1.011677151756946502e+00
4.032619200000000070e+00 1.011604111966826647e+00
4.038657899999999579e+00 1.011531785151045248e+00
4.044700699999999927e+00 1.011459966729356008e+00
4.050739400000000323e+00 1.011388639768304953e+00
4.056782199999999783e+00 1.011317588484357044e+00
4.062820900000000179e+00 1.011246788744533776e+00
4.068863699999999639e+00 1.011176024946705665e+00
4.074902400000000036e+00 1.011105278069078128e+00
4.080932899999999641e+00 1.011034489051033880e+00
4.087004199999999976e+00 1.010962984177426360e+00
4.093034799999999862e+00 1.010891640761943711e+00
4.099065300000000356e+00 1.010819916654332129e+00
4.105095900000000242e+00 1.010747764503548307e+00
4.111167199999999688e+00 1.010674671242868916e+00
4.117197700000000182e+00 1.010601619405320450e+00
4.123228300000000068e+00 1.010528144490291602e+00
4.129258899999999954e+00 1.010454299231123843e+00
4.135330200000000289e+00 1.010379658381685530e+00
4.141360699999999895e+00 1.010305323094490060e+00
4.147391299999999781e+00 1.010230910068230736e+00
4.153421800000000275e+00 1.010156556720596122e+00
4.159493099999999721e+00 1.010081908015594276e+00
4.165523699999999607e+00 1.010008120428039780e+00
4.171554200000000101e+00 1.009934848440689148e+00
4.177584799999999987e+00 1.009862239215787882e+00
4.183656100000000322e+00 1.009789950972146855e+00
4.189686599999999927e+00 1.009719076464536514e+00
4.195717199999999814e+00 1.009649225313645093e+00
4.201747700000000307e+00 1.009580472410000151e+00
4.207818999999999754e+00 1.009512405119454614e+00
4.213849599999999640e+00 1.009445946194373001e+00
4.219880200000000414e+00 1.009380610152776026e+00
4.225910700000000020e+00 1.009316338910223987e+00
4.231982000000000355e+00 1.009252614998944475e+00
4.238012600000000241e+00 1.009190173129220769e+00
4.244043099999999846e+00 1.009128439658210530e+00
4.250073699999999732e+00 1.009067249809116662e+00
4.256145000000000067e+00 1.009006020508273149e+00
4.262175499999999673e+00 1.008945393699234971e+00
4.268206099999999559e+00 1.008884779970579793e+00
4.274277399999999894e+00 1.008823603988721285e+00
4.280307900000000387e+00 1.008762538328572100e+00
4.286338500000000273e+00 1.008701047514992899e+00
4.292368999999999879e+00 1.008639038356207607e+00
4.298440300000000214e+00 1.008576021650487098e+00
4.304470900000000100e+00 1.008512815488517678e+00
4.310501499999999986e+00 1.008449007497572936e+00
4.316531999999999591e+00 1.008384641549633365e+00
4.322603299999999926e+00 1.008319351608204073e+00
4.328633899999999812e+00 1.008254118654568821e+00
4.334664400000000306e+00 1.008188635478519668e+00
4.340695000000000192e+00 1.008123045791542882e+00
4.346766299999999639e+00 1.008057066447163974e+00
4.352796800000000133e+00 1.007991746521888388e+00
4.358827400000000019e+00 1.007926801839490238e+00
4.364857899999999624e+00 1.007862386926694276e+00
4.370929199999999959e+00 1.007798210145966822e+00
4.376959799999999845e+00 1.007735252466303022e+00
4.382990300000000339e+00 1.007673177482528937e+00
4.389020900000000225e+00 1.007612051741256121e+00
4.395092199999999671e+00 1.007551513996416848e+00
4.401122799999999557e+00 1.007492386940887830e+00
4.407153300000000051e+00 1.007434244718363736e+00
4.413183899999999937e+00 1.007377040998614026e+00
4.419255200000000272e+00 1.007320330863752833e+00
4.425285699999999878e+00 1.007264786012626701e+00
4.431316299999999764e+00 1.007209916188597454e+00
4.437346800000000258e+00 1.007155606145673010e+00
4.443418099999999704e+00 1.007101367749410947e+00
4.449448699999999590e+00 1.007047802411162873e+00
4.455479200000000084e+00 1.006994422650015375e+00
4.461509799999999970e+00 1.006941109942646406e+00
4.467581100000000305e+00 1.006887398304626036e+00
4.473611599999999910e+00 1.006833915079372810e+00
4.479642199999999796e+00 1.006780221087583360e+00
4.485672700000000290e+00 1.006726257561556093e+00
4.491743999999999737e+00 1.006671612563425633e+00
4.497774599999999623e+00 1.006616994850470848e+00
4.503805200000000397e+00 1.006562032194778133e+00
4.509876499999999844e+00 1.006506359977022758e+00
4.515907000000000338e+00 1.006450750783410619e+00
4.521937600000000224e+00 1.006394869627781130e+00
4.527968099999999829e+00 1.006338769358474217e+00
4.534039400000000164e+00 1.006282129203562636e+00
4.540070000000000050e+00 1.006225779330318204e+00
4.546100499999999656e+00 1.006169417252819276e+00
4.552131100000000430e+00 1.006113121369490271e+00
4.558202399999999876e+00 1.006056597269878283e+00
4.564232900000000370e+00 1.006000687869222476e+00
4.570263500000000256e+00 1.005945094488216229e+00
4.576293999999999862e+00 1.005889898915423686e+00
4.582365300000000197e+00 1.005834807195366887e+00
4.588395900000000083e+00 1.005780628413344147e+00
4.594426499999999969e+00 1.005727052659982190e+00
4.600456999999999574e+00 1.005674132128071330e+00
4.606528299999999909e+00 1.005621554909767346e+00
4.612558899999999795e+00 1.005570053845133538e+00
4.618589400000000289e+00 1.005519287441456466e+00
4.624620000000000175e+00 1.005469251118496832e+00
4.630691299999999622e+00 1.005419596149341732e+00
4.636721800000000115e+00 1.005370953356242714e+00
4.642752400000000002e+00 1.005322934110612243e+00
4.648782899999999607e+00 1.005275472845675422e+00
4.654854199999999942e+00 1.005228171179638474e+00
4.660884799999999828e+00 1.005181570529914525e+00
4.666915300000000322e+00 1.005135250791604706e+00
4.672945900000000208e+00 1.005089102200910078e+00
4.679017199999999654e+00 1.005042703949651672e+00
4.685047800000000429e+00 1.004996568764818576e+00
4.691078300000000034e+00 1.004950283523038612e+00
4.697108899999999920e+00 1.004903754037067998e+00
4.703180200000000255e+00 1.004856585049949125e+00
4.709210699999999861e+00 1.004809348516234158e+00
4.715241299999999747e+00 1.004761687577508056e+00
4.721271800000000241e+00 1.004713586331415831e+00
4.727343099999999687e+00 1.004664720777349141e+00
4.733373699999999573e+00 1.004615778086809685e+00
4.739404200000000067e+00 1.004566487731801239e+00
4.745475500000000402e+00 1.004516589562993056e+00
4.751506100000000288e+00 1.004466849883764556e+00
4.757536599999999893e+00 1.004417047417367259e+00
4.763567199999999779e+00 1.004367303333853823e+00
4.769638500000000114e+00 1.004317414131767228e+00
4.775669100000000000e+00 1.004268179725921417e+00
4.781699599999999606e+00 1.004219391721285604e+00
4.787730200000000380e+00 1.004171164996732424e+00
4.793801499999999827e+00 1.004123283878183726e+00
4.799832000000000320e+00 1.004076474729559632e+00
4.805862600000000207e+00 1.004030473329133866e+00
4.811893099999999812e+00 1.003985316741673905e+00
4.817964400000000147e+00 1.003940716137206035e+00
4.823995000000000033e+00 1.003897251645103683e+00
4.830025499999999639e+00 1.003854577018290950e+00
4.836056100000000413e+00 1.003812621124318571e+00
4.842127399999999859e+00 1.003771016253408366e+00
4.848157900000000353e+00 1.003730211038565523e+00
4.854188500000000239e+00 1.003689800836555346e+00
4.860218999999999845e+00 1.003649656728781592e+00
4.866290300000000180e+00 1.003609374861790693e+00
4.872320900000000066e+00 1.003569365790270673e+00
4.878351499999999952e+00 1.003529238238945132e+00
4.884381999999999557e+00 1.003488885259226748e+00
4.890453299999999892e+00 1.003447939618236529e+00
4.896483899999999778e+00 1.003406881168292131e+00
4.902514400000000272e+00 1.003365390921786560e+00
4.908545000000000158e+00 1.003323445308111239e+00
4.914616299999999605e+00 1.003280759448225368e+00
4.920646800000000098e+00 1.003237931990035747e+00
4.926677399999999984e+00 1.003194723893650497e+00
4.932707899999999590e+00 1.003151202386652452e+00
4.938779199999999925e+00 1.003107151383745732e+00
4.944809799999999811e+00 1.003063255665050502e+00
4.950840300000000305e+00 1.003019321875465275e+00
4.956870900000000191e+00 1.002975452519678567e+00
4.962942199999999637e+00 1.002931457547776128e+00
4.968972800000000412e+00 1.002888026318334846e+00
4.975003300000000017e+00 1.002844955074207567e+00
4.981074600000000352e+00 1.002802036816905051e+00
4.987105200000000238e+00 1.002759915582539074e+00
4.993135699999999844e+00 1.002718355656377902e+00
4.999166299999999730e+00 1.002677392936745182e+00
5.005237600000000064e+00 1.002636779256913968e+00
5.011268099999999670e+00 1.002597065269624332e+00
5.017298699999999556e+00 1.002557965619058633e+00
5.023329200000000050e+00 1.002519458020298071e+00
5.029400500000000385e+00 1.002481250860998152e+00
5.035431100000000271e+00 1.002443810132216617e+00
5.041461599999999876e+00 1.002406823121234414e+00
5.047492199999999762e+00 1.002370226559184285e+00
5.053563500000000097e+00 1.002333710508706455e+00
5.059594099999999983e+00 1.002297694758680136e+00
5.065624599999999589e+00 1.002261863857779378e+00
5.071655200000000363e+00 1.002226147284061675e+00
5.077726499999999810e+00 1.002190238074289308e+00
5.083757000000000303e+00 1.002154554988679003e+00
5.089787600000000189e+00 1.002118798327607641e+00
5.095818099999999795e+00 1.002082917926717665e+00
5.101889400000000130e+00 1.002046624672061181e+00
5.107920000000000016e+00 1.002010369899033249e+00
5.113950499999999622e+00 1.001973884998055730e+00
5.119981100000000396e+00 1.001937152000019982e+00
5.126052399999999842e+00 1.001899914588610718e+00
5.132082900000000336e+00 1.001862676973817479e+00
5.138113500000000222e+00 1.001825204419482418e+00
5.144143999999999828e+00 1.001787524338530355e+00
5.150215300000000163e+00 1.001749416335776965e+00
5.156245900000000049e+00 1.001711439105894774e+00
5.162276499999999935e+00 1.001673393776416399e+00
5.168307000000000428e+00 1.001635344942431560e+00
5.174378299999999875e+00 1.001597105664857157e+00
5.180408899999999761e+00 1.001559264356765455e+00
5.186439400000000255e+00 1.001521641820276143e+00
5.192470000000000141e+00 1.001484313300383455e+00
5.198541299999999588e+00 1.001447104889076511e+00
5.204571800000000081e+00 1.001410584170238094e+00
5.210602399999999967e+00 1.001374558405129456e+00
5.216673700000000302e+00 1.001338838830357458e+00
5.222704199999999908e+00 1.001303939828226186e+00
5.228734799999999794e+00 1.001269638213182711e+00
5.234765300000000288e+00 1.001235937637785955e+00
5.240836599999999734e+00 1.001202600304313073e+00
5.246867199999999620e+00 1.001170040620269930e+00
5.252897800000000395e+00 1.001137982994791509e+00
5.258928300000000000e+00 1.001106361986831450e+00
5.264999600000000335e+00 1.001074886895728655e+00
5.271030200000000221e+00 1.001043889144227039e+00
5.277060699999999827e+00 1.001013059008848405e+00
5.283091299999999713e+00 1.000982293664354206e+00
5.289162600000000047e+00 1.000951284038007927e+00
5.295193099999999653e+00 1.000920349173488377e+00
5.301223700000000427e+00 1.000889192531257077e+00
5.307254200000000033e+00 1.000857739871181540e+00
5.313325500000000368e+00 1.000825714792840992e+00
5.319356100000000254e+00 1.000793506217068085e+00
5.325386599999999859e+00 1.000760881017560777e+00
5.331417199999999745e+00 1.000727839267437247e+00
5.337488500000000080e+00 1.000694177190059042e+00
5.343519099999999966e+00 1.000660389527365801e+00
5.349549599999999572e+00 1.000626314440864473e+00
5.355580200000000346e+00 1.000592028874076389e+00
5.361651499999999793e+00 1.000557391914179917e+00
5.367682000000000286e+00 1.000522969014671748e+00
5.373712600000000172e+00 1.000488631902980652e+00
5.379743099999999778e+00 1.000454486971259938e+00
5.385814400000000113e+00 1.000420407265394385e+00
5.391844999999999999e+00 1.000386944273606860e+00
5.397875499999999604e+00 1.000353950762680855e+00
5.403906100000000379e+00 1.000321492585940497e+00
5.409977399999999825e+00 1.000289406861750052e+00
5.416007900000000319e+00 1.000258154904731134e+00
5.422038500000000205e+00 1.000227528932486232e+00
5.428069100000000091e+00 1.000197519766227394e+00
5.434140400000000426e+00 1.000167901755809385e+00
5.440170900000000032e+00 1.000139025459160447e+00
5.446201499999999918e+00 1.000110627210539338e+00
5.452272800000000252e+00 1.000082444989391695e+00
5.458303299999999858e+00 1.000054772626857158e+00
5.464333899999999744e+00 1.000027329378169405e+00
5.470364400000000238e+00 1.000000024620145256e+00
5.476435699999999684e+00 9.999725836541328849e-01
5.482466299999999571e+00 9.999452897206947410e-01
