4.173085900000000209e-02 3.310043889073846936e+08
4.372891599999999962e-02 3.237145305068316460e+08
4.582263899999999834e-02 3.160179995677050352e+08
4.801661100000000071e-02 3.079046076186580658e+08
5.031562600000000218e-02 2.993667894742308855e+08
5.272471799999999681e-02 2.904003812398539186e+08
5.524915700000000013e-02 2.810054665204061270e+08
5.789446300000000017e-02 2.711869744224008918e+08
6.066642800000000141e-02 2.609549424674534500e+08
6.357111299999999854e-02 2.503244888238133788e+08
6.661487300000000500e-02 2.393153126117605865e+08
6.980436700000000605e-02 2.279510282043301463e+08
7.314657400000000587e-02 2.162585357191170454e+08
7.664880200000000199e-02 2.042678337149918973e+08
8.031871599999999833e-02 1.920125101747793257e+08
8.416434700000000046e-02 1.795311936928214729e+08
8.819410199999999644e-02 1.668697581015113294e+08
9.241680200000000622e-02 1.540838001362074316e+08
9.684167999999999943e-02 1.412411068457116485e+08
1.014784199999999997e-01 1.284234891871063262e+08
1.063371699999999948e-01 1.157280421179274023e+08
1.114285500000000012e-01 1.032675998232946098e+08
1.167637100000000067e-01 9.116964455247323215e+07
1.223543099999999939e-01 7.957274162639038265e+07
1.282125799999999927e-01 6.861889933372744918e+07
1.343513500000000083e-01 5.844230243309763074e+07
1.407840399999999992e-01 4.915671478602513671e+07
1.475247299999999928e-01 4.084470509702626616e+07
1.545881500000000075e-01 3.355098392175037786e+07
1.619897700000000051e-01 2.727952996884741262e+07
1.697457800000000128e-01 2.199455094366518408e+07
1.778731400000000129e-01 1.762597090021280199e+07
1.863896399999999953e-01 1.407904551522624120e+07
1.953139000000000125e-01 1.124447625431347452e+07
2.046654499999999988e-01 9.006313968416443095e+06
2.144647500000000095e-01 7.249357213516092859e+06
2.247332400000000008e-01 5.867289020433117636e+06
2.354933800000000022e-01 4.769599902155426331e+06
2.467687100000000022e-01 3.886120491777585819e+06
2.585838999999999777e-01 3.168296958219158929e+06
2.709647900000000109e-01 2.584911969663080759e+06
2.839384799999999931e-01 2.114196361054376699e+06
2.975333499999999742e-01 1.737308003953605425e+06
3.117791200000000207e-01 1.434613189405801008e+06
3.267069899999999749e-01 1.187006936991418712e+06
3.423495899999999814e-01 9.807086954587864457e+05
3.587411500000000086e-01 8.087667394233334344e+05
3.759175399999999945e-01 6.673329259812282398e+05
3.939163199999999865e-01 5.516695658062711591e+05
4.127768700000000179e-01 4.567133123951503658e+05
4.325404700000000102e-01 3.783477701656135614e+05
4.532503299999999791e-01 3.130020141036940040e+05
4.749517999999999796e-01 2.584684264603987103e+05
4.976922899999999816e-01 2.139097944777885277e+05
5.215216200000000191e-01 1.774050393368329096e+05
5.464918600000000515e-01 1.468036516587809892e+05
5.726576599999999573e-01 1.213745705212297617e+05
6.000763099999999461e-01 1.005777047302928404e+05
6.288076999999999694e-01 8.335648942441031977e+04
6.589147899999999725e-01 6.898207123692856112e+04
6.904633500000000312e-01 5.713136346555070486e+04
7.235224799999999679e-01 4.737694968621068983e+04
7.581644699999999792e-01 3.921628731579375017e+04
7.944650599999999452e-01 3.250424588665370175e+04
8.325037600000000371e-01 2.694263425538818046e+04
8.723636799999999747e-01 2.231517353953476413e+04
9.141321100000000532e-01 1.850688408816337324e+04
9.579004100000000355e-01 1.532941871267418719e+04
1.003764300000000054e+00 1.271414268627695310e+04
1.051824099999999929e+00 1.053264195652268791e+04
1.102185100000000029e+00 8.735948371599666643e+03
1.154957299999999965e+00 7.238892950858561562e+03
1.210256199999999893e+00 6.003784962332880241e+03
1.268202800000000074e+00 4.975943327561159094e+03
1.328923800000000099e+00 4.125435500621974825e+03
1.392552100000000070e+00 3.421330798493201655e+03
1.459227000000000052e+00 2.835947340822518981e+03
1.529094200000000070e+00 2.351095158981831901e+03
1.602306699999999973e+00 1.950241742555586370e+03
1.679024400000000083e+00 1.616846283710566922e+03
1.759415500000000021e+00 1.340872394112938991e+03
1.843655599999999950e+00 1.111618821435802602e+03
1.931929100000000066e+00 9.223898234869399175e+02
2.024429099999999870e+00 7.632299893743472694e+02
2.121357999999999855e+00 6.346941760384113422e+02
2.222927799999999898e+00 5.255612224242803450e+02
2.329360700000000062e+00 4.355505836185115527e+02
2.440889499999999934e+00 3.620072996034708126e+02
2.557758399999999988e+00 2.999618098428311441e+02
2.680222899999999964e+00 2.483895264758487258e+02
2.808550900000000183e+00 2.061605241784700979e+02
2.943023199999999839e+00 1.711213849129766231e+02
3.083934000000000175e+00 1.414695681370256466e+02
3.231591499999999950e+00 1.181378718471504641e+02
3.386318900000000021e+00 9.672078425407507041e+01
3.548454500000000067e+00 8.197785896173192555e+01
3.718353099999999856e+00 6.639281959738684691e+01
3.896386399999999917e+00 5.464106350562440184e+01
4.082943799999999790e+00 4.924103307581530231e+01
4.278433599999999615e+00 3.468679280517335428e+01
