6.108177000000000051e-02 4.056130526087689304e+03
6.727816400000000141e-02 4.005478193333006402e+03
7.347496600000000266e-02 3.951044630467434217e+03
7.967135999999999663e-02 3.893118281468548957e+03
8.586816199999999788e-02 3.831986661348039434e+03
9.206455600000000572e-02 3.767964363991571190e+03
9.826135799999999310e-02 3.701358477866469002e+03
1.044577500000000020e-01 3.632499718346711234e+03
1.106545500000000043e-01 3.561704846196768358e+03
1.168509499999999951e-01 3.489310291370436971e+03
1.230477499999999974e-01 3.415632837133506200e+03
1.292441400000000074e-01 3.341004696280971984e+03
1.354409500000000044e-01 3.265732619535435333e+03
1.416373400000000005e-01 3.190135442006902849e+03
1.478341400000000028e-01 3.114501502148183135e+03
1.540305399999999936e-01 3.039126970245765733e+03
1.602273399999999959e-01 2.964274469321305787e+03
1.664237299999999919e-01 2.890210535770699607e+03
1.726205299999999943e-01 2.817165130466109531e+03
1.788169300000000128e-01 2.745369295032463015e+03
1.850137299999999874e-01 2.675015985351321433e+03
1.912101200000000112e-01 2.606296494989282564e+03
1.974069300000000082e-01 2.539363022221436040e+03
2.036037300000000105e-01 2.474360676954596784e+03
2.098001200000000066e-01 2.411412431287774325e+03
2.159969200000000089e-01 2.350607651607309890e+03
2.221933199999999997e-01 2.292030916111366878e+03
2.283901200000000020e-01 2.235730637341387592e+03
2.345865099999999981e-01 2.181750072736964285e+03
2.407833100000000004e-01 2.130098672930233533e+03
2.469797099999999912e-01 2.080781385139463055e+03
2.531765100000000213e-01 2.033772674274773408e+03
2.593729000000000173e-01 1.989043324791409987e+03
2.655697100000000144e-01 1.946537075292052350e+03
2.717661000000000104e-01 1.906195858864187358e+03
2.779629000000000127e-01 1.867938299989947836e+03
2.841593000000000035e-01 1.831682789568163116e+03
2.903561000000000059e-01 1.797328876701197032e+03
2.965524900000000019e-01 1.764777660340184866e+03
3.027492900000000042e-01 1.733915328403989633e+03
3.089456899999999950e-01 1.704631812985195438e+03
3.151424899999999973e-01 1.676806066554144991e+03
3.213392899999999996e-01 1.650321014482984083e+03
3.275356899999999905e-01 1.625058839381003963e+03
3.337324899999999928e-01 1.600897746218565999e+03
3.399288799999999888e-01 1.577724419271049555e+03
3.461256799999999911e-01 1.555422446333355310e+03
3.523220799999999819e-01 1.533885524108513891e+03
3.585188799999999842e-01 1.513006627505892993e+03
3.647152699999999803e-01 1.492689989324159342e+03
3.709120799999999774e-01 1.472840765479309994e+03
3.771084699999999734e-01 1.453376430464348687e+03
3.833052699999999757e-01 1.434216455959668338e+03
3.895016700000000220e-01 1.415293024166847317e+03
3.956984700000000243e-01 1.396541129588326612e+03
4.018948600000000204e-01 1.377908500260248275e+03
4.080932899999999974e-01 1.359340867157553930e+03
4.142868399999999895e-01 1.340819684779357203e+03
4.204844500000000096e-01 1.322286417395814397e+03
4.266820700000000244e-01 1.303728535685449742e+03
4.328796899999999837e-01 1.285128224122073561e+03
4.390732299999999810e-01 1.266486313176008025e+03
4.452708400000000011e-01 1.247772704448865170e+03
4.514684600000000159e-01 1.228999409654706824e+03
4.576660799999999751e-01 1.210171104259183267e+03
4.638596199999999725e-01 1.191309136646014849e+03
4.700572399999999873e-01 1.172401241828675666e+03
4.762548500000000073e-01 1.153475551718559700e+03
4.824524700000000221e-01 1.134550214110591014e+03
4.886460100000000195e-01 1.115657854750640354e+03
4.948436299999999788e-01 1.096795138364590457e+03
5.010412400000000543e-01 1.077997003902786219e+03
5.072388599999999581e-01 1.059286245519698014e+03
5.134324000000000110e-01 1.040697903322629145e+03
5.196300200000000258e-01 1.022229823532685032e+03
5.258276400000000406e-01 1.003915817391495352e+03
5.320252500000000051e-01 9.857763020500358380e+02
5.382187899999999470e-01 9.678419440802143754e+02
5.444164099999999618e-01 9.501064821732467180e+02
5.506140299999999765e-01 9.325973383968234884e+02
5.568116400000000521e-01 9.153281494018649482e+02
5.630051900000000442e-01 8.983215439473640345e+02
5.692028000000000088e-01 8.815647600904278534e+02
5.754004200000000235e-01 8.650764895511242685e+02
5.815980400000000383e-01 8.488622295799152653e+02
5.877915799999999802e-01 8.329359040683378907e+02
5.939891899999999447e-01 8.172782330810888425e+02
6.001868099999999595e-01 8.018997076791537211e+02
6.063844299999999743e-01 7.867987365555861743e+02
6.125779700000000272e-01 7.719819610050943766e+02
6.187755900000000420e-01 7.574255943675200342e+02
6.249732000000000065e-01 7.431341865450270916e+02
6.311708200000000213e-01 7.291014986136074185e+02
6.373643599999999632e-01 7.153296694859682248e+02
6.435619799999999779e-01 7.017931848631476441e+02
6.497595900000000535e-01 6.884935248134524954e+02
6.559572099999999573e-01 6.754227970204910889e+02
6.621507500000000102e-01 6.625815640069055235e+02
6.683483700000000249e-01 6.499452087274141832e+02
6.745459900000000397e-01 6.375148302386626256e+02
6.807436000000000043e-01 6.252833968692439157e+02
6.869371499999999964e-01 6.132521352455062242e+02
6.931347599999999609e-01 6.013992437919648637e+02
6.993323799999999757e-01 5.897272241878531531e+02
7.055299999999999905e-01 5.782313078467312835e+02
7.117235400000000434e-01 5.669147673668660445e+02
7.179211500000000079e-01 5.557592520609213125e+02
7.241187700000000227e-01 5.447694304435691492e+02
7.303163900000000375e-01 5.339431438700561330e+02
7.365099299999999793e-01 5.232857754281252483e+02
7.427075499999999941e-01 5.127822443925130074e+02
7.489051599999999587e-01 5.024390882303309809e+02
7.551027799999999734e-01 4.922561444122293324e+02
7.612963200000000263e-01 4.822402002720559153e+02
7.674939400000000411e-01 4.723785669791806185e+02
7.736915500000000057e-01 4.626786264834202029e+02
7.798891700000000204e-01 4.531411973369078510e+02
7.860827099999999623e-01 4.437733243943315529e+02
7.922803299999999771e-01 4.345635700594499440e+02
7.984779499999999919e-01 4.255189929643381674e+02
8.046755599999999564e-01 4.166403104199912377e+02
8.108691000000000093e-01 4.079336944154966886e+02
8.170667200000000241e-01 3.993879798281708986e+02
8.232643400000000389e-01 3.910089824211228802e+02
8.294619500000000034e-01 3.827964449621822496e+02
8.356554999999999955e-01 3.747549834442222618e+02
8.418531099999999601e-01 3.668731378153497644e+02
8.480507299999999749e-01 3.591549679347371580e+02
8.542483499999999896e-01 3.515988999789485092e+02
8.604459599999999542e-01 3.442030353471794228e+02
8.666395000000000071e-01 3.369698454916475612e+02
8.728371200000000218e-01 3.298873102722611748e+02
8.790347400000000366e-01 3.229574835610688410e+02
8.852323500000000012e-01 3.161773854551730665e+02
8.914258999999999933e-01 3.095481185702342941e+02
8.976235099999999578e-01 3.030576519990628412e+02
9.038211299999999726e-01 2.967069083539514054e+02
9.100187499999999874e-01 2.904923572319986533e+02
9.162122900000000403e-01 2.844143765166072626e+02
9.224099100000000551e-01 2.784613723846227344e+02
9.286075200000000196e-01 2.726338437284707652e+02
9.348051400000000344e-01 2.669282776794831875e+02
9.409986799999999763e-01 2.613449228476747521e+02
9.471962999999999910e-01 2.558731442003140160e+02
9.533939099999999556e-01 2.505135287652285854e+02
9.595915299999999704e-01 2.452630821337106113e+02
9.657850700000000232e-01 2.401223633646374651e+02
9.719826900000000380e-01 2.350819846211666970e+02
9.781803100000000528e-01 2.301429417443165732e+02
9.843779200000000174e-01 2.253030097825952396e+02
9.905714599999999592e-01 2.205632214951776859e+02
9.967690799999999740e-01 2.159154827989759724e+02
1.002966699999999989e+00 2.113612641923286333e+02
1.009164299999999903e+00 2.068990588264902044e+02
1.015357899999999924e+00 2.025302709412616764e+02
1.021555500000000061e+00 1.982480155885312172e+02
1.027753099999999975e+00 1.940540131234413650e+02
1.033950699999999889e+00 1.899472263313023745e+02
1.040144200000000074e+00 1.859293224875236774e+02
1.046341900000000047e+00 1.819940084467703514e+02
1.052539499999999961e+00 1.781432213683473265e+02
1.058737100000000098e+00 1.743760333183397506e+02
1.064930600000000060e+00 1.706939873241019257e+02
1.071128300000000033e+00 1.670912644260258730e+02
1.077325899999999947e+00 1.635695242041143160e+02
1.083523500000000084e+00 1.601277395934408219e+02
1.089717000000000047e+00 1.567670838908223061e+02
1.095914599999999961e+00 1.534820174393789216e+02
1.102112299999999934e+00 1.502735778557178890e+02
1.108309900000000070e+00 1.471406322526810584e+02
1.114503400000000033e+00 1.440838156008238968e+02
1.120700999999999947e+00 1.410976950886367831e+02
1.126898699999999920e+00 1.381828144565579350e+02
1.133096300000000056e+00 1.353377437641285894e+02
1.139289800000000019e+00 1.325626667715894200e+02
1.145487399999999933e+00 1.298522754373355212e+02
1.151685000000000070e+00 1.272067523916316674e+02
1.157882700000000042e+00 1.246243479479503549e+02
1.164076200000000005e+00 1.221050638794610848e+02
1.170273799999999920e+00 1.196437846546071455e+02
1.176471400000000056e+00 1.172404610829088369e+02
1.182669100000000029e+00 1.148933317037645168e+02
1.188862599999999992e+00 1.126022709758268547e+02
1.195060199999999906e+00 1.103625419007501165e+02
1.201257800000000042e+00 1.081740559277018150e+02
1.207455399999999957e+00 1.060352416058669434e+02
1.213648999999999978e+00 1.039459203972632224e+02
1.219846599999999892e+00 1.019019464783561091e+02
1.226044200000000028e+00 9.990330603929736242e+01
1.232241799999999943e+00 9.794869325263331916e+01
1.238435399999999964e+00 9.603809729810959084e+01
1.244633000000000100e+00 9.416789501783560468e+01
1.250830600000000015e+00 9.233825261813333896e+01
1.257028199999999929e+00 9.054816140147431724e+01
1.263221799999999950e+00 8.879780053716703492e+01
1.269419400000000087e+00 8.708403634375247293e+01
1.275617000000000001e+00 8.540719921016653871e+01
1.281814599999999915e+00 8.376653210218314882e+01
1.288008199999999936e+00 8.216235200762002933e+01
1.294205800000000073e+00 8.059192232188843263e+01
1.300403399999999987e+00 7.905566167122782417e+01
1.306600999999999901e+00 7.755297069870604787e+01
1.312794599999999923e+00 7.608421084026534231e+01
1.318992200000000059e+00 7.464692498083672945e+01
1.325189799999999973e+00 7.324152224435457015e+01
1.331387400000000110e+00 7.186745727117505567e+01
1.337580900000000073e+00 7.052506293381024705e+01
1.343778600000000045e+00 6.921199088967193802e+01
1.349976199999999960e+00 6.792862351536840038e+01
1.356173800000000096e+00 6.667436939587696543e+01
1.362367300000000059e+00 6.544944679338340165e+01
1.368565000000000031e+00 6.425161723271894232e+01
1.374762599999999946e+00 6.308112650614233985e+01
1.380960200000000082e+00 6.193732699581538270e+01
1.387153700000000045e+00 6.082030755232864294e+01
1.393351400000000018e+00 5.972791757011664515e+01
1.399548999999999932e+00 5.866027522547578599e+01
1.405746600000000068e+00 5.761668978995534474e+01
1.411940100000000031e+00 5.659715083467538932e+01
1.418137699999999946e+00 5.559962954006810065e+01
1.424335399999999918e+00 5.462411544215439108e+01
1.430533000000000055e+00 5.366996799833725618e+01
1.436726500000000017e+00 5.273711916642776032e+01
1.442924099999999932e+00 5.182368384700372133e+01
1.449121799999999904e+00 5.092963758792237883e+01
1.455319400000000041e+00 5.005439378100886927e+01
1.461512900000000004e+00 4.919790532342257450e+01
1.467710499999999918e+00 4.835846922399898062e+01
1.473908100000000054e+00 4.753611538268323500e+01
1.480105800000000027e+00 4.673031579636794675e+01
1.486299299999999990e+00 4.594112757028864280e+01
1.492496899999999904e+00 4.516703652170075145e+01
1.498694500000000041e+00 4.440814374353315941e+01
1.504892200000000013e+00 4.366404029447338786e+01
1.511089799999999927e+00 4.293438194611539416e+01
1.517283299999999890e+00 4.221928480150835128e+01
1.523480900000000027e+00 4.151748784812468784e+01
1.529678499999999941e+00 4.082917897933753437e+01
1.535876199999999914e+00 4.015407949123216724e+01
1.542069700000000099e+00 3.949239690150444915e+01
1.548267300000000013e+00 3.884301361569661992e+01
1.554464899999999927e+00 3.820615603209527222e+01
1.560662599999999900e+00 3.758161044648375793e+01
1.566856100000000085e+00 3.696960400872536923e+01
1.573053699999999999e+00 3.636912921568880108e+01
1.579251299999999913e+00 3.578041264967539803e+01
1.585448900000000050e+00 3.520327412847836257e+01
1.591642500000000071e+00 3.463789529836268599e+01
1.597840099999999985e+00 3.408336466916388474e+01
1.604037699999999900e+00 3.353986674028196546e+01
1.610235300000000036e+00 3.300721299306650280e+01
1.616428900000000057e+00 3.248554326343550258e+01
1.622626499999999972e+00 3.197398436891634077e+01
1.628824100000000108e+00 3.147267103339422079e+01
1.635021700000000022e+00 3.098139147946202598e+01
1.641215300000000044e+00 3.050023560564210001e+01
1.647412899999999958e+00 3.002835885358341272e+01
1.653610500000000094e+00 2.956584716284583436e+01
1.659808100000000008e+00 2.911246872947124587e+01
1.666001700000000030e+00 2.866827301384677895e+01
1.672199299999999944e+00 2.823245020796573357e+01
1.678396900000000080e+00 2.780505353510167765e+01
1.684594499999999995e+00 2.738584752611035000e+01
1.690788100000000016e+00 2.697486200265189638e+01
1.696985699999999930e+00 2.657133686908263570e+01
1.703183300000000067e+00 2.617531573107137888e+01
1.709380899999999981e+00 2.578658043430115043e+01
1.715574399999999944e+00 2.540517032124384045e+01
1.721772099999999917e+00 2.503037195054695729e+01
1.727969700000000053e+00 2.466225871199061714e+01
1.734167299999999967e+00 2.430064072454073454e+01
1.740360799999999930e+00 2.394557740313688754e+01
1.746558499999999903e+00 2.359643007509320256e+01
1.752756100000000039e+00 2.325329464356113718e+01
1.758953699999999953e+00 2.291602348920600463e+01
1.765147199999999916e+00 2.258470244683631734e+01
1.771344800000000053e+00 2.225877121611679144e+01
1.777542500000000025e+00 2.193833355695055687e+01
1.783740099999999940e+00 2.162329621083583930e+01
1.789933599999999903e+00 2.131376150234996203e+01
1.796131200000000039e+00 2.100923114143823511e+01
1.802328900000000012e+00 2.070982466265097699e+01
1.808526499999999926e+00 2.041547465167838382e+01
1.814720000000000111e+00 2.012629324594280078e+01
1.820917600000000025e+00 1.984182814330349487e+01
1.827115199999999939e+00 1.956220532730909767e+01
1.833312899999999912e+00 1.928735480813480407e+01
1.839506400000000097e+00 1.901739769408656855e+01
1.845704000000000011e+00 1.875190713275112842e+01
1.851901599999999926e+00 1.849099765030393883e+01
1.858099299999999898e+00 1.823459812676490088e+01
1.864292800000000083e+00 1.798281330688410762e+01
1.870490399999999998e+00 1.773523488602273801e+01
1.876687999999999912e+00 1.749195790643280191e+01
1.882885600000000048e+00 1.725290688025718921e+01
1.889079200000000069e+00 1.701815422057084604e+01
1.895276799999999984e+00 1.678731659339876359e+01
1.901474399999999898e+00 1.656046469716809355e+01
1.907672000000000034e+00 1.633751448693406516e+01
1.913865600000000056e+00 1.611852068648594383e+01
1.920063199999999970e+00 1.590311394287910396e+01
1.926260800000000106e+00 1.569134979209307801e+01
1.932458400000000021e+00 1.548314101763102002e+01
1.938652000000000042e+00 1.527853184893912797e+01
1.944849599999999956e+00 1.507717214402966377e+01
1.951047200000000093e+00 1.487911065347166684e+01
1.957244800000000007e+00 1.468426474756789091e+01
1.963438400000000028e+00 1.449267684191033112e+01
1.969635999999999942e+00 1.430402188745953929e+01
1.975833600000000079e+00 1.411835003015595724e+01
1.982031199999999993e+00 1.393558999434239354e+01
1.988224800000000014e+00 1.375578924985220830e+01
1.994422399999999929e+00 1.357865151883378552e+01
2.000620000000000065e+00 1.340423351481286574e+01
2.006817600000000201e+00 1.323247868685524153e+01
2.013011099999999942e+00 1.306344524156017251e+01
2.019208799999999915e+00 1.289685750042015222e+01
2.025406400000000051e+00 1.273278777362936864e+01
2.031604000000000187e+00 1.257119073363150719e+01
2.037797499999999928e+00 1.241213119487914796e+01
2.043995199999999901e+00 1.225535902676728739e+01
2.050192800000000037e+00 1.210095063820956440e+01
2.056390400000000174e+00 1.194887069624205367e+01
2.062583899999999915e+00 1.179918635846441255e+01
2.068781500000000051e+00 1.165166953721275078e+01
2.074979200000000024e+00 1.150638872895940423e+01
2.081176800000000160e+00 1.136332017225837276e+01
2.087370299999999901e+00 1.122252580841968062e+01
2.093567900000000037e+00 1.108379104527399583e+01
2.099765600000000010e+00 1.094717915569783528e+01
2.105963200000000146e+00 1.081266561552531869e+01
2.112156699999999887e+00 1.068030557679241888e+01
2.118354300000000023e+00 1.054989348315625186e+01
2.124551900000000160e+00 1.042148645839733945e+01
2.130749600000000132e+00 1.029505041795695597e+01
2.136943099999999873e+00 1.017063822467174816e+01
2.143140700000000010e+00 1.004804934233311897e+01
2.149338300000000146e+00 9.927332223900862118e+00
2.155536000000000119e+00 9.808449767029467026e+00
2.161729499999999859e+00 9.691446955653244544e+00
2.167927099999999996e+00 9.576130888436971134e+00
2.174124700000000132e+00 9.462543342549976089e+00
2.180322299999999824e+00 9.350648045884632609e+00
2.186519999999999797e+00 9.240407147607541560e+00
2.192713499999999982e+00 9.131859825196006142e+00
2.198911100000000118e+00 9.024825447400154133e+00
2.205108699999999811e+00 8.919341995720941441e+00
2.211306399999999783e+00 8.815374297434347639e+00
2.217499899999999968e+00 8.712960555758211711e+00
2.223697500000000105e+00 8.611932208614073048e+00
2.229895099999999797e+00 8.512327509002414416e+00
2.236092699999999933e+00 8.414117767345278054e+00
2.242286299999999954e+00 8.317337752011077612e+00
2.248483900000000091e+00 8.221836584183028762e+00
2.254681499999999783e+00 8.127652729561223310e+00
2.260879099999999919e+00 8.034763095592355242e+00
2.267072699999999941e+00 7.943204647995113277e+00
2.273270300000000077e+00 7.852838638982482244e+00
2.279467900000000213e+00 7.763705284774398585e+00
2.285665499999999906e+00 7.675786332520571520e+00
2.291859099999999927e+00 7.589120072865865652e+00
2.298056700000000063e+00 7.503578104072166077e+00
2.304254300000000200e+00 7.419201016152928929e+00
2.310451899999999892e+00 7.335973614514115226e+00
2.316645499999999913e+00 7.253933767696681301e+00
2.322843100000000049e+00 7.172961082927895582e+00
2.329040700000000186e+00 7.093094677748660537e+00
2.335238299999999878e+00 7.014320417940643537e+00
2.341431899999999899e+00 6.936673973473899579e+00
2.347629500000000036e+00 6.860040851059389766e+00
2.353827100000000172e+00 6.784457193268308650e+00
2.360024699999999864e+00 6.709908459780562495e+00
2.366218200000000049e+00 6.636428196241777933e+00
2.372415900000000022e+00 6.563902961367660716e+00
2.378613500000000158e+00 6.492368832623895969e+00
2.384811099999999850e+00 6.421809164833522487e+00
2.391004600000000035e+00 6.352254023532289295e+00
2.397202300000000008e+00 6.283594403869178890e+00
2.403399900000000144e+00 6.215862946332626038e+00
2.409597499999999837e+00 6.149042547194735420e+00
2.415791000000000022e+00 6.083160547389278250e+00
2.421988600000000158e+00 6.018113825645871273e+00
2.428186300000000131e+00 5.953929498511040919e+00
2.434383899999999823e+00 5.890594084305049272e+00
2.440577400000000008e+00 5.828132337528782791e+00
2.446775000000000144e+00 5.766446621811427420e+00
2.452972700000000117e+00 5.705563021910252886e+00
2.459170299999999809e+00 5.645469371846774997e+00
2.465363799999999994e+00 5.586190008969889931e+00
2.471561400000000130e+00 5.527633289654149351e+00
2.477758999999999823e+00 5.469826057043971623e+00
2.483956699999999795e+00 5.412755262976671311e+00
2.490150199999999980e+00 5.356448170644883433e+00
2.496347800000000117e+00 5.300818201111507477e+00
2.502545399999999809e+00 5.245892242645156855e+00
2.508743099999999782e+00 5.191659256258584598e+00
2.514936599999999967e+00 5.138146442146341641e+00
2.521134200000000103e+00 5.085272702527627864e+00
2.527331799999999795e+00 5.033064645128551007e+00
2.533529399999999931e+00 4.981513509568253895e+00
2.539722999999999953e+00 4.930643412428176831e+00
2.545920600000000089e+00 4.880380302562629780e+00
2.552118199999999781e+00 4.830749023773503126e+00
2.558315799999999918e+00 4.781741442863808089e+00
2.564509399999999939e+00 4.733380504685613666e+00
2.570707000000000075e+00 4.685595661419853286e+00
2.576904600000000212e+00 4.638410230178616089e+00
2.583102199999999904e+00 4.591816045274202729e+00
2.589295799999999925e+00 4.545834380646804007e+00
2.595493400000000062e+00 4.500397531266903783e+00
2.601691000000000198e+00 4.455526979012636168e+00
2.607888599999999890e+00 4.411214241210791087e+00
2.614082199999999911e+00 4.367478834596882464e+00
2.620279800000000048e+00 4.324255665063923892e+00
2.626477400000000184e+00 4.281564514564907498e+00
2.632674999999999876e+00 4.239396737437523655e+00
2.638868599999999898e+00 4.197770431640204691e+00
2.645066200000000034e+00 4.156623270929175717e+00
2.651263800000000170e+00 4.115973831436363639e+00
2.657461399999999863e+00 4.075813766882863121e+00
2.663654999999999884e+00 4.036160346939199783e+00
2.669852600000000020e+00 3.996954363684552369e+00
2.676050200000000157e+00 3.958213809154803364e+00
2.682247799999999849e+00 3.919931159750547067e+00
2.688441300000000034e+00 3.882124041855787855e+00
2.694639000000000006e+00 3.844734836790379084e+00
2.700836600000000143e+00 3.807783257577562086e+00
2.707034199999999835e+00 3.771262331736822127e+00
2.713227700000000020e+00 3.735189737763495721e+00
2.719425399999999993e+00 3.699511383675063048e+00
2.725623000000000129e+00 3.664246962918181971e+00
2.731820599999999821e+00 3.629390689776888834e+00
2.738014100000000006e+00 3.594960266984680963e+00
2.744211700000000143e+00 3.560905379085298250e+00
2.750409400000000115e+00 3.527243873673858943e+00
2.756606999999999807e+00 3.493972463907991433e+00
2.762800499999999992e+00 3.461107991559977393e+00
2.768998100000000129e+00 3.428602804513256608e+00
2.775195800000000101e+00 3.396474192133537073e+00
2.781393399999999794e+00 3.364719145531294586e+00
2.787586899999999979e+00 3.333353741589530905e+00
2.793784500000000115e+00 3.302332385386688607e+00
2.799982099999999807e+00 3.271671840319974489e+00
2.806179799999999780e+00 3.241367426375318495e+00
2.812373299999999965e+00 3.211435537400882723e+00
2.818570900000000101e+00 3.181831671280135332e+00
2.824768499999999793e+00 3.152571266648777737e+00
2.830966200000000210e+00 3.123649257468509077e+00
2.837159699999999951e+00 3.095080669961229436e+00
2.843357300000000087e+00 3.066822404117466760e+00
2.849554899999999780e+00 3.038888584649969804e+00
2.855752499999999916e+00 3.011274242392328659e+00
2.861950199999999889e+00 2.983973917772801965e+00
2.868143700000000074e+00 2.957001194373888531e+00
2.874341300000000210e+00 2.930314863876025910e+00
2.880538899999999902e+00 2.903927847210643343e+00
2.886736599999999875e+00 2.877834736891766276e+00
2.892930100000000060e+00 2.852048435957808437e+00
2.899127700000000196e+00 2.826529569586201607e+00
2.905325299999999888e+00 2.801290614474561735e+00
2.911522900000000025e+00 2.776327029855401030e+00
2.917716500000000046e+00 2.751650293100208700e+00
2.923914100000000182e+00 2.727224343976866638e+00
2.930111699999999875e+00 2.703061215212857249e+00
2.936309300000000011e+00 2.679157122244831157e+00
2.942502900000000032e+00 2.655523673551519526e+00
2.948700500000000169e+00 2.632126983971910583e+00
2.954898099999999861e+00 2.608979246818146080e+00
2.961095699999999997e+00 2.586077511470970869e+00
2.967289300000000019e+00 2.563433563313437968e+00
2.973486900000000155e+00 2.541015569583460199e+00
2.979684499999999847e+00 2.518835803371908710e+00
2.985882099999999983e+00 2.496891971581236991e+00
2.992075700000000005e+00 2.475195831467678076e+00
2.998273300000000141e+00 2.453717269589951400e+00
3.004470899999999833e+00 2.432468346586366348e+00
3.010668499999999970e+00 2.411447074769228927e+00
3.016862099999999991e+00 2.390664829843103689e+00
3.023059700000000127e+00 2.370092786004248886e+00
3.029257299999999820e+00 2.349742422428474420e+00
3.035454899999999956e+00 2.329611672107554377e+00
3.041648400000000141e+00 2.309711501014739099e+00
3.047846100000000114e+00 2.290013027399486312e+00
3.054043699999999806e+00 2.270527818032730849e+00
3.060241299999999942e+00 2.251253137153210737e+00
3.066434800000000127e+00 2.232199008007605290e+00
3.072632500000000100e+00 2.213337274248546649e+00
3.078830099999999792e+00 2.194678496029342174e+00
3.085027699999999928e+00 2.176219541245119515e+00
3.091221200000000113e+00 2.157969515117717840e+00
3.097418799999999806e+00 2.139901272997447812e+00
3.103616499999999778e+00 2.122023633465230485e+00
3.109814099999999915e+00 2.104334093844480336e+00
3.116007600000000100e+00 2.086840784754093292e+00
3.122205199999999792e+00 2.069517448664716319e+00
3.128402900000000209e+00 2.052372374296029811e+00
3.134600499999999901e+00 2.035403080181015234e+00
3.140794000000000086e+00 2.018617371781109782e+00
3.146991599999999778e+00 2.001990137068083708e+00
3.153189199999999914e+00 1.985529754614157705e+00
3.159386899999999887e+00 1.969233288408081872e+00
3.165580400000000072e+00 1.953109339964538060e+00
3.171778000000000208e+00 1.937133893498339532e+00
3.177975599999999901e+00 1.921315418692008503e+00
3.184173299999999873e+00 1.905651559658137373e+00
3.190366800000000058e+00 1.890151083083171368e+00
3.196564400000000195e+00 1.874791417538883564e+00
3.202761999999999887e+00 1.859581227170764572e+00
3.208959600000000023e+00 1.844519006432168151e+00
3.215153200000000044e+00 1.829612961260639326e+00
3.221350800000000181e+00 1.814842584420893967e+00
3.227548399999999873e+00 1.800216400261972272e+00
3.233746000000000009e+00 1.785733347949458150e+00
3.239939600000000031e+00 1.771401648042385535e+00
3.246137200000000167e+00 1.757201852737060310e+00
3.252334799999999859e+00 1.743142361110367577e+00
3.258532399999999996e+00 1.729222286169524114e+00
3.264726000000000017e+00 1.715449588520308044e+00
3.270923600000000153e+00 1.701805569430817178e+00
3.277121199999999845e+00 1.688298222740321819e+00
3.283318799999999982e+00 1.674926552633311472e+00
3.289512400000000003e+00 1.661698000848240042e+00
3.295710000000000139e+00 1.648594350101332040e+00
3.301907599999999832e+00 1.635622975472833973e+00
3.308105199999999968e+00 1.622782579672993553e+00
3.314298799999999989e+00 1.610079939359384760e+00
3.320496400000000126e+00 1.597497174115106944e+00
3.326693999999999818e+00 1.585040969912439257e+00
3.332891599999999954e+00 1.572709686660889172e+00
3.339085100000000139e+00 1.560509646714772103e+00
3.345282800000000112e+00 1.548422726882512590e+00
3.351480399999999804e+00 1.536455603223349620e+00
3.357677999999999940e+00 1.524606208324834178e+00
3.363871500000000125e+00 1.512880368129589703e+00
3.370069200000000098e+00 1.501260461247636346e+00
3.376266799999999790e+00 1.489752753824229003e+00
3.382464399999999927e+00 1.478355164969111346e+00
3.388657900000000112e+00 1.467073266388477792e+00
3.394855499999999804e+00 1.455890305759238057e+00
3.401053200000000221e+00 1.444811850393203700e+00
3.407250799999999913e+00 1.433836568059804861e+00
3.413444300000000098e+00 1.422969828918778878e+00
3.419641899999999790e+00 1.412195723130443614e+00
3.425839600000000207e+00 1.401519876248328078e+00
3.432037199999999899e+00 1.390941300641363565e+00
3.438230700000000084e+00 1.380465494558216433e+00
3.444428300000000220e+00 1.370077457080042249e+00
3.450625899999999913e+00 1.359783120984673133e+00
3.456823599999999885e+00 1.349581383274205182e+00
3.463017100000000070e+00 1.339478380657769252e+00
3.469214700000000207e+00 1.329459803401449092e+00
3.475412299999999899e+00 1.319531673945193440e+00
3.481609999999999872e+00 1.309693201344880764e+00
3.487803500000000057e+00 1.299950542416020038e+00
3.494001100000000193e+00 1.290290098945239716e+00
3.500198699999999885e+00 1.280717838670325737e+00
3.506396300000000021e+00 1.271233267357460894e+00
3.512593999999999994e+00 1.261835745115245544e+00
3.518787500000000179e+00 1.252531211166074465e+00
3.524985099999999871e+00 1.243306683188813100e+00
3.531182700000000008e+00 1.234167811923260860e+00
3.537380399999999980e+00 1.225113880251687881e+00
3.543573900000000165e+00 1.216150473014795175e+00
3.549771499999999858e+00 1.207264916333840254e+00
3.555969099999999994e+00 1.198462460398319607e+00
3.562166700000000130e+00 1.189742340282508248e+00
3.568360300000000151e+00 1.181109285929860642e+00
3.574557899999999844e+00 1.172551273725038534e+00
3.580755499999999980e+00 1.164072980690126879e+00
3.586953100000000116e+00 1.155673434294679947e+00
3.593146700000000138e+00 1.147356965239883397e+00
3.599344299999999830e+00 1.139111779812453040e+00
3.605541899999999966e+00 1.130942191960413457e+00
3.611739500000000103e+00 1.122847097677945216e+00
3.617933100000000124e+00 1.114830533229665965e+00
3.624130699999999816e+00 1.106881022034003736e+00
3.630328299999999953e+00 1.099002646303319786e+00
3.636525900000000089e+00 1.091194299942529478e+00
3.642719500000000110e+00 1.083459870904257549e+00
3.648917099999999802e+00 1.075788313219915970e+00
3.655114699999999939e+00 1.068183623827133388e+00
3.661312300000000075e+00 1.060644824787797313e+00
3.667505900000000096e+00 1.053175788847668271e+00
3.673703499999999789e+00 1.045765990880491714e+00
3.679901099999999925e+00 1.038419452450302538e+00
3.686098700000000061e+00 1.031135407659979242e+00
3.692292199999999802e+00 1.023917906032955738e+00
3.698489900000000219e+00 1.016756626400526109e+00
3.704687499999999911e+00 1.009656003050026563e+00
3.710885100000000048e+00 1.002615377873282920e+00
3.717078599999999788e+00 9.956388567862164418e-01
3.723276300000000205e+00 9.887166438449138672e-01
3.729473899999999897e+00 9.818531913036533387e-01
3.735671500000000034e+00 9.750480110890140661e-01
3.741865000000000219e+00 9.683051985750679158e-01
3.748062700000000191e+00 9.616153899936517035e-01
3.754260299999999884e+00 9.549829678831817104e-01
3.760457900000000020e+00 9.484075140142147475e-01
3.766651400000000205e+00 9.418930120160203812e-01
3.772848999999999897e+00 9.354305202041136580e-01
3.779046699999999870e+00 9.290239375238862340e-01
3.785244300000000006e+00 9.226731236820603366e-01
3.791437800000000191e+00 9.163817522203474564e-01
3.797635399999999883e+00 9.101410986638028833e-01
3.803833099999999856e+00 9.039548228126841334e-01
3.810030699999999992e+00 8.978226697220672570e-01
3.816224200000000177e+00 8.917480565184061625e-01
3.822421799999999870e+00 8.857224226973867687e-01
3.828619400000000006e+00 8.797492579082764053e-01
3.834817099999999979e+00 8.738278882053227559e-01
3.841010600000000164e+00 8.679617651660238575e-01
3.847208199999999856e+00 8.621423966222614421e-01
3.853405799999999992e+00 8.563730324069485089e-01
3.859603499999999965e+00 8.506529141127764371e-01
3.865797000000000150e+00 8.449852841683672677e-01
3.871994599999999842e+00 8.393618616797153820e-01
3.878192199999999978e+00 8.337857280001759186e-01
3.884389800000000115e+00 8.282561998691991834e-01
3.890583400000000136e+00 8.227761267490439900e-01
3.896780999999999828e+00 8.173377685170247764e-01
3.902978599999999965e+00 8.119440343382029468e-01
3.909176200000000101e+00 8.065943007913860541e-01
3.915369800000000122e+00 8.012913802109074002e-01
3.921567399999999814e+00 7.960278526084059170e-01
3.927764999999999951e+00 7.908066161140601125e-01
3.933962600000000087e+00 7.856271620112553755e-01
3.940156200000000108e+00 7.804923174818356735e-01
3.946353799999999801e+00 7.753950077565152643e-01
3.952551399999999937e+00 7.703381527436974352e-01
3.958749000000000073e+00 7.653213748773411984e-01
3.964942600000000095e+00 7.603475265914918513e-01
3.971140199999999787e+00 7.554098649095959406e-01
3.977337799999999923e+00 7.505113220842349886e-01
3.983535400000000060e+00 7.456516282435436960e-01
3.989729000000000081e+00 7.408336323283519764e-01
3.995926600000000217e+00 7.360508771045859433e-01
4.002124199999999909e+00 7.313062648282085965e-01
4.008321800000000046e+00 7.265995823740134529e-01
4.014515300000000231e+00 7.219336978366890367e-01
4.020712999999999759e+00 7.173021524777450919e-01
4.026910599999999896e+00 7.127079878411741731e-01
4.033108200000000032e+00 7.081509144174645831e-01
4.039301700000000217e+00 7.036336876737632195e-01
4.045499399999999746e+00 6.991500215548425157e-01
4.051696999999999882e+00 6.947028169482432070e-01
4.057894600000000018e+00 6.902917404380525257e-01
4.064088100000000203e+00 6.859193982295694880e-01
4.070285700000000340e+00 6.815797088917254776e-01
4.076491500000000379e+00 6.772695974260870555e-01
4.082685099999999956e+00 6.730028725554675351e-01
4.088878600000000141e+00 6.687707540072888035e-01
4.095072100000000326e+00 6.645728177039018636e-01
4.101265699999999903e+00 6.604086288308301800e-01
4.107459200000000088e+00 6.562779428580688412e-01
4.113652799999999665e+00 6.521802383232930822e-01
4.119846299999999850e+00 6.481152526952065340e-01
4.126039800000000035e+00 6.440825203486926220e-01
4.132233399999999612e+00 6.400815759102617131e-01
4.138467699999999638e+00 6.360861028417841290e-01
4.144661199999999823e+00 6.321479333007580248e-01
4.150854800000000289e+00 6.282403617646623584e-01
4.157048299999999585e+00 6.243631309521660011e-01
4.163241799999999770e+00 6.205158040837872591e-01
4.169435400000000236e+00 6.166979581672773492e-01
4.175628900000000421e+00 6.129093683184867469e-01
4.181822499999999998e+00 6.091495787139034057e-01
4.188016000000000183e+00 6.054183929266836461e-01
4.194209599999999760e+00 6.017153888824047225e-01
4.200403099999999945e+00 5.980404011092205208e-01
4.206596600000000130e+00 5.943931010293040940e-01
4.212790199999999707e+00 5.907731779596522292e-01
4.219024499999999733e+00 5.871569345630471837e-01
4.225217999999999918e+00 5.835914210184329765e-01
4.231411600000000384e+00 5.800526156005569867e-01
4.237605099999999680e+00 5.765404352512170094e-01
4.243798599999999865e+00 5.730546355668793002e-01
4.249992200000000331e+00 5.695949824135525530e-01
4.256185699999999628e+00 5.661614157882004505e-01
4.262379300000000093e+00 5.627536580203922334e-01
4.268572800000000278e+00 5.593716554543395336e-01
4.274766299999999575e+00 5.560151904679548895e-01
4.280959900000000040e+00 5.526840466835205579e-01
4.287153400000000225e+00 5.493781668782120597e-01
4.293346999999999802e+00 5.460972760849733820e-01
4.299581299999999828e+00 5.428199405689834167e-01
4.305774800000000013e+00 5.395888242193561668e-01
4.311968300000000198e+00 5.363822118413049678e-01
4.318161899999999775e+00 5.331998599874345768e-01
4.324355399999999960e+00 5.300416717114175835e-01
4.330549000000000426e+00 5.269073377769633026e-01
4.336742499999999723e+00 5.237967447527006604e-01
4.342936100000000188e+00 5.207095705179909384e-01
4.349129600000000373e+00 5.176456866487145758e-01
4.355323099999999670e+00 5.146048093286033076e-01
4.361516700000000135e+00 5.115866514928963937e-01
4.367710200000000320e+00 5.085910684253867053e-01
4.373903799999999897e+00 5.056177187416053265e-01
4.380097300000000082e+00 5.026664526047964765e-01
4.386331600000000108e+00 4.997177497104078325e-01
4.392525100000000293e+00 4.968099596268811813e-01
4.398718699999999870e+00 4.939234252553039162e-01
4.404912200000000055e+00 4.910580022345829021e-01
4.411105799999999633e+00 4.882133656206123495e-01
4.417299299999999818e+00 4.853893810883725402e-01
4.423492800000000003e+00 4.825857835237228333e-01
4.429686399999999580e+00 4.798023170757909073e-01
4.435879899999999765e+00 4.770388691182994023e-01
4.442073500000000230e+00 4.742951569108595500e-01
4.448267000000000415e+00 4.715710848208084505e-01
4.454460599999999992e+00 4.688663899888595998e-01
4.460654100000000177e+00 4.661809940926064932e-01
4.466888400000000203e+00 4.634971952020501829e-01
4.473081900000000388e+00 4.608499722103900353e-01
4.479275499999999965e+00 4.582215158146598633e-01
4.485469000000000150e+00 4.556117776855059809e-01
4.491662599999999728e+00 4.530205465911140150e-01
4.497856099999999913e+00 4.504477845417031445e-01
4.504049600000000098e+00 4.478933321513532961e-01
4.510243199999999675e+00 4.453570344085986399e-01
4.516436699999999860e+00 4.428388611079974724e-01
4.522630300000000325e+00 4.403386198470790047e-01
4.528823799999999622e+00 4.378562802549037514e-01
4.535017299999999807e+00 4.353916897006340214e-01
4.541210900000000272e+00 4.329446947793825218e-01
4.547445200000000298e+00 4.304993115153137317e-01
4.553638699999999595e+00 4.280873867256907994e-01
4.559832300000000060e+00 4.256926964619467402e-01
4.566025800000000245e+00 4.233151894624324063e-01
4.572219300000000430e+00 4.209546936725681032e-01
4.578412900000000008e+00 4.186110333585574272e-01
4.584606400000000193e+00 4.162841414298644738e-01
4.590799999999999770e+00 4.139737954198962067e-01
4.596993499999999955e+00 4.116799183835170295e-01
4.603187100000000420e+00 4.094022809254625472e-01
4.609380599999999717e+00 4.071407980798216197e-01
4.615574099999999902e+00 4.048952719065044281e-01
4.621767700000000367e+00 4.026655037261740455e-01
4.627961199999999664e+00 4.004514017784344126e-01
4.634195499999999690e+00 3.982383333615084897e-01
4.640389100000000155e+00 3.960550659450739475e-01
4.646582600000000340e+00 3.938869745241098119e-01
4.652776099999999637e+00 3.917338647488355918e-01
4.658969700000000103e+00 3.895955465002226559e-01
4.665163200000000288e+00 3.874719370964225806e-01
4.671356799999999865e+00 3.853628208479217276e-01
4.677550300000000050e+00 3.832681239061175860e-01
4.683743800000000235e+00 3.811876757271056571e-01
4.689937399999999812e+00 3.791213125677311280e-01
4.696130899999999997e+00 3.770689767117755276e-01
4.702324499999999574e+00 3.750304835360067646e-01
4.708517999999999759e+00 3.730057865256247163e-01
4.714752299999999785e+00 3.709815433259893158e-01
4.720945799999999970e+00 3.689841473789299275e-01
4.727139400000000435e+00 3.670001783017095009e-01
4.733332899999999732e+00 3.650296085653355060e-01
4.739526500000000198e+00 3.630722867761952966e-01
4.745720000000000383e+00 3.611281915257971709e-01
4.751913599999999960e+00 3.591971778286342509e-01
4.758107100000000145e+00 3.572792274789091671e-01
4.764300600000000330e+00 3.553742295077174096e-01
4.770494199999999907e+00 3.534820739006859780e-01
4.776687700000000092e+00 3.516027415850189741e-01
4.782881299999999669e+00 3.497360904243493329e-01
4.789074799999999854e+00 3.478820973739079614e-01
4.795309099999999880e+00 3.460285572197462911e-01
4.801502600000000065e+00 3.441996417142551001e-01
4.807696199999999642e+00 3.423830583827954799e-01
4.813889699999999827e+00 3.405787709315670764e-01
4.820083300000000293e+00 3.387866227666589403e-01
4.826276799999999589e+00 3.370065701094836497e-01
4.832470299999999774e+00 3.352384791290615729e-01
4.838663900000000240e+00 3.334822139043989164e-01
4.844857400000000425e+00 3.317377210169795698e-01
4.851051000000000002e+00 3.300048320194829965e-01
4.857244500000000187e+00 3.282834893459368741e-01
4.863438099999999764e+00 3.265735231086224211e-01
4.869631599999999949e+00 3.248748741313495225e-01
4.875865899999999975e+00 3.231763214261228478e-01
4.882059400000000160e+00 3.214999840969118283e-01
4.888252999999999737e+00 3.198345722103280719e-01
4.894446499999999922e+00 3.181800319020258172e-01
4.900640100000000388e+00 3.165362054567982808e-01
4.906833599999999684e+00 3.149030455891327906e-01
4.913027099999999869e+00 3.132804296992827142e-01
4.919220700000000335e+00 3.116682406389313931e-01
4.925414199999999632e+00 3.100664443026666106e-01
4.931607800000000097e+00 3.084749079868122079e-01
4.937801300000000282e+00 3.068936073228569761e-01
4.943994899999999859e+00 3.053224206019367615e-01
4.950188400000000044e+00 3.037613328112795941e-01
4.956381900000000229e+00 3.022102573082395272e-01
4.962616200000000255e+00 3.006590176788523916e-01
4.968809799999999832e+00 2.991278394455334499e-01
4.975003300000000017e+00 2.976065367186346844e-01
4.981196800000000202e+00 2.960950362862156959e-01
4.987390399999999779e+00 2.945932670091174765e-01
4.993583899999999964e+00 2.931012310583089864e-01
4.999777500000000430e+00 2.916188337742023906e-01
5.005970999999999727e+00 2.901460756010514341e-01
5.012164600000000192e+00 2.886828598486875785e-01
5.018358100000000377e+00 2.872291822217012403e-01
5.024551599999999674e+00 2.857849644255590071e-01
5.030745200000000139e+00 2.843501251827041942e-01
5.036938700000000324e+00 2.829246486052719445e-01
5.043173000000000350e+00 2.814991461505271797e-01
5.049366599999999927e+00 2.800921818782606265e-01
5.055560100000000112e+00 2.786943658841460891e-01
5.061753600000000297e+00 2.773055951001591746e-01
5.067947199999999874e+00 2.759257627395516055e-01
5.074140700000000059e+00 2.745548248277463466e-01
5.080334299999999637e+00 2.731926450899704872e-01
5.086527799999999822e+00 2.718391726321226498e-01
5.092721400000000287e+00 2.704942666800465578e-01
5.098914899999999584e+00 2.691578721877828650e-01
5.105108399999999769e+00 2.678298683286415294e-01
5.111302000000000234e+00 2.665101351293608367e-01
5.117495500000000419e+00 2.651986176846586885e-01
5.123729799999999557e+00 2.638866395157274392e-01
5.129923400000000022e+00 2.625912591608667856e-01
5.136116900000000207e+00 2.613038170937966864e-01
5.142310400000000392e+00 2.600242082499193419e-01
5.148503999999999969e+00 2.587523332530280440e-01
5.154697500000000154e+00 2.574881599856389536e-01
5.160891099999999732e+00 2.562315805569990723e-01
5.167084599999999917e+00 2.549825748631372457e-01
5.173278100000000101e+00 2.537410683757642671e-01
5.179471699999999679e+00 2.525069935132093768e-01
5.185665199999999864e+00 2.512803486759587202e-01
5.191858800000000329e+00 2.500610587240307270e-01
5.198052299999999626e+00 2.488491329306888322e-01
5.204245900000000091e+00 2.476445068639145375e-01
5.210480099999999837e+00 2.464393542785964231e-01
5.216673700000000302e+00 2.452493540811651052e-01
5.222867199999999599e+00 2.440666371655532407e-01
5.229060800000000064e+00 2.428911508985327483e-01
5.235254300000000249e+00 2.417229190710098730e-01
5.241447899999999827e+00 2.405618890402020926e-01
5.247641400000000012e+00 2.394080816243364940e-01
5.253834900000000196e+00 2.382614586339128759e-01
5.260028499999999774e+00 2.371219787446173510e-01
5.266221999999999959e+00 2.359896513781914174e-01
5.272415600000000424e+00 2.348644075331032255e-01
5.278609099999999721e+00 2.337462455099587333e-01
5.284802599999999906e+00 2.326351030641548578e-01
5.291036899999999932e+00 2.315236791563463625e-01
5.297230500000000397e+00 2.304264466018652313e-01
5.303423999999999694e+00 2.293360816235555655e-01
5.309617600000000159e+00 2.282524805025150094e-01
5.315811100000000344e+00 2.271756043419735360e-01
5.322004599999999641e+00 2.261053569426351439e-01
5.328198200000000107e+00 2.250416385302563826e-01
5.334391700000000291e+00 2.239843976805377390e-01
5.340585299999999869e+00 2.229335123427634568e-01
5.346778800000000054e+00 2.218889274696631275e-01
5.352972399999999631e+00 2.208505203846633236e-01
5.359165899999999816e+00 2.198182368491183314e-01
5.365359400000000001e+00 2.187919745774321856e-01
5.371593700000000027e+00 2.177649495732316698e-01
5.377787299999999604e+00 2.167505100306919563e-01
5.383980799999999789e+00 2.157418756397043724e-01
5.390174400000000254e+00 2.147389476947654807e-01
5.396367900000000439e+00 2.137416992756814849e-01
5.402561399999999736e+00 2.127500621740322784e-01
5.408755000000000202e+00 2.117639762132893511e-01
5.414948500000000386e+00 2.107834367512555485e-01
5.421142099999999964e+00 2.098083834110065216e-01
5.427335600000000149e+00 2.088388264987461052e-01
5.433529100000000334e+00 2.078747361532671811e-01
5.439722699999999911e+00 2.069160893638492538e-01
5.445916200000000096e+00 2.059629152319701062e-01
5.452109799999999673e+00 2.050151859217745343e-01
5.458344099999999699e+00 2.040667497713117284e-01
5.464537599999999884e+00 2.031300147462116734e-01
5.470731100000000069e+00 2.021987665137513213e-01
5.476924699999999646e+00 2.012730009357587280e-01
5.483118199999999831e+00 2.003527574945483947e-01
5.489311800000000297e+00 1.994380136332897790e-01
5.495505299999999593e+00 1.985288024248828553e-01
5.501698900000000059e+00 1.976250933095112794e-01
5.507892400000000244e+00 1.967269085426342212e-01
5.514085900000000429e+00 1.958342199857469323e-01
5.520279500000000006e+00 1.949469925954966931e-01
5.526473000000000191e+00 1.940652265018457945e-01
5.532666599999999768e+00 1.931888566562537379e-01
5.538900899999999794e+00 1.923121466288125192e-01
5.545094399999999979e+00 1.914465043353889839e-01
5.551287900000000164e+00 1.905861141335365716e-01
5.557481499999999741e+00 1.897308946894034343e-01
5.563674999999999926e+00 1.888807996755566543e-01
5.569868600000000392e+00 1.880357222417178842e-01
5.576062099999999688e+00 1.871956059033049735e-01
5.582255599999999873e+00 1.863603500351342923e-01
5.588449200000000339e+00 1.855298524656099346e-01
5.594642699999999635e+00 1.847040507263758569e-01
5.600836300000000101e+00 1.838828297874083584e-01
5.607029800000000286e+00 1.830661301376471095e-01
5.613223399999999863e+00 1.822538430740088256e-01
5.619457599999999609e+00 1.814406225078163959e-01
5.625651200000000074e+00 1.806369890617943730e-01
5.631844700000000259e+00 1.798375815064964245e-01
5.638038299999999836e+00 1.790423182888906117e-01
5.644231800000000021e+00 1.782511781676759943e-01
5.650425399999999598e+00 1.774640979712597821e-01
5.656618899999999783e+00 1.766810750484580361e-01
5.662812399999999968e+00 1.759020781734901562e-01
5.669006000000000434e+00 1.751270857528856306e-01
5.675199499999999730e+00 1.743561226294877697e-01
5.681393100000000196e+00 1.735891719908640163e-01
5.687586600000000381e+00 1.728262740799303421e-01
5.693780099999999678e+00 1.720674382919059331e-01
5.700014399999999704e+00 1.713077332399857156e-01
