5.986972826788450330e-02 -9.002442865865811772e-02 -2.873976934131919347e-01 0.000000000000000000e+00 0.000000000000000000e+00 1.275871158071472944e-01 7.729148684116003698e-02 0.000000000000000000e+00 0.000000000000000000e+00
6.987933799356604858e-02 -8.654758409241324058e-02 -2.762980716373766854e-01 0.000000000000000000e+00 0.000000000000000000e+00 1.253499318132625384e-01 9.021383743102683039e-02 0.000000000000000000e+00 0.000000000000000000e+00
8.127480133808655249e-02 -8.258936241980452397e-02 -2.636616817632551069e-01 0.000000000000000000e+00 0.000000000000000000e+00 1.228259476646538506e-01 1.049253173495751645e-01 0.000000000000000000e+00 0.000000000000000000e+00
9.506446737350382481e-02 -7.779951316999264566e-02 -2.483703697637931751e-01 0.000000000000000000e+00 0.000000000000000000e+00 1.198042307038056087e-01 1.227276996512195462e-01 0.000000000000000000e+00 0.000000000000000000e+00
1.107717901506947156e-01 -7.234356600665914350e-02 -2.309525793541287453e-01 0.000000000000000000e+00 0.000000000000000000e+00 1.164065281362839516e-01 1.430057661610744657e-01 0.000000000000000000e+00 0.000000000000000000e+00
1.285964107218982855e-01 -6.615217906086238997e-02 -2.111869406962331719e-01 0.000000000000000000e+00 0.000000000000000000e+00 1.126090940859852396e-01 1.660172523693203284e-01 0.000000000000000000e+00 0.000000000000000000e+00
1.487497796669686179e-01 -5.915191521185395040e-02 -1.888390101015602063e-01 0.000000000000000000e+00 0.000000000000000000e+00 1.083920113273484503e-01 1.920351398007306976e-01 0.000000000000000000e+00 0.000000000000000000e+00
1.714548486595780519e-01 -5.126536013300186934e-02 -1.636616468857127471e-01 0.000000000000000000e+00 0.000000000000000000e+00 1.037410643005623884e-01 2.213472578283529335e-01 0.000000000000000000e+00 0.000000000000000000e+00
1.969456473285476072e-01 -4.241129582084875171e-02 -1.353955673497541090e-01 0.000000000000000000e+00 0.000000000000000000e+00 9.865014894727924810e-02 2.542557374038347251e-01 0.000000000000000000e+00 0.000000000000000000e+00
2.254667447502816113e-01 -3.250495009481179504e-02 -1.037701412933251799e-01 0.000000000000000000e+00 0.000000000000000000e+00 9.312437337470717835e-02 2.910763158471463830e-01 0.000000000000000000e+00 0.000000000000000000e+00
2.572725964236561857e-01 -2.145836549336928994e-02 -6.850456969402209106e-02 0.000000000000000000e+00 0.000000000000000000e+00 8.718403594335069617e-02 3.321374937947874084e-01 0.000000000000000000e+00 0.000000000000000000e+00
2.926267790990940698e-01 -9.180977503745557308e-03 -2.930973067165487667e-02 0.000000000000000000e+00 0.000000000000000000e+00 8.086968241461672813e-02 3.777795473683693284e-01 0.000000000000000000e+00 0.000000000000000000e+00
3.005373612100958325e-01 -6.434306134081117616e-03 -2.054114387841124781e-02 0.000000000000000000e+00 0.000000000000000000e+00 7.950093961755336225e-02 3.879920649599413740e-01 0.000000000000000000e+00 0.000000000000000000e+00
3.086617901519569940e-01 -3.613567460079638704e-03 -1.153610157258103119e-02 0.000000000000000000e+00 0.000000000000000000e+00 7.811217851812171653e-02 3.984806576230326414e-01 0.000000000000000000e+00 0.000000000000000000e+00
3.170058468478038072e-01 -7.167959414282893803e-04 -2.288328882325155276e-03 0.000000000000000000e+00 0.000000000000000000e+00 7.670401566868086107e-02 4.092527884973076735e-01 0.000000000000000000e+00 0.000000000000000000e+00
3.255754684965047607e-01 2.258019979316763098e-03 7.208595971179521285e-03 2.258019979316763098e-03 7.208595971179521285e-03 7.527716775593959464e-02 4.203161224735468271e-01 1.382844637419039791e-01 4.015247917023481022e-03
3.343767527972738574e-01 5.312937777660418914e-03 1.696124135746527803e-02 5.312937777660418914e-03 1.696124135746527803e-02 7.383246028461748489e-02 4.316785316475852952e-01 3.003496526141097855e-01 9.447552519655417341e-03
3.434159622884779273e-01 8.450060500510173794e-03 2.697632113008675142e-02 8.450060500510173794e-03 2.697632113008675142e-02 7.237083683356268504e-02 4.433481009216897473e-01 4.409598187540818559e-01 1.502603525840466928e-02
3.526995288037343967e-01 1.167153612275454756e-02 3.726069257253541295e-02 1.167153612275454756e-02 3.726069257253541295e-02 7.089336889094438598e-02 4.553331337573554571e-01 5.622299958423473409e-01 2.075451569721484951e-02
3.622340580484717520e-01 1.497955654981237943e-02 4.782135321393685828e-02 1.497955654981237943e-02 4.782135321393685828e-02 6.940126626747483707e-02 4.676421580836205849e-01 6.660882079579804049e-01 2.663689151801433563e-02
3.720263343002069845e-01 1.837635619958334979e-02 5.866543630201125764e-02 1.837635619958334979e-02 5.866543630201125764e-02 6.789588807349085375e-02 4.802839323650982539e-01 7.542911001990527664e-01 3.267713599911759720e-02
3.820833252358869503e-01 2.186421008669657551e-02 6.980020468714968895e-02 2.186421008669657551e-02 6.980020468714968895e-02 6.637875423077796433e-02 4.932674518340474101e-01 8.284383013756217995e-01 3.887929460860482106e-02
3.924121868897260668e-01 2.544543131997852037e-02 8.123304283322761721e-02 2.544543131997852037e-02 8.123304283322761721e-02 6.485155746820459033e-02 5.066019548909138637e-01 8.899856197146284176e-01 4.524748055427859489e-02
4.030202687450705201e-01 2.912236791058325086e-02 9.297144662774849133e-02 2.912236791058325086e-02 9.297144662774849133e-02 6.331617572314861275e-02 5.202969296778985342e-01 9.402571645909204578e-01 5.178586910782909114e-02
4.139151189639094786e-01 3.289739877310386695e-02 1.050230106156271742e-01 3.289739877310386695e-02 1.050230106156271742e-01 6.177468483442653119e-02 5.343621208302277159e-01 9.804564799939118336e-01 5.849869049394530729e-02
4.251044897577571091e-01 3.677292878511040364e-02 1.173954122270552958e-01 3.677292878511040364e-02 1.173954122270552958e-01 6.022937136653106621e-02 5.488075364099315179e-01 1.011676768707096663e+00 6.539022110510481212e-02
4.365963429037246213e-01 4.075138275188754794e-02 1.300963925102814334e-01 4.075138275188754794e-02 1.300963925102814334e-01 5.868274534505105861e-02 5.636434550270627009e-01 1.034910279974428970e+00 7.246477276957206948e-02
4.483988554097091961e-01 4.483519810256145210e-02 1.431337328144255128e-01 4.483519810256145210e-02 1.431337328144255128e-01 5.713755260662025520e-02 5.788804331534237457e-01 1.051056927710325883e+00 7.972667976353212116e-02
4.605204253327289665e-01 4.902681612135337264e-02 1.565152267957717891e-01 4.902681612135337264e-02 1.565152267957717891e-01 5.559678637083464298e-02 5.945293126340051026e-01 1.060932201042954270e+00 8.718028321836289452e-02
4.729696777545464581e-01 5.332867149339400731e-02 1.702486470433961230e-01 5.332867149339400731e-02 1.702486470433961230e-01 5.406369751946147467e-02 6.106012284014823432e-01 1.065274424127293562e+00 9.482991253083201955e-02
4.857554709188296460e-01 5.774317991845848153e-02 1.843417055367433388e-01 5.774317991845848153e-02 1.843417055367433388e-01 5.254180291855948398e-02 6.271076163992561625e-01 1.064751417692592517e+00 1.026798633376384828e-01
4.988869025342203556e-01 6.227272351836957154e-02 1.988020070596204225e-01 6.227272351836957154e-02 1.988020070596204225e-01 5.103489093578369301e-02 6.440602217186793821e-01 1.059966610669071496e+00 1.107343715666193329e-01
5.123733162477919212e-01 6.691963373487622158e-02 2.136369946026795419e-01 6.691963373487622158e-02 2.136369946026795419e-01 4.954702308653361614e-02 6.614711069562547729e-01 1.051464646441846451e+00 1.189975830254786093e-01
5.262243082935059713e-01 7.168617138498090124e-02 2.288538856912237796e-01 7.168617138498090124e-02 2.288538856912237796e-01 4.808253048972444682e-02 6.793526607967553810e-01 1.039736524781121219e+00 1.274735179358454651e-01
5.404497343203947812e-01 7.657450351040540060e-02 2.444595984784883325e-01 7.657450351040540060e-02 2.444595984784883325e-01 4.664600353232042224e-02 6.977176068283706956e-01 1.025224317271705710e+00 1.361660297666170971e-01
5.550597164053319155e-01 8.158667662782573271e-02 2.604606663485888873e-01 8.158667662782573271e-02 2.604606663485888873e-01 4.524227284681160699e-02 7.165790125961540857e-01 1.008325491090044990e+00 1.450787576670905799e-01
5.700646502553773365e-01 8.672458595736651232e-02 2.768631396802996303e-01 8.672458595736651232e-02 2.768631396802996303e-01 4.387637942504871158e-02 7.359502989002106865e-01 9.893968732314982750e-01 1.542150717485702427e-01
5.854752126048252681e-01 9.198994017955007541e-02 2.936724733356866346e-01 9.198994017955007541e-02 2.936724733356866346e-01 4.255353147167096478e-02 7.558452493452449961e-01 9.687582847556096555e-01 1.635780104146002945e-01
6.013023688122151045e-01 9.738422124637154120e-02 3.108933983593284434e-01 9.738422124637154120e-02 3.108933983593284434e-01 4.127904550790763988e-02 7.762780201482597509e-01 9.466958722736624754e-01 1.731702088963638919e-01
6.175573806627134843e-01 1.029086387515602136e-01 3.285297763080596845e-01 1.029086387515602136e-01 3.285297763080596845e-01 4.005826936345284472e-02 7.972631502113878277e-01 9.234651617347443553e-01 1.829938181131382791e-01
6.342518143814173115e-01 1.085640783494817435e-01 3.465844345813500205e-01 1.085640783494817435e-01 3.465844345813500205e-01 3.889648515346316726e-02 8.188155714670223295e-01 8.992938575577295035e-01 1.930504129499464039e-01
6.513975488632811617e-01 1.143510437027171339e-01 3.650589810923647316e-01 1.143510437027171339e-01 3.650589810923647316e-01 3.779879124958568370e-02 8.409506195026066333e-01 8.743844082929993489e-01 2.033408890277959291e-01
6.690067841255240566e-01 1.202695914362775509e-01 3.839535966131215061e-01 1.202695914362775509e-01 3.839535966131215061e-01 3.676996372140755448e-02 8.636840444726450183e-01 8.489163582666928720e-01 2.138653470382043120e-01
6.870920499885300181e-01 1.263192585827710157e-01 4.032668031474522241e-01 1.263192585827710157e-01 4.032668031474522241e-01 3.581429979542412323e-02 8.870320223056968878e-01 8.230485030504746113e-01 2.246229637250120592e-01
7.056662149914201265e-01 1.324989820186515677e-01 4.229952067359675771e-01 1.324989820186515677e-01 4.229952067359675771e-01 3.493544848761215987e-02 9.110111662143308697e-01 7.969208651017182232e-01 2.356118486246082944e-01
7.247424955486385656e-01 1.388070094179271741e-01 4.431332131810067354e-01 1.388070094179271741e-01 4.431332131810067354e-01 3.413623649528974707e-02 9.356385385162266921e-01 7.706565045249075263e-01 2.468288857223634170e-01
7.443344653540692191e-01 1.452408012873745713e-01 4.636727152998230128e-01 1.452408012873745713e-01 4.636727152998230128e-01 3.341850027483990460e-02 9.609316627748372142e-01 7.443631786092752556e-01 2.582695592500520165e-01
7.644560650393737999e-01 1.517969236975192648e-01 4.846027504745467063e-01 1.517969236975192648e-01 4.846027504745467063e-01 3.278293742194222232e-02 9.869085362682494811e-01 7.181348625962116206e-01 2.699277629383337040e-01
7.851216120934234599e-01 1.584709313879858195e-01 5.059091274728918508e-01 1.584709313879858195e-01 5.059091274728918508e-01 3.222899138065166147e-02 1.013587642795116261e+00 6.920531430212130131e-01 2.817955921527824925e-01
8.063458110498831211e-01 1.652572410066543152e-01 5.275740217716184954e-01 1.652572410066543152e-01 5.275740217716184954e-01 3.175478261603691121e-02 1.040987965826770001e+00 6.661884939589268750e-01 2.938631184856894674e-01
8.281437639501966208e-01 1.721489943430237202e-01 5.495755389370899913e-01 1.721489943430237202e-01 5.495755389370899913e-01 3.135709646940104678e-02 1.069129002014879148e+00 6.406014455773978433e-01 3.061181465554012604e-01
8.505309810894171596e-01 1.791379115429786173e-01 5.718872460220496556e-01 1.791379115429786173e-01 5.718872460220496556e-01 3.103143319815689777e-02 1.098030775064255948e+00 6.153436535812393249e-01 3.185459529904264842e-01
8.735233920525312667e-01 1.862141344530389708e-01 5.944776714513515525e-01 1.862141344530389708e-01 5.944776714513515525e-01 3.077211987347286404e-02 1.127713849980688687e+00 5.904588773946876090e-01 3.311290078616286880e-01
8.971373570491264493e-01 1.933660604491097279e-01 6.173097745300185624e-01 1.933660604491097279e-01 6.173097745300185624e-01 3.057247787588959070e-02 1.158199347703934512e+00 5.659838743056557764e-01 3.438466791938010192e-01
9.213896785544697376e-01 2.005801673728079548e-01 6.403403865627627090e-01 2.005801673728079548e-01 6.403403865627627090e-01 3.042503474787507448e-02 1.189508960136288707e+00 5.419492162565042737e-01 3.566749216645911935e-01
9.462976132652790584e-01 2.078408305479434171e-01 6.635196266898628625e-01 2.078408305479434171e-01 6.635196266898628625e-01 3.032176593706880502e-02 1.221664965577417439e+00 5.183800355219534417e-01 3.695859512202255837e-01
9.718788843786967391e-01 2.151301333031412633e-01 6.867902969917820677e-01 2.151301333031412633e-01 6.867902969917820677e-01 3.025435084438677508e-02 1.254690244576445401e+00 4.952967051442261903e-01 3.825479081437501705e-01
9.981516942031968265e-01 2.224276730087058618e-01 7.100872632732642131e-01 2.224276730087058618e-01 7.100872632732642131e-01 3.021442843496477057e-02 1.288608296212566451e+00 4.727154596803935238e-01 3.955245121466210434e-01
1.025134737110408478e+00 2.297103653698464865e-01 7.333368302809676331e-01 2.297103653698464865e-01 7.333368302809676331e-01 3.019383996460987471e-02 1.323443254815776848e+00 4.506489615285032002e-01 4.084747143597302621e-01
1.052847212837060953e+00 2.369522506214851998e-01 7.564561229917891039e-01 2.369522506214851998e-01 7.564561229917891039e-01 3.018484944451127819e-02 1.359219907139610939e+00 4.291068178019787349e-01 4.213523527058550266e-01
1.081308840146524286e+00 2.441243063472215979e-01 7.793524890484180290e-01 2.441243063472215979e-01 7.793524890484180290e-01 3.018033567425353753e-02 1.395963709998115476e+00 4.080960523756587688e-01 4.341058190512914194e-01
1.110539870859658551e+00 2.511942728812723291e-01 8.019229413652984029e-01 2.511942728812723291e-01 8.019229413652984029e-01 3.017395254531177184e-02 1.433700808379597680e+00 3.876215372889557642e-01 4.466777487327385221e-01
1.140561104264964154e+00 2.581264986092624003e-01 8.240536642605036377e-01 2.581264986092624003e-01 8.240536642605036377e-01 3.016025658500217851e-02 1.472458054050049148e+00 3.676863871313482690e-01 4.590047454686447259e-01
1.171393901918276637e+00 2.648818138859094784e-01 8.456196109453598675e-01 2.648818138859094784e-01 8.456196109453598675e-01 3.013480227649496454e-02 1.512263024659469934e+00 3.482923193247267624e-01 4.710171571575799687e-01
1.203060202842545223e+00 2.714174436307463800e-01 8.664842244914312541e-01 2.714174436307463800e-01 8.664842244914312541e-01 3.009420656508180608e-02 1.553144043364698135e+00 3.294399823604640121e-01 4.826389204545254441e-01
1.235582539138505576e+00 2.776869698142161447e-01 8.864993180695844854e-01 2.776869698142161447e-01 8.864993180695844854e-01 3.003618420818428628e-02 1.595130198982702030e+00 3.111292530786312627e-01 4.937874940630362919e-01
1.268984052017357422e+00 2.836403558562871630e-01 9.055051528411328654e-01 2.836403558562871630e-01 9.055051528411328654e-01 2.995955533602732632e-02 1.638251366688677102e+00 2.933595030570260720e-01 5.043739021212569895e-01
1.303288508266850831e+00 2.892240452905969206e-01 9.233307529373119271e-01 2.892240452905969206e-01 9.233307529373119271e-01 2.986422588264385156e-02 1.682538229273673469e+00 2.761298332128711008e-01 5.143029096481089857e-01
1.338520317162505080e+00 2.943811468008960541e-01 9.397944961772431993e-01 2.943811468008960541e-01 9.397944961772431993e-01 2.975114060645660946e-02 1.728022298976883864e+00 2.594392749394247022e-01 5.234733515781103685e-01
1.374704547835981838e+00 2.990517168905355572e-01 9.547050164736465838e-01 2.990517168905355572e-01 9.547050164736465838e-01 2.962220752525476092e-02 1.774735939908118176e+00 2.432869556430888869e-01 5.317786354088634981e-01
1.411866947112986104e+00 3.031731500798435786e-01 9.678624495150144336e-01 3.031731500798435786e-01 9.678624495150144336e-01 2.948019212547531298e-02 1.822712391076434235e+00 2.276722265366420139e-01 5.391074350563882511e-01
1.450033957833370524e+00 3.066806848321922963e-01 9.790600479048231497e-01 3.066806848321922963e-01 9.790600479048231497e-01 2.932858011182795654e-02 1.871985790041290620e+00 2.125947510548348851e-01 5.453445905010965156e-01
1.489232737666495554e+00 3.095080316685862032e-01 9.880861863804105694e-01 3.095080316685862032e-01 9.880861863804105694e-01 2.917140911625997965e-02 1.922591197203072033e+00 1.980545532832252986e-01 5.503722247113875810e-01
1.529491178435217646e+00 3.115881284539247509e-01 9.947267730199460534e-01 3.115881284539247509e-01 9.947267730199460534e-01 2.901307279964372016e-02 1.974564620750251409e+00 1.840520272230070087e-01 5.540710867059855937e-01
1.570837925962270232e+00 3.128540268635179866e-01 9.987680792346401715e-01 3.128540268635179866e-01 9.987680792346401715e-01 2.885810480573998069e-02 2.027943042280957453e+00 1.705879093414525427e-01 5.563221278831413930e-01
1.613302400453144880e+00 3.132399136176430843e-01 1.000000000000000000e+00 3.132399136176430843e-01 1.000000000000000000e+00 2.871095416894950403e-02 2.082764443117159470e+00 1.576632183927357267e-01 5.570083179965595876e-01
1.656914817429990139e+00 3.126822699647791581e-01 9.982197554378571258e-01 3.126822699647791581e-01 9.982197554378571258e-01 2.857576677787810118e-02 2.139067831330218272e+00 1.452791676285021816e-01 5.560167069673778162e-01
1.701706209231411915e+00 3.111211725289160235e-01 9.932360436948871607e-01 3.111211725289160235e-01 9.932360436948871607e-01 2.845618823213174123e-02 2.196893269497004031e+00 1.334370549988050103e-01 5.532407380720464340e-01
1.747708447093477613e+00 3.085017371759994909e-01 9.848736504013110293e-01 3.085017371759994909e-01 9.848736504013110293e-01 2.835520152767992408e-02 2.256281903206355022e+00 1.221381366556203024e-01 5.485828154491658726e-01
1.794954263827641894e+00 3.047757040693212516e-01 9.729785088669967719e-01 3.047757040693212516e-01 9.729785088669967719e-01 2.827500919511763758e-02 2.317275990336150393e+00 1.113834880839629504e-01 5.419571226708065348e-01
1.843477277111716495e+00 2.999031558207319037e-01 9.574231851781483948e-01 2.999031558207319037e-01 9.574231851781483948e-01 2.821696534408459772e-02 2.379918931121824510e+00 1.011738557650962156e-01 5.332926779869889833e-01
1.893312013410475059e+00 2.938543512796281121e-01 9.381127324607871909e-01 2.938543512796281121e-01 9.381127324607871909e-01 2.818155999769499098e-02 2.444255299037734641e+00 9.150950081755818144e-02 5.225365951991395308e-01
1.944493932542892711e+00 2.866116452888758381e-01 9.149908195886201634e-01 2.866116452888758381e-01 9.149908195886201634e-01 2.816845645359176975e-02 2.510330872513330647e+00 8.239003497798730313e-02 5.096574974013508008e-01
1.997059452913523492e+00 2.781714504572614377e-01 8.880459940262017682e-01 2.781714504572614377e-01 8.880459940262017682e-01 2.817658090238719243e-02 2.578192667506723712e+00 7.381424887582657690e-02 4.946490054361174504e-01
2.051045977425947076e+00 2.685461817302905452e-01 8.573178897568334289e-01 2.685461817302905452e-01 8.573178897568334289e-01 2.820426000852960940e-02 2.647888970958802268e+00 6.577993292209952103e-02 4.775331957618136336e-01
2.106491920096742909e+00 2.577661093873091502e-01 8.229031428668820425e-01 2.577661093873091502e-01 8.229031428668820425e-01 2.824939546256355002e-02 2.719469375151723156e+00 5.828369216091516813e-02 4.583638954823645584e-01
2.163436733388913513e+00 2.458810320234514346e-01 7.849607324422473997e-01 2.458810320234514346e-01 7.849607324422473997e-01 2.830965648688189840e-02 2.792984812996212263e+00 5.132075787612523643e-02 4.372296572710036577e-01
2.221920936284217163e+00 2.329616690086566133e-01 7.437164259118705933e-01 2.329616690086566133e-01 7.437164259118705933e-01 2.838266673782314023e-02 2.868487594272787877e+00 4.488480033821552057e-02 4.142562354635839772e-01
2.281986143114376198e+00 2.191006628483515850e-01 6.994659790252567566e-01 2.191006628483515850e-01 6.994659790252567566e-01 2.846616544634768958e-02 2.946031442852691473e+00 3.896774860035212562e-02 3.896083684726751040e-01
2.343675093171683432e+00 2.044130767525984826e-01 6.525767243127122974e-01 2.044130767525984826e-01 6.525767243127122974e-01 2.855813337335615446e-02 3.025671534925015393e+00 3.355962452128304768e-02 3.634906635731284252e-01
2.407031681120068267e+00 1.890362718966989430e-01 6.034871792470433149e-01 1.890362718966989430e-01 6.034871792470433149e-01 2.865688540323535830e-02 3.107464538257222131e+00 2.864839898339811841e-02 3.361473786448838652e-01
2.472100988228271401e+00 1.731290515443462685e-01 5.527043139070603184e-01 1.731290515443462685e-01 5.527043139070603184e-01 2.876113528461720498e-02 3.191468652516997295e+00 2.421987833785035904e-02 3.078609002388141280e-01
2.538929314447335717e+00 1.568699641616742579e-01 5.007981337689867418e-01 1.568699641616742579e-01 5.007981337689867418e-01 2.887003232590820354e-02 3.277743650684115106e+00 2.025762836066276329e-02 2.789487261464793089e-01
2.607564211355263950e+00 1.404546658964980488e-01 4.483932595765695028e-01 1.404546658964980488e-01 4.483932595765695028e-01 2.898316234762314189e-02 3.366350921581804823e+00 1.674294180999357298e-02 2.497587753177397119e-01
2.678054515992251083e+00 1.240922611602791603e-01 3.961572448642436406e-01 1.240922611602791603e-01 3.961572448642436406e-01 2.910050699645777214e-02 3.457353513557850810e+00 1.365485490454716386e-02 2.206628806239835372e-01
2.750450385610602400e+00 1.080005813500725387e-01 3.447855035546448788e-01 1.080005813500725387e-01 3.447855035546448788e-01 2.922236861622713039e-02 3.550816179346543588e+00 1.097021854383540065e-02 1.920483934045695562e-01
2.824803333364031666e+00 9.240043708113417076e-02 2.949829605492834683e-01 9.240043708113417076e-02 2.949829605492834683e-01 2.934927896111693899e-02 3.646805422143364339e+00 8.663831685044955100e-03 1.643079626932018589e-01
2.901166264961760888e+00 7.750898396290724357e-02 2.474428723585932743e-01 7.750898396290724357e-02 2.474428723585932743e-01 2.948190442993319296e-02 3.745389542925224635e+00 6.708645132462476811e-03 1.378277381326974138e-01
2.979593516313479018e+00 6.353244727672925640e-02 2.028236010634336395e-01 6.353244727672925640e-02 2.028236010634336395e-01 2.962094327293251020e-02 3.846638689049900250e+00 5.076041395077823641e-03 1.129744328783483798e-01
3.060140892191968387e+00 5.065851840489312558e-02 1.617243403620955700e-01 5.065851840489312558e-02 1.617243403620955700e-01 2.976700414358936925e-02 3.950624904169266483e+00 3.736189099564091783e-03 9.008180280419396391e-02
3.142865705940889764e+00 3.904875354963140144e-02 1.246608489277529902e-01 3.904875354963140144e-02 1.246608489277529902e-01 2.992047324109933445e-02 4.057422179491827485e+00 2.658461256219080224e-03 6.943712978127090929e-02
3.227826820255987883e+00 2.883131365834526103e-02 9.204227304678119781e-02 2.883131365834526103e-02 9.204227304678119781e-02 3.008140168388569180e-02 4.167106506431027313e+00 1.811900669065153076e-03 5.126831169436766450e-02
3.315084689068746204e+00 2.009444712642171130e-02 6.415034053083681909e-02 2.009444712642171130e-02 6.415034053083681909e-02 3.024944700030421027e-02 4.279755930676815368e+00 1.165716143408217611e-03 3.573227327798793318e-02
3.404701400562271996e+00 1.288123941558266469e-02 4.112259918225547040e-02 1.288123941558266469e-02 4.112259918225547040e-02 3.042388609591462414e-02 4.395450607728915493e+00 6.897968331391149963e-04 2.290562980215481853e-02
3.496740721350034331e+00 7.186238693351932466e-03 2.294164434652420578e-02 7.186238693351932466e-03 2.294164434652420578e-02 3.060371122890462314e-02 4.514272859931330650e+00 3.552319149352128392e-04 1.277868672953272854e-02
3.591268141848880546e+00 2.954495724409709860e-03 9.432053821902533150e-03 2.954495724409709860e-03 9.432053821902533150e-03 3.078782228485390723e-02 4.636307235048656494e+00 1.348157087342817550e-04 5.253732434590951440e-03
3.688350922878637750e+00 8.334033140130339755e-05 2.660591060660070736e-04 8.334033140130339755e-05 2.660591060660070736e-04 3.097530031742851131e-02 4.761640566425906940e+00 3.510420573229261615e-06 1.481971351574948466e-04
3.788058143521422227e+00 -1.573001312925960838e-03 -5.021714170327757146e-03 0.000000000000000000e+00 0.000000000000000000e+00 3.116568933162637209e-02 4.890362034774617506e+00 0.000000000000000000e+00 0.000000000000000000e+00
3.890460750274742363e+00 -2.196004907568092825e-03 -7.010616502240038517e-03 0.000000000000000000e+00 0.000000000000000000e+00 3.135918754995559166e-02 5.022563231629229463e+00 0.000000000000000000e+00 0.000000000000000000e+00
3.995631607533355556e+00 -1.992968427457092202e-03 -6.362434481736618623e-03 0.000000000000000000e+00 0.000000000000000000e+00 3.155667996737892417e-02 5.158338224518884907e+00 0.000000000000000000e+00 0.000000000000000000e+00
4.103645549435792184e+00 -1.185381859079685102e-03 -3.784261863022423625e-03 0.000000000000000000e+00 0.000000000000000000e+00 3.175957703470206478e-02 5.297783623901002770e+00 0.000000000000000000e+00 0.000000000000000000e+00
4.214579433112467299e+00 3.417426500301040253e-06 1.090993309515634939e-05 3.417426500301040253e-06 1.090993309515634939e-05 3.196945472592520321e-02 5.440998651904293659e+00 9.647995326387899566e-08 6.076923482788036733e-06
4.328512193373227568e+00 1.360363079219213287e-03 4.342879116228282217e-03 1.360363079219213287e-03 4.342879116228282217e-03 3.218757162454123633e-02 5.588085212930082868e+00 3.545190140320392009e-05 2.419019791792700533e-03
4.445524898873283171e+00 2.693858048359173366e-03 8.599983371363830592e-03 2.693858048359173366e-03 8.599983371363830592e-03 3.241441686264182054e-02 5.739147966162212455e+00 6.480465427388041981e-05 4.790262272481748962e-03
4.565700809797455406e+00 3.843391526378771988e-03 1.226980138639105662e-02 3.843391526378771988e-03 1.226980138639105662e-02 3.264941231860971071e-02 5.894294400037087378e+00 8.534791460777179609e-05 6.834381432385536713e-03
4.689125437103828453e+00 4.687058537499479843e-03 1.496315869637464789e-02 4.687058537499479843e-03 1.496315869637464789e-02 3.289082271464353890e-02 6.053634908726900576e+00 9.607833271090451929e-05 8.334603857383235045e-03
4.815886603368914720e+00 5.146926939162661287e-03 1.643126152002859913e-02 5.146926939162661287e-03 1.643126152002859913e-02 3.313590438951382472e-02 6.217282870690403307e+00 9.739123623878672819e-05 9.152349341832722446e-03
4.946074505277657352e+00 5.192046799962494324e-03 1.657530402176070339e-02 5.192046799962494324e-03 1.657530402176070339e-02 3.338127163285169868e-02 6.385354729347151981e+00 9.068955445740452107e-05 9.232582213442537544e-03
5.079781777802711673e+00 4.837983841698199547e-03 1.544497885286641274e-02 4.837983841698199547e-03 1.544497885286641274e-02 3.362341442337624109e-02 6.557970075932602505e+00 7.800633577614123754e-05 8.602981692327552055e-03
5.217103560118715677e+00 4.141875418358678153e-03 1.322269365523598764e-02 4.141875418358678153e-03 1.322269365523598764e-02 3.385937143405803873e-02 6.735251734593069806e+00 6.164662301643229335e-05 7.365150352286777870e-03
5.358137563298387640e+00 3.193270207190828953e-03 1.019432731388344310e-02 3.193270207190828953e-03 1.019432731388344310e-02 3.408761892519526077e-02 6.917325849781014391e+00 4.387273643021606656e-05 5.678325110212600890e-03
5.502984139838678956e+00 2.101507796359859855e-03 6.708940032862700450e-03 2.101507796359859855e-03 6.708940032862700450e-03 3.430920669159968212e-02 7.104321976012916373e+00 2.665243262745138541e-05 3.736935403244635856e-03
5.651746355066400440e+00 9.811267615473498373e-04 3.132189478078340004e-03 9.811267615473498373e-04 3.132189478078340004e-03 3.452901040782152542e-02 7.296373170053546353e+00 1.148623679422231024e-05 1.744655592830937890e-03
5.804530060474196063e+00 -6.182932570015646804e-05 -1.973864856048598957e-04 0.000000000000000000e+00 0.000000000000000000e+00 3.475648706483715905e-02 7.493616085592297082e+00 0.000000000000000000e+00 0.000000000000000000e+00
5.961443969038969115e+00 -9.410909121988683115e-04 -3.004377383872007881e-03 0.000000000000000000e+00 0.000000000000000000e+00 3.500474153205489214e-02 7.696191070478857199e+00 0.000000000000000000e+00 0.000000000000000000e+00
6.122599732576421871e+00 -1.599247839363245830e-03 -5.105504662203970770e-03 0.000000000000000000e+00 0.000000000000000000e+00 3.528647158450595733e-02 7.904242266587488963e+00 0.000000000000000000e+00 0.000000000000000000e+00
6.288112021186694101e+00 -2.014315848154131158e-03 -6.430584866693934976e-03 0.000000000000000000e+00 0.000000000000000000e+00 3.560605235449072065e-02 8.117917712380908313e+00 0.000000000000000000e+00 0.000000000000000000e+00
6.458098604847685387e+00 -2.204505944488274749e-03 -7.037755562591583268e-03 0.000000000000000000e+00 0.000000000000000000e+00 3.594938366077490843e-02 8.337369448246812809e+00 0.000000000000000000e+00 0.000000000000000000e+00
6.632680437214072633e+00 -2.229987288155946268e-03 -7.119103253482519586e-03 0.000000000000000000e+00 0.000000000000000000e+00 3.627666725477859261e-02 8.562753624681944231e+00 0.000000000000000000e+00 0.000000000000000000e+00
6.811981741681667479e+00 -2.187002090645216550e-03 -6.981875538743714804e-03 0.000000000000000000e+00 0.000000000000000000e+00 3.652619644980488467e-02 8.794230613400698005e+00 0.000000000000000000e+00 0.000000000000000000e+00
6.996130099778346434e+00 -2.191302562659799835e-03 -6.995604542704023099e-03 0.000000000000000000e+00 0.000000000000000000e+00 3.663668207532187748e-02 9.031965121447322886e+00 0.000000000000000000e+00 0.000000000000000000e+00
7.185256541944483821e+00 -2.347882010802558855e-03 -7.495475221170267571e-03 0.000000000000000000e+00 0.000000000000000000e+00 3.658898168651033428e-02 9.276126308392960595e+00 0.000000000000000000e+00 0.000000000000000000e+00
7.379495640767413711e+00 -2.711094731456410029e-03 -8.655010468320180686e-03 0.000000000000000000e+00 0.000000000000000000e+00 3.645340522985408838e-02 9.526887906700807207e+00 0.000000000000000000e+00 0.000000000000000000e+00
7.578985606736329039e+00 -3.245623785379398666e-03 -1.036146303290447039e-02 0.000000000000000000e+00 0.000000000000000000e+00 3.640570189806620338e-02 9.784428345345173028e+00 0.000000000000000000e+00 0.000000000000000000e+00
7.783868386585694132e+00 -3.802903111460455721e-03 -1.214054450322214242e-02 0.000000000000000000e+00 0.000000000000000000e+00 3.665624324197539613e-02 1.004893087677226227e+01 0.000000000000000000e+00 0.000000000000000000e+00
7.994289764297218603e+00 -4.131395972708318785e-03 -1.318923864137989607e-02 0.000000000000000000e+00 0.000000000000000000e+00 3.726910331800305926e-02 1.032058370729318142e+01 0.000000000000000000e+00 0.000000000000000000e+00
8.210399464832176974e+00 -3.929747792297579902e-03 -1.254548868601219891e-02 0.000000000000000000e+00 0.000000000000000000e+00 3.796914547349507923e-02 1.059958013100176899e+01 0.000000000000000000e+00 0.000000000000000000e+00
8.432351260667946491e+00 -2.942481215714237968e-03 -9.393698209564645824e-03 0.000000000000000000e+00 0.000000000000000000e+00 3.814055409247767842e-02 1.088611866731269018e+01 0.000000000000000000e+00 0.000000000000000000e+00
8.660303081214536292e+00 -1.076471937883983652e-03 -3.436573345496389369e-03 0.000000000000000000e+00 0.000000000000000000e+00 3.714990689310132543e-02 1.118040320221755834e+01 0.000000000000000000e+00 0.000000000000000000e+00
8.894417125188995854e+00 1.492642030307642868e-03 4.765171887161350796e-03 1.492642030307642868e-03 4.765171887161350796e-03 3.497698529026081055e-02 1.148264313335967657e+01 4.483362138185485617e-06 2.654240377832235535e-03
9.134859976027611239e+00 4.267171818839534531e-03 1.362269504405580305e-02 4.267171818839534531e-03 1.362269504405580305e-02 3.293427335766987984e-02 1.179305351903053989e+01 1.183137114869030377e-05 7.587954453069591446e-03
9.381802720418068731e+00 6.463933112856682164e-03 2.063572626554512068e-02 6.463933112856682164e-03 2.063572626554512068e-02 3.328503609232551230e-02 1.211185523119420537e+01 1.654392667906389849e-05 1.149427117780871255e-02
9.635421070035881996e+00 7.170218788166455616e-03 2.289050174148240038e-02 7.170218788166455616e-03 2.289050174148240038e-02 3.602386424598649078e-02 1.243927511264833896e+01 1.694029407737899202e-05 1.275019987312042864e-02
9.895895486571712141e+00 5.615468784537200157e-03 1.792705380257425540e-02 5.615468784537200157e-03 1.792705380257425540e-02 3.673267596785034783e-02 1.277554613843379450e+01 1.224676402221940984e-05 9.985518085205714531e-03
1.016341131013859211e+01 1.499962002057356322e-03 4.788540466424364393e-03 1.499962002057356322e-03 4.788540466424364393e-03 3.004889992467791801e-02 1.312090758160762327e+01 3.019690164021633191e-06 2.667256870861495991e-03
1.043815889115034068e+01 -4.761389061366179919e-03 -1.520045452182756940e-02 0.000000000000000000e+00 0.000000000000000000e+00 2.493359386079497739e-02 1.347560518349738246e+01 0.000000000000000000e+00 0.000000000000000000e+00
1.072033372576507659e+01 -1.308764357728963226e-02 -4.178153232817287399e-02 0.000000000000000000e+00 0.000000000000000000e+00 6.273386496671820578e-02 1.383989132855795035e+01 0.000000000000000000e+00 0.000000000000000000e+00
