6.367979799999999579e-02 3.145655867884866197e+01 5.608614684469656275e+00 5.608614684469656275e+00
6.972053899999999804e-02 3.091868257925170482e+01 5.560457047694164601e+00 5.560457047694164601e+00
7.576168699999999423e-02 3.035326646985598842e+01 5.509379862548596130e+00 5.509379862548596130e+00
8.180283500000000430e-02 2.976488583898759543e+01 5.455720469286123198e+00 5.455720469286123198e+00
8.784357600000000654e-02 2.915814476571181046e+01 5.399828216315015972e+00 5.399828216315015972e+00
9.388472400000000273e-02 2.853748627177601449e+01 5.342048883319583830e+00 5.342048883319583830e+00
9.992587199999999892e-02 2.790738104920183460e+01 5.282743704667285378e+00 5.282743704667285378e+00
1.059666100000000027e-01 2.727215497858327353e+01 5.222274885390778998e+00 5.222274885390778998e+00
1.120077599999999979e-01 2.663580812626979366e+01 5.160989064730692633e+00 5.160989064730692633e+00
1.180485000000000007e-01 2.600227451196922956e+01 5.099242542963535740e+00 5.099242542963535740e+00
1.240896499999999958e-01 2.537504041826761636e+01 5.037364431750756211e+00 5.037364431750756211e+00
1.301307999999999909e-01 2.475741559403603631e+01 4.975682424958010941e+00 4.975682424958010941e+00
1.361715400000000076e-01 2.415237768599337187e+01 4.914506860916298514e+00 4.914506860916298514e+00
1.422126900000000027e-01 2.356243509336686870e+01 4.854115274008938385e+00 4.854115274008938385e+00
1.482538399999999978e-01 2.298986354748807770e+01 4.794774608622190293e+00 4.794774608622190293e+00
1.542945799999999867e-01 2.243657417282290822e+01 4.736726102786914083e+00 4.736726102786914083e+00
1.603357199999999871e-01 2.190400979637388801e+01 4.680171983631999488e+00 4.680171983631999488e+00
1.663768700000000100e-01 2.139337562009576743e+01 4.625297354775773861e+00 4.625297354775773861e+00
1.724176099999999989e-01 2.090553918061842609e+01 4.572257558429798863e+00 4.572257558429798863e+00
1.784587599999999941e-01 2.044095277075101791e+01 4.521167191196430402e+00 4.521167191196430402e+00
1.844999099999999892e-01 1.999987562043555300e+01 4.472122048919903392e+00 4.472122048919903392e+00
1.905406500000000058e-01 1.958229309630096537e+01 4.425188481443583122e+00 4.425188481443583122e+00
1.965818000000000010e-01 1.918786682025043078e+01 4.380395737858672867e+00 4.380395737858672867e+00
2.026229499999999961e-01 1.881613415349190888e+01 4.337756811243791866e+00 4.337756811243791866e+00
2.086636900000000128e-01 1.846644636724774102e+01 4.297260332729184285e+00 4.297260332729184285e+00
2.147048400000000079e-01 1.813793435587943392e+01 4.258865383629709456e+00 4.258865383629709456e+00
2.207455799999999968e-01 1.782970040009108104e+01 4.222522989883072064e+00 4.222522989883072064e+00
2.267867199999999972e-01 1.754066771761577925e+01 4.188158033982932515e+00 4.188158033982932515e+00
2.328278699999999923e-01 1.726975427038770405e+01 4.155689385696157423e+00 4.155689385696157423e+00
2.388686100000000090e-01 1.701583077416419343e+01 4.125024942247524251e+00 4.125024942247524251e+00
2.449097600000000041e-01 1.677769335835339959e+01 4.096058270868884854e+00 4.096058270868884854e+00
2.509509100000000270e-01 1.655418528903428665e+01 4.068683483515802557e+00 4.068683483515802557e+00
2.569916500000000159e-01 1.634415583469927213e+01 4.042790599907355009e+00 4.042790599907355009e+00
2.630328000000000110e-01 1.614643414055595372e+01 4.018262577353047149e+00 4.018262577353047149e+00
2.690739500000000062e-01 1.595992407822003045e+01 3.994987368968772046e+00 3.994987368968772046e+00
2.751146899999999951e-01 1.578356495807262583e+01 3.972853503223171323e+00 3.972853503223171323e+00
2.811558399999999902e-01 1.561630369479487612e+01 3.951746916845115365e+00 3.951746916845115365e+00
2.871965799999999791e-01 1.545717977735275284e+01 3.931562002226691721e+00 3.931562002226691721e+00
2.932377299999999742e-01 1.530523526335351825e+01 3.912190596501341044e+00 3.912190596501341044e+00
2.992788699999999746e-01 1.515959191441558396e+01 3.893532061562558155e+00 3.893532061562558155e+00
3.053196100000000190e-01 1.501941493829045626e+01 3.875488993442047558e+00 3.875488993442047558e+00
3.113607600000000142e-01 1.488388632142046752e+01 3.857964012457927083e+00 3.857964012457927083e+00
3.174019100000000093e-01 1.475225915656093179e+01 3.840866979805592329e+00 3.840866979805592329e+00
3.234426499999999982e-01 1.462382652180704490e+01 3.824111206778255223e+00 3.824111206778255223e+00
3.294837999999999933e-01 1.449789519997362675e+01 3.807610169118370802e+00 3.807610169118370802e+00
3.355245399999999822e-01 1.437384544175093382e+01 3.791285460335443336e+00 3.791285460335443336e+00
3.415656899999999774e-01 1.425106215819578814e+01 3.775057901303738639e+00 3.775057901303738639e+00
3.476068399999999725e-01 1.412899463565704750e+01 3.758855495447656736e+00 3.758855495447656736e+00
3.536475800000000169e-01 1.400713217831518165e+01 3.742610342837627169e+00 3.742610342837627169e+00
3.596887300000000121e-01 1.388498127647619107e+01 3.726255664400416556e+00 3.726255664400416556e+00
3.657298700000000125e-01 1.376211768912546596e+01 3.709732832580463047e+00 3.709732832580463047e+00
3.717706100000000013e-01 1.363816373051952091e+01 3.692988455237779633e+00 3.692988455237779633e+00
3.778117599999999965e-01 1.351276696145524525e+01 3.675971567008543328e+00 3.675971567008543328e+00
3.838529099999999916e-01 1.338565276643507396e+01 3.658640835943735237e+00 3.658640835943735237e+00
3.898936499999999805e-01 1.325660257806689835e+01 3.640961765532137129e+00 3.640961765532137129e+00
3.959347999999999757e-01 1.312542938803987091e+01 3.622903447242262764e+00 3.622903447242262764e+00
4.019755400000000201e-01 1.299204106171903561e+01 3.604447400326301842e+00 3.604447400326301842e+00
4.080158700000000027e-01 1.285638843041152590e+01 3.585580626678408045e+00 3.585580626678408045e+00
4.140586499999999726e-01 1.271841652567007586e+01 3.566288901038455528e+00 3.566288901038455528e+00
4.200973599999999752e-01 1.257834405617834328e+01 3.546596122506528559e+00 3.546596122506528559e+00
4.261401300000000059e-01 1.243610723012372077e+01 3.526486527710508856e+00 3.526486527710508856e+00
4.321788400000000085e-01 1.229207347604579326e+01 3.506005344554653291e+00 3.506005344554653291e+00
4.382216099999999837e-01 1.214627179496315712e+01 3.485150182555000864e+00 3.485150182555000864e+00
4.442643900000000090e-01 1.199906052113178667e+01 3.463966010389216699e+00 3.463966010389216699e+00
4.503031000000000117e-01 1.185083422966866884e+01 3.442504063856521856e+00 3.442504063856521856e+00
4.563458699999999868e-01 1.170171039050797646e+01 3.420776284779227794e+00 3.420776284779227794e+00
4.623845799999999895e-01 1.155221987396956429e+01 3.398855671247245525e+00 3.398855671247245525e+00
4.684273600000000148e-01 1.140249630946827253e+01 3.376758254519898639e+00 3.376758254519898639e+00
4.744660600000000228e-01 1.125307068490762319e+01 3.354559685697606319e+00 3.354559685697606319e+00
4.805088399999999926e-01 1.110405556446766795e+01 3.332274833273460413e+00 3.332274833273460413e+00
4.865516200000000180e-01 1.095584311785609444e+01 3.309961195823312607e+00 3.309961195823312607e+00
4.925903200000000259e-01 1.080879213152282148e+01 3.287672753107100387e+00 3.287672753107100387e+00
4.986330999999999958e-01 1.066292589591940398e+01 3.265413587268755968e+00 3.265413587268755968e+00
5.046718000000000037e-01 1.051862051934260833e+01 3.243242285020132343e+00 3.243242285020132343e+00
5.107145800000000291e-01 1.037581421481383792e+01 3.221151069852799864e+00 3.221151069852799864e+00
5.167532799999999815e-01 1.023478520174055006e+01 3.199185084008199453e+00 3.199185084008199453e+00
5.227960600000000069e-01 1.009538067380709059e+01 3.177322878431949604e+00 3.177322878431949604e+00
5.288388400000000322e-01 9.957688314581439215e+00 3.155580503581146168e+00 3.155580503581146168e+00
5.348775399999999847e-01 9.821748610317555972e+00 3.133966912766878110e+00 3.133966912766878110e+00
5.409203200000000100e-01 9.687289217564853061e+00 3.112441038407772531e+00 3.112441038407772531e+00
5.469590199999999625e-01 9.554371232416661641e+00 3.091014595956586675e+00 3.091014595956586675e+00
5.530017999999999878e-01 9.422669388058455553e+00 3.069636686655027535e+00 3.069636686655027535e+00
5.590405000000000513e-01 9.292198445690207365e+00 3.048310752808874646e+00 3.048310752808874646e+00
5.650832799999999656e-01 9.162609132919433463e+00 3.026980200285332767e+00 3.026980200285332767e+00
5.711219899999999683e-01 9.033901551291053877e+00 3.005644947642860387e+00 3.005644947642860387e+00
5.771647600000000544e-01 8.905733315308033582e+00 2.984247529161753842e+00 2.984247529161753842e+00
5.832075399999999687e-01 8.778034592418256565e+00 2.962774812978242078e+00 2.962774812978242078e+00
5.892462499999999714e-01 8.650753949009484245e+00 2.941216406354602686e+00 2.941216406354602686e+00
5.952890199999999465e-01 8.523607036224060352e+00 2.919521713607223568e+00 2.919521713607223568e+00
6.013277299999999492e-01 8.396680136743739808e+00 2.897702561814055500e+00 2.897702561814055500e+00
6.073705000000000354e-01 8.269749037725148355e+00 2.875717134511867723e+00 2.875717134511867723e+00
6.134092100000000380e-01 8.142963306916131572e+00 2.853587795550740047e+00 2.853587795550740047e+00
6.194519899999999524e-01 8.016163827749613446e+00 2.831283070932613999e+00 2.831283070932613999e+00
6.254947600000000385e-01 7.889479251805988191e+00 2.808821683874928254e+00 2.808821683874928254e+00
6.315334700000000412e-01 7.763066243521312693e+00 2.786227959719253189e+00 2.786227959719253189e+00
6.375762499999999555e-01 7.636852091165240886e+00 2.763485496825565324e+00 2.763485496825565324e+00
6.436149500000000190e-01 7.511125710271272737e+00 2.740643302268880088e+00 2.740643302268880088e+00
6.496577300000000443e-01 7.385852490172054807e+00 2.717692493674009224e+00 2.717692493674009224e+00
6.556964299999999968e-01 7.261348045855559263e+00 2.694688858821284949e+00 2.694688858821284949e+00
6.617392100000000221e-01 7.137596718456693523e+00 2.671628102572791263e+00 2.671628102572791263e+00
6.677779099999999746e-01 7.014918881076473767e+00 2.648569213948631873e+00 2.648569213948631873e+00
6.738206899999999999e-01 6.893298124413359318e+00 2.625509117183438601e+00 2.625509117183438601e+00
6.798634700000000253e-01 6.772958738817677293e+00 2.602490871995073451e+00 2.602490871995073451e+00
6.859021699999999777e-01 6.654109462172198342e+00 2.579556059125716949e+00 2.579556059125716949e+00
6.919449500000000031e-01 6.536703493006650767e+00 2.556697771150640008e+00 2.556697771150640008e+00
6.979836499999999555e-01 6.420995836769043841e+00 2.533968396955463831e+00 2.533968396955463831e+00
7.040264299999999809e-01 6.306908072478204730e+00 2.511355823549941579e+00 2.511355823549941579e+00
7.100651300000000443e-01 6.194652932367965548e+00 2.488905970977603133e+00 2.488905970977603133e+00
7.161079099999999587e-01 6.084118373119164147e+00 2.466600570242203805e+00 2.466600570242203805e+00
7.221506899999999840e-01 5.975402183080062102e+00 2.444463577777354235e+00 2.444463577777354235e+00
7.281893900000000475e-01 5.868580241832313860e+00 2.422515271743877818e+00 2.422515271743877818e+00
7.342321699999999618e-01 5.763497234390239754e+00 2.400728479939003623e+00 2.400728479939003623e+00
7.402708799999999645e-01 5.660270691726507764e+00 2.379132340103531806e+00 2.379132340103531806e+00
7.463136500000000506e-01 5.558726382912463571e+00 2.357695142064058835e+00 2.357695142064058835e+00
7.523523600000000533e-01 5.458956833191400015e+00 2.336441061356224314e+00 2.336441061356224314e+00
7.583951399999999676e-01 5.360777359992956015e+00 2.315335258659738216e+00 2.315335258659738216e+00
7.644338400000000311e-01 5.264265890799404879e+00 2.294398808141122625e+00 2.294398808141122625e+00
7.704766199999999454e-01 5.169235400585018958e+00 2.273595258744400827e+00 2.273595258744400827e+00
7.765193999999999708e-01 5.075694816424952904e+00 2.252930273316276821e+00 2.252930273316276821e+00
7.825581000000000342e-01 4.983650555719140840e+00 2.232409137169784508e+00 2.232409137169784508e+00
7.886008799999999486e-01 4.892925939710146110e+00 2.211995917652233246e+00 2.211995917652233246e+00
7.946395800000000120e-01 4.803595402952489657e+00 2.191710611132886122e+00 2.191710611132886122e+00
8.006823600000000374e-01 4.715495269345962193e+00 2.171519115583826043e+00 2.171519115583826043e+00
8.067210599999999898e-01 4.628707477385161084e+00 2.151443115070710288e+00 2.151443115070710288e+00
8.127638400000000152e-01 4.543084121916392881e+00 2.131451177464872782e+00 2.131451177464872782e+00
8.188066200000000405e-01 4.458660375965223466e+00 2.111554019191842269e+00 2.111554019191842269e+00
8.248453199999999930e-01 4.375475064868979302e+00 2.091763625477070843e+00 2.091763625477070843e+00
8.308881000000000183e-01 4.293405663810503370e+00 2.072053489611333177e+00 2.072053489611333177e+00
8.369267999999999708e-01 4.212559525609496092e+00 2.052452076324681407e+00 2.052452076324681407e+00
8.429695799999999961e-01 4.132830201430535588e+00 2.032936349576773161e+00 2.032936349576773161e+00
8.490082799999999486e-01 4.054333892220547853e+00 2.013537656022491351e+00 2.013537656022491351e+00
8.550510599999999739e-01 3.976978148273756286e+00 1.994236231812509308e+00 1.994236231812509308e+00
8.610938399999999993e-01 3.900834305595427765e+00 1.975052988047517610e+00 1.975052988047517610e+00
8.671325399999999517e-01 3.825973763157589858e+00 1.956009653135073245e+00 1.956009653135073245e+00
8.731753199999999770e-01 3.752318889419520964e+00 1.937090315245915573e+00 1.937090315245915573e+00
8.792140200000000405e-01 3.679993817560209823e+00 1.918330997914648117e+00 1.918330997914648117e+00
8.852567999999999548e-01 3.608925486152046336e+00 1.899717212153442247e+00 1.899717212153442247e+00
8.912955099999999575e-01 3.539233153509417473e+00 1.881284974029564072e+00 1.881284974029564072e+00
8.973382800000000437e-01 3.470843952235624474e+00 1.863020115896665274e+00 1.863020115896665274e+00
9.033769900000000463e-01 3.403867097305521394e+00 1.844957207445614866e+00 1.844957207445614866e+00
9.094197699999999607e-01 3.338225038523134458e+00 1.827081015861949709e+00 1.827081015861949709e+00
9.154625400000000468e-01 3.273970440634297319e+00 1.809411628301945463e+00 1.809411628301945463e+00
9.215012500000000495e-01 3.211145469249092166e+00 1.791966927498689133e+00 1.791966927498689133e+00
9.275440299999999638e-01 3.149659022430164157e+00 1.774727872782237093e+00 1.774727872782237093e+00
9.335827300000000273e-01 3.089580149273341902e+00 1.757720156701100711e+00 1.757720156701100711e+00
9.396255100000000526e-01 3.030806330827244821e+00 1.740921115624497473e+00 1.740921115624497473e+00
9.456642100000000051e-01 2.973388362013096309e+00 1.724351577264072954e+00 1.724351577264072954e+00
9.517069900000000304e-01 2.917213250067312025e+00 1.707985143397714678e+00 1.707985143397714678e+00
9.577497699999999448e-01 2.862278707222928542e+00 1.691827032300562417e+00 1.691827032300562417e+00
9.637884700000000082e-01 2.808573952818852693e+00 1.675880053231391775e+00 1.675880053231391775e+00
9.698312500000000336e-01 2.755975772943740854e+00 1.660113180763209462e+00 1.660113180763209462e+00
9.758699499999999860e-01 2.704501913416976766e+00 1.644536990589441583e+00 1.644536990589441583e+00
9.819127300000000114e-01 2.654028221786312258e+00 1.629118848269306641e+00 1.629118848269306641e+00
9.879514299999999638e-01 2.604568510928740199e+00 1.613867563007801431e+00 1.613867563007801431e+00
9.939942099999999892e-01 2.556003215635708870e+00 1.598750517008738603e+00 1.598750517008738603e+00
1.000032899999999891e+00 2.508348363088485300e+00 1.583776614011106476e+00 1.583776614011106476e+00
1.006075700000000017e+00 2.461493885924580738e+00 1.568914875295846167e+00 1.568914875295846167e+00
1.012118499999999921e+00 2.415432524830529726e+00 1.554166183144688684e+00 1.554166183144688684e+00
1.018157200000000095e+00 2.370161032376747912e+00 1.539532731830261403e+00 1.539532731830261403e+00
1.024199999999999999e+00 2.325591054752483178e+00 1.524988870370037608e+00 1.524988870370037608e+00
1.030238699999999952e+00 2.281763346119431102e+00 1.510550676448635832e+00 1.510550676448635832e+00
1.036281400000000019e+00 2.238606492581841412e+00 1.496197344130058671e+00 1.496197344130058671e+00
1.042320099999999972e+00 2.196171870618045308e+00 1.481948673408780781e+00 1.481948673408780781e+00
1.048362900000000097e+00 2.154403088068352456e+00 1.467788502499032477e+00 1.467788502499032477e+00
1.054405700000000001e+00 2.113335165565258134e+00 1.453731462672958052e+00 1.453731462672958052e+00
1.060444399999999954e+00 2.073005661737540972e+00 1.439793617758302613e+00 1.439793617758302613e+00
1.066487200000000080e+00 2.033373500405840417e+00 1.425964059997951061e+00 1.425964059997951061e+00
1.072525900000000032e+00 1.994508142081251156e+00 1.412270562633538340e+00 1.412270562633538340e+00
1.078568699999999936e+00 1.956373211252786959e+00 1.398704118551449271e+00 1.398704118551449271e+00
1.084607400000000110e+00 1.919036271392290605e+00 1.385292846798932498e+00 1.385292846798932498e+00
1.090650099999999956e+00 1.882461283393708884e+00 1.372028164213004997e+00 1.372028164213004997e+00
1.096692900000000082e+00 1.846683887508215438e+00 1.358927476912662691e+00 1.358927476912662691e+00
1.102731600000000034e+00 1.811735659327721848e+00 1.346007302850813492e+00 1.346007302850813492e+00
1.108774399999999938e+00 1.777572236660664995e+00 1.333256253186410056e+00 1.333256253186410056e+00
1.114813099999999890e+00 1.744238201064041816e+00 1.320696104735696430e+00 1.320696104735696430e+00
1.120855900000000016e+00 1.711681406625988888e+00 1.308312426993640143e+00 1.308312426993640143e+00
1.126894599999999969e+00 1.679934063358568652e+00 1.296122703820347555e+00 1.296122703820347555e+00
1.132937400000000094e+00 1.648936204983937115e+00 1.284109109454464104e+00 1.284109109454464104e+00
1.138976100000000047e+00 1.618708600990085511e+00 1.272284795550935321e+00 1.272284795550935321e+00
1.145018799999999892e+00 1.589185503814429135e+00 1.260629011174353886e+00 1.260629011174353886e+00
1.151061600000000018e+00 1.560358360126551158e+00 1.249143050305508984e+00 1.249143050305508984e+00
1.157100299999999971e+00 1.532215860699096766e+00 1.237827072211258761e+00 1.237827072211258761e+00
1.163143100000000096e+00 1.504687642214758148e+00 1.226657100503135034e+00 1.226657100503135034e+00
1.169181800000000049e+00 1.477778346963094736e+00 1.215639069363556812e+00 1.215639069363556812e+00
1.175224599999999953e+00 1.451418951474103602e+00 1.204748501337147726e+00 1.204748501337147726e+00
1.181263299999999905e+00 1.425613824862866474e+00 1.193990713893062994e+00 1.193990713893062994e+00
1.187306100000000031e+00 1.400298258482280733e+00 1.183341987120494654e+00 1.183341987120494654e+00
1.193348800000000098e+00 1.375463031446626738e+00 1.172801360609130095e+00 1.172801360609130095e+00
1.199387500000000051e+00 1.351099212244499803e+00 1.162367933248547480e+00 1.162367933248547480e+00
1.205430299999999955e+00 1.327152794319201634e+00 1.152021177895268478e+00 1.152021177895268478e+00
1.211468999999999907e+00 1.303638289498317393e+00 1.141769805827040241e+00 1.141769805827040241e+00
1.217511800000000033e+00 1.280509155905758867e+00 1.131595844772222081e+00 1.131595844772222081e+00
1.223550499999999985e+00 1.257785488259086870e+00 1.121510360299487807e+00 1.121510360299487807e+00
1.229593299999999889e+00 1.235428246332928248e+00 1.111498198978715601e+00 1.111498198978715601e+00
1.235632000000000064e+00 1.213462419914434154e+00 1.101572702963555805e+00 1.101572702963555805e+00
1.241674799999999967e+00 1.191855294792294906e+00 1.091721253247501355e+00 1.091721253247501355e+00
1.247717500000000035e+00 1.170621423643163350e+00 1.081952597687700690e+00 1.081952597687700690e+00
1.253756199999999987e+00 1.149774897411511843e+00 1.072275569716811150e+00 1.072275569716811150e+00
1.259798999999999891e+00 1.129289673338051747e+00 1.062680419193866355e+00 1.062680419193866355e+00
1.265837700000000066e+00 1.109196151369613803e+00 1.053183816515243398e+00 1.053183816515243398e+00
1.271880499999999969e+00 1.089469918754940148e+00 1.043776757144428968e+00 1.043776757144428968e+00
1.277919199999999922e+00 1.070140494403792664e+00 1.034475951583115672e+00 1.034475951583115672e+00
1.283962000000000048e+00 1.051183924634952804e+00 1.025272609911604293e+00 1.025272609911604293e+00
1.290004799999999952e+00 1.032615013141332971e+00 1.016176664336144286e+00 1.016176664336144286e+00
1.296043499999999904e+00 1.014446537853411767e+00 1.007197367874545169e+00 1.007197367874545169e+00
1.302086300000000030e+00 9.966532549978993627e-01 9.983252250634055969e-01 9.983252250634055969e-01
1.308124999999999982e+00 9.792574758758547659e-01 9.895743912793291130e-01 9.895743912793291130e-01
1.314167700000000050e+00 9.622326933907617841e-01 9.809346019948331774e-01 9.809346019948331774e-01
1.320206400000000002e+00 9.455969399913316531e-01 9.724180890909689401e-01 9.724180890909689401e-01
1.326249199999999906e+00 9.293220741536227791e-01 9.640135238437388399e-01 9.640135238437388399e-01
1.332287900000000080e+00 9.134230811084501633e-01 9.557316993322185761e-01 9.557316993322185761e-01
1.338330699999999984e+00 8.978700813544213677e-01 9.475600674123099143e-01 9.475600674123099143e-01
1.344373500000000110e+00 8.826646220868880066e-01 9.395023268129185645e-01 9.395023268129185645e-01
1.350412200000000063e+00 8.678063614603001019e-01 9.315612494411197320e-01 9.315612494411197320e-01
1.356454999999999966e+00 8.532640086516455336e-01 9.237229068566209511e-01 9.237229068566209511e-01
1.362493699999999919e+00 8.390455476314971905e-01 9.159942945409087489e-01 9.159942945409087489e-01
1.368536399999999986e+00 8.251196596982984799e-01 9.083609743369088774e-01 9.083609743369088774e-01
1.374575099999999939e+00 8.114922495544273362e-01 9.008286460556343966e-01 9.008286460556343966e-01
1.380617900000000065e+00 7.981323785819052219e-01 8.933825488456248465e-01 8.933825488456248465e-01
1.386660699999999968e+00 7.850367833208898860e-01 8.860230151191840209e-01 8.860230151191840209e-01
1.392699399999999921e+00 7.722017301427936964e-01 8.787500953870751585e-01 8.787500953870751585e-01
1.398742200000000047e+00 7.595978631613947707e-01 8.715491168955394885e-01 8.715491168955394885e-01
1.404780899999999999e+00 7.472309788942647080e-01 8.644252303665509451e-01 8.644252303665509451e-01
1.410823699999999903e+00 7.350737465824260797e-01 8.573644187756020996e-01 8.573644187756020996e-01
1.416862400000000077e+00 7.231330687450963079e-01 8.503723118405821513e-01 8.503723118405821513e-01
1.422905099999999923e+00 7.113843903342849107e-01 8.434360617938296834e-01 8.434360617938296834e-01
1.428947900000000049e+00 6.998281425051650073e-01 8.365573157322605535e-01 8.365573157322605535e-01
1.434986600000000001e+00 6.884660794599153366e-01 8.297385609093477221e-01 8.297385609093477221e-01
1.441029399999999905e+00 6.772779904258326988e-01 8.229690093957564567e-01 8.229690093957564567e-01
1.447068100000000079e+00 6.662755955160103438e-01 8.162570646040439026e-01 8.162570646040439026e-01
1.453110899999999983e+00 6.554417742737027597e-01 8.095935858649713213e-01 8.095935858649713213e-01
1.459149599999999936e+00 6.447902597605960073e-01 8.029883310239296357e-01 8.029883310239296357e-01
1.465192400000000061e+00 6.343067151442963736e-01 7.964337481198899837e-01 7.964337481198899837e-01
1.471231100000000014e+00 6.240064350588609976e-01 7.899407794631575497e-01 7.899407794631575497e-01
1.477273800000000081e+00 6.138774232737709280e-01 7.835033013802628066e-01 7.835033013802628066e-01
1.483316599999999985e+00 6.039287628075800107e-01 7.771285368634843760e-01 7.771285368634843760e-01
1.489355299999999938e+00 5.941698539093185349e-01 7.708241394178820816e-01 7.708241394178820816e-01
1.495398100000000063e+00 5.845901666997246338e-01 7.645849636892715351e-01 7.645849636892715351e-01
1.501436800000000016e+00 5.752052262669196114e-01 7.584228545257055698e-01 7.584228545257055698e-01
1.507479599999999920e+00 5.660043819850949509e-01 7.523326272235538736e-01 7.523326272235538736e-01
1.513518300000000094e+00 5.570015547078258633e-01 7.463253678576293737e-01 7.463253678576293737e-01
1.519561099999999998e+00 5.481851058380600161e-01 7.403952362340401328e-01 7.403952362340401328e-01
1.525603800000000065e+00 5.395609329358688200e-01 7.345481147861375737e-01 7.345481147861375737e-01
1.531642500000000018e+00 5.311328651736990647e-01 7.287886285979625622e-01 7.287886285979625622e-01
1.537685299999999922e+00 5.228868731351898891e-01 7.231091709660374400e-01 7.231091709660374400e-01
1.543724000000000096e+00 5.148302205109426266e-01 7.175167039943687319e-01 7.175167039943687319e-01
1.549766800000000000e+00 5.069468752302214165e-01 7.120020191194835757e-01 7.120020191194835757e-01
1.555805499999999952e+00 4.992413745823456872e-01 7.065701483804319727e-01 7.065701483804319727e-01
1.561848300000000078e+00 4.916961499007949654e-01 7.012104890122472511e-01 7.012104890122472511e-01
1.567887000000000031e+00 4.843135771541838275e-01 6.959264164796331587e-01 6.959264164796331587e-01
1.573929799999999934e+00 4.770752042049223873e-01 6.907063082127760101e-01 6.907063082127760101e-01
1.579972500000000002e+00 4.699774532500231028e-01 6.855490159354202806e-01 6.855490159354202806e-01
1.586011300000000013e+00 4.630158164290243961e-01 6.804526555382265363e-01 6.804526555382265363e-01
1.592054000000000080e+00 4.561726265157705074e-01 6.754055274542625220e-01 6.754055274542625220e-01
1.598092700000000033e+00 4.494485586145312017e-01 6.704092471129341479e-01 6.704092471129341479e-01
1.604135499999999936e+00 4.428269384877632220e-01 6.654524314237368898e-01 6.654524314237368898e-01
1.610174200000000111e+00 4.363099087899205974e-01 6.605375907470525387e-01 6.605375907470525387e-01
1.616217000000000015e+00 4.298827348463798992e-01 6.556544324919796329e-01 6.556544324919796329e-01
1.622259799999999919e+00 4.235450639345029744e-01 6.508033988344736898e-01 6.508033988344736898e-01
1.628298500000000093e+00 4.172974443023903524e-01 6.459856378452932812e-01 6.459856378452932812e-01
1.634341299999999997e+00 4.111288937421456180e-01 6.411933356969219400e-01 6.411933356969219400e-01
1.640379999999999949e+00 4.050464228787747922e-01 6.364325752809757430e-01 6.364325752809757430e-01
1.646422700000000017e+00 3.990415751538138878e-01 6.316973762442059659e-01 6.316973762442059659e-01
1.652461399999999969e+00 3.931229576456103936e-01 6.269951815170594633e-01 6.269951815170594633e-01
1.658504200000000095e+00 3.872840993401144294e-01 6.223215401543757963e-01 6.223215401543757963e-01
1.664546999999999999e+00 3.815311502950392564e-01 6.176820786578151035e-01 6.176820786578151035e-01
1.670585699999999951e+00 3.758704744238789419e-01 6.130827631110492559e-01 6.130827631110492559e-01
1.676628500000000077e+00 3.702971843176972033e-01 6.085204880015933071e-01 6.085204880015933071e-01
1.682667200000000030e+00 3.648216916706136237e-01 6.040047116294818830e-01 6.040047116294818830e-01
1.688709999999999933e+00 3.594392762870818880e-01 5.995325481465387796e-01 5.995325481465387796e-01
1.694748700000000108e+00 3.541596465772060554e-01 5.951131376278010476e-01 5.951131376278010476e-01
1.700791399999999953e+00 3.489776676819886791e-01 5.907433179325760619e-01 5.907433179325760619e-01
1.706830099999999906e+00 3.439015702130704399e-01 5.864312152444397519e-01 5.864312152444397519e-01
1.712872900000000032e+00 3.389252518350927001e-01 5.821728710916480587e-01 5.821728710916480587e-01
1.718915699999999935e+00 3.340521743574877966e-01 5.779724685116824912e-01 5.779724685116824912e-01
1.724954400000000110e+00 3.292847739965765186e-01 5.738334026497381446e-01 5.738334026497381446e-01
1.730997200000000014e+00 3.246150751118900279e-01 5.697500110679156737e-01 5.697500110679156737e-01
1.737035899999999966e+00 3.200472175431132160e-01 5.657271582159665302e-01 5.657271582159665302e-01
1.743078700000000092e+00 3.155721678721352119e-01 5.617581044116187750e-01 5.617581044116187750e-01
1.749117400000000044e+00 3.111926255244117923e-01 5.578464175061195185e-01 5.578464175061195185e-01
1.755160099999999890e+00 3.068988944441956024e-01 5.539845615576264315e-01 5.539845615576264315e-01
1.761202900000000016e+00 3.026896851554977119e-01 5.501724140262738150e-01 5.501724140262738150e-01
1.767241599999999968e+00 2.985634806384229734e-01 5.464096271465419541e-01 5.464096271465419541e-01
1.773284400000000094e+00 2.945102225798380546e-01 5.426879605996783873e-01 5.426879605996783873e-01
1.779323100000000046e+00 2.905309799405139115e-01 5.390092577502857418e-01 5.390092577502857418e-01
1.785365899999999950e+00 2.866160391852594636e-01 5.353653324462273044e-01 5.353653324462273044e-01
1.791404599999999903e+00 2.827666249448000935e-01 5.317580511330318727e-01 5.317580511330318727e-01
1.797447400000000028e+00 2.789737160926873960e-01 5.281796248367475188e-01 5.281796248367475188e-01
1.803486099999999981e+00 2.752390296784119617e-01 5.246322804387963945e-01 5.246322804387963945e-01
1.809528800000000048e+00 2.715545298440456556e-01 5.211089423950098221e-01 5.211089423950098221e-01
1.815571599999999952e+00 2.679200608571039033e-01 5.176099505004747581e-01 5.176099505004747581e-01
1.821610299999999905e+00 2.643359674279329163e-01 5.141361370570375344e-01 5.141361370570375344e-01
1.827653100000000030e+00 2.607957034341074620e-01 5.106816067121543457e-01 5.106816067121543457e-01
1.833691799999999983e+00 2.573028362647730161e-01 5.072502698518484010e-01 5.072502698518484010e-01
1.839734600000000109e+00 2.538518032138147862e-01 5.038370800306531949e-01 5.038370800306531949e-01
1.845773300000000061e+00 2.504468537811785911e-01 5.004466542811317753e-01 5.004466542811317753e-01
1.851816099999999965e+00 2.470832769509547500e-01 4.970747196860395012e-01 4.970747196860395012e-01
1.857858800000000032e+00 2.437636686209279924e-01 4.937242840097375574e-01 4.937242840097375574e-01
1.863897499999999985e+00 2.404905948396239002e-01 4.903984041976726105e-01 4.903984041976726105e-01
1.869940300000000111e+00 2.372603387291985499e-01 4.870937679022372402e-01 4.870937679022372402e-01
1.875979000000000063e+00 2.340781079600237069e-01 4.838161923293015643e-01 4.838161923293015643e-01
1.882021799999999967e+00 2.309405078692735591e-01 4.805626992071623249e-01 4.805626992071623249e-01
1.888060499999999919e+00 2.278527728762272386e-01 4.773392639163755446e-01 4.773392639163755446e-01
1.894103300000000045e+00 2.248116897417674898e-01 4.741431110348092726e-01 4.741431110348092726e-01
1.900146099999999949e+00 2.218203060575766883e-01 4.709780313959205378e-01 4.709780313959205378e-01
1.906184799999999901e+00 2.188814442425822404e-01 4.678476720499763486e-01 4.678476720499763486e-01
1.912227600000000027e+00 2.159918247910488087e-01 4.647492063371908566e-01 4.647492063371908566e-01
1.918266299999999980e+00 2.131559078230868542e-01 4.616881066511101528e-01 4.616881066511101528e-01
1.924309000000000047e+00 2.103702206046687284e-01 4.586613354149973731e-01 4.586613354149973731e-01
1.930347700000000000e+00 2.076385461396837440e-01 4.556737277259725327e-01 4.556737277259725327e-01
1.936390499999999903e+00 2.049570542137129081e-01 4.527218287356076787e-01 4.527218287356076787e-01
1.942429200000000078e+00 2.023289354253371419e-01 4.498098880919995102e-01 4.498098880919995102e-01
1.948471999999999982e+00 1.997498798275796350e-01 4.469338651608083524e-01 4.469338651608083524e-01
1.954514800000000108e+00 1.972206513779010406e-01 4.440953178968463644e-01 4.440953178968463644e-01
1.960553500000000060e+00 1.947415882893406558e-01 4.412953526713607189e-01 4.412953526713607189e-01
1.966596299999999964e+00 1.923077199517852220e-01 4.385290411726288640e-01 4.385290411726288640e-01
1.972634999999999916e+00 1.899204943365367659e-01 4.357986855608180776e-01 4.357986855608180776e-01
1.978677699999999984e+00 1.875746329968962789e-01 4.330988720799169855e-01 4.330988720799169855e-01
1.984716399999999936e+00 1.852709916453814942e-01 4.304311694631111074e-01 4.304311694631111074e-01
1.990759200000000062e+00 1.830041023904515340e-01 4.277897876182313874e-01 4.277897876182313874e-01
1.996801999999999966e+00 1.807730920562561627e-01 4.251741902517792160e-01 4.251741902517792160e-01
2.002840700000000140e+00 1.785769807465111547e-01 4.225836967353463480e-01 4.225836967353463480e-01
2.008883500000000044e+00 1.764103819235836035e-01 4.200123592509911186e-01 4.200123592509911186e-01
2.014922199999999997e+00 1.742739516117168819e-01 4.174613175034507240e-01 4.174613175034507240e-01
2.020964999999999900e+00 1.721626826749020345e-01 4.149249120924194956e-01 4.149249120924194956e-01
2.027003699999999853e+00 1.700775725714102349e-01 4.124046223933604538e-01 4.124046223933604538e-01
2.033046399999999920e+00 1.680142410199679803e-01 4.098954025357786080e-01 4.098954025357786080e-01
2.039085099999999873e+00 1.659741641430851899e-01 4.073992687071065211e-01 4.073992687071065211e-01
2.045127900000000221e+00 1.639537036975117767e-01 4.049119703065244824e-01 4.049119703065244824e-01
2.051170700000000124e+00 1.619537189156970980e-01 4.024347387039258761e-01 4.024347387039258761e-01
2.057209400000000077e+00 1.599753836633905635e-01 3.999692283956236549e-01 3.999692283956236549e-01
2.063252199999999981e+00 1.580162062389564581e-01 3.975125233737378250e-01 3.975125233737378250e-01
2.069290899999999933e+00 1.560793689308616616e-01 3.950688154370851635e-01 3.950688154370851635e-01
2.075333699999999837e+00 1.541630546908812349e-01 3.926360333577156858e-01 3.926360333577156858e-01
2.081372399999999789e+00 1.522709125836241018e-01 3.902190571763815008e-01 3.902190571763815008e-01
2.087415099999999857e+00 1.504016285706830103e-01 3.878164882656267576e-01 3.878164882656267576e-01
2.093457900000000205e+00 1.485577652710060315e-01 3.854319204100848939e-01 3.854319204100848939e-01
2.099496600000000157e+00 1.467419435844481979e-01 3.830691107156098951e-01 3.830691107156098951e-01
2.105539400000000061e+00 1.449530247051743492e-01 3.807269687127172175e-01 3.807269687127172175e-01
2.111578100000000013e+00 1.431946528577191791e-01 3.784106933712618748e-01 3.784106933712618748e-01
2.117620899999999917e+00 1.414654839846362366e-01 3.761189758369500868e-01 3.761189758369500868e-01
2.123659599999999870e+00 1.397686765994941571e-01 3.738564919852190305e-01 3.738564919852190305e-01
2.129702400000000218e+00 1.381024624496267894e-01 3.716213966520587331e-01 3.716213966520587331e-01
2.135741100000000170e+00 1.364693277441684227e-01 3.694175520250336242e-01 3.694175520250336242e-01
2.141783799999999793e+00 1.348669762594086885e-01 3.672423944201005375e-01 3.672423944201005375e-01
2.147826600000000141e+00 1.332960340481721406e-01 3.650972939480271462e-01 3.650972939480271462e-01
2.153865300000000094e+00 1.317567954639465300e-01 3.629831889550073076e-01 3.629831889550073076e-01
2.159908099999999997e+00 1.302460998477290022e-01 3.608962452668758591e-01 3.608962452668758591e-01
2.165946799999999950e+00 1.287646594800329058e-01 3.588379292661701414e-01 3.588379292661701414e-01
2.171989599999999854e+00 1.273089011768024081e-01 3.568037292080933343e-01 3.568037292080933343e-01
2.178028299999999806e+00 1.258790719607664199e-01 3.547944080178919712e-01 3.547944080178919712e-01
2.184071100000000154e+00 1.244713917067708786e-01 3.528050335621232270e-01 3.528050335621232270e-01
2.190113800000000222e+00 1.230849769666994414e-01 3.508346860940341205e-01 3.508346860940341205e-01
2.196152600000000010e+00 1.217188129350902093e-01 3.488822336191543805e-01 3.488822336191543805e-01
2.202195300000000078e+00 1.203693461790359270e-01 3.469428572244079856e-01 3.469428572244079856e-01
2.208234000000000030e+00 1.190366865099759530e-01 3.450169365552595013e-01 3.450169365552595013e-01
2.214276799999999934e+00 1.177175727770056607e-01 3.430999457548858933e-01 3.430999457548858933e-01
2.220315499999999886e+00 1.164125427126693479e-01 3.411928233604413774e-01 3.411928233604413774e-01
2.226358299999999790e+00 1.151188200346860979e-01 3.392916445105686463e-01 3.392916445105686463e-01
2.232401100000000138e+00 1.138365573140097536e-01 3.373967357785337962e-01 3.373967357785337962e-01
2.238439800000000091e+00 1.125661486857557486e-01 3.355087907726945762e-01 3.355087907726945762e-01
2.244482599999999994e+00 1.113056723851082869e-01 3.336250475985103603e-01 3.336250475985103603e-01
2.250521299999999947e+00 1.100568945823017369e-01 3.317482397576537734e-01 3.317482397576537734e-01
2.256564000000000014e+00 1.088184236423417606e-01 3.298763763023077611e-01 3.298763763023077611e-01
2.262602699999999967e+00 1.075923782510368881e-01 3.280127714754974000e-01 3.280127714754974000e-01
2.268645499999999871e+00 1.063777515437833582e-01 3.261560233136640563e-01 3.261560233136640563e-01
2.274684199999999823e+00 1.051769446252491386e-01 3.243099514742788791e-01 3.243099514742788791e-01
2.280727000000000171e+00 1.039891529831923761e-01 3.224734919077727469e-01 3.224734919077727469e-01
2.286769800000000075e+00 1.028160519172945653e-01 3.206494221377836351e-01 3.206494221377836351e-01
2.292808500000000027e+00 1.016592640779992451e-01 3.188404994319248287e-01 3.188404994319248287e-01
2.298851299999999931e+00 1.005180097296030778e-01 3.170457533694515107e-01 3.170457533694515107e-01
2.304889999999999883e+00 9.939454315101424464e-02 3.152690012529208996e-01 3.152690012529208996e-01
2.310932699999999951e+00 9.828795031389893355e-02 3.135090912779068817e-01 3.135090912779068817e-01
2.316971399999999903e+00 9.720015452540813061e-02 3.117693931825382681e-01 3.117693931825382681e-01
2.323014199999999807e+00 9.613000589183534617e-02 3.100483928225323815e-01 3.100483928225323815e-01
2.329057000000000155e+00 9.507839937166147337e-02 3.083478544949866951e-01 3.083478544949866951e-01
2.335095700000000107e+00 9.404601860493527754e-02 3.066692332219443373e-01 3.066692332219443373e-01
2.341138500000000011e+00 9.303129281615833690e-02 3.050103159176068557e-01 3.050103159176068557e-01
2.347177199999999964e+00 9.203528078391845502e-02 3.033731708373673119e-01 3.033731708373673119e-01
2.353219999999999867e+00 9.105617444986646714e-02 3.017551564594488922e-01 3.017551564594488922e-01
2.359258699999999820e+00 9.009472615179206501e-02 3.001578353996311455e-01 3.001578353996311455e-01
2.365301399999999887e+00 8.914896607313942123e-02 2.985782411247333568e-01 2.985782411247333568e-01
2.371340099999999840e+00 8.821938418072339250e-02 2.970174812712602086e-01 2.970174812712602086e-01
2.377382900000000188e+00 8.730390882001155817e-02 2.954723486555240197e-01 2.954723486555240197e-01
2.383425700000000091e+00 8.640230927417869022e-02 2.939426972628826906e-01 2.939426972628826906e-01
2.389464400000000044e+00 8.551429629428651535e-02 2.924282754698774300e-01 2.924282754698774300e-01
2.395507199999999948e+00 8.463777536425229342e-02 2.909257213864946401e-01 2.909257213864946401e-01
2.401545899999999900e+00 8.377306532665566852e-02 2.894357706411833098e-01 2.894357706411833098e-01
2.407588699999999804e+00 8.291815503906033169e-02 2.879551267803029391e-01 2.879551267803029391e-01
2.413627400000000200e+00 8.207341837519513406e-02 2.864845866276144459e-01 2.864845866276144459e-01
2.419670099999999824e+00 8.123699903793504817e-02 2.850210501663605900e-01 2.850210501663605900e-01
2.425712900000000172e+00 8.040879888204582882e-02 2.835644527828652950e-01 2.835644527828652950e-01
2.431751600000000124e+00 7.958882560637582648e-02 2.821149156042193629e-01 2.821149156042193629e-01
2.437794400000000028e+00 7.877550093814368604e-02 2.806697364130014138e-01 2.806697364130014138e-01
2.443833099999999980e+00 7.796956609327364285e-02 2.792303101263787224e-01 2.792303101263787224e-01
2.449875899999999884e+00 7.716967065166804862e-02 2.777942955707838890e-01 2.777942955707838890e-01
2.455914599999999837e+00 7.637675344350226825e-02 2.763634444775616150e-01 2.763634444775616150e-01
2.461957400000000185e+00 7.558970049976920791e-02 2.749358115993062457e-01 2.749358115993062457e-01
2.468000099999999808e+00 7.480913519428822323e-02 2.735125869028484646e-01 2.735125869028484646e-01
2.474038800000000204e+00 7.403572683736073246e-02 2.720950694837389605e-01 2.720950694837389605e-01
2.480081600000000108e+00 7.326870504456413358e-02 2.706819259658171939e-01 2.706819259658171939e-01
2.486120300000000061e+00 7.250946136805548614e-02 2.692758091029632261e-01 2.692758091029632261e-01
2.492163099999999964e+00 7.175738686120847198e-02 2.678756929271643994e-01 2.678756929271643994e-01
2.498201799999999917e+00 7.101397896773317675e-02 2.664844816640045688e-01 2.664844816640045688e-01
2.504244599999999821e+00 7.027874281443984017e-02 2.651013821435864171e-01 2.651013821435864171e-01
2.510283300000000217e+00 6.955320766485428852e-02 2.637294213106575191e-01 2.637294213106575191e-01
2.516326100000000121e+00 6.883691660716165228e-02 2.623679031573062925e-01 2.623679031573062925e-01
2.522368900000000025e+00 6.813086844111113094e-02 2.610189043749726601e-01 2.610189043749726601e-01
2.528407599999999977e+00 6.743598688801455410e-02 2.596843986226637924e-01 2.596843986226637924e-01
2.534450300000000045e+00 6.675172683384858474e-02 2.583635555449889654e-01 2.583635555449889654e-01
2.540488999999999997e+00 6.607929391236128103e-02 2.570589308161871367e-01 2.570589308161871367e-01
2.546531799999999901e+00 6.541798272138653336e-02 2.557693936368981014e-01 2.557693936368981014e-01
2.552570499999999853e+00 6.476877000847330867e-02 2.544970923379544225e-01 2.544970923379544225e-01
2.558613300000000201e+00 6.413072769070445045e-02 2.532404542933542890e-01 2.532404542933542890e-01
2.564656100000000105e+00 6.350412345779946066e-02 2.520002449558322311e-01 2.520002449558322311e-01
2.570694800000000058e+00 6.288906405309278858e-02 2.507769208940344163e-01 2.507769208940344163e-01
2.576737599999999961e+00 6.228428284396098080e-02 2.495681927729593019e-01 2.495681927729593019e-01
2.582776299999999914e+00 6.169005572063507303e-02 2.483748290802332281e-01 2.483748290802332281e-01
2.588818999999999981e+00 6.110494161228845200e-02 2.471941374957918602e-01 2.471941374957918602e-01
2.594857699999999934e+00 6.052899315025219579e-02 2.460264074245937516e-01 2.460264074245937516e-01
2.600900499999999838e+00 5.996065954704681705e-02 2.448686577474684101e-01 2.448686577474684101e-01
2.606939199999999790e+00 5.939990421630355483e-02 2.437209556363661433e-01 2.437209556363661433e-01
2.612982000000000138e+00 5.884515436818311268e-02 2.425802019295538459e-01 2.425802019295538459e-01
2.619024800000000042e+00 5.829600620211608519e-02 2.414456589009545406e-01 2.414456589009545406e-01
2.625063499999999994e+00 5.775209252066286492e-02 2.403166505273050535e-01 2.403166505273050535e-01
2.631106299999999898e+00 5.721201700153328434e-02 2.391903363464613075e-01 2.391903363464613075e-01
2.637144999999999850e+00 5.667595409554417041e-02 2.380671209880612094e-01 2.380671209880612094e-01
2.643187699999999918e+00 5.614274252023193634e-02 2.369445979975739747e-01 2.369445979975739747e-01
2.649226399999999870e+00 5.561277626672558178e-02 2.358236126148642864e-01 2.358236126148642864e-01
2.655269200000000218e+00 5.508517004784087290e-02 2.347023009001847627e-01 2.347023009001847627e-01
2.661312000000000122e+00 5.456024994492478936e-02 2.335813561586728704e-01 2.335813561586728704e-01
2.667350700000000074e+00 5.403847078207955901e-02 2.324617619783510836e-01 2.324617619783510836e-01
2.673393499999999978e+00 5.351935237951392643e-02 2.313425001583451490e-01 2.313425001583451490e-01
2.679432199999999931e+00 5.300393967965486008e-02 2.302258449428622733e-01 2.302258449428622733e-01
2.685474999999999834e+00 5.249196725385688739e-02 2.291112551880786219e-01 2.291112551880786219e-01
2.691513699999999787e+00 5.198463510762216938e-02 2.280013927756191772e-01 2.280013927756191772e-01
2.697556399999999854e+00 5.148181471037284462e-02 2.268960438402856938e-01 2.268960438402856938e-01
2.703599200000000202e+00 5.098440791985726916e-02 2.257972717281085118e-01 2.257972717281085118e-01
2.709637900000000155e+00 5.049332052924319220e-02 2.247071884236087058e-01 2.247071884236087058e-01
2.715680700000000058e+00 5.000841963065690704e-02 2.236256238239636707e-01 2.236256238239636707e-01
2.721719400000000011e+00 4.953084135613923522e-02 2.225552546136335130e-01 2.225552546136335130e-01
2.727762199999999915e+00 4.906033988894644565e-02 2.214956881949317891e-01 2.214956881949317891e-01
2.733800899999999867e+00 4.859786354645747458e-02 2.204492312221965344e-01 2.204492312221965344e-01
2.739843700000000215e+00 4.814298961244817265e-02 2.194151079858635833e-01 2.194151079858635833e-01
2.745882400000000167e+00 4.769642817962220505e-02 2.183951194043085853e-01 2.183951194043085853e-01
2.751925099999999791e+00 4.725755801621123187e-02 2.173880355866238401e-01 2.173880355866238401e-01
2.757967900000000139e+00 4.682653569302371033e-02 2.163943984788508912e-01 2.163943984788508912e-01
2.764006600000000091e+00 4.640341248435001648e-02 2.154145131701901417e-01 2.154145131701901417e-01
2.770049399999999995e+00 4.598727809755225743e-02 2.144464457563991788e-01 2.144464457563991788e-01
2.776088099999999947e+00 4.557828110481369766e-02 2.134907049611614871e-01 2.134907049611614871e-01
2.782130899999999851e+00 4.517538579818342753e-02 2.125450206384130458e-01 2.125450206384130458e-01
2.788169599999999804e+00 4.477861394350191732e-02 2.116095790447632685e-01 2.116095790447632685e-01
2.794212400000000152e+00 4.438687587435613535e-02 2.106819305834179423e-01 2.106819305834179423e-01
2.800255100000000219e+00 4.399989231785896016e-02 2.097615129566407499e-01 2.097615129566407499e-01
2.806293900000000008e+00 4.361735880733810800e-02 2.088476928465768656e-01 2.088476928465768656e-01
2.812336600000000075e+00 4.323826837276123491e-02 2.079381359269175389e-01 2.079381359269175389e-01
2.818375300000000028e+00 4.286264993374571536e-02 2.070329682290859563e-01 2.070329682290859563e-01
2.824418099999999932e+00 4.248959122885388739e-02 2.061300347568347235e-01 2.061300347568347235e-01
2.830456799999999884e+00 4.211925850660420967e-02 2.052297700300914074e-01 2.052297700300914074e-01
2.836499599999999788e+00 4.175088337147334766e-02 2.043303290543852235e-01 2.043303290543852235e-01
2.842538300000000184e+00 4.138477853047409921e-02 2.034324913342853980e-01 2.034324913342853980e-01
2.848581100000000088e+00 4.102033802278765712e-02 2.025347822542776510e-01 2.025347822542776510e-01
2.854623899999999992e+00 4.065777828378969172e-02 2.016377402268476338e-01 2.016377402268476338e-01
2.860662599999999944e+00 4.029738166931497167e-02 2.007420774758370552e-01 2.007420774758370552e-01
2.866705300000000012e+00 3.993876704288807505e-02 1.998468589767877224e-01 1.998468589767877224e-01
2.872743999999999964e+00 3.958256669970662556e-02 1.989536797842820226e-01 1.989536797842820226e-01
2.878786799999999868e+00 3.922850605498456183e-02 1.980618743094807732e-01 1.980618743094807732e-01
2.884825499999999820e+00 3.887730343553756629e-02 1.971732827629990303e-01 1.971732827629990303e-01
2.890868300000000168e+00 3.852874414343836901e-02 1.962874018969082146e-01 1.962874018969082146e-01
2.896911100000000072e+00 3.818334332131860520e-02 1.954055867198238594e-01 1.954055867198238594e-01
2.902949800000000025e+00 3.784161069950125328e-02 1.945292026907560479e-01 1.945292026907560479e-01
2.908992599999999928e+00 3.750335462943786557e-02 1.936578287326331249e-01 1.936578287326331249e-01
2.915031299999999881e+00 3.716929124729706491e-02 1.927933900508445042e-01 1.927933900508445042e-01
2.921073999999999948e+00 3.683920706375704013e-02 1.919354242024046975e-01 1.919354242024046975e-01
2.927112699999999901e+00 3.651374444307132344e-02 1.910856992112997532e-01 1.910856992112997532e-01
2.933155499999999805e+00 3.619263793740679774e-02 1.902436278496780486e-01 1.902436278496780486e-01
2.939198300000000152e+00 3.587624229349190008e-02 1.894102486495699011e-01 1.894102486495699011e-01
2.945237000000000105e+00 3.556485748812963921e-02 1.885864721769025532e-01 1.885864721769025532e-01
2.951279800000000009e+00 3.525810666489293671e-02 1.877714213209585870e-01 1.877714213209585870e-01
2.957318499999999961e+00 3.495640670533050470e-02 1.869663250570286761e-01 1.869663250570286761e-01
2.963361299999999865e+00 3.465930297532335280e-02 1.861700915166648040e-01 1.861700915166648040e-01
2.969399999999999817e+00 3.436710887895762928e-02 1.853836801850627658e-01 1.853836801850627658e-01
2.975442699999999885e+00 3.407929922712757409e-02 1.846057941320574380e-01 1.846057941320574380e-01
2.981481399999999837e+00 3.379608125993181084e-02 1.838371052315930232e-01 1.838371052315930232e-01
2.987524200000000185e+00 3.351686381366504597e-02 1.830761148092919510e-01 1.830761148092919510e-01
2.993567000000000089e+00 3.324159599307865975e-02 1.823227796877797124e-01 1.823227796877797124e-01
2.999605700000000041e+00 3.297018823702339146e-02 1.815769485287804796e-01 1.815769485287804796e-01
3.005648499999999945e+00 3.270197756602927913e-02 1.808368811001485887e-01 1.808368811001485887e-01
3.011687199999999898e+00 3.243701868494740237e-02 1.801028003251126663e-01 1.801028003251126663e-01
3.017729999999999801e+00 3.217463470713255447e-02 1.793728928994917926e-01 1.793728928994917926e-01
3.023768700000000198e+00 3.191486541139583466e-02 1.786473213104406987e-01 1.786473213104406987e-01
3.029811399999999821e+00 3.165705476558346859e-02 1.779242950402880330e-01 1.779242950402880330e-01
3.035854200000000169e+00 3.140108135056870337e-02 1.772035026475738129e-01 1.772035026475738129e-01
3.041892900000000122e+00 3.114685770609176840e-02 1.764847237187733842e-01 1.764847237187733842e-01
3.047935700000000026e+00 3.089380915120140680e-02 1.757663481762120616e-01 1.757663481762120616e-01
3.053974399999999978e+00 3.064209136812683434e-02 1.750488256690882205e-01 1.750488256690882205e-01
3.060017199999999882e+00 3.039122255288072977e-02 1.743307848685387296e-01 1.743307848685387296e-01
3.066055899999999834e+00 3.014145599315944460e-02 1.736129488061286530e-01 1.736129488061286530e-01
3.072098700000000182e+00 2.989242133269645954e-02 1.728942489867620058e-01 1.728942489867620058e-01
3.078137400000000135e+00 2.964448266404090537e-02 1.721757319253817142e-01 1.721757319253817142e-01
3.084180100000000202e+00 2.939739024841042311e-02 1.714566716357529830e-01 1.714566716357529830e-01
3.090222900000000106e+00 2.915144135126443090e-02 1.707379317880605984e-01 1.707379317880605984e-01
3.096261600000000058e+00 2.890699126240022301e-02 1.700205612930395516e-01 1.700205612930395516e-01
3.102304399999999962e+00 2.866393557820357332e-02 1.693042692261585436e-01 1.693042692261585436e-01
3.108343099999999914e+00 2.842286455157790048e-02 1.685908198911728884e-01 1.685908198911728884e-01
3.114385899999999818e+00 2.818373431344266614e-02 1.678801188748764994e-01 1.678801188748764994e-01
3.120424600000000215e+00 2.794716394643593019e-02 1.671740528504227219e-01 1.671740528504227219e-01
3.126467400000000119e+00 2.771312628959221591e-02 1.664725992155832723e-01 1.664725992155832723e-01
3.132510200000000022e+00 2.748206393772716083e-02 1.657771514344698882e-01 1.657771514344698882e-01
3.138548899999999975e+00 2.725438630013218150e-02 1.650890253776191585e-01 1.650890253776191585e-01
3.144591600000000042e+00 2.703000742369702711e-02 1.644080515780690921e-01 1.644080515780690921e-01
3.150630299999999995e+00 2.680939760219063980e-02 1.637357554176565311e-01 1.637357554176565311e-01
3.156673099999999899e+00 2.659238022481707348e-02 1.630717027102405459e-01 1.630717027102405459e-01
3.162711799999999851e+00 2.637930887262560087e-02 1.624170830689481426e-01 1.624170830689481426e-01
3.168754600000000199e+00 2.616988983650669551e-02 1.617711032184261655e-01 1.617711032184261655e-01
3.174797400000000103e+00 2.596420029302323393e-02 1.611341065480031698e-01 1.611341065480031698e-01
3.180836100000000055e+00 2.576224479678296264e-02 1.605062141998962189e-01 1.605062141998962189e-01
3.186878899999999959e+00 2.556355967734708773e-02 1.598860834386379159e-01 1.598860834386379159e-01
3.192917599999999911e+00 2.536817403937854237e-02 1.592738962899399313e-01 1.592738962899399313e-01
3.198960299999999979e+00 2.517554266280247130e-02 1.586680265926392330e-01 1.586680265926392330e-01
3.204998999999999931e+00 2.498560612103301048e-02 1.580683590129062233e-01 1.580683590129062233e-01
3.211041799999999835e+00 2.479777521835064766e-02 1.574730936330097364e-01 1.574730936330097364e-01
3.217080499999999788e+00 2.461196355881964046e-02 1.568820052103479523e-01 1.568820052103479523e-01
3.223123300000000135e+00 2.442758295964892953e-02 1.562932594824515409e-01 1.562932594824515409e-01
3.229166100000000039e+00 2.424444228543881988e-02 1.557062692554118666e-01 1.557062692554118666e-01
3.235204799999999992e+00 2.406237667007233086e-02 1.551205230460248607e-01 1.551205230460248607e-01
3.241247599999999895e+00 2.388089057587404820e-02 1.545344316839261933e-01 1.545344316839261933e-01
3.247286299999999848e+00 2.370003015452434164e-02 1.539481411207174744e-01 1.539481411207174744e-01
3.253328999999999915e+00 2.351940661305227526e-02 1.533603814974789092e-01 1.533603814974789092e-01
3.259367699999999868e+00 2.333917082958820652e-02 1.527716296620161285e-01 1.527716296620161285e-01
3.265410500000000216e+00 2.315905184027156755e-02 1.521809838326443620e-01 1.521809838326443620e-01
3.271453300000000119e+00 2.297920082743048695e-02 1.515889205299334741e-01 1.515889205299334741e-01
3.277492000000000072e+00 2.279982259030849390e-02 1.509961012420800719e-01 1.509961012420800719e-01
3.283534799999999976e+00 2.262080538329403964e-02 1.504021455408600105e-01 1.504021455408600105e-01
3.289573499999999928e+00 2.244256507570829839e-02 1.498084279194875634e-01 1.498084279194875634e-01
3.295616299999999832e+00 2.226506513290971156e-02 1.492148287969721487e-01 1.492148287969721487e-01
3.301654999999999784e+00 2.208877426148677867e-02 1.486229264329254895e-01 1.486229264329254895e-01
3.307697699999999852e+00 2.191369618753699969e-02 1.480327537659723580e-01 1.480327537659723580e-01
3.313736399999999804e+00 2.174030446394709451e-02 1.474459374277470314e-01 1.474459374277470314e-01
3.319779200000000152e+00 2.156860026475522149e-02 1.468625216478159912e-01 1.468625216478159912e-01
3.325822000000000056e+00 2.139891820433895489e-02 1.462836908350994281e-01 1.462836908350994281e-01
3.331860700000000008e+00 2.123156182419856999e-02 1.457105412253985599e-01 1.457105412253985599e-01
3.337903499999999912e+00 2.106646218541431345e-02 1.451429026353487084e-01 1.451429026353487084e-01
3.343942199999999865e+00 2.090396419212752974e-02 1.445820327431023844e-01 1.445820327431023844e-01
3.349985000000000213e+00 2.074392748865001510e-02 1.440275233719236492e-01 1.440275233719236492e-01
3.356023700000000165e+00 2.058660725815776929e-02 1.434803375315160390e-01 1.434803375315160390e-01
3.362066399999999788e+00 2.043178833976445549e-02 1.429398067011581341e-01 1.429398067011581341e-01
3.368109200000000136e+00 2.027952879543923684e-02 1.424062105227129338e-01 1.424062105227129338e-01
3.374147900000000089e+00 2.012985016459873169e-02 1.418797031453009894e-01 1.418797031453009894e-01
3.380190699999999993e+00 1.998243437488192442e-02 1.413592387319694277e-01 1.413592387319694277e-01
3.386229399999999945e+00 1.983733895997809651e-02 1.408450885191886992e-01 1.408450885191886992e-01
3.392272199999999849e+00 1.969420228835206191e-02 1.403360334637973883e-01 1.403360334637973883e-01
3.398310899999999801e+00 1.955303839578177022e-02 1.398321794001000651e-01 1.398321794001000651e-01
3.404353700000000149e+00 1.941346579359384469e-02 1.393322137683667417e-01 1.393322137683667417e-01
3.410392400000000102e+00 1.927548099667971554e-02 1.388361660255702790e-01 1.388361660255702790e-01
3.416435200000000005e+00 1.913870616159308452e-02 1.383427127158965431e-01 1.383427127158965431e-01
3.422477900000000073e+00 1.900305503705424295e-02 1.378515688596043676e-01 1.378515688596043676e-01
3.428516600000000025e+00 1.886844421044327896e-02 1.373624556072119696e-01 1.373624556072119696e-01
3.434559399999999929e+00 1.873453979977816181e-02 1.368741750651968625e-01 1.368741750651968625e-01
3.440598099999999882e+00 1.860139008560290561e-02 1.363869131757255715e-01 1.363869131757255715e-01
3.446640899999999785e+00 1.846870294896411913e-02 1.358996061398417832e-01 1.358996061398417832e-01
3.452679600000000182e+00 1.833657111812696250e-02 1.354125958621536785e-01 1.354125958621536785e-01
3.458722400000000086e+00 1.820475263224536483e-02 1.349249889095617549e-01 1.349249889095617549e-01
3.464765199999999989e+00 1.807329995896525890e-02 1.344369739281766896e-01 1.344369739281766896e-01
3.470803899999999942e+00 1.794228942296062848e-02 1.339488313609365766e-01 1.339488313609365766e-01
3.476846600000000009e+00 1.781155682148470240e-02 1.334599446331546369e-01 1.334599446331546369e-01
3.482885299999999962e+00 1.768130946950345964e-02 1.329710850880876927e-01 1.329710850880876927e-01
3.488928099999999866e+00 1.755142794774973425e-02 1.324818023267713973e-01 1.324818023267713973e-01
3.494966799999999818e+00 1.742216263302292373e-02 1.319930400931159931e-01 1.319930400931159931e-01
3.501009600000000166e+00 1.729342868311023462e-02 1.315044816084616763e-01 1.315044816084616763e-01
3.507052400000000070e+00 1.716541856093256602e-02 1.310168636509536078e-01 1.310168636509536078e-01
3.513091100000000022e+00 1.703833351251504008e-02 1.305309676380093376e-01 1.305309676380093376e-01
3.519133899999999926e+00 1.691212367356504168e-02 1.300466211539732519e-01 1.300466211539732519e-01
3.525172599999999878e+00 1.678708692262283544e-02 1.295649911149722444e-01 1.295649911149722444e-01
3.531215299999999946e+00 1.666318260912472496e-02 1.290859504714774453e-01 1.290859504714774453e-01
3.537253999999999898e+00 1.654069834998362146e-02 1.286106463321898541e-01 1.286106463321898541e-01
3.543296799999999802e+00 1.641958633809342122e-02 1.281389337324664313e-01 1.281389337324664313e-01
3.549335500000000199e+00 1.630011624098695946e-02 1.276719085820642030e-01 1.276719085820642030e-01
3.555378300000000102e+00 1.618221653638969582e-02 1.272093413880824031e-01 1.272093413880824031e-01
3.561421100000000006e+00 1.606604149870866083e-02 1.267518895271729784e-01 1.267518895271729784e-01
3.567459799999999959e+00 1.595171956090327484e-02 1.263001170264828887e-01 1.263001170264828887e-01
3.573502599999999862e+00 1.583912316241630272e-02 1.258535782662388303e-01 1.258535782662388303e-01
3.579541299999999815e+00 1.572840714884665703e-02 1.254129464961518947e-01 1.254129464961518947e-01
3.585583999999999882e+00 1.561939824837784048e-02 1.249775909848555161e-01 1.249775909848555161e-01
3.591622699999999835e+00 1.551218903532871826e-02 1.245479387036522445e-01 1.245479387036522445e-01
3.597665500000000183e+00 1.540655751590362839e-02 1.241231546324199214e-01 1.241231546324199214e-01
3.603708300000000087e+00 1.530247393040174049e-02 1.237031686352525889e-01 1.237031686352525889e-01
3.609747000000000039e+00 1.519988207074900524e-02 1.232878017921846397e-01 1.232878017921846397e-01
3.615789799999999943e+00 1.509849852997621929e-02 1.228759477276827328e-01 1.228759477276827328e-01
3.621828499999999895e+00 1.499830252959730680e-02 1.224675570491928628e-01 1.224675570491928628e-01
3.627871299999999799e+00 1.489899018328346390e-02 1.220614197168108650e-01 1.220614197168108650e-01
3.633910000000000196e+00 1.480052486456383265e-02 1.216574077669084347e-01 1.216574077669084347e-01
3.639952699999999819e+00 1.470260516972505573e-02 1.212542995927363282e-01 1.212542995927363282e-01
3.645991400000000215e+00 1.460519985913786428e-02 1.208519749906382945e-01 1.208519749906382945e-01
3.652034200000000119e+00 1.450803146300099281e-02 1.204492900062137939e-01 1.204492900062137939e-01
3.658077000000000023e+00 1.441103905358926893e-02 1.200459872448440823e-01 1.200459872448440823e-01
3.664115699999999975e+00 1.431418576642929513e-02 1.196419063975047853e-01 1.196419063975047853e-01
3.670158499999999879e+00 1.421726605756698514e-02 1.192361776373554588e-01 1.192361776373554588e-01
3.676197199999999832e+00 1.412036889166501039e-02 1.188291584236167570e-01 1.188291584236167570e-01
3.682240000000000180e+00 1.402335320593657217e-02 1.184202398491768504e-01 1.184202398491768504e-01
3.688278700000000132e+00 1.392637459718458481e-02 1.180100614235268658e-01 1.180100614235268658e-01
3.694321400000000200e+00 1.382935938706658652e-02 1.175982967013833314e-01 1.175982967013833314e-01
3.700364200000000103e+00 1.373245672646578562e-02 1.171855653502844458e-01 1.171855653502844458e-01
3.706402900000000056e+00 1.363584670134907438e-02 1.167726282197548010e-01 1.167726282197548010e-01
3.712445699999999960e+00 1.353953275510136681e-02 1.163594979153028397e-01 1.163594979153028397e-01
3.718484399999999912e+00 1.344379611924872119e-02 1.159473851332953609e-01 1.159473851332953609e-01
3.724527199999999816e+00 1.334866716360351251e-02 1.155364321917701914e-01 1.155364321917701914e-01
3.730565900000000212e+00 1.325443815895819416e-02 1.151279208487593353e-01 1.151279208487593353e-01
3.736608700000000116e+00 1.316114058768948561e-02 1.147220143986736607e-01 1.147220143986736607e-01
3.742651500000000020e+00 1.306898769655564715e-02 1.143196732699829216e-01 1.143196732699829216e-01
3.748690199999999972e+00 1.297817290460760026e-02 1.139217841530214131e-01 1.139217841530214131e-01
3.754732900000000040e+00 1.288868434338856853e-02 1.135283415865332157e-01 1.135283415865332157e-01
3.760771599999999992e+00 1.280072377691192365e-02 1.131402836168971388e-01 1.131402836168971388e-01
3.766814399999999896e+00 1.271422671807226172e-02 1.127573798829693552e-01 1.127573798829693552e-01
3.772853099999999849e+00 1.262933208642180033e-02 1.123803011493642590e-01 1.123803011493642590e-01
3.778895900000000196e+00 1.254591363182172917e-02 1.120085426734127726e-01 1.120085426734127726e-01
3.784934600000000149e+00 1.246404181391974099e-02 1.116424731628592182e-01 1.116424731628592182e-01
3.790977400000000053e+00 1.238353291218457185e-02 1.112813232855566492e-01 1.112813232855566492e-01
3.797020199999999956e+00 1.230434386976282830e-02 1.109249470126663084e-01 1.109249470126663084e-01
3.803058899999999909e+00 1.222640577464473993e-02 1.105730788874251247e-01 1.105730788874251247e-01
3.809101599999999976e+00 1.214947545384551311e-02 1.102246590098854145e-01 1.102246590098854145e-01
3.815140299999999929e+00 1.207350470778715407e-02 1.098795008533764439e-01 1.098795008533764439e-01
3.821183099999999833e+00 1.199823584370963980e-02 1.095364589701056518e-01 1.095364589701056518e-01
3.827221799999999785e+00 1.192361570366204208e-02 1.091953098977334335e-01 1.091953098977334335e-01
3.833264600000000133e+00 1.184939369106230607e-02 1.088549203805795201e-01 1.088549203805795201e-01
3.839307400000000037e+00 1.177548281852863928e-02 1.085148967585954916e-01 1.085148967585954916e-01
3.845346099999999989e+00 1.170181143707940165e-02 1.081749113107073473e-01 1.081749113107073473e-01
3.851388899999999893e+00 1.162817799383639161e-02 1.078340298506755834e-01 1.078340298506755834e-01
3.857427599999999845e+00 1.155460390611307182e-02 1.074923434767010300e-01 1.074923434767010300e-01
3.863470299999999913e+00 1.148093671460170308e-02 1.071491330557634708e-01 1.071491330557634708e-01
3.869508999999999865e+00 1.140724580258997006e-02 1.068047087098221992e-01 1.068047087098221992e-01
3.875551800000000213e+00 1.133342951332496490e-02 1.064585812103700929e-01 1.064585812103700929e-01
3.881590500000000166e+00 1.125960933616064995e-02 1.061113063540386758e-01 1.061113063540386758e-01
3.887633300000000069e+00 1.118572844487993045e-02 1.057626041891931157e-01 1.057626041891931157e-01
3.893676099999999973e+00 1.111189966428127208e-02 1.054129957086946262e-01 1.054129957086946262e-01
3.899714799999999926e+00 1.103825156204822980e-02 1.050630837261510714e-01 1.050630837261510714e-01
3.905757599999999830e+00 1.096477484149878737e-02 1.047128208076680000e-01 1.047128208076680000e-01
3.911796299999999782e+00 1.089166797239998416e-02 1.043631542854085298e-01 1.043631542854085298e-01
3.917838999999999849e+00 1.081893584550043703e-02 1.040141136841555569e-01 1.040141136841555569e-01
3.923877699999999802e+00 1.074677781695453256e-02 1.036666668556220777e-01 1.036666668556220777e-01
3.929920500000000150e+00 1.067519680590784184e-02 1.033208440050111115e-01 1.033208440050111115e-01
3.935963300000000054e+00 1.060433498848280601e-02 1.029773518230237134e-01 1.029773518230237134e-01
3.942002000000000006e+00 1.053432301031465880e-02 1.026368501577998443e-01 1.026368501577998443e-01
3.948044799999999910e+00 1.046513725670294125e-02 1.022992534513470497e-01 1.022992534513470497e-01
3.954083499999999862e+00 1.039692935566902988e-02 1.019653340879586867e-01 1.019653340879586867e-01
3.960126300000000210e+00 1.032964961929948994e-02 1.016348838701530144e-01 1.016348838701530144e-01
3.966165000000000163e+00 1.026341672317780326e-02 1.013085224607377377e-01 1.013085224607377377e-01
3.972207699999999786e+00 1.019815351230831009e-02 1.009859074936117485e-01 1.009859074936117485e-01
3.978246500000000019e+00 1.013394165158671735e-02 1.006674806061357563e-01 1.006674806061357563e-01
3.984289200000000086e+00 1.007067980881762650e-02 1.003527767867816722e-01 1.003527767867816722e-01
3.990331999999999990e+00 1.000837666345605163e-02 1.000418745498906220e-01 1.000418745498906220e-01
3.996370699999999943e+00 9.947030137653245507e-03 9.973479903049509154e-02 9.973479903049509154e-02
4.002413500000000290e+00 9.886501602166159614e-03 9.943088857174192663e-02 9.943088857174192663e-02
4.008452199999999799e+00 9.826808739985436886e-03 9.913026147441272862e-02 9.913026147441272862e-02
4.014495000000000147e+00 9.767798596424140389e-03 9.883217389304022049e-02 9.883217389304022049e-02
4.020533699999999655e+00 9.709473917603791276e-03 9.853666280935127753e-02 9.853666280935127753e-02
4.026576500000000003e+00 9.651674537914047350e-03 9.824293632579417235e-02 9.824293632579417235e-02
4.032619200000000070e+00 9.594358598766844146e-03 9.795079682558403833e-02 9.795079682558403833e-02
4.038657899999999579e+00 9.537480464011142967e-03 9.766002490277761461e-02 9.766002490277761461e-02
4.044700699999999927e+00 9.480883991213698639e-03 9.736983101152892062e-02 9.736983101152892062e-02
4.050739400000000323e+00 9.424570452497485831e-03 9.708022688734037342e-02 9.708022688734037342e-02
4.056782199999999783e+00 9.368393914211922344e-03 9.679046396320209467e-02 9.679046396320209467e-02
4.062820900000000179e+00 9.312369109546005108e-03 9.650061714593334561e-02 9.650061714593334561e-02
4.068863699999999639e+00 9.256367974257126083e-03 9.621002013437647549e-02 9.621002013437647549e-02
4.074902400000000036e+00 9.200425600366242754e-03 9.591884903587116762e-02 9.591884903587116762e-02
4.080932899999999641e+00 9.144551385344088998e-03 9.562714774238584292e-02 9.562714774238584292e-02
4.087004199999999976e+00 9.088275851431921321e-03 9.533244910014596063e-02 9.533244910014596063e-02
4.093034799999999862e+00 9.032353116426203657e-03 9.503869273315054822e-02 9.503869273315054822e-02
4.099065300000000356e+00 8.976419866710858703e-03 9.474397008100757245e-02 9.474397008100757245e-02
4.105095900000000242e+00 8.920501236838599898e-03 9.444840515772937040e-02 9.444840515772937040e-02
4.111167199999999688e+00 8.864261938068364322e-03 9.415020944250927781e-02 9.415020944250927781e-02
4.117197700000000182e+00 8.808510214275160413e-03 9.385366382978961586e-02 9.385366382978961586e-02
4.123228300000000068e+00 8.752930971043204958e-03 9.355710005682735253e-02 9.355710005682735253e-02
4.129258899999999954e+00 8.697598159421839406e-03 9.326091442518585906e-02 9.326091442518585906e-02
4.135330200000000289e+00 8.642221529027497434e-03 9.296354946444061740e-02 9.296354946444061740e-02
4.141360699999999895e+00 8.587628563120924818e-03 9.266945863185413468e-02 9.266945863185413468e-02
4.147391299999999781e+00 8.533529675782233759e-03 9.237710579890578977e-02 9.237710579890578977e-02
4.153421800000000275e+00 8.480009159902428262e-03 9.208696520084928838e-02 9.208696520084928838e-02
4.159493099999999721e+00 8.426788021642706017e-03 9.179753821123258495e-02 9.179753821123258495e-02
4.165523699999999607e+00 8.374649851718677859e-03 9.151311300419562311e-02 9.151311300419562311e-02
4.171554200000000101e+00 8.323293865378290565e-03 9.123208791526307704e-02 9.123208791526307704e-02
4.177584799999999987e+00 8.272761990559724526e-03 9.095472494906312044e-02 9.095472494906312044e-02
4.183656100000000322e+00 8.222750499875796162e-03 9.067938299236379118e-02 9.067938299236379118e-02
4.189686599999999927e+00 8.173941120383325376e-03 9.040985079283853088e-02 9.040985079283853088e-02
4.195717199999999814e+00 8.125986162019283379e-03 9.014425196327985335e-02 9.014425196327985335e-02
4.201747700000000307e+00 8.078860987345930916e-03 8.988248431894799162e-02 8.988248431894799162e-02
4.207818999999999754e+00 8.032209893548587776e-03 8.962259700292436737e-02 8.962259700292436737e-02
4.213849599999999640e+00 7.986598466542869576e-03 8.936777084913145874e-02 8.936777084913145874e-02
4.219880200000000414e+00 7.941636707228205000e-03 8.911586114283026605e-02 8.911586114283026605e-02
4.225910700000000020e+00 7.897239043555485949e-03 8.886641122243817137e-02 8.886641122243817137e-02
4.231982000000000355e+00 7.853014141866274112e-03 8.861723388746838015e-02 8.861723388746838015e-02
4.238012600000000241e+00 7.809455481705854761e-03 8.837112357385672190e-02 8.837112357385672190e-02
4.244043099999999846e+00 7.766165140771301087e-03 8.812584831234988869e-02 8.812584831234988869e-02
4.250073699999999732e+00 7.723043816088195901e-03 8.788085011018154091e-02 8.788085011018154091e-02
4.256145000000000067e+00 7.679710557869590982e-03 8.763395778960111904e-02 8.763395778960111904e-02
4.262175499999999673e+00 7.636665537450923122e-03 8.738801712735518035e-02 8.738801712735518035e-02
4.268206099999999559e+00 7.593548906615755004e-03 8.714097145783809839e-02 8.714097145783809839e-02
4.274277399999999894e+00 7.550017111170020251e-03 8.689083444857702287e-02 8.689083444857702287e-02
4.280307900000000387e+00 7.506620154164097593e-03 8.664075342564893367e-02 8.664075342564893367e-02
4.286338500000000273e+00 7.463049982447314719e-03 8.638894595055153502e-02 8.638894595055153502e-02
4.292368999999999879e+00 7.419311983629225428e-03 8.613542815606842207e-02 8.613542815606842207e-02
4.298440300000000214e+00 7.375130801329692412e-03 8.587858173799618744e-02 8.587858173799618744e-02
4.304470900000000100e+00 7.331139978626633261e-03 8.562207646761804680e-02 8.562207646761804680e-02
4.310501499999999986e+00 7.287099634846572020e-03 8.536451039422982001e-02 8.536451039422982001e-02
4.316531999999999591e+00 7.243079311817355280e-03 8.510628244622928107e-02 8.510628244622928107e-02
4.322603299999999926e+00 7.198860360790218516e-03 8.484609808818681376e-02 8.484609808818681376e-02
4.328633899999999812e+00 7.155122075841027773e-03 8.458795467347007824e-02 8.458795467347007824e-02
4.334664400000000306e+00 7.111656414830938751e-03 8.433063746249602755e-02 8.433063746249602755e-02
4.340695000000000192e+00 7.068549228189400027e-03 8.407466460349038995e-02 8.407466460349038995e-02
4.346766299999999639e+00 7.025597938856257239e-03 8.381883999946704300e-02 8.381883999946704300e-02
4.352796800000000133e+00 6.983454872461390510e-03 8.356706810976073652e-02 8.356706810976073652e-02
4.358827400000000019e+00 6.941893974937943940e-03 8.331802911097900555e-02 8.331802911097900555e-02
4.364857899999999624e+00 6.900968688600683798e-03 8.307206924472679277e-02 8.307206924472679277e-02
4.370929199999999959e+00 6.860445864433863637e-03 8.282780852125609661e-02 8.282780852125609661e-02
4.376959799999999845e+00 6.820891466649051799e-03 8.258868849091291486e-02 8.258868849091291486e-02
4.382990300000000339e+00 6.782037930390869690e-03 8.235312945110749572e-02 8.235312945110749572e-02
4.389020900000000225e+00 6.743873910715461432e-03 8.212109297077981040e-02 8.212109297077981040e-02
4.395092199999999671e+00 6.706124156071591354e-03 8.189092841134230916e-02 8.189092841134230916e-02
4.401122799999999557e+00 6.669255994771921756e-03 8.166551288501114336e-02 8.166551288501114336e-02
4.407153300000000051e+00 6.632964497474951732e-03 8.144301380397800383e-02 8.144301380397800383e-02
4.413183899999999937e+00 6.597188822745341831e-03 8.122308060363964133e-02 8.122308060363964133e-02
4.419255200000000272e+00 6.561626021144075296e-03 8.100386423587503659e-02 8.100386423587503659e-02
4.425285699999999878e+00 6.526682317725273838e-03 8.078788472119612096e-02 8.078788472119612096e-02
4.431316299999999764e+00 6.492044394861892949e-03 8.057322380829684549e-02 8.057322380829684549e-02
4.437346800000000258e+00 6.457642109252167625e-03 8.035945563063606745e-02 8.035945563063606745e-02
4.443418099999999704e+00 6.423175811763971732e-03 8.014471792803298800e-02 8.014471792803298800e-02
4.449448699999999590e+00 6.389045513467376571e-03 7.993150513700700288e-02 7.993150513700700288e-02
4.455479200000000084e+00 6.354965300604163703e-03 7.971803623148379647e-02 7.971803623148379647e-02
4.461509799999999970e+00 6.320887880789769972e-03 7.950401172764660906e-02 7.950401172764660906e-02
4.467581100000000305e+00 6.286547073778359258e-03 7.928774857301952583e-02 7.928774857301952583e-02
4.473611599999999910e+00 6.252377823261276793e-03 7.907197874886701117e-02 7.907197874886701117e-02
4.479642199999999796e+00 6.218133736303874462e-03 7.885514400661426671e-02 7.885514400661426671e-02
4.485672700000000290e+00 6.183811285709592265e-03 7.863721311001295455e-02 7.863721311001295455e-02
4.491743999999999737e+00 6.149182390601376329e-03 7.841672264639332202e-02 7.841672264639332202e-02
4.497774599999999623e+00 6.114726781712370197e-03 7.819671848429683714e-02 7.819671848429683714e-02
4.503805200000000397e+00 6.080235768908476626e-03 7.797586658004178328e-02 7.797586658004178328e-02
4.509876499999999844e+00 6.045507074268921185e-03 7.775285894595079794e-02 7.775285894595079794e-02
4.515907000000000338e+00 6.011043581703625141e-03 7.753092016546446474e-02 7.753092016546446474e-02
4.521937600000000224e+00 5.976652487967636616e-03 7.730881248581973619e-02 7.730881248581973619e-02
4.527968099999999829e+00 5.942379408876511879e-03 7.708683032059698848e-02 7.708683032059698848e-02
4.534039400000000164e+00 5.908040091588588963e-03 7.686377619912118653e-02 7.686377619912118653e-02
4.540070000000000050e+00 5.874142815183679839e-03 7.664295672260876269e-02 7.664295672260876269e-02
4.546100499999999656e+00 5.840503716253403303e-03 7.642318834132350025e-02 7.642318834132350025e-02
4.552131100000000430e+00 5.807166203345281476e-03 7.620476496483197248e-02 7.620476496483197248e-02
4.558202399999999876e+00 5.773950959642860752e-03 7.598651827556557325e-02 7.598651827556557325e-02
4.564232900000000370e+00 5.741341569184545482e-03 7.577164092973402709e-02 7.577164092973402709e-02
4.570263500000000256e+00 5.709145615701968247e-03 7.555888839641547450e-02 7.555888839641547450e-02
4.576293999999999862e+00 5.677390913919938900e-03 7.534846324856227240e-02 7.534846324856227240e-02
4.582365300000000197e+00 5.645887055069541416e-03 7.513911800832866195e-02 7.513911800832866195e-02
4.588395900000000083e+00 5.615070158679902335e-03 7.493377181671760645e-02 7.493377181671760645e-02
4.594426499999999969e+00 5.584733025907500682e-03 7.473107135527698452e-02 7.473107135527698452e-02
4.600456999999999574e+00 5.554873883544691505e-03 7.453102631484884166e-02 7.453102631484884166e-02
4.606528299999999909e+00 5.525284711911311250e-03 7.433225889148876997e-02 7.433225889148876997e-02
4.612558899999999795e+00 5.496344504556773328e-03 7.413733542930156517e-02 7.413733542930156517e-02
4.618589400000000289e+00 5.467828079853224825e-03 7.394476370814383193e-02 7.394476370814383193e-02
4.624620000000000175e+00 5.439701668032817343e-03 7.375433321529534236e-02 7.375433321529534236e-02
4.630691299999999622e+00 5.411740203205649309e-03 7.356453087735725926e-02 7.356453087735725926e-02
4.636721800000000115e+00 5.384274170721342970e-03 7.337761355291777532e-02 7.337761355291777532e-02
4.642752400000000002e+00 5.357065232650524110e-03 7.319197519298495380e-02 7.319197519298495380e-02
4.648782899999999607e+00 5.330062595937554507e-03 7.300727769159424951e-02 7.300727769159424951e-02
4.654854199999999942e+00 5.303031543681289810e-03 7.282191664383250163e-02 7.282191664383250163e-02
4.660884799999999828e+00 5.276281986146520199e-03 7.263802025211398006e-02 7.263802025211398006e-02
4.666915300000000322e+00 5.249582144350695492e-03 7.245400019564617045e-02 7.245400019564617045e-02
4.672945900000000208e+00 5.222884415573884886e-03 7.226952618894000313e-02 7.226952618894000313e-02
4.679017199999999654e+00 5.195967402312197565e-03 7.208305905212540610e-02 7.208305905212540610e-02
4.685047800000000429e+00 5.169157736342566527e-03 7.189685484318883435e-02 7.189685484318883435e-02
4.691078300000000034e+00 5.142250032123034387e-03 7.170948355777660710e-02 7.170948355777660710e-02
4.697108899999999920e+00 5.115227409874521444e-03 7.152081801737533717e-02 7.152081801737533717e-02
4.703180200000000255e+00 5.087901096086626211e-03 7.132952471513200055e-02 7.132952471513200055e-02
4.709210699999999861e+00 5.060643112997004200e-03 7.113819728526303565e-02 7.113819728526303565e-02
4.715241299999999747e+00 5.033285741573493774e-03 7.094565343679268277e-02 7.094565343679268277e-02
4.721271800000000241e+00 5.005856191762705042e-03 7.075207552971647662e-02 7.075207552971647662e-02
4.727343099999999687e+00 4.978203945590167420e-03 7.055638841090271229e-02 7.055638841090271229e-02
4.733373699999999573e+00 4.950744504551098796e-03 7.036152716187375755e-02 7.036152716187375755e-02
4.739404200000000067e+00 4.923343725821629525e-03 7.016654278088403640e-02 7.016654278088403640e-02
4.745475500000000402e+00 4.895872447650159894e-03 6.997051127189339581e-02 6.997051127189339581e-02
4.751506100000000288e+00 4.868757712303089374e-03 6.977648394912923380e-02 6.977648394912923380e-02
4.757536599999999893e+00 4.841873549109524354e-03 6.958357240836032798e-02 6.958357240836032798e-02
4.763567199999999779e+00 4.815275163922845721e-03 6.939218373796032791e-02 6.939218373796032791e-02
4.769638500000000114e+00 4.788838752203981516e-03 6.920143605593731539e-02 6.920143605593731539e-02
4.775669100000000000e+00 4.762964201910160206e-03 6.901423187944759341e-02 6.901423187944759341e-02
4.781699599999999606e+00 4.737510288121933762e-03 6.882957422592365926e-02 6.882957422592365926e-02
4.787730200000000380e+00 4.712503004654885683e-03 6.864767297334183060e-02 6.864767297334183060e-02
4.793801499999999827e+00 4.687794482698593238e-03 6.846747025192762015e-02 6.846747025192762015e-02
4.799832000000000320e+00 4.663720388070893667e-03 6.829143715042826357e-02 6.829143715042826357e-02
4.805862600000000207e+00 4.640104699738412108e-03 6.811831398191246778e-02 6.811831398191246778e-02
4.811893099999999812e+00 4.616928555223787263e-03 6.794798418808159490e-02 6.794798418808159490e-02
4.817964400000000147e+00 4.594008343354457832e-03 6.777911435947255037e-02 6.777911435947255037e-02
4.823995000000000033e+00 4.571611411978241182e-03 6.761369248886087147e-02 6.761369248886087147e-02
4.830025499999999639e+00 4.549535042246346563e-03 6.745024123193590904e-02 6.745024123193590904e-02
4.836056100000000413e+00 4.527724413515464390e-03 6.728836759437298309e-02 6.728836759437298309e-02
4.842127399999999859e+00 4.505976775570241788e-03 6.712657279773966146e-02 6.712657279773966146e-02
4.848157900000000353e+00 4.484524337587300277e-03 6.696659120477389815e-02 6.696659120477389815e-02
4.854188500000000239e+00 4.463161444511415735e-03 6.680689668373629431e-02 6.680689668373629431e-02
4.860218999999999845e+00 4.441833431878511318e-03 6.664708119549206389e-02 6.664708119549206389e-02
4.866290300000000180e+00 4.420345261958116660e-03 6.648567711889619147e-02 6.648567711889619147e-02
4.872320900000000066e+00 4.398942137686450218e-03 6.632452139055697304e-02 6.632452139055697304e-02
4.878351499999999952e+00 4.377445744572362740e-03 6.616226828466782728e-02 6.616226828466782728e-02
4.884381999999999557e+00 4.355831800344591061e-03 6.599872574788540058e-02 6.599872574788540058e-02
4.890453299999999892e+00 4.333938137612212277e-03 6.583265251842897181e-02 6.583265251842897181e-02
4.896483899999999778e+00 4.312055105506591712e-03 6.566624022666892047e-02 6.566624022666892047e-02
4.902514400000000272e+00 4.290043732360989889e-03 6.549842541894415615e-02 6.549842541894415615e-02
4.908545000000000158e+00 4.267920105696939616e-03 6.532932041355504760e-02 6.532932041355504760e-02
4.914616299999999605e+00 4.245560141364718328e-03 6.515796299275107561e-02 6.515796299275107561e-02
4.920646800000000098e+00 4.223297403087109686e-03 6.498690178095205272e-02 6.498690178095205272e-02
4.926677399999999984e+00 4.201020713075885420e-03 6.481528147802712025e-02 6.481528147802712025e-02
4.932707899999999590e+00 4.178774219578872129e-03 6.464343910698805429e-02 6.464343910698805429e-02
4.938779199999999925e+00 4.156453705232446283e-03 6.447056464179948265e-02 6.447056464179948265e-02
4.944809799999999811e+00 4.134405381155122072e-03 6.429934199628424552e-02 6.429934199628424552e-02
4.950840300000000305e+00 4.112524736184739252e-03 6.412896955498925688e-02 6.412896955498925688e-02
4.956870900000000191e+00 4.090853208823867250e-03 6.395977805483589462e-02 6.395977805483589462e-02
4.962942199999999637e+00 4.069285305787339636e-03 6.379095003044976675e-02 6.379095003044976675e-02
4.968972800000000412e+00 4.048142615274043753e-03 6.362501564065853321e-02 6.362501564065853321e-02
4.975003300000000017e+00 4.027305745552090671e-03 6.346105692117087749e-02 6.346105692117087749e-02
4.981074600000000352e+00 4.006655286447638638e-03 6.329814599534205888e-02 6.329814599534205888e-02
4.987105200000000238e+00 3.986479610617387620e-03 6.313857466412579889e-02 6.313857466412579889e-02
4.993135699999999844e+00 3.966643045245223966e-03 6.298129123196208323e-02 6.298129123196208323e-02
4.999166299999999730e+00 3.947141173200870677e-03 6.282627772835877589e-02 6.282627772835877589e-02
5.005237600000000064e+00 3.927835359555108957e-03 6.267244497827660632e-02 6.267244497827660632e-02
5.011268099999999670e+00 3.908967845133227460e-03 6.252173898039967148e-02 6.252173898039967148e-02
5.017298699999999556e+00 3.890385307829823374e-03 6.237295333579950807e-02 6.237295333579950807e-02
5.023329200000000050e+00 3.872061740980884282e-03 6.222589285000966475e-02 6.222589285000966475e-02
5.029400500000000385e+00 3.853845079598491701e-03 6.207934503197091308e-02 6.207934503197091308e-02
5.035431100000000271e+00 3.835947270382755823e-03 6.193502458530839722e-02 6.193502458530839722e-02
5.041461599999999876e+00 3.818212011046672339e-03 6.179168237753907000e-02 6.179168237753907000e-02
5.047492199999999762e+00 3.800604660571440391e-03 6.164904427946503451e-02 6.164904427946503451e-02
5.053563500000000097e+00 3.782974155482957818e-03 6.150588716117309784e-02 6.150588716117309784e-02
5.059594099999999983e+00 3.765524792903512073e-03 6.136387204946826268e-02 6.136387204946826268e-02
5.065624599999999589e+00 3.748108787254905358e-03 6.122179993478552712e-02 6.122179993478552712e-02
5.071655200000000363e+00 3.730698931335057426e-03 6.107944769998380902e-02 6.107944769998380902e-02
5.077726499999999810e+00 3.713154721595164024e-03 6.093566050840151793e-02 6.093566050840151793e-02
5.083757000000000303e+00 3.695692518872462778e-03 6.079220771507202331e-02 6.079220771507202331e-02
5.089787600000000189e+00 3.678179580190516895e-03 6.064799733041905533e-02 6.064799733041905533e-02
5.095818099999999795e+00 3.660606517704969014e-03 6.050294635556990180e-02 6.050294635556990180e-02
5.101889400000000130e+00 3.642848345479069577e-03 6.035601333321369971e-02 6.035601333321369971e-02
5.107920000000000016e+00 3.625143233901896057e-03 6.020916237502309254e-02 6.020916237502309254e-02
5.113950499999999622e+00 3.607377347125411034e-03 6.006144642884827384e-02 6.006144642884827384e-02
5.119981100000000396e+00 3.589559542876726624e-03 5.991293301847879643e-02 5.991293301847879643e-02
5.126052399999999842e+00 3.571583498964394678e-03 5.976272666942493428e-02 5.976272666942493428e-02
5.132082900000000336e+00 3.553708814959070754e-03 5.961299199804578203e-02 5.961299199804578203e-02
5.138113500000000222e+00 3.535836462313147500e-03 5.946289988146514355e-02 5.946289988146514355e-02
5.144143999999999828e+00 3.517992206834717923e-03 5.931266480975810884e-02 5.931266480975810884e-02
5.150215300000000163e+00 3.500083391229182484e-03 5.916150261131965932e-02 5.916150261131965932e-02
5.156245900000000049e+00 3.482380141682033491e-03 5.901169495686455629e-02 5.901169495686455629e-02
5.162276499999999935e+00 3.464792712693518309e-03 5.886248986148579637e-02 5.886248986148579637e-02
5.168307000000000428e+00 3.447351982059395584e-03 5.871415486966831410e-02 5.871415486966831410e-02
5.174378299999999875e+00 3.429971203850616483e-03 5.856595601414371632e-02 5.856595601414371632e-02
5.180408899999999761e+00 3.412911650561233599e-03 5.842013052502736253e-02 5.842013052502736253e-02
5.186439400000000255e+00 3.396081375416414114e-03 5.827590733241666543e-02 5.827590733241666543e-02
5.192470000000000141e+00 3.379500934187486608e-03 5.813347516007869725e-02 5.813347516007869725e-02
5.198541299999999588e+00 3.363077897082949064e-03 5.799205029211287887e-02 5.799205029211287887e-02
5.204571800000000081e+00 3.347043822206408059e-03 5.785364139106896619e-02 5.785364139106896619e-02
5.210602399999999967e+00 3.331292216112527200e-03 5.771734761848058837e-02 5.771734761848058837e-02
5.216673700000000302e+00 3.315718565938737764e-03 5.758227649145818139e-02 5.758227649145818139e-02
5.222704199999999908e+00 3.300524004591291315e-03 5.745018715888827732e-02 5.745018715888827732e-02
5.228734799999999794e+00 3.285588319311469937e-03 5.732005163388698143e-02 5.732005163388698143e-02
5.234765300000000288e+00 3.270891490548434068e-03 5.719170823247399921e-02 5.719170823247399921e-02
5.240836599999999734e+00 3.256309828526724858e-03 5.706408527722778290e-02 5.706408527722778290e-02
5.246867199999999620e+00 3.242008007729649602e-03 5.693863370093850407e-02 5.693863370093850407e-02
5.252897800000000395e+00 3.227852922956052535e-03 5.681419649133526845e-02 5.681419649133526845e-02
5.258928300000000000e+00 3.213807581721283939e-03 5.669045406169617024e-02 5.669045406169617024e-02
5.264999600000000335e+00 3.199738920685585644e-03 5.656623481093280004e-02 5.656623481093280004e-02
5.271030200000000221e+00 3.185797357894879726e-03 5.644286808707438263e-02 5.644286808707438263e-02
5.277060699999999827e+00 3.171852070980540200e-03 5.631919806762646086e-02 5.631919806762646086e-02
5.283091299999999713e+00 3.157869146760803811e-03 5.619492100502325449e-02 5.619492100502325449e-02
5.289162600000000047e+00 3.143724683864502871e-03 5.606892797142195434e-02 5.606892797142195434e-02
5.295193099999999653e+00 3.129585001799818807e-03 5.594269390903354455e-02 5.594269390903354455e-02
5.301223700000000427e+00 3.115338213807280522e-03 5.581521489528890739e-02 5.581521489528890739e-02
5.307254200000000033e+00 3.100975191911854636e-03 5.568640042157380066e-02 5.568640042157380066e-02
5.313325500000000368e+00 3.086395391662353615e-03 5.555533630230631570e-02 5.555533630230631570e-02
5.319356100000000254e+00 3.071800404768117859e-03 5.542382524481793277e-02 5.542382524481793277e-02
5.325386599999999859e+00 3.057106538202531126e-03 5.529110722532630529e-02 5.529110722532630529e-02
5.331417199999999745e+00 3.042333699740952611e-03 5.515735399510161840e-02 5.515735399510161840e-02
5.337488500000000080e+00 3.027408526101274186e-03 5.502189133518834568e-02 5.502189133518834568e-02
5.343519099999999966e+00 3.012562939404248713e-03 5.488681935951698898e-02 5.488681935951698898e-02
5.349549599999999572e+00 2.997732685269765326e-03 5.475155418131767704e-02 5.475155418131767704e-02
5.355580200000000346e+00 2.982954984506781988e-03 5.461643511349657809e-02 5.461643511349657809e-02
5.361651499999999793e+00 2.968169832870339205e-03 5.448091255541099437e-02 5.448091255541099437e-02
5.367682000000000286e+00 2.953613566962470793e-03 5.434715785542488381e-02 5.434715785542488381e-02
5.373712600000000172e+00 2.939221548947981363e-03 5.421458797176255395e-02 5.421458797176255395e-02
5.379743099999999778e+00 2.925025822768414965e-03 5.408350786301139440e-02 5.408350786301139440e-02
5.385814400000000113e+00 2.910959010657921016e-03 5.395330398277681933e-02 5.395330398277681933e-02
5.391844999999999999e+00 2.897230648777377945e-03 5.382592914922489091e-02 5.382592914922489091e-02
5.397875499999999604e+00 2.883759712096217558e-03 5.370064908449633662e-02 5.370064908449633662e-02
5.403906100000000379e+00 2.870552404002472274e-03 5.357753637488824050e-02 5.357753637488824050e-02
5.409977399999999825e+00 2.857521796900396385e-03 5.345579292181901893e-02 5.345579292181901893e-02
5.416007900000000319e+00 2.844834899520933078e-03 5.333699372406484895e-02 5.333699372406484895e-02
5.422038500000000205e+00 2.832388462853146355e-03 5.322018848945526265e-02 5.322018848945526265e-02
5.428069100000000091e+00 2.820162116294950422e-03 5.310519858069406157e-02 5.310519858069406157e-02
5.434140400000000426e+00 2.808049620419289256e-03 5.299103339640857946e-02 5.299103339640857946e-02
5.440170900000000032e+00 2.796183826766328404e-03 5.287895447875580468e-02 5.287895447875580468e-02
5.446201499999999918e+00 2.784450253246101119e-03 5.276789036190570464e-02 5.276789036190570464e-02
5.452272800000000252e+00 2.772737195679174198e-03 5.265678679599785500e-02 5.265678679599785500e-02
5.458303299999999858e+00 2.761168004951821547e-03 5.254681726757408355e-02 5.254681726757408355e-02
5.464333899999999744e+00 2.749631012354995276e-03 5.243692413133130281e-02 5.243692413133130281e-02
5.470364400000000238e+00 2.738096519927702647e-03 5.232682409556022735e-02 5.232682409556022735e-02
5.476435699999999684e+00 2.726459330035555396e-03 5.221550852031946882e-02 5.221550852031946882e-02
5.482466299999999571e+00 2.714853138794157301e-03 5.210425259798049519e-02 5.210425259798049519e-02
