5.986972826788450330e-02 2.392681776907090718e-01 7.654351536410300971e-01 2.392681776907090718e-01 7.654351536410300971e-01 3.812457939866806256e-02 7.729148684116003698e-02 2.498674463823822123e+01 2.179558858428080337e-01
6.987933799356604858e-02 2.398294624351779702e-01 7.672680365621038501e-01 2.398294624351779702e-01 7.672680365621038501e-01 3.783669097904936163e-02 9.021383743102683039e-02 1.575295362028204771e+01 2.184733296619456588e-01
8.127480133808655249e-02 2.404684583390669927e-01 7.693546863255829038e-01 2.404684583390669927e-01 7.693546863255829038e-01 3.751036228735013522e-02 1.049253173495751645e-01 1.004068253879796835e+01 2.190624147640260477e-01
9.506446737350382481e-02 2.412417081176371769e-01 7.718797439353274337e-01 2.412417081176371769e-01 7.718797439353274337e-01 3.711748885657254610e-02 1.227276996512195462e-01 6.295804950876616068e+00 2.197752674166512099e-01
1.107717901506947156e-01 2.421224894561618823e-01 7.747559473237953798e-01 2.421224894561618823e-01 7.747559473237953798e-01 3.667269316190193557e-02 1.430057661610744657e-01 3.994775410552232842e+00 2.205872525383440752e-01
1.285964107218982855e-01 2.431219965134450156e-01 7.780198512078115858e-01 2.431219965134450156e-01 7.780198512078115858e-01 3.617147131742033672e-02 1.660172523693203284e-01 2.564396521279179275e+00 2.215086899393444164e-01
1.487497796669686179e-01 2.442520844763936272e-01 7.817101689753858107e-01 2.442520844763936272e-01 7.817101689753858107e-01 3.560933440997338800e-02 1.920351398007306976e-01 1.665067468868468126e+00 2.225505088389135855e-01
1.714548486595780519e-01 2.455252503880545056e-01 7.858677101978296387e-01 2.455252503880545056e-01 7.858677101978296387e-01 3.498190053400888205e-02 2.213472578283529335e-01 1.093295974687812366e+00 2.237242302107812220e-01
1.969456473285476072e-01 2.469546049180686431e-01 7.905352887294623265e-01 2.469546049180686431e-01 7.905352887294623265e-01 3.428500680879627283e-02 2.542557374038347251e-01 7.257906080850611286e-01 2.250419408062764859e-01
2.254667447502816113e-01 2.485538317689611476e-01 7.957575908020498856e-01 2.485538317689611476e-01 7.957575908020498856e-01 3.351484444242869981e-02 2.910763158471463830e-01 4.870390359512682399e-01 2.265162558412779359e-01
2.572725964236561857e-01 2.503371279478859845e-01 8.015809814305705494e-01 2.503371279478859845e-01 8.015809814305705494e-01 3.266812032160854723e-02 3.321374937947874084e-01 3.303000020894127364e-01 2.281602641769334416e-01
2.926267790990940698e-01 2.523191114869209883e-01 8.080532061576770619e-01 2.523191114869209883e-01 8.080532061576770619e-01 3.174224892384194113e-02 3.777795473683693284e-01 2.263400006901702399e-01 2.299874437664587157e-01
3.005373612100958325e-01 2.527625164613780395e-01 8.095011622572642063e-01 2.527625164613780395e-01 8.095011622572642063e-01 3.153734445634991806e-02 3.879920649599413740e-01 2.093209066288851672e-01 2.303962170661101316e-01
3.086617901519569940e-01 2.532178784667130644e-01 8.109881663543946351e-01 2.532178784667130644e-01 8.109881663543946351e-01 3.132776412518351039e-02 3.984806576230326414e-01 1.935905039346554612e-01 2.308160138166246989e-01
3.170058468478038072e-01 2.536855150331605580e-01 8.125152557620953786e-01 2.536855150331605580e-01 8.125152557620953786e-01 3.111343336900189438e-02 4.092527884973076735e-01 1.790507312660948314e-01 2.312471268160895543e-01
3.255754684965047607e-01 2.541657512156486609e-01 8.140834924421993524e-01 2.541657512156486609e-01 8.140834924421993524e-01 3.089427884208758440e-02 4.203161224735468271e-01 1.656110141460128415e-01 2.316898558124549645e-01
3.343767527972738574e-01 2.546589196081988637e-01 8.156939630660573481e-01 2.546589196081988637e-01 8.156939630660573481e-01 3.067022865573207357e-02 4.316785316475852952e-01 1.531876920039639545e-01 2.321445075191090612e-01
3.434159622884779273e-01 2.551653603266775261e-01 8.173477789742186195e-01 2.551653603266775261e-01 8.173477789742186195e-01 3.044121263981547365e-02 4.433481009216897473e-01 1.417034891346674319e-01 2.326113956016647721e-01
3.526995288037343967e-01 2.556854209540073142e-01 8.190460760161955012e-01 2.556854209540073142e-01 8.190460760161955012e-01 3.020716262564364374e-02 4.553331337573554571e-01 1.310870262026486710e-01 2.330908406305875202e-01
3.622340580484717520e-01 2.562194564410776865e-01 8.207900142486522777e-01 2.562194564410776865e-01 8.207900142486522777e-01 2.996801275178361326e-02 4.676421580836205849e-01 1.212723691822025496e-01 2.335831699935003170e-01
3.720263343002069845e-01 2.567678289556220017e-01 8.225807774672339034e-01 2.567678289556220017e-01 8.225807774672339034e-01 2.972369979425664235e-02 4.802839323650982539e-01 1.121986128606577565e-01 2.340887177601166935e-01
3.820833252358869503e-01 2.573309076702561260e-01 8.244195725438072664e-01 2.573309076702561260e-01 8.244195725438072664e-01 2.947416352272721335e-02 4.932674518340474101e-01 1.038094962534471394e-01 2.346078244917712274e-01
3.924121868897260668e-01 2.579090684796557786e-01 8.263076285369931329e-01 2.579090684796557786e-01 8.263076285369931329e-01 2.921934708425518931e-02 5.066019548909138637e-01 9.605304748307458285e-02 2.351408369864108616e-01
4.030202687450705201e-01 2.585026936355349636e-01 8.282461955396233089e-01 2.585026936355349636e-01 8.282461955396233089e-01 2.895919741649100043e-02 5.202969296778985342e-01 8.888125586201492401e-02 2.356881079487029851e-01
4.139151189639094786e-01 2.591121712866104598e-01 8.302365432220428776e-01 2.591121712866104598e-01 8.302365432220428776e-01 2.869366569210571663e-02 5.343621208302277159e-01 8.224976909309783535e-02 2.362499955735777313e-01
4.251044897577571091e-01 2.597378949091251332e-01 8.322799590249769786e-01 2.597378949091251332e-01 8.322799590249769786e-01 2.842270779622857457e-02 5.488075364099315179e-01 7.611761366110077198e-02 2.368268630300394417e-01
4.365963429037246213e-01 2.603802626117414643e-01 8.343777459500394400e-01 2.603802626117414643e-01 8.343777459500394400e-01 2.814628483906982115e-02 5.636434550270627009e-01 7.044693663716095067e-02 2.374190778304848815e-01
4.483988554097091961e-01 2.610396762966894491e-01 8.365312198897657536e-01 2.610396762966894491e-01 8.365312198897657536e-01 2.786436370574028529e-02 5.788804331534237457e-01 6.520276725412832430e-02 2.380270110689974294e-01
4.605204253327289665e-01 2.617165406569569863e-01 8.387417064323152704e-01 2.617165406569569863e-01 8.387417064323152704e-01 2.757691764527147107e-02 5.945293126340051026e-01 6.035279673701465092e-02 2.386510365101783826e-01
4.729696777545464581e-01 2.624112619870568874e-01 8.410105370687486204e-01 2.624112619870568874e-01 8.410105370687486204e-01 2.728392690129099671e-02 6.106012284014823432e-01 5.586717498904304746e-02 2.392915295080150495e-01
4.857554709188296460e-01 2.631242467824391751e-01 8.433390447228603648e-01 2.631242467824391751e-01 8.433390447228603648e-01 2.698537938652675536e-02 6.271076163992561625e-01 5.171832284121088974e-02 2.399488657320345553e-01
4.988869025342203556e-01 2.638559000999909920e-01 8.457285585150959850e-01 2.638559000999909920e-01 8.457285585150959850e-01 2.668127140340494433e-02 6.440602217186793821e-01 4.788075867243796885e-02 2.406234196755922539e-01
5.123733162477919212e-01 2.646066236492142787e-01 8.481803976629190833e-01 2.646066236492142787e-01 8.481803976629190833e-01 2.637160841337437070e-02 6.614711069562547729e-01 4.433093829891156246e-02 2.413155629185377571e-01
5.262243082935059713e-01 2.653768135806108264e-01 8.506958644101386691e-01 2.653768135806108264e-01 8.506958644101386691e-01 2.605640585712529905e-02 6.793526607967553810e-01 4.104710711574244275e-02 2.420256621137052422e-01
5.404497343203947812e-01 2.661668579345110031e-01 8.532762358671179825e-01 2.661668579345110031e-01 8.532762358671179825e-01 2.573569002834750694e-02 6.977176068283706956e-01 3.800916355206092334e-02 2.427540766636641645e-01
5.550597164053319155e-01 2.669771337100317887e-01 8.559227546323493474e-01 2.669771337100317887e-01 8.559227546323493474e-01 2.540949900323344335e-02 7.165790125961540857e-01 3.519853297269469328e-02 2.435011560509204309e-01
5.700646502553773365e-01 2.678080035100164347e-01 8.586366180535489612e-01 2.678080035100164347e-01 8.586366180535489612e-01 2.507788362818843403e-02 7.359502989002106865e-01 3.259805122605476807e-02 2.442672367812551149e-01
5.854752126048252681e-01 2.686598117136629327e-01 8.614189659730709936e-01 2.686598117136629327e-01 8.614189659730709936e-01 2.474090856780071859e-02 7.558452493452449961e-01 3.019185709922636573e-02 2.450526388960967139e-01
6.013023688122151045e-01 2.695328801240680638e-01 8.642708667880210083e-01 2.695328801240680638e-01 8.642708667880210083e-01 2.439865341499894424e-02 7.762780201482597509e-01 2.796529299792212958e-02 2.458576620057268125e-01
6.175573806627134843e-01 2.704275030330315910e-01 8.671933016397221916e-01 2.704275030330315910e-01 8.671933016397221916e-01 2.405121386495636532e-02 7.972631502113878277e-01 2.590481322125796904e-02 2.466825807906554147e-01
6.342518143814173115e-01 2.713439416402042559e-01 8.701871465302410957e-01 2.713439416402042559e-01 8.701871465302410957e-01 2.369870295389581855e-02 8.188155714670223295e-01 2.399789924960502724e-02 2.475276399136905614e-01
6.513975488632811617e-01 2.722824177579376559e-01 8.732531521452541190e-01 2.722824177579376559e-01 8.732531521452541190e-01 2.334125236313849133e-02 8.409506195026066333e-01 2.223298150835509301e-02 2.483930482799929229e-01
6.690067841255240566e-01 2.732431067270496561e-01 8.763919211427259048e-01 2.732431067270496561e-01 8.763919211427259048e-01 2.297901378799293431e-02 8.636840444726450183e-01 2.059936711160555503e-02 2.492789725767855236e-01
6.870920499885300181e-01 2.742261294621443635e-01 8.796038826457054371e-01 2.742261294621443635e-01 8.796038826457054371e-01 2.261216037002547821e-02 8.870320223056968878e-01 1.908717312778561437e-02 2.501855300183785658e-01
7.056662149914201265e-01 2.752315435382060027e-01 8.828892636552470030e-01 2.752315435382060027e-01 8.828892636552470030e-01 2.224088818977525486e-02 9.110111662143308697e-01 1.768726494435503976e-02 2.511127802158380495e-01
7.247424955486385656e-01 2.762593332230267595e-01 8.862480570763888732e-01 2.762593332230267595e-01 8.862480570763888732e-01 2.186541781524033515e-02 9.356385385162266921e-01 1.639119934113514310e-02 2.520607160840813710e-01
7.443344653540692191e-01 2.773093983528438500e-01 8.896799860269465343e-01 2.773093983528438500e-01 8.896799860269465343e-01 2.148599589947717409e-02 9.609316627748372142e-01 1.519117191178819166e-02 2.530292536926047053e-01
7.644560650393737999e-01 2.783815419416033055e-01 8.931844640764345922e-01 2.783815419416033055e-01 8.931844640764345922e-01 2.110289681797622788e-02 9.869085362682494811e-01 1.407996850063652008e-02 2.540182209596812402e-01
7.851216120934234599e-01 2.794754564079413028e-01 8.967605510419561776e-01 2.794754564079413028e-01 8.967605510419561776e-01 2.071642433346248049e-02 1.013587642795116261e+00 1.305092034758133235e-02 2.550273450840686573e-01
8.063458110498831211e-01 2.805907082987444401e-01 9.004069039509556838e-01 2.805907082987444401e-01 9.004069039509556838e-01 2.032691327220350827e-02 1.040987965826770001e+00 1.209786265750432965e-02 2.560562386034648807e-01
8.281437639501966208e-01 2.817267213845703333e-01 9.041217227690250269e-01 2.817267213845703333e-01 9.041217227690250269e-01 1.993473119154760831e-02 1.069129002014879148e+00 1.121509633235613472e-02 2.571043839656512731e-01
8.505309810894171596e-01 2.828827580009326548e-01 9.079026904866078773e-01 2.828827580009326548e-01 9.079026904866078773e-01 1.954028001349505592e-02 1.098030775064255948e+00 1.039735262428737039e-02 2.581711164970539318e-01
8.735233920525312667e-01 2.840578985110838728e-01 9.117469071633952371e-01 2.840578985110838728e-01 9.117469071633952371e-01 1.914399759325774095e-02 1.127713849980688687e+00 9.639760486778481061e-03 2.592556056548984134e-01
8.971373570491264493e-01 2.852510187711029266e-01 9.156508175454801668e-01 2.852510187711029266e-01 9.156508175454801668e-01 1.874635918491391121e-02 1.158199347703934512e+00 8.937816417882146758e-03 2.603568344537970924e-01
9.213896785544697376e-01 2.864607654872507458e-01 9.196101318993601392e-01 2.864607654872507458e-01 9.196101318993601392e-01 1.834787875848150826e-02 1.189508960136288707e+00 8.287356605504869397e-03 2.614735769659065623e-01
9.462976132652790584e-01 2.876855293690017690e-01 9.236197397496450634e-01 2.876855293690017690e-01 9.236197397496450634e-01 1.794911011327045627e-02 1.221664965577417439e+00 7.684531199213964422e-03 2.626043738059985477e-01
9.718788843786967391e-01 2.889234159988958717e-01 9.276736162638277161e-01 2.889234159988958717e-01 9.276736162638277161e-01 1.755064772185202515e-02 1.254690244576445401e+00 7.125780546448871357e-03 2.637475055289066339e-01
9.981516942031968265e-01 2.901722143621355832e-01 9.317647210969935978e-01 2.901722143621355832e-01 9.317647210969935978e-01 1.715312722647617527e-02 1.288608296212566451e+00 6.607813243326222594e-03 2.649009638866239302e-01
1.025134737110408478e+00 2.914293630042077421e-01 9.358848895903340015e-01 2.914293630042077421e-01 9.358848895903340015e-01 1.675722549553170654e-02 1.323443254815776848e+00 6.127585861540324821e-03 2.660624209154079933e-01
1.052847212837060953e+00 2.926919138131556242e-01 9.400247163079931134e-01 2.926919138131556242e-01 9.400247163079931134e-01 1.636366013182169801e-02 1.359219907139610939e+00 5.682284223261554329e-03 2.672291958490700114e-01
1.081308840146524286e+00 2.939564934541081809e-01 9.441734309959551874e-01 2.939564934541081809e-01 9.441734309959551874e-01 1.597318830698330611e-02 1.395963709998115476e+00 5.269306105512364113e-03 2.683982198828644972e-01
1.110539870859658551e+00 2.952192625173900575e-01 9.483187671547257391e-01 2.952192625173900575e-01 9.483187671547257391e-01 1.558660477840370651e-02 1.433700808379597680e+00 4.886245264344882787e-03 2.695659988431488019e-01
1.140561104264964154e+00 2.964758724790410027e-01 9.524468235378242831e-01 2.964758724790410027e-01 9.524468235378242831e-01 1.520473892741223618e-02 1.472458054050049148e+00 4.530876677342815170e-03 2.707285738522010599e-01
1.171393901918276637e+00 2.977214206160644361e-01 9.565419190276038819e-01 2.977214206160644361e-01 9.565419190276038819e-01 1.482845064256796581e-02 1.512263024659469934e+00 4.201142910605169117e-03 2.718814801172761975e-01
1.203060202842545223e+00 2.989504030717634597e-01 9.605864415100207054e-01 2.989504030717634597e-01 9.605864415100207054e-01 1.445862486211133523e-02 1.553144043364698135e+00 3.895141523507444394e-03 2.730197040213724335e-01
1.235582539138505576e+00 3.001566663336078244e-01 9.645606915850203356e-01 3.001566663336078244e-01 9.645606915850203356e-01 1.409616458866290965e-02 1.595130198982702030e+00 3.611113431225363574e-03 2.741376387543717486e-01
1.268984052017357422e+00 3.013333574719394559e-01 9.684427222243153777e-01 3.013333574719394559e-01 9.684427222243153777e-01 1.374198220137100301e-02 1.638251366688677102e+00 3.347432151268277430e-03 2.752290388015026235e-01
1.303288508266850831e+00 3.024728735959646420e-01 9.722081758346091673e-01 3.024728735959646420e-01 9.722081758346091673e-01 1.339698892024614174e-02 1.682538229273673469e+00 3.102593866099425963e-03 2.762869737046312890e-01
1.338520317162505080e+00 3.035668111144996240e-01 9.758301206037256481e-01 3.035668111144996240e-01 9.758301206037256481e-01 1.306208232905035904e-02 1.728022298976883864e+00 2.875208239290919735e-03 2.773037816312652892e-01
1.374704547835981838e+00 3.046059155388656792e-01 9.792788884869424448e-01 3.046059155388656792e-01 9.792788884869424448e-01 1.273813194028148611e-02 1.774735939908118176e+00 2.663989927536346627e-03 2.782710234227377954e-01
1.411866947112986104e+00 3.055800327249378889e-01 9.825219177016569772e-01 3.055800327249378889e-01 9.825219177016569772e-01 1.242596289057879000e-02 1.822712391076434235e+00 2.467750735196237114e-03 2.791794379384467395e-01
1.450033957833370524e+00 3.064780626071649250e-01 9.855236030973559824e-01 3.064780626071649250e-01 9.855236030973559824e-01 1.212633798717531984e-02 1.871985790041290620e+00 2.285392361888699368e-03 2.800188996549898279e-01
1.489232737666495554e+00 3.072879166151872288e-01 9.882451582094389231e-01 3.072879166151872288e-01 9.882451582094389231e-01 1.183993848253924591e-02 1.922591197203072033e+00 2.115899697018727970e-03 2.807783796046693925e-01
1.529491178435217646e+00 3.079964800744653397e-01 9.906444931610400850e-01 3.079964800744653397e-01 9.906444931610400850e-01 1.156734412839108272e-02 1.974564620750251409e+00 1.958334618187669400e-03 2.814459108389399944e-01
1.570837925962270232e+00 3.085895809793354205e-01 9.926761128570920079e-01 3.085895809793354205e-01 9.926761128570920079e-01 1.130901324126315499e-02 2.027943042280957453e+00 1.811830253309129266e-03 2.820085596819115192e-01
1.613302400453144880e+00 3.090519666106458785e-01 9.942910401850555413e-01 3.090519666106458785e-01 9.942910401850555413e-01 1.106526368444558928e-02 2.082764443117159470e+00 1.675585669159805093e-03 2.824524041156781795e-01
1.656914817429990139e+00 3.093672895877935813e-01 9.954367693158223673e-01 3.093672895877935813e-01 9.954367693158223673e-01 1.083625581607079377e-02 2.139067831330218272e+00 1.548860952142376221e-03 2.827625207468457136e-01
1.701706209231411915e+00 3.095181051396271310e-01 9.960572548236662493e-01 3.095181051396271310e-01 9.960572548236662493e-01 1.062197854634643231e-02 2.196893269497004031e+00 1.430972650244500578e-03 2.829229819813340319e-01
1.747708447093477613e+00 3.094858816783045419e-01 9.960929433049436899e-01 3.094858816783045419e-01 9.960929433049436899e-01 1.042223966276576569e-02 2.256281903206355022e+00 1.321289548394488037e-03 2.829168653077459017e-01
1.794954263827641894e+00 3.092510271507774022e-01 9.954808554263840925e-01 3.092510271507774022e-01 9.954808554263840925e-01 1.023666149664119278e-02 2.317275990336150393e+00 1.219228752344017532e-03 2.827262769454965685e-01
1.843477277111716495e+00 3.087929340482936102e-01 9.941547276326010429e-01 3.087929340482936102e-01 9.941547276326010429e-01 1.006468280300730142e-02 2.379918931121824510e+00 1.124252058497332693e-03 2.823323924834243992e-01
1.893312013410475059e+00 3.080900462416128471e-01 9.920452236618622077e-01 3.080900462416128471e-01 9.920452236618622077e-01 9.905567410914818335e-03 2.444255299037734641e+00 1.035862588501764055e-03 2.817155173961491954e-01
1.944493932542892711e+00 3.071199508292970504e-01 9.890802260822968428e-01 3.071199508292970504e-01 9.890802260822968428e-01 9.758419798943413978e-03 2.510330872513330647e+00 9.536016679402633135e-04 2.808551703432135005e-01
1.997059452913523492e+00 3.058594978512991780e-01 9.851852169891643918e-01 3.058594978512991780e-01 9.851852169891643918e-01 9.622207310572259559e-03 2.578192667506723712e+00 8.770459285238230585e-04 2.797301918507196228e-01
2.051045977425947076e+00 3.042849500879334368e-01 9.802837549826739494e-01 3.042849500879334368e-01 9.802837549826739494e-01 9.495788308284468932e-03 2.647888970958802268e+00 8.058046134785648486e-04 2.783188803994398053e-01
2.106491920096742909e+00 3.023721644697736077e-01 9.742980533253335906e-01 3.023721644697736077e-01 9.742980533253335906e-01 9.377945229792775464e-03 2.719469375151723156e+00 7.395170670922642268e-04 2.765991573108154133e-01
2.163436733388913513e+00 3.000968062007641768e-01 9.671496628247918670e-01 3.000968062007641768e-01 9.671496628247918670e-01 9.267421283192025031e-03 2.792984812996212263e+00 6.778503919718900823e-04 2.745487614366454721e-01
2.221920936284217163e+00 2.974345967787878631e-01 9.587602632507885581e-01 2.974345967787878631e-01 9.587602632507885581e-01 9.162959392399510489e-03 2.868487594272787877e+00 6.204972610828526219e-04 2.721454747325893209e-01
2.281986143114376198e+00 2.943615975823529185e-01 9.490525686451917187e-01 2.943615975823529185e-01 9.490525686451917187e-01 9.063341946625062123e-03 2.946031442852691473e+00 5.671738749897598181e-04 2.693673802364480174e-01
2.343675093171683432e+00 2.908545310410657891e-01 9.379513530035581415e-01 2.908545310410657891e-01 9.379513530035581415e-01 8.967429886575962669e-03 3.025671534925015393e+00 5.176180565875970925e-04 2.661931542900762282e-01
2.407031681120068267e+00 2.868911408669143626e-01 9.253846010848016945e-01 2.868911408669143626e-01 9.253846010848016945e-01 8.874199671368895523e-03 3.107464538257222131e+00 4.715874753415185165e-04 2.626023943523030368e-01
2.472100988228271401e+00 2.824505909624380195e-01 9.112847831658457132e-01 2.824505909624380195e-01 9.112847831658457132e-01 8.782776733790305379e-03 3.191468652516997295e+00 4.288579913203180872e-04 2.585759820574243806e-01
2.538929314447335717e+00 2.775138998825816827e-01 8.955902438130221022e-01 2.775138998825816827e-01 8.955902438130221022e-01 8.692464156100053463e-03 3.277743650684115106e+00 3.892221080072192111e-04 2.540964786819221444e-01
2.607564211355263950e+00 2.720644054386100463e-01 8.782466874405661095e-01 2.720644054386100463e-01 8.782466874405661095e-01 8.602765441147117165e-03 3.366350921581804823e+00 3.524875239343417278e-04 2.491485481009925729e-01
2.678054515992251083e+00 2.660882535390152737e-01 8.592087418679875688e-01 2.660882535390152737e-01 8.592087418679875688e-01 8.513400328402299239e-03 3.457353513557850810e+00 3.184757769498441178e-04 2.437194018701868137e-01
2.750450385610602400e+00 2.595749066583851739e-01 8.384415852599694796e-01 2.595749066583851739e-01 8.384415852599694796e-01 8.424312559760352426e-03 3.550816179346543588e+00 2.870209793706694421e-04 2.377992622519581878e-01
2.824803333364031666e+00 2.525176684433192431e-01 8.159226254510286713e-01 2.525176684433192431e-01 8.159226254510286713e-01 8.335668404669458603e-03 3.646805422143364339e+00 2.579686442534996908e-04 2.313818400323862656e-01
2.901166264961760888e+00 2.449142192985536148e-01 7.916432153910695213e-01 2.449142192985536148e-01 7.916432153910695213e-01 8.247844786457247251e-03 3.745389542925224635e+00 2.311746010231030101e-04 2.244648224675472592e-01
2.979593516313479018e+00 2.367671528930380964e-01 7.656103728371193018e-01 2.367671528930380964e-01 7.656103728371193018e-01 8.161406150117659145e-03 3.846638689049900250e+00 2.065039948184002627e-04 2.170503622472857996e-01
3.060140892191968387e+00 2.280844986124654361e-01 7.378484567627696666e-01 2.280844986124654361e-01 7.378484567627696666e-01 8.077069727856567641e-03 3.950624904169266483e+00 1.838303624801430761e-04 2.091455539016158216e-01
3.142865705940889764e+00 2.188802144226841828e-01 7.084007511937624457e-01 2.188802144226841828e-01 7.084007511937624457e-01 7.995659429839901966e-03 4.057422179491827485e+00 1.630347813249660141e-04 2.007628835699962755e-01
3.227826820255987883e+00 2.091746384793408686e-01 6.773309195809310568e-01 2.091746384793408686e-01 6.773309195809310568e-01 7.918049222016505795e-03 4.167106506431027313e+00 1.440050917059616732e-04 1.919206415833760171e-01
3.315084689068746204e+00 1.989948900042612656e-01 6.447242998546640624e-01 1.989948900042612656e-01 6.447242998546640624e-01 7.845097848340193761e-03 4.279755930676815368e+00 1.266351951913584069e-04 1.826432893081263997e-01
3.404701400562271996e+00 1.883752047402879326e-01 6.106889937222956810e-01 1.883752047402879326e-01 6.106889937222956810e-01 7.777578326927313615e-03 4.395450607728915493e+00 1.108244256225343497e-04 1.729617669742573582e-01
3.496740721350034331e+00 1.773571817812494844e-01 5.753566765963451513e-01 1.773571817812494844e-01 5.753566765963451513e-01 7.716107434174494795e-03 4.514272859931330650e+00 9.647698620241762480e-05 1.629137214707974124e-01
3.591268141848880546e+00 1.659899183841836157e-01 5.388830539058598879e-01 1.659899183841836157e-01 5.388830539058598879e-01 7.661081647311610704e-03 4.636307235048656494e+00 8.350144831562880069e-05 1.525436329167459970e-01
3.688350922878637750e+00 1.543300198212960717e-01 5.014479228391068855e-01 1.543300198212960717e-01 5.014479228391068855e-01 7.612626509511116399e-03 4.761640566425906940e+00 7.181031393755811097e-05 1.419028283124966483e-01
3.788058143521422227e+00 1.424414766119668774e-01 4.632548153123303702e-01 1.424414766119668774e-01 4.632548153123303702e-01 7.570566576871373514e-03 4.890362034774617506e+00 6.131964345557537556e-05 1.310493753646822246e-01
3.890460750274742363e+00 1.303953889910071939e-01 4.245301578976038437e-01 1.303953889910071939e-01 4.245301578976038437e-01 7.534423034869767825e-03 5.022563231629229463e+00 5.194874287622961161e-05 1.200478381916636333e-01
3.995631607533355556e+00 1.182695055233196624e-01 3.855218428212880966e-01 1.182695055233196624e-01 3.855218428212880966e-01 7.503444751158455488e-03 5.158338224518884907e+00 4.361990052360473159e-05 1.089688647961919443e-01
4.103645549435792184e+00 1.061475559676100522e-01 3.464971459483236482e-01 1.061475559676100522e-01 3.464971459483236482e-01 7.476675511020048660e-03 5.297783623901002770e+00 3.625817076901688532e-05 9.788858814012710297e-02
4.214579433112467299e+00 9.411838265079332244e-02 3.077400044996962958e-01 9.411838265079332244e-02 3.077400044996962958e-01 7.453056668478296592e-03 5.440998651904293659e+00 2.979120895611558716e-05 8.688784458194311056e-02
4.328512193373227568e+00 8.227486854156559892e-02 2.695476475320022214e-01 8.227486854156559892e-02 2.695476475320022214e-01 7.431561258227261345e-03 5.588085212930082868e+00 2.414915507600909380e-05 7.605120786177829717e-02
4.445524898873283171e+00 7.071264028040108451e-02 2.322265081798743636e-01 7.071264028040108451e-02 2.322265081798743636e-01 7.411351568636948342e-03 5.739147966162212455e+00 1.926455641009213455e-05 6.546581862609474056e-02
4.565700809797455406e+00 5.952855091833299250e-02 1.960874308770482188e-01 5.952855091833299250e-02 1.960874308770482188e-01 7.391946679725217885e-03 5.894294400037087378e+00 1.507232734876740527e-05 5.522001351864884444e-02
4.689125437103828453e+00 4.881899320523487573e-02 1.614403335924671223e-01 4.881899320523487573e-02 1.614403335924671223e-01 7.373380809128979654e-03 6.053634908726900576e+00 1.150975214092370206e-05 4.540179972641632256e-02
4.815886603368914720e+00 3.867807438081770355e-02 1.285884211368804597e-01 3.867807438081770355e-02 1.285884211368804597e-01 7.356327215773060188e-03 6.217282870690403307e+00 8.516524760774865462e-06 3.609720269198153642e-02
4.946074505277657352e+00 2.919564956423387897e-02 9.782193673905544007e-02 2.919564956423387897e-02 9.782193673905544007e-02 7.342154759827864731e-03 6.385354729347151981e+00 6.034811550395244191e-06 2.738848376561965267e-02
5.079781777802711673e+00 2.045526093517786512e-02 6.941159836073310108e-02 2.045526093517786512e-02 6.941159836073310108e-02 7.332877834378132356e-03 6.557970075932602505e+00 4.009333739853170105e-06 1.935226999924595168e-02
5.217103560118715677e+00 1.253205319535787010e-02 4.360194035805366880e-02 1.253205319535787010e-02 4.360194035805366880e-02 7.330959253601419118e-03 6.735251734593069806e+00 2.387467899483991799e-06 1.205765941052778026e-02
5.358137563298387640e+00 5.490671408285545049e-03 2.060457563475079357e-02 7.150746682543921914e-03 2.557970221149610812e-02 7.338933132516912983e-03 6.917325849781014391e+00 1.335538681478704680e-06 7.006202329602565296e-03
5.502984139838678956e+00 -6.168060660150321076e-04 5.915428204828236322e-04 3.895926686472254985e-03 1.411133566459817773e-02 7.358838618670388715e-03 7.104321976012916373e+00 7.008361492411612660e-07 3.838017378187839543e-03
5.651746355066400440e+00 -5.752766042937357965e-03 -1.631083800241195370e-02 1.781352587350912850e-03 6.497637790901207924e-03 7.391499076204936618e-03 7.296373170053546353e+00 3.028002296125660964e-07 1.760293350569292360e-03
5.804530060474196063e+00 -9.895757973147416633e-03 -3.002749925329103314e-02 1.864568473088120532e-04 6.801174938913828088e-04 7.435736953648863952e-03 7.493616085592297082e+00 2.925711121979240802e-08 1.842525454064749581e-04
5.961443969038969115e+00 -1.304194641815928368e-02 -4.053941015368098255e-02 0.000000000000000000e+00 0.000000000000000000e+00 7.487671974785697036e-03 7.696191070478857199e+00 0.000000000000000000e+00 0.000000000000000000e+00
6.122599732576421871e+00 -1.520619589428699389e-02 -4.788721970929020466e-02 0.000000000000000000e+00 0.000000000000000000e+00 7.540289792969624358e-03 7.904242266587488963e+00 0.000000000000000000e+00 0.000000000000000000e+00
6.288112021186694101e+00 -1.642283284273435978e-02 -5.217389965124175077e-02 0.000000000000000000e+00 0.000000000000000000e+00 7.583472022738745738e-03 8.117917712380908313e+00 0.000000000000000000e+00 0.000000000000000000e+00
6.458098604847685387e+00 -1.674604914586358406e-02 -5.356626983921598112e-02 0.000000000000000000e+00 0.000000000000000000e+00 7.604657710979605828e-03 8.337369448246812809e+00 0.000000000000000000e+00 0.000000000000000000e+00
6.632680437214072633e+00 -1.624984200574425969e-02 -5.229506270353134756e-02 0.000000000000000000e+00 0.000000000000000000e+00 7.590277033859611604e-03 8.562753624681944231e+00 0.000000000000000000e+00 0.000000000000000000e+00
6.811981741681667479e+00 -1.502754875553625677e-02 -4.865370246939394044e-02 0.000000000000000000e+00 0.000000000000000000e+00 7.528081114151326247e-03 8.794230613400698005e+00 0.000000000000000000e+00 0.000000000000000000e+00
6.996130099778346434e+00 -1.319079714127571745e-02 -4.299521164437469789e-02 0.000000000000000000e+00 0.000000000000000000e+00 7.410489596421139177e-03 9.031965121447322886e+00 0.000000000000000000e+00 0.000000000000000000e+00
7.185256541944483821e+00 -1.086787692785484705e-02 -3.572724668830836586e-02 0.000000000000000000e+00 0.000000000000000000e+00 7.239016186937370992e-03 9.276126308392960595e+00 0.000000000000000000e+00 0.000000000000000000e+00
7.379495640767413711e+00 -8.201512094756838872e-03 -2.730517979540096618e-02 0.000000000000000000e+00 0.000000000000000000e+00 7.029516839082153995e-03 9.526887906700807207e+00 0.000000000000000000e+00 0.000000000000000000e+00
7.578985606736329039e+00 -5.345942998409684149e-03 -1.822292046074569516e-02 0.000000000000000000e+00 0.000000000000000000e+00 6.816974034935005360e-03 9.784428345345173028e+00 0.000000000000000000e+00 0.000000000000000000e+00
7.783868386585694132e+00 -2.463439886111683588e-03 -9.001848011973864402e-03 5.745191948296719331e-04 1.909915913571540559e-03 6.656145708056453343e-03 1.004893087677226227e+01 2.646902067280895725e-08 5.455067720961881634e-04
7.994289764297218603e+00 2.799788925456221092e-04 -1.771144589343739278e-04 2.401201218961790916e-03 7.560227630944626499e-03 6.611222474506941484e-03 1.032058370729318142e+01 9.781475258196017348e-08 2.175745739656095249e-03
8.210399464832176974e+00 2.719564365510837578e-03 7.718510894815839955e-03 4.163913882869542220e-03 1.298690081037784556e-02 6.728928991697719943e-03 1.059958013100176899e+01 1.555108899264883332e-07 3.741898941575348084e-03
8.432351260667946491e+00 4.698052717101972725e-03 1.417475362969804371e-02 5.492199248789469621e-03 1.707147186080323897e-02 7.002974823562213569e-03 1.088611866731269018e+01 1.888806034269990478e-07 4.920883659107921915e-03
8.660303081214536292e+00 6.073168990460763202e-03 1.872821165801076548e-02 6.284913293675745659e-03 1.950056733669409265e-02 7.353126655039929176e-03 1.118040320221755834e+01 1.992639138426833856e-07 5.622338596834025939e-03
8.894417125188995854e+00 6.726878353115034112e-03 2.099248176860523535e-02 6.726878353115034112e-03 2.099248176860523535e-02 7.632436776730765898e-03 1.148264313335967657e+01 2.005227202256398545e-07 6.036491603972267764e-03
9.134859976027611239e+00 6.576046633470216708e-03 2.069295496055314348e-02 6.576046633470216708e-03 2.069295496055314348e-02 7.652451126070088615e-03 1.179305351903053989e+01 1.854502916507495323e-07 5.929047865020750999e-03
9.381802720418068731e+00 5.584079131242055023e-03 1.770487294903758460e-02 5.584079131242055023e-03 1.770487294903758460e-02 7.216662739685907567e-03 1.211185523119420537e+01 1.486810936840531405e-07 5.056044577871727022e-03
9.635421070035881996e+00 3.771673875182143462e-03 1.208861392458669172e-02 3.771673875182143462e-03 1.208861392458669172e-02 6.184383688462538609e-03 1.243927511264833896e+01 9.581008762838303225e-08 3.435254661933134605e-03
9.895895486571712141e+00 1.223862226350420652e-03 4.113026638335457071e-03 1.271670147015358139e-03 4.272012250435957073e-03 4.713720402079478455e-03 1.277554613843379450e+01 3.411242039875819312e-08 1.188917018135114776e-03
1.016341131013859211e+01 -1.911741599026798005e-03 -5.749660624096542862e-03 4.734776507972466393e-04 1.727050724720603130e-03 4.350087837981322231e-03 1.312090758160762327e+01 1.383997415097040301e-08 4.678801750197124267e-04
1.043815889115034068e+01 -5.443143570556415595e-03 -1.688221414670587617e-02 1.588014300152602431e-04 5.792419649221555028e-04 7.503261007629302357e-03 1.347560518349738246e+01 4.284863569468926894e-09 1.569240717989822502e-04
1.072033372576507659e+01 -9.291229260296785669e-03 -2.903022289429329356e-02 0.000000000000000000e+00 0.000000000000000000e+00 1.356671773889692699e-02 1.383989132855795035e+01 0.000000000000000000e+00 0.000000000000000000e+00
