6.367979799999999579e-02 1.873392042441860994e+01 4.328269911225339328e+00 4.328269911225339328e+00
6.972053899999999804e-02 1.827286746728092837e+01 4.274677469386541695e+00 4.274677469386541695e+00
7.576168699999999423e-02 1.778840036934044022e+01 4.217629709841824948e+00 4.217629709841824948e+00
8.180283500000000430e-02 1.728451976283589886e+01 4.157465545598171275e+00 4.157465545598171275e+00
8.784357600000000654e-02 1.676526243567876762e+01 4.094540564663972759e+00 4.094540564663972759e+00
9.388472400000000273e-02 1.623453776265757753e+01 4.029210563206839346e+00 4.029210563206839346e+00
9.992587199999999892e-02 1.569628746823543608e+01 3.961854044287274945e+00 3.961854044287274945e+00
1.059666100000000027e-01 1.515433576358768697e+01 3.892857018127905189e+00 3.892857018127905189e+00
1.120077599999999979e-01 1.461223268056568081e+01 3.822595019167696506e+00 3.822595019167696506e+00
1.180485000000000007e-01 1.407347308830407151e+01 3.751462793138707230e+00 3.751462793138707230e+00
1.240896499999999958e-01 1.354116910949529995e+01 3.679832755641932795e+00 3.679832755641932795e+00
1.301307999999999909e-01 1.301827854426359465e+01 3.608085163111258264e+00 3.608085163111258264e+00
1.361715400000000076e-01 1.250747004898152248e+01 3.536590172607157356e+00 3.536590172607157356e+00
1.422126900000000027e-01 1.201100575484995936e+01 3.465689794954239566e+00 3.465689794954239566e+00
1.482538399999999978e-01 1.153093933548611361e+01 3.395723683618281807e+00 3.395723683618281807e+00
1.542945799999999867e-01 1.106900270314303292e+01 3.327011076498398445e+00 3.327011076498398445e+00
1.603357199999999871e-01 1.062651891457591802e+01 3.259834185135176199e+00 3.259834185135176199e+00
1.663768700000000100e-01 1.020459396538876184e+01 3.194463016750821893e+00 3.194463016750821893e+00
1.724176099999999989e-01 9.804031959547849340e+00 3.131139083392472156e+00 3.131139083392472156e+00
1.784587599999999941e-01 9.425271975113483691e+00 3.070060581668297317e+00 3.070060581668297317e+00
1.844999099999999892e-01 9.068570525612466682e+00 3.011406735333582496e+00 3.011406735333582496e+00
1.905406500000000058e-01 8.733934534917151993e+00 2.955323084692628388e+00 2.955323084692628388e+00
1.965818000000000010e-01 8.421083185267702831e+00 2.901910264854463684e+00 2.901910264854463684e+00
2.026229499999999961e-01 8.129608773297174906e+00 2.851246880453738530e+00 2.851246880453738530e+00
2.086636900000000128e-01 7.858927344404581739e+00 2.803377845457972306e+00 2.803377845457972306e+00
2.147048400000000079e-01 7.608255459768291651e+00 2.758306629033163038e+00 2.758306629033163038e+00
2.207455799999999968e-01 7.376760350134101252e+00 2.716019210192391231e+00 2.716019210192391231e+00
2.267867199999999972e-01 7.163447878151540493e+00 2.676461820790937640e+00 2.676461820790937640e+00
2.328278699999999923e-01 6.967297105660790635e+00 2.639563809734629451e+00 2.639563809734629451e+00
2.388686100000000090e-01 6.787231150030363480e+00 2.605231496437574457e+00 2.605231496437574457e+00
2.449097600000000041e-01 6.622103627293998152e+00 2.573344832565973572e+00 2.573344832565973572e+00
2.509509100000000270e-01 6.470789613271059615e+00 2.543774678164530290e+00 2.543774678164530290e+00
2.569916500000000159e-01 6.332160145652760086e+00 2.516378378871659383e+00 2.516378378871659383e+00
2.630328000000000110e-01 6.205071614894182019e+00 2.490998116196433632e+00 2.490998116196433632e+00
2.690739500000000062e-01 6.088433580154753777e+00 2.467475142763297047e+00 2.467475142763297047e+00
2.751146899999999951e-01 5.981187002704922762e+00 2.445646540836374339e+00 2.445646540836374339e+00
2.811558399999999902e-01 5.882293575091784632e+00 2.425344011700564018e+00 2.425344011700564018e+00
2.871965799999999791e-01 5.790791718499692209e+00 2.406406390969674014e+00 2.406406390969674014e+00
2.932377299999999742e-01 5.705747666931651807e+00 2.388670690348849934e+00 2.388670690348849934e+00
2.992788699999999746e-01 5.626304244206726146e+00 2.371983188010978960e+00 2.371983188010978960e+00
3.053196100000000190e-01 5.551662863137587500e+00 2.356196694492543209e+00 2.356196694492543209e+00
3.113607600000000142e-01 5.481072805624390476e+00 2.341169110855597868e+00 2.341169110855597868e+00
3.174019100000000093e-01 5.413862225481557822e+00 2.326770772010332333e+00 2.326770772010332333e+00
3.234426499999999982e-01 5.349422607646773464e+00 2.312881883634954061e+00 2.312881883634954061e+00
3.294837999999999933e-01 5.287196669122355530e+00 2.299390499485103767e+00 2.299390499485103767e+00
3.355245399999999822e-01 5.226708070500684755e+00 2.286199481782087428e+00 2.286199481782087428e+00
3.415656899999999774e-01 5.167526469002594602e+00 2.273219406261215880e+00 2.273219406261215880e+00
3.476068399999999725e-01 5.109295105692582162e+00 2.260374992272871086e+00 2.260374992272871086e+00
3.536475800000000169e-01 5.051716282954941128e+00 2.247602340930205944e+00 2.247602340930205944e+00
3.596887300000000121e-01 4.994537578334292682e+00 2.234846209101264414e+00 2.234846209101264414e+00
3.657298700000000125e-01 4.937572555067308855e+00 2.222064930434596519e+00 2.222064930434596519e+00
3.717706100000000013e-01 4.880685334489463401e+00 2.209227316164966926e+00 2.209227316164966926e+00
3.778117599999999965e-01 4.823775945588723246e+00 2.196309619700447247e+00 2.196309619700447247e+00
3.838529099999999916e-01 4.766798973123182570e+00 2.183300019036134021e+00 2.183300019036134021e+00
3.898936499999999805e-01 4.709747554421257476e+00 2.170195280250433623e+00 2.170195280250433623e+00
3.959347999999999757e-01 4.652636857909629775e+00 2.156997185419960328e+00 2.156997185419960328e+00
4.019755400000000201e-01 4.595526011143449274e+00 2.143717801191063810e+00 2.143717801191063810e+00
4.080158700000000027e-01 4.538489443484841956e+00 2.130373076126536702e+00 2.130373076126536702e+00
4.140586499999999726e-01 4.481592212194041913e+00 2.116977140215274389e+00 2.116977140215274389e+00
4.200973599999999752e-01 4.424999571642469931e+00 2.103568294979383246e+00 2.103568294979383246e+00
4.261401300000000059e-01 4.368745878717807507e+00 2.090154510728287729e+00 2.090154510728287729e+00
4.321788400000000085e-01 4.313018455929762851e+00 2.076780791496724898e+00 2.076780791496724898e+00
4.382216099999999837e-01 4.257850553451535625e+00 2.063455973228296436e+00 2.063455973228296436e+00
4.442643900000000090e-01 4.203379825992974439e+00 2.050214580475169246e+00 2.050214580475169246e+00
4.503031000000000117e-01 4.149730238180969089e+00 2.037088667235908090e+00 2.037088667235908090e+00
4.563458699999999868e-01 4.096902083941424522e+00 2.024080552730405547e+00 2.024080552730405547e+00
4.623845799999999895e-01 4.045020779985144088e+00 2.011223702123944079e+00 2.011223702123944079e+00
4.684273600000000148e-01 3.994051032678926472e+00 1.998512204786081936e+00 1.998512204786081936e+00
4.744660600000000228e-01 3.944075098530795742e+00 1.985969561330383382e+00 1.985969561330383382e+00
4.805088399999999926e-01 3.895017626911026820e+00 1.973579901324247654e+00 1.973579901324247654e+00
4.865516200000000180e-01 3.846883964207191031e+00 1.961347486858764366e+00 1.961347486858764366e+00
4.925903200000000259e-01 3.799657216916060953e+00 1.949270944973032993e+00 1.949270944973032993e+00
4.986330999999999958e-01 3.753207112544094226e+00 1.937319569029357202e+00 1.937319569029357202e+00
5.046718000000000037e-01 3.707514386902344583e+00 1.925490687306055104e+00 1.925490687306055104e+00
5.107145800000000291e-01 3.662422438869396668e+00 1.913745656786553395e+00 1.913745656786553395e+00
5.167532799999999815e-01 3.617887758000154275e+00 1.902074593174556405e+00 1.902074593174556405e+00
5.227960600000000069e-01 3.573739410723838272e+00 1.890433656789848316e+00 1.890433656789848316e+00
5.288388400000000322e-01 3.529894051952034761e+00 1.878801227366012405e+00 1.878801227366012405e+00
5.348775399999999847e-01 3.486268189308493248e+00 1.867155105851812547e+00 1.867155105851812547e+00
5.409203200000000100e-01 3.442693990885426825e+00 1.855449808236651510e+00 1.855449808236651510e+00
5.469590199999999625e-01 3.399128558269169265e+00 1.843672573498116973e+00 1.843672573498116973e+00
5.530017999999999878e-01 3.355420965860345994e+00 1.831780818182226156e+00 1.831780818182226156e+00
5.590405000000000513e-01 3.311550334664344231e+00 1.819766560486356433e+00 1.819766560486356433e+00
5.650832799999999656e-01 3.267391328562526009e+00 1.807592688788745461e+00 1.807592688788745461e+00
5.711219899999999683e-01 3.222952734961197052e+00 1.795258403395231905e+00 1.795258403395231905e+00
5.771647600000000544e-01 3.178139939351961374e+00 1.782733838617520883e+00 1.782733838617520883e+00
5.832075399999999687e-01 3.132964126377504765e+00 1.770018114703209688e+00 1.770018114703209688e+00
5.892462499999999714e-01 3.087453709420400649e+00 1.757115166806205941e+00 1.757115166806205941e+00
5.952890199999999465e-01 3.041560284448656226e+00 1.744006962270694627e+00 1.744006962270694627e+00
6.013277299999999492e-01 2.995372544661528025e+00 1.730714460753572048e+00 1.730714460753572048e+00
6.073705000000000354e-01 2.948868120551186855e+00 1.717226869272428624e+00 1.717226869272428624e+00
6.134092100000000380e-01 2.902160110901853329e+00 1.703572748931448944e+00 1.703572748931448944e+00
6.194519899999999524e-01 2.855245226189221608e+00 1.689747089415815973e+00 1.689747089415815973e+00
6.254947600000000385e-01 2.808221427291418770e+00 1.675774873690203837e+00 1.675774873690203837e+00
6.315334700000000412e-01 2.761191434487816565e+00 1.661683313537154261e+00 1.661683313537154261e+00
6.375762499999999555e-01 2.714165666055363246e+00 1.647472508436897520e+00 1.647472508436897520e+00
6.436149500000000190e-01 2.667281798051226893e+00 1.633181495747250578e+00 1.633181495747250578e+00
6.496577300000000443e-01 2.620549526049054556e+00 1.618811145887331326e+00 1.618811145887331326e+00
6.556964299999999968e-01 2.574102025237435587e+00 1.604400830602326522e+00 1.604400830602326522e+00
6.617392100000000221e-01 2.527942341729286113e+00 1.589950421154473048e+00 1.589950421154473048e+00
6.677779099999999746e-01 2.482193101116211498e+00 1.575497731231692899e+00 1.575497731231692899e+00
6.738206899999999999e-01 2.436846504814776271e+00 1.561040199615236101e+00 1.561040199615236101e+00
6.798634700000000253e-01 2.391980735775021571e+00 1.546602966431599002e+00 1.546602966431599002e+00
6.859021699999999777e-01 2.347665458008163952e+00 1.532209338833360635e+00 1.532209338833360635e+00
6.919449500000000031e-01 2.303873382668419012e+00 1.517851568062048351e+00 1.517851568062048351e+00
6.979836499999999555e-01 2.260689086678699500e+00 1.503558807190027879e+00 1.503558807190027879e+00
7.040264299999999809e-01 2.218072906080332363e+00 1.489319611796048326e+00 1.489319611796048326e+00
7.100651300000000443e-01 2.176094809635201077e+00 1.475159248906775078e+00 1.475159248906775078e+00
7.161079099999999587e-01 2.134704887771402770e+00 1.461062930804625903e+00 1.461062930804625903e+00
7.221506899999999840e-01 2.093933636964468548e+00 1.447043066727617733e+00 1.447043066727617733e+00
7.281893900000000475e-01 2.053805780032425421e+00 1.433110526104816929e+00 1.433110526104816929e+00
7.342321699999999618e-01 2.014261610067431540e+00 1.419246846065698175e+00 1.419246846065698175e+00
7.402708799999999645e-01 1.975346481582368474e+00 1.405470199464353032e+00 1.405470199464353032e+00
7.463136500000000506e-01 1.936998271989895493e+00 1.391760853016744237e+00 1.391760853016744237e+00
7.523523600000000533e-01 1.899257762857964327e+00 1.378135611200133059e+00 1.378135611200133059e+00
7.583951399999999676e-01 1.862063000018916004e+00 1.364574292597847460e+00 1.364574292597847460e+00
7.644338400000000311e-01 1.825453189162207002e+00 1.351093331033133005e+00 1.351093331033133005e+00
7.704766199999999454e-01 1.789368545757766826e+00 1.337672809680217290e+00 1.337672809680217290e+00
7.765193999999999708e-01 1.753824713508852051e+00 1.324320472358881950e+00 1.324320472358881950e+00
7.825581000000000342e-01 1.718837210982828712e+00 1.311044320754576331e+00 1.311044320754576331e+00
7.886008799999999486e-01 1.684352366750404340e+00 1.297826015593155136e+00 1.297826015593155136e+00
7.946395800000000120e-01 1.650412028211136972e+00 1.284683629619034706e+00 1.284683629619034706e+00
8.006823600000000374e-01 1.616967325050242987e+00 1.271600300821859264e+00 1.271600300821859264e+00
8.067210599999999898e-01 1.584062108819512593e+00 1.258595291910593605e+00 1.258595291910593605e+00
8.127638400000000152e-01 1.551652213538393221e+00 1.245653327992340520e+00 1.245653327992340520e+00
8.188066200000000405e-01 1.519761818046518886e+00 1.232786201271947490e+00 1.232786201271947490e+00
8.248453199999999930e-01 1.488414986644177818e+00 1.220006142051825115e+00 1.220006142051825115e+00
8.308881000000000183e-01 1.457573489525043398e+00 1.207300082632749350e+00 1.207300082632749350e+00
8.369267999999999708e-01 1.427283915907691103e+00 1.194689882734298214e+00 1.194689882734298214e+00
8.429695799999999961e-01 1.397510827461311944e+00 1.182163621273008003e+00 1.182163621273008003e+00
8.490082799999999486e-01 1.368300174371473332e+00 1.169743636174813028e+00 1.169743636174813028e+00
8.550510599999999739e-01 1.339618201739409820e+00 1.157418766799385379e+00 1.157418766799385379e+00
8.610938399999999993e-01 1.311490223926711884e+00 1.145203136533738286e+00 1.145203136533738286e+00
8.671325399999999517e-01 1.283939450367898472e+00 1.133110519926409765e+00 1.133110519926409765e+00
8.731753199999999770e-01 1.256932555954284103e+00 1.121130035256519220e+00 1.121130035256519220e+00
8.792140200000000405e-01 1.230508786801190801e+00 1.109283005729913230e+00 1.109283005729913230e+00
8.852567999999999548e-01 1.204633873819627610e+00 1.097558141430160283e+00 1.097558141430160283e+00
8.912955099999999575e-01 1.179342628151467842e+00 1.085975427047715325e+00 1.085975427047715325e+00
8.973382800000000437e-01 1.154599242433179684e+00 1.074522797539996244e+00 1.074522797539996244e+00
9.033769900000000463e-01 1.130433447687175796e+00 1.063218438368699337e+00 1.063218438368699337e+00
9.094197699999999607e-01 1.106807375359618373e+00 1.052049131628185030e+00 1.052049131628185030e+00
9.154625400000000468e-01 1.083730388041298065e+00 1.041023721171279615e+00 1.041023721171279615e+00
9.215012500000000495e-01 1.061208498377174791e+00 1.030149745608460066e+00 1.030149745608460066e+00
9.275440299999999638e-01 1.039200827160012830e+00 1.019412000694524201e+00 1.019412000694524201e+00
9.335827300000000273e-01 1.017725007145673599e+00 1.008823575827643815e+00 1.008823575827643815e+00
9.396255100000000526e-01 9.967386572475047668e-01 9.983679969067040805e-01 9.983679969067040805e-01
9.456642100000000051e-01 9.762557024871699740e-01 9.880565279816585500e-01 9.880565279816585500e-01
9.517069900000000304e-01 9.562332382066061065e-01 9.778717902703840670e-01 9.778717902703840670e-01
9.577497699999999448e-01 9.366695225235205369e-01 9.678168848100969779e-01 9.678168848100969779e-01
9.637884700000000082e-01 9.175613677938949664e-01 9.578942362254274645e-01 9.578942362254274645e-01
9.698312500000000336e-01 8.988671079835128808e-01 9.480860235144872306e-01 9.480860235144872306e-01
9.758699499999999860e-01 8.805965497591117241e-01 9.384010601864810619e-01 9.384010601864810619e-01
9.819127300000000114e-01 8.627102248850451183e-01 9.288219554279738555e-01 9.288219554279738555e-01
9.879514299999999638e-01 8.452184408580515340e-01 9.193576240278054090e-01 9.193576240278054090e-01
9.939942099999999892e-01 8.280848367412190214e-01 9.099916685009918904e-01 9.099916685009918904e-01
1.000032899999999891e+00 8.113211637006746413e-01 9.007336807851000771e-01 9.007336807851000771e-01
1.006075700000000017e+00 7.948946552534440491e-01 8.915686486487981455e-01 8.915686486487981455e-01
1.012118499999999921e+00 7.788083143800316188e-01 8.825011696196394251e-01 8.825011696196394251e-01
1.018157200000000095e+00 7.630656822860740762e-01 8.735363085104557168e-01 8.735363085104557168e-01
1.024199999999999999e+00 7.476397940047051494e-01 8.646616644703899457e-01 8.646616644703899457e-01
1.030238699999999952e+00 7.325473435333050842e-01 8.558897963717672086e-01 8.558897963717672086e-01
1.036281400000000019e+00 7.177650361894815090e-01 8.472101487762534466e-01 8.472101487762534466e-01
1.042320099999999972e+00 7.033104164216531506e-01 8.386360452673454757e-01 8.386360452673454757e-01
1.048362900000000097e+00 6.891628728916677771e-01 8.301583420599155660e-01 8.301583420599155660e-01
1.054405700000000001e+00 6.753316539646591066e-01 8.217856496463412652e-01 8.217856496463412652e-01
1.060444399999999954e+00 6.618254547263474619e-01 8.135265544076281108e-01 8.135265544076281108e-01
1.066487200000000080e+00 6.486256183260097341e-01 8.053729684599612026e-01 8.053729684599612026e-01
1.072525900000000032e+00 6.357495454168810012e-01 7.973390404444529178e-01 7.973390404444529178e-01
1.078568699999999936e+00 6.231788160258302511e-01 7.894167568691649040e-01 7.894167568691649040e-01
1.084607400000000110e+00 6.109289285057087904e-01 7.816194268988641003e-01 7.816194268988641003e-01
1.090650099999999956e+00 5.989810875328951401e-01 7.739386846080864579e-01 7.739386846080864579e-01
1.096692900000000082e+00 5.873400375573463172e-01 7.663811307419737817e-01 7.663811307419737817e-01
1.102731600000000034e+00 5.760092739640954029e-01 7.589527481761267902e-01 7.589527481761267902e-01
1.108774399999999938e+00 5.649680612501353227e-01 7.516435732780101242e-01 7.516435732780101242e-01
1.114813099999999890e+00 5.542249847629183712e-01 7.444628834017975594e-01 7.444628834017975594e-01
1.120855900000000016e+00 5.437580434168310939e-01 7.373995141148596000e-01 7.373995141148596000e-01
1.126894599999999969e+00 5.335731087106063697e-01 7.304608878719013321e-01 7.304608878719013321e-01
1.132937400000000094e+00 5.236472016444165822e-01 7.236347156158392524e-01 7.236347156158392524e-01
1.138976100000000047e+00 5.139839877242067256e-01 7.169267659421056926e-01 7.169267659421056926e-01
1.145018799999999892e+00 5.045601890529063382e-01 7.103240028697511699e-01 7.103240028697511699e-01
1.151061600000000018e+00 4.953715071466254782e-01 7.038263330869523049e-01 7.038263330869523049e-01
1.157100299999999971e+00 4.864133439522386748e-01 6.974333975027570132e-01 6.974333975027570132e-01
1.163143100000000096e+00 4.776628307881481406e-01 6.911315582348618314e-01 6.911315582348618314e-01
1.169181800000000049e+00 4.691213780057139071e-01 6.849243593315351708e-01 6.849243593315351708e-01
1.175224599999999953e+00 4.607673069530553445e-01 6.787984288086230666e-01 6.787984288086230666e-01
1.181263299999999905e+00 4.526024186345141143e-01 6.727573252180270025e-01 6.727573252180270025e-01
1.187306100000000031e+00 4.446067372105272919e-01 6.667883751315160090e-01 6.667883751315160090e-01
1.193348800000000098e+00 4.367778503944168000e-01 6.608917085229748523e-01 6.608917085229748523e-01
1.199387500000000051e+00 4.291133181236909122e-01 6.550674149457373918e-01 6.550674149457373918e-01
1.205430299999999955e+00 4.215963833318399634e-01 6.493045382036383151e-01 6.493045382036383151e-01
1.211468999999999907e+00 4.142316269972762810e-01 6.436082869240236093e-01 6.436082869240236093e-01
1.217511800000000033e+00 4.070042613320570823e-01 6.379688560831611177e-01 6.379688560831611177e-01
1.223550499999999985e+00 3.999201056788777575e-01 6.323923668727174929e-01 6.323923668727174929e-01
1.229593299999999889e+00 3.929662819061096046e-01 6.268702273246908874e-01 6.268702273246908874e-01
1.235632000000000064e+00 3.861496246658874254e-01 6.214093857240067242e-01 6.214093857240067242e-01
1.241674799999999967e+00 3.794588371033356111e-01 6.160023028393121214e-01 6.160023028393121214e-01
1.247717500000000035e+00 3.728971225266670686e-01 6.106530295729867275e-01 6.106530295729867275e-01
1.253756199999999987e+00 3.664673701541074080e-01 6.053654847727175659e-01 6.053654847727175659e-01
1.259798999999999891e+00 3.601600003681465489e-01 6.001333188285303821e-01 6.001333188285303821e-01
1.265837700000000066e+00 3.539827711749597428e-01 5.949645125341171958e-01 5.949645125341171958e-01
1.271880499999999969e+00 3.479265548478656656e-01 5.898529942687971150e-01 5.898529942687971150e-01
1.277919199999999922e+00 3.419988070211983366e-01 5.848066407122941568e-01 5.848066407122941568e-01
1.283962000000000048e+00 3.361906162016558564e-01 5.798194686293793865e-01 5.798194686293793865e-01
1.290004799999999952e+00 3.305050241925069354e-01 5.748956637447415474e-01 5.748956637447415474e-01
1.296043499999999904e+00 3.249445272899323944e-01 5.700390576880959292e-01 5.700390576880959292e-01
1.302086300000000030e+00 3.195000866754910129e-01 5.652433871134548982e-01 5.652433871134548982e-01
1.308124999999999982e+00 3.141773282521104216e-01 5.605152346298095667e-01 5.605152346298095667e-01
1.314167700000000050e+00 3.089670577267448204e-01 5.558480527327093190e-01 5.558480527327093190e-01
1.320206400000000002e+00 3.038738345440120114e-01 5.512475256579497662e-01 5.512475256579497662e-01
1.326249199999999906e+00 2.988882099710423734e-01 5.467066946462630916e-01 5.467066946462630916e-01
1.332287900000000080e+00 2.940140723347083318e-01 5.422306449608951251e-01 5.422306449608951251e-01
1.338330699999999984e+00 2.892416908324503266e-01 5.378119474616107620e-01 5.378119474616107620e-01
1.344373500000000110e+00 2.845710990446023159e-01 5.334520588062270363e-01 5.334520588062270363e-01
1.350412200000000063e+00 2.800018964387406828e-01 5.291520541760569296e-01 5.291520541760569296e-01
1.356454999999999966e+00 2.755242965509863140e-01 5.249040831913830418e-01 5.249040831913830418e-01
1.362493699999999919e+00 2.711407307008092404e-01 5.207117539491586955e-01 5.207117539491586955e-01
1.368536399999999986e+00 2.668416520428300021e-01 5.165671805707656716e-01 5.165671805707656716e-01
1.374575099999999939e+00 2.626291238841192421e-01 5.124735348133786506e-01 5.124735348133786506e-01
1.380617900000000065e+00 2.584939488293842569e-01 5.084230018689007702e-01 5.084230018689007702e-01
1.386660699999999968e+00 2.544355943645976170e-01 5.044160924917023836e-01 5.044160924917023836e-01
1.392699399999999921e+00 2.504534946012429986e-01 5.004532891302074793e-01 5.004532891302074793e-01
1.398742200000000047e+00 2.465392149094287055e-01 4.965271542518381875e-01 4.965271542518381875e-01
1.404780899999999999e+00 2.426952942449480122e-01 4.926411414457261828e-01 4.926411414457261828e-01
1.410823699999999903e+00 2.389140198752840172e-01 4.887883180634373659e-01 4.887883180634373659e-01
1.416862400000000077e+00 2.351983371836854630e-01 4.849725117815291697e-01 4.849725117815291697e-01
1.422905099999999923e+00 2.315413937676068235e-01 4.811874829706263568e-01 4.811874829706263568e-01
1.428947900000000049e+00 2.279440730395512760e-01 4.774348887958977938e-01 4.774348887958977938e-01
1.434986600000000001e+00 2.244076052192247595e-01 4.737167985402510051e-01 4.737167985402510051e-01
1.441029399999999905e+00 2.209262933914483973e-01 4.700279708607227325e-01 4.700279708607227325e-01
1.447068100000000079e+00 2.175042655756872501e-01 4.663735258091814551e-01 4.663735258091814551e-01
1.453110899999999983e+00 2.141365493287337995e-01 4.627489052701624916e-01 4.627489052701624916e-01
1.459149599999999936e+00 2.108276251825003111e-01 4.591596946406558133e-01 4.591596946406558133e-01
1.465192400000000061e+00 2.075731049959650965e-01 4.556019150486146918e-01 4.556019150486146918e-01
1.471231100000000014e+00 2.043776574223240827e-01 4.520814721068803776e-01 4.520814721068803776e-01
1.477273800000000081e+00 2.012373436612351629e-01 4.485948546976828433e-01 4.485948546976828433e-01
1.483316599999999985e+00 1.981546404467085520e-01 4.451456395908068853e-01 4.451456395908068853e-01
1.489355299999999938e+00 1.951320129866092878e-01 4.417374932995944969e-01 4.417374932995944969e-01
1.495398100000000063e+00 1.921656725996741810e-01 4.383670523655652240e-01 4.383670523655652240e-01
1.501436800000000016e+00 1.892598461542480681e-01 4.350400512070676795e-01 4.350400512070676795e-01
1.507479599999999920e+00 1.864106308859452554e-01 4.317529743799632946e-01 4.317529743799632946e-01
1.513518300000000094e+00 1.836217396586898309e-01 4.285110729709208366e-01 4.285110729709208366e-01
1.519561099999999998e+00 1.808890051497065443e-01 4.253104808839144324e-01 4.253104808839144324e-01
1.525603800000000065e+00 1.782137565071153229e-01 4.221537119428364626e-01 4.221537119428364626e-01
1.531642500000000018e+00 1.755967767638560162e-01 4.190426908607952639e-01 4.190426908607952639e-01
1.537685299999999922e+00 1.730334128170216146e-01 4.159728510576400917e-01 4.159728510576400917e-01
1.543724000000000096e+00 1.705257517253529198e-01 4.129476379946407927e-01 4.129476379946407927e-01
1.549766800000000000e+00 1.680687671598255495e-01 4.099619094011363596e-01 4.099619094011363596e-01
1.555805499999999952e+00 1.656639741745197791e-01 4.070183953760809770e-01 4.070183953760809770e-01
1.561848300000000078e+00 1.633061238706902396e-01 4.041115240508370565e-01 4.041115240508370565e-01
1.567887000000000031e+00 1.609963146932013867e-01 4.012434606235986689e-01 4.012434606235986689e-01
1.573929799999999934e+00 1.587292351050038630e-01 3.984083773027418118e-01 3.984083773027418118e-01
1.579972500000000002e+00 1.565043072683469927e-01 3.956062528175546822e-01 3.956062528175546822e-01
1.586011300000000013e+00 1.543207219473896330e-01 3.928367624693361315e-01 3.928367624693361315e-01
1.592054000000000080e+00 1.521735687108611013e-01 3.900943074576468383e-01 3.900943074576468383e-01
1.598092700000000033e+00 1.500636890518936561e-01 3.873805481072761236e-01 3.873805481072761236e-01
1.604135499999999936e+00 1.479864512579627533e-01 3.846900716914367635e-01 3.846900716914367635e-01
1.610174200000000111e+00 1.459430705359412717e-01 3.820249606189905500e-01 3.820249606189905500e-01
1.616217000000000015e+00 1.439293902032236505e-01 3.793802712361617480e-01 3.793802712361617480e-01
1.622259799999999919e+00 1.419456656654140003e-01 3.767567725541426937e-01 3.767567725541426937e-01
1.628298500000000093e+00 1.399923181174746178e-01 3.741554731892540731e-01 3.741554731892540731e-01
1.634341299999999997e+00 1.380660456084222831e-01 3.715723961873678705e-01 3.715723961873678705e-01
1.640379999999999949e+00 1.361690474270446927e-01 3.690109042115756743e-01 3.690109042115756743e-01
1.646422700000000017e+00 1.342985786583295038e-01 3.664677047958380673e-01 3.664677047958380673e-01
1.652461399999999969e+00 1.324571049068382633e-01 3.639465687526649562e-01 3.639465687526649562e-01
1.658504200000000095e+00 1.306423027235827927e-01 3.614447436657265977e-01 3.614447436657265977e-01
1.664546999999999999e+00 1.288556978585563839e-01 3.589647585189337242e-01 3.589647585189337242e-01
1.670585699999999951e+00 1.270988200077007857e-01 3.565092144779721806e-01 3.565092144779721806e-01
1.676628500000000077e+00 1.253696699118500013e-01 3.540757968456048066e-01 3.540757968456048066e-01
1.682667200000000030e+00 1.236709801364125894e-01 3.516688501081842722e-01 3.516688501081842722e-01
1.688709999999999933e+00 1.220007927923008467e-01 3.492861188084932511e-01 3.492861188084932511e-01
1.694748700000000108e+00 1.203616509249693517e-01 3.469317669585322839e-01 3.469317669585322839e-01
1.700791399999999953e+00 1.187515306510023433e-01 3.446034396969976932e-01 3.446034396969976932e-01
1.706830099999999906e+00 1.171726139990271198e-01 3.423048553541522820e-01 3.423048553541522820e-01
1.712872900000000032e+00 1.156226917234014911e-01 3.400333685440319886e-01 3.400333685440319886e-01
1.718915699999999935e+00 1.141026005330036952e-01 3.377907644282236443e-01 3.377907644282236443e-01
1.724954400000000110e+00 1.126129390153636223e-01 3.355785139358055114e-01 3.355785139358055114e-01
1.730997200000000014e+00 1.111511268578616596e-01 3.333933515501796285e-01 3.333933515501796285e-01
1.737035899999999966e+00 1.097184446829480436e-01 3.312377464646021341e-01 3.312377464646021341e-01
1.743078700000000092e+00 1.083121111222132282e-01 3.291080538701738334e-01 3.291080538701738334e-01
1.749117400000000044e+00 1.069330857001237339e-01 3.270062471882207444e-01 3.270062471882207444e-01
1.755160099999999890e+00 1.055784765258781094e-01 3.249284175412764930e-01 3.249284175412764930e-01
1.761202900000000016e+00 1.042480744447321361e-01 3.228747039406031361e-01 3.228747039406031361e-01
1.767241599999999968e+00 1.029416306027303718e-01 3.208451816729220862e-01 3.208451816729220862e-01
1.773284400000000094e+00 1.016562055507659879e-01 3.188357030678433679e-01 3.188357030678433679e-01
1.779323100000000046e+00 1.003923897630070311e-01 3.168475812800328750e-01 3.168475812800328750e-01
1.785365899999999950e+00 9.914734697528779228e-02 3.148767171057393344e-01 3.148767171057393344e-01
1.791404599999999903e+00 9.792170428617263944e-02 3.129244386208476225e-01 3.129244386208476225e-01
1.797447400000000028e+00 9.671280993560230077e-02 3.109868324151399133e-01 3.109868324151399133e-01
1.803486099999999981e+00 9.552140955564251967e-02 3.090653807136000131e-01 3.090653807136000131e-01
1.809528800000000048e+00 9.434511319437682841e-02 3.071564962594423576e-01 3.071564962594423576e-01
1.815571599999999952e+00 9.318401731812565869e-02 3.052605728195595947e-01 3.052605728195595947e-01
1.821610299999999905e+00 9.203835322658804330e-02 3.033782345960039928e-01 3.033782345960039928e-01
1.827653100000000030e+00 9.090612325915091441e-02 3.015064232469200634e-01 3.015064232469200634e-01
1.833691799999999983e+00 8.978853912879611321e-02 2.996473579539724597e-01 2.996473579539724597e-01
1.839734600000000109e+00 8.868387007014588708e-02 2.977983715035155687e-01 2.977983715035155687e-01
1.845773300000000061e+00 8.759350597183596099e-02 2.959620008917292489e-01 2.959620008917292489e-01
1.851816099999999965e+00 8.651595076790584427e-02 2.941359392660234384e-01 2.941359392660234384e-01
1.857858800000000032e+00 8.545203314362107005e-02 2.923217972434164480e-01 2.923217972434164480e-01
1.863897499999999985e+00 8.440256022073105990e-02 2.905211872148588670e-01 2.905211872148588670e-01
1.869940300000000111e+00 8.336631259636709257e-02 2.887322507036009789e-01 2.887322507036009789e-01
1.875979000000000063e+00 8.234492249259288410e-02 2.869580500571344284e-01 2.869580500571344284e-01
1.882021799999999967e+00 8.133725197407984386e-02 2.851968652949745109e-01 2.851968652949745109e-01
1.888060499999999919e+00 8.034492456802146132e-02 2.834518029013424201e-01 2.834518029013424201e-01
1.894103300000000045e+00 7.936684150461378873e-02 2.817212123795682088e-01 2.817212123795682088e-01
1.900146099999999949e+00 7.840390850094301756e-02 2.800069793789844441e-01 2.800069793789844441e-01
1.906184799999999901e+00 7.745695510621386504e-02 2.783108964920595341e-01 2.783108964920595341e-01
1.912227600000000027e+00 7.652484021842202722e-02 2.766312350737386017e-01 2.766312350737386017e-01
1.918266299999999980e+00 7.560891610254767692e-02 2.749707549950497487e-01 2.749707549950497487e-01
1.924309000000000047e+00 7.470797543469942514e-02 2.733275972797101772e-01 2.733275972797101772e-01
1.930347700000000000e+00 7.382316026590314550e-02 2.717041778587571677e-01 2.717041778587571677e-01
1.936390499999999903e+00 7.295315657225780182e-02 2.700984201587595668e-01 2.700984201587595668e-01
1.942429200000000078e+00 7.209893863423764981e-02 2.685124552683499921e-01 2.685124552683499921e-01
1.948471999999999982e+00 7.125906133831241829e-02 2.669439292029552879e-01 2.669439292029552879e-01
1.954514800000000108e+00 7.043374840828195427e-02 2.653935726581975185e-01 2.653935726581975185e-01
1.960553500000000060e+00 6.962311312385277562e-02 2.638619205642465659e-01 2.638619205642465659e-01
1.966596299999999964e+00 6.882555890824366973e-02 2.623462576600696927e-01 2.623462576600696927e-01
1.972634999999999916e+00 6.804161855671901626e-02 2.608478839414247741e-01 2.608478839414247741e-01
1.978677699999999984e+00 6.726964745619185004e-02 2.593639285949220774e-01 2.593639285949220774e-01
1.984716399999999936e+00 6.651004558960615931e-02 2.578954159918437905e-01 2.578954159918437905e-01
1.990759200000000062e+00 6.576115608382106237e-02 2.564393809145176228e-01 2.564393809145176228e-01
1.996801999999999966e+00 6.502285926370959812e-02 2.549958024433139347e-01 2.549958024433139347e-01
2.002840700000000140e+00 6.429502121791913494e-02 2.535646292721426276e-01 2.535646292721426276e-01
2.008883500000000044e+00 6.357605865936358236e-02 2.521429329950843345e-01 2.521429329950843345e-01
2.014922199999999997e+00 6.286639654890124884e-02 2.507317222628625553e-01 2.507317222628625553e-01
2.020964999999999900e+00 6.216457683614171753e-02 2.493282511793272760e-01 2.493282511793272760e-01
2.027003699999999853e+00 6.147112583669779584e-02 2.479337125860414381e-01 2.479337125860414381e-01
2.033046399999999920e+00 6.078476371784922311e-02 2.465456625411390768e-01 2.465456625411390768e-01
2.039085099999999873e+00 6.010613324525546780e-02 2.451655221381168481e-01 2.451655221381168481e-01
2.045127900000000221e+00 5.943414499676902274e-02 2.437911913846950718e-01 2.437911913846950718e-01
2.051170700000000124e+00 5.876917010115271373e-02 2.424235345447151857e-01 2.424235345447151857e-01
2.057209400000000077e+00 5.811164525760230404e-02 2.410635709882401612e-01 2.410635709882401612e-01
2.063252199999999981e+00 5.746074925147086343e-02 2.397097187255261552e-01 2.397097187255261552e-01
2.069290899999999933e+00 5.681750731546345717e-02 2.383642324583607752e-01 2.383642324583607752e-01
2.075333699999999837e+00 5.618124749784299266e-02 2.370258371946885323e-01 2.370258371946885323e-01
2.081372399999999789e+00 5.555308072773813138e-02 2.356970104344519035e-01 2.356970104344519035e-01
2.087415099999999857e+00 5.493244345285347441e-02 2.343767126931630140e-01 2.343767126931630140e-01
2.093457900000000205e+00 5.432003935423051350e-02 2.330665985383373606e-01 2.330665985383373606e-01
2.099496600000000157e+00 5.371658014197518843e-02 2.317683760610476096e-01 2.317683760610476096e-01
2.105539400000000061e+00 5.312152440320271757e-02 2.304810716809576054e-01 2.304810716809576054e-01
2.111578100000000013e+00 5.253592596346150917e-02 2.292071682200657323e-01 2.292071682200657323e-01
2.117620899999999917e+00 5.195919116688785949e-02 2.279455881715806709e-01 2.279455881715806709e-01
2.123659599999999870e+00 5.139224744480540286e-02 2.266985828028164063e-01 2.266985828028164063e-01
2.129702400000000218e+00 5.083440417795259680e-02 2.254648624019995606e-01 2.254648624019995606e-01
2.135741100000000170e+00 5.028642555698807637e-02 2.242463501531029857e-01 2.242463501531029857e-01
2.141783799999999793e+00 4.974750817645034323e-02 2.230414942929910271e-01 2.230414942929910271e-01
2.147826600000000141e+00 4.921786565325200064e-02 2.218509987655047644e-01 2.218509987655047644e-01
2.153865300000000094e+00 4.869764049144472556e-02 2.206754188654566073e-01 2.206754188654566073e-01
2.159908099999999997e+00 4.818584256263139937e-02 2.195127389529623607e-01 2.195127389529623607e-01
2.165946799999999950e+00 4.768282404568678634e-02 2.183639714918346741e-01 2.183639714918346741e-01
2.171989599999999854e+00 4.718751072774099442e-02 2.172268646547682314e-01 2.172268646547682314e-01
2.178028299999999806e+00 4.670014753621472281e-02 2.161021692075642264e-01 2.161021692075642264e-01
2.184071100000000154e+00 4.621962190439367346e-02 2.149874924371035778e-01 2.149874924371035778e-01
2.190113800000000222e+00 4.574581468306503779e-02 2.138827124455481565e-01 2.138827124455481565e-01
2.196152600000000010e+00 4.527856187253993803e-02 2.127875980233339126e-01 2.127875980233339126e-01
2.202195300000000078e+00 4.481682217484540126e-02 2.116998398082657884e-01 2.116998398082657884e-01
2.208234000000000030e+00 4.436079173635031764e-02 2.106200174160811345e-01 2.106200174160811345e-01
2.214276799999999934e+00 4.390949199327672664e-02 2.095459185793813739e-01 2.095459185793813739e-01
2.220315499999999886e+00 4.346321817032628571e-02 2.084783398109412433e-01 2.084783398109412433e-01
2.226358299999999790e+00 4.302110294791499506e-02 2.074152910175983133e-01 2.074152910175983133e-01
2.232401100000000138e+00 4.258324986651017274e-02 2.063570930850456009e-01 2.063570930850456009e-01
2.238439800000000091e+00 4.214981309068321913e-02 2.053041964760662641e-01 2.053041964760662641e-01
2.244482599999999994e+00 4.172012705131488558e-02 2.042550539186604452e-01 2.042550539186604452e-01
2.250521299999999947e+00 4.129475666580535026e-02 2.032111135391107271e-01 2.032111135391107271e-01
2.256564000000000014e+00 4.087316702547553332e-02 2.021711330172424326e-01 2.021711330172424326e-01
2.262602699999999967e+00 4.045599926182009282e-02 2.011367675533742294e-01 2.011367675533742294e-01
2.268645499999999871e+00 4.004281621461909524e-02 2.001070119076767684e-01 2.001070119076767684e-01
2.274684199999999823e+00 3.963433089866248704e-02 1.990837283623713982e-01 1.990837283623713982e-01
2.280727000000000171e+00 3.923016155375315395e-02 1.980660535118351773e-01 1.980660535118351773e-01
2.286769800000000075e+00 3.883077059642821294e-02 1.970552475739436316e-01 1.970552475739436316e-01
2.292808500000000027e+00 3.843660823277020300e-02 1.960525649737085152e-01 1.960525649737085152e-01
2.298851299999999931e+00 3.804731493576350015e-02 1.950572093919204497e-01 1.950572093919204497e-01
2.304889999999999883e+00 3.766357760716156772e-02 1.940710632916756162e-01 1.940710632916756162e-01
2.310932699999999951e+00 3.728501588190754473e-02 1.930932828503041099e-01 1.930932828503041099e-01
2.316971399999999903e+00 3.691223497755946603e-02 1.921255708581225408e-01 1.921255708581225408e-01
2.323014199999999807e+00 3.654480408922794465e-02 1.911669534444380425e-01 1.911669534444380425e-01
2.329057000000000155e+00 3.618300906046888199e-02 1.902183194659990695e-01 1.902183194659990695e-01
2.335095700000000107e+00 3.582708049464122801e-02 1.892804281869660821e-01 1.892804281869660821e-01
2.341138500000000011e+00 3.547648566314361845e-02 1.883520259066613356e-01 1.883520259066613356e-01
2.347177199999999964e+00 3.513161179205147311e-02 1.874342865968003091e-01 1.874342865968003091e-01
2.353219999999999867e+00 3.479186505553204939e-02 1.865257758475542538e-01 1.865257758475542538e-01
2.359258699999999820e+00 3.445754754657240349e-02 1.856274428703159340e-01 1.856274428703159340e-01
2.365301399999999887e+00 3.412802229622718952e-02 1.847377121657275134e-01 1.847377121657275134e-01
2.371340099999999840e+00 3.380351296528199406e-02 1.838573168663188984e-01 1.838573168663188984e-01
2.377382900000000188e+00 3.348335266224215789e-02 1.829845694648654097e-01 1.829845694648654097e-01
2.383425700000000091e+00 3.316751829247931854e-02 1.821195165062748644e-01 1.821195165062748644e-01
2.389464400000000044e+00 3.285596780363358310e-02 1.812621521543689163e-01 1.812621521543689163e-01
2.395507199999999948e+00 3.254802471882254494e-02 1.804107112086822395e-01 1.804107112086822395e-01
2.401545899999999900e+00 3.224385816727123877e-02 1.795657488700761195e-01 1.795657488700761195e-01
2.407588699999999804e+00 3.194281605817884950e-02 1.787255327539376826e-01 1.787255327539376826e-01
2.413627400000000200e+00 3.164508300309810257e-02 1.778906490040949306e-01 1.778906490040949306e-01
2.419670099999999824e+00 3.135005496318207102e-02 1.770594673074051550e-01 1.770594673074051550e-01
2.425712900000000172e+00 3.105774408384425964e-02 1.762320745036052294e-01 1.762320745036052294e-01
2.431751600000000124e+00 3.076819648177633870e-02 1.754086556637851346e-01 1.754086556637851346e-01
2.437794400000000028e+00 3.048089377614365131e-02 1.745877824366403042e-01 1.745877824366403042e-01
2.443833099999999980e+00 3.019613172866526113e-02 1.737703419133002081e-01 1.737703419133002081e-01
2.449875899999999884e+00 2.991346143300449567e-02 1.729550850163258380e-01 1.729550850163258380e-01
2.455914599999999837e+00 2.963323635129590586e-02 1.721430694256841365e-01 1.721430694256841365e-01
2.461957400000000185e+00 2.935507717268364888e-02 1.713332342912012307e-01 1.713332342912012307e-01
2.468000099999999808e+00 2.907921048439620487e-02 1.705262750557702267e-01 1.705262750557702267e-01
2.474038800000000204e+00 2.880587038445544049e-02 1.697229223895683481e-01 1.697229223895683481e-01
2.480081600000000108e+00 2.853477298158578826e-02 1.689223874493425148e-01 1.689223874493425148e-01
2.486120300000000061e+00 2.826638917542079535e-02 1.681261109269490961e-01 1.681261109269490961e-01
2.492163099999999964e+00 2.800047359799210517e-02 1.673334204455048657e-01 1.673334204455048657e-01
2.498201799999999917e+00 2.773751702817626660e-02 1.665458406210622577e-01 1.665458406210622577e-01
2.504244599999999821e+00 2.747729807316793768e-02 1.657627765005398879e-01 1.657627765005398879e-01
2.510283300000000217e+00 2.722030544548629041e-02 1.649857734639150475e-01 1.649857734639150475e-01
2.516326100000000121e+00 2.696632029381723639e-02 1.642142511897710933e-01 1.642142511897710933e-01
2.522368900000000025e+00 2.671563721679567557e-02 1.634491884861949129e-01 1.634491884861949129e-01
2.528407599999999977e+00 2.646852551337622317e-02 1.626915041216849267e-01 1.626915041216849267e-01
2.534450300000000045e+00 2.622473518554743754e-02 1.619405297803716559e-01 1.619405297803716559e-01
2.540488999999999997e+00 2.598464533284769451e-02 1.611975351326678796e-01 1.611975351326678796e-01
2.546531799999999901e+00 2.574796199134119293e-02 1.604617150330295838e-01 1.604617150330295838e-01
2.552570499999999853e+00 2.551500364970507237e-02 1.597341655679994921e-01 1.597341655679994921e-01
2.558613300000000201e+00 2.528541939057910373e-02 1.590138968473482350e-01 1.590138968473482350e-01
2.564656100000000105e+00 2.505930201329011064e-02 1.583013013632235122e-01 1.583013013632235122e-01
2.570694800000000058e+00 2.483670407657391846e-02 1.575966499535250975e-01 1.575966499535250975e-01
2.576737599999999961e+00 2.461719731303883829e-02 1.568986848671423406e-01 1.568986848671423406e-01
2.582776299999999914e+00 2.440092848002872392e-02 1.562079654820096586e-01 1.562079654820096586e-01
2.588818999999999981e+00 2.418743524996703684e-02 1.555231019815610516e-01 1.555231019815610516e-01
2.594857699999999934e+00 2.397681251988564161e-02 1.548444784933761809e-01 1.548444784933761809e-01
2.600900499999999838e+00 2.376857996199307002e-02 1.541706196458750289e-01 1.541706196458750289e-01
2.606939199999999790e+00 2.356281871393663130e-02 1.535018524772148452e-01 1.535018524772148452e-01
2.612982000000000138e+00 2.335905042424520073e-02 1.528366789231079825e-01 1.528366789231079825e-01
2.619024800000000042e+00 2.315722550672985949e-02 1.521749831829458666e-01 1.521749831829458666e-01
2.625063499999999994e+00 2.295730409413911446e-02 1.515166792605326107e-01 1.515166792605326107e-01
2.631106299999999898e+00 2.275886021052617170e-02 1.508603997426964660e-01 1.508603997426964660e-01
2.637144999999999850e+00 2.256203384994158456e-02 1.502066371700717662e-01 1.502066371700717662e-01
2.643187699999999918e+00 2.236646032491744832e-02 1.495542053066962473e-01 1.495542053066962473e-01
2.649226399999999870e+00 2.217232929938967728e-02 1.489037585133084485e-01 1.489037585133084485e-01
2.655269200000000218e+00 2.197934373341645445e-02 1.482543211289858442e-01 1.482543211289858442e-01
2.661312000000000122e+00 2.178763189486478125e-02 1.476063409710598462e-01 1.476063409710598462e-01
2.667350700000000074e+00 2.159735005844517358e-02 1.469603690062228074e-01 1.469603690062228074e-01
2.673393499999999978e+00 2.140829641755738130e-02 1.463157422069046587e-01 1.463157422069046587e-01
2.679432199999999931e+00 2.122080955489097018e-02 1.456736405630441045e-01 1.456736405630441045e-01
2.685474999999999834e+00 2.103473806066013738e-02 1.450335756321967651e-01 1.450335756321967651e-01
2.691513699999999787e+00 2.085045335279336887e-02 1.443968606057395299e-01 1.443968606057395299e-01
2.697556399999999854e+00 2.066783732925555131e-02 1.437631292413167894e-01 1.437631292413167894e-01
2.703599200000000202e+00 2.048714292676999393e-02 1.431333047434104055e-01 1.431333047434104055e-01
2.709637900000000155e+00 2.030862495627577466e-02 1.425083329362734907e-01 1.425083329362734907e-01
2.715680700000000058e+00 2.013216438810739445e-02 1.418878584943313315e-01 1.418878584943313315e-01
2.721719400000000011e+00 1.995811071439531140e-02 1.412731776183834276e-01 1.412731776183834276e-01
2.727762199999999915e+00 1.978631972589190574e-02 1.406638536579028487e-01 1.406638536579028487e-01
2.733800899999999867e+00 1.961709469425226143e-02 1.400610391731128834e-01 1.400610391731128834e-01
2.739843700000000215e+00 1.945025115877896740e-02 1.394641572547547781e-01 1.394641572547547781e-01
2.745882400000000167e+00 1.928603404306690472e-02 1.388741662191601001e-01 1.388741662191601001e-01
2.751925099999999791e+00 1.912421393959519086e-02 1.382903248227987658e-01 1.382903248227987658e-01
2.757967900000000139e+00 1.896486141942321096e-02 1.377129675064160674e-01 1.377129675064160674e-01
2.764006600000000091e+00 1.880802241455211549e-02 1.371423436235217341e-01 1.371423436235217341e-01
2.770049399999999995e+00 1.865339779948791549e-02 1.365774424987080959e-01 1.365774424987080959e-01
2.776088099999999947e+00 1.850109070834997371e-02 1.360187145518952923e-01 1.360187145518952923e-01
2.782130899999999851e+00 1.835077067287171904e-02 1.354650164170503324e-01 1.354650164170503324e-01
2.788169599999999804e+00 1.820250555059228434e-02 1.349166615010625181e-01 1.349166615010625181e-01
2.794212400000000152e+00 1.805594973642904791e-02 1.343724292272378551e-01 1.343724292272378551e-01
2.800255100000000219e+00 1.791105923144502288e-02 1.338322055091562268e-01 1.338322055091562268e-01
2.806293900000000008e+00 1.776777726639851632e-02 1.332958261402003297e-01 1.332958261402003297e-01
2.812336600000000075e+00 1.762577810617134769e-02 1.327621109585537806e-01 1.327621109585537806e-01
2.818375300000000028e+00 1.748511645930637265e-02 1.322312990910486930e-01 1.322312990910486930e-01
2.824418099999999932e+00 1.734548577111871825e-02 1.317022618299272807e-01 1.317022618299272807e-01
2.830456799999999884e+00 1.720697365507874860e-02 1.311753546024509443e-01 1.311753546024509443e-01
2.836499599999999788e+00 1.706930817668517522e-02 1.306495624817977652e-01 1.306495624817977652e-01
2.842538300000000184e+00 1.693261189103554415e-02 1.301253698977856699e-01 1.301253698977856699e-01
2.848581100000000088e+00 1.679665509069760629e-02 1.296019100580605155e-01 1.296019100580605155e-01
2.854623899999999992e+00 1.666150698352482362e-02 1.290794599598434345e-01 1.290794599598434345e-01
2.860662599999999944e+00 1.652725408743570962e-02 1.285583684068668797e-01 1.285583684068668797e-01
2.866705300000000012e+00 1.639373017434540489e-02 1.280380028520649860e-01 1.280380028520649860e-01
2.872743999999999964e+00 1.626114228336619782e-02 1.275191839817295669e-01 1.275191839817295669e-01
2.878786799999999868e+00 1.612935707083364145e-02 1.270014057829031984e-01 1.270014057829031984e-01
2.884825499999999820e+00 1.599860943217378331e-02 1.264856095853349738e-01 1.264856095853349738e-01
2.890868300000000168e+00 1.586878679498350195e-02 1.259713729185464592e-01 1.259713729185464592e-01
2.896911100000000072e+00 1.574004922678892346e-02 1.254593528868570285e-01 1.254593528868570285e-01
2.902949800000000025e+00 1.561255687801487053e-02 1.249502175989096464e-01 1.249502175989096464e-01
2.908992599999999928e+00 1.548621074535889638e-02 1.244436046784200833e-01 1.244436046784200833e-01
2.915031299999999881e+00 1.536125376608496809e-02 1.239405251162224442e-01 1.239405251162224442e-01
2.921073999999999948e+00 1.523758475188696088e-02 1.234406122468896388e-01 1.234406122468896388e-01
2.927112699999999901e+00 1.511542646763741962e-02 1.229448106576175037e-01 1.229448106576175037e-01
2.933155499999999805e+00 1.499466485077095151e-02 1.224527045465756553e-01 1.224527045465756553e-01
2.939198300000000152e+00 1.487542214617701419e-02 1.219648397948237123e-01 1.219648397948237123e-01
2.945237000000000105e+00 1.475780424212019999e-02 1.214817033224353526e-01 1.214817033224353526e-01
2.951279800000000009e+00 1.464166482275769919e-02 1.210027471702923713e-01 1.210027471702923713e-01
2.957318499999999961e+00 1.452716121959817669e-02 1.205286738481684966e-01 1.205286738481684966e-01
2.963361299999999865e+00 1.441412387307686171e-02 1.200588350479749600e-01 1.200588350479749600e-01
2.969399999999999817e+00 1.430267855661902614e-02 1.195938065144638990e-01 1.195938065144638990e-01
2.975442699999999885e+00 1.419263514222141379e-02 1.191328466134399661e-01 1.191328466134399661e-01
2.981481399999999837e+00 1.408408675318420684e-02 1.186763950968523773e-01 1.186763950968523773e-01
2.987524200000000185e+00 1.397682448592624249e-02 1.182236206767761089e-01 1.182236206767761089e-01
2.993567000000000089e+00 1.387084999449645674e-02 1.177745727841814638e-01 1.177745727841814638e-01
2.999605700000000041e+00 1.376615414875627212e-02 1.173292552978849879e-01 1.173292552978849879e-01
3.005648499999999945e+00 1.366250978027869385e-02 1.168867391121794219e-01 1.168867391121794219e-01
3.011687199999999898e+00 1.355996963472263193e-02 1.164472826420721308e-01 1.164472826420721308e-01
3.017729999999999801e+00 1.345830588275167411e-02 1.160099387240234453e-01 1.160099387240234453e-01
3.023768700000000198e+00 1.335756978097753407e-02 1.155749530866335001e-01 1.155749530866335001e-01
3.029811399999999821e+00 1.325754363273486808e-02 1.151414071163578690e-01 1.151414071163578690e-01
3.035854200000000169e+00 1.315821675810253250e-02 1.147092705848247185e-01 1.147092705848247185e-01
3.041892900000000122e+00 1.305959026275156122e-02 1.142785643187363559e-01 1.142785643187363559e-01
3.047935700000000026e+00 1.296147360371796564e-02 1.138484677267022627e-01 1.138484677267022627e-01
3.053974399999999978e+00 1.286395564505258063e-02 1.134193794950958956e-01 1.134193794950958956e-01
3.060017199999999882e+00 1.276687321308369802e-02 1.129905890465382895e-01 1.129905890465382895e-01
3.066055899999999834e+00 1.267034171716808003e-02 1.125626124304517084e-01 1.125626124304517084e-01
3.072098700000000182e+00 1.257422851273706614e-02 1.121348675155817293e-01 1.121348675155817293e-01
3.078137400000000135e+00 1.247867710429378420e-02 1.117079992851621323e-01 1.117079992851621323e-01
3.084180100000000202e+00 1.238358642186802687e-02 1.112815637105627059e-01 1.112815637105627059e-01
3.090222900000000106e+00 1.228905837515291248e-02 1.108560254345829915e-01 1.108560254345829915e-01
3.096261600000000058e+00 1.219520932073465611e-02 1.104319216564425138e-01 1.104319216564425138e-01
3.102304399999999962e+00 1.210197228294572144e-02 1.100089645571928898e-01 1.100089645571928898e-01
3.108343099999999914e+00 1.200954098105207896e-02 1.095880512695251718e-01 1.095880512695251718e-01
3.114385899999999818e+00 1.191786125937728709e-02 1.091689573980501454e-01 1.091689573980501454e-01
3.120424600000000215e+00 1.182713003459615053e-02 1.087526093231613034e-01 1.087526093231613034e-01
3.126467400000000119e+00 1.173729493211461347e-02 1.083387969848041699e-01 1.083387969848041699e-01
3.132510200000000022e+00 1.164848406208907061e-02 1.079281430493875954e-01 1.079281430493875954e-01
3.138548899999999975e+00 1.156081531777394984e-02 1.075212319394358018e-01 1.075212319394358018e-01
3.144591600000000042e+00 1.147421983891631567e-02 1.071177848861537829e-01 1.071177848861537829e-01
3.150630299999999995e+00 1.138884890039708851e-02 1.067185499357871103e-01 1.067185499357871103e-01
3.156673099999999899e+00 1.130461089451486982e-02 1.063231437388627576e-01 1.063231437388627576e-01
3.162711799999999851e+00 1.122162804921760307e-02 1.059321860872209226e-01 1.059321860872209226e-01
3.168754600000000199e+00 1.113978007189158834e-02 1.055451565534467756e-01 1.055451565534467756e-01
3.174797400000000103e+00 1.105910057388996212e-02 1.051622583149009887e-01 1.051622583149009887e-01
3.180836100000000055e+00 1.097960511799323489e-02 1.047836109226687878e-01 1.047836109226687878e-01
3.186878899999999959e+00 1.090113406009798544e-02 1.044084961106996612e-01 1.044084961106996612e-01
3.192917599999999911e+00 1.082373030678509922e-02 1.040371582982979187e-01 1.040371582982979187e-01
3.198960299999999979e+00 1.074721663807345559e-02 1.036687833345865811e-01 1.036687833345865811e-01
3.204998999999999931e+00 1.067161388857382383e-02 1.033035037574903531e-01 1.033035037574903531e-01
3.211041799999999835e+00 1.059673580336035516e-02 1.029404478490372338e-01 1.029404478490372338e-01
3.217080499999999788e+00 1.052259785092744988e-02 1.025797146171086305e-01 1.025797146171086305e-01
3.223123300000000135e+00 1.044901479224538687e-02 1.022204225790785265e-01 1.022204225790785265e-01
3.229166100000000039e+00 1.037595713004054419e-02 1.018624421955440090e-01 1.018624421955440090e-01
3.235204799999999992e+00 1.030340117566216906e-02 1.015056706576640960e-01 1.015056706576640960e-01
3.241247599999999895e+00 1.023118523496852582e-02 1.011493214755715825e-01 1.011493214755715825e-01
3.247286299999999848e+00 1.015935572988968007e-02 1.007936294112364989e-01 1.007936294112364989e-01
3.253328999999999915e+00 1.008777769507085247e-02 1.004379295638398312e-01 1.004379295638398312e-01
3.259367699999999868e+00 1.001652124436603133e-02 1.000825721310460298e-01 1.000825721310460298e-01
3.265410500000000216e+00 9.945480437236229460e-03 9.972702962204493815e-02 9.972702962204493815e-02
3.271453300000000119e+00 9.874707487006370923e-03 9.937156276826067391e-02 9.937156276826067391e-02
3.277492000000000072e+00 9.804267242986353451e-03 9.901649985222843453e-02 9.901649985222843453e-02
3.283534799999999976e+00 9.734093310800558119e-03 9.866150876000508163e-02 9.866150876000508163e-02
3.289573499999999928e+00 9.664320614336313273e-03 9.830727650757248304e-02 9.830727650757248304e-02
3.295616299999999832e+00 9.594902607058400715e-03 9.795357373295984771e-02 9.795357373295984771e-02
3.301654999999999784e+00 9.525987827964184709e-03 9.760116714447725217e-02 9.760116714447725217e-02
3.307697699999999852e+00 9.457541971035137579e-03 9.724989445256554399e-02 9.724989445256554399e-02
3.313736399999999804e+00 9.389715009404662679e-03 9.690054184267837822e-02 9.690054184267837822e-02
3.319779200000000152e+00 9.322474204953905275e-03 9.655296062241647270e-02 9.655296062241647270e-02
3.325822000000000056e+00 9.255920571817443168e-03 9.620769497195867659e-02 9.620769497195867659e-02
3.331860700000000008e+00 9.190147672722262517e-03 9.586525790254915580e-02 9.586525790254915580e-02
3.337903499999999912e+00 9.125107939413068525e-03 9.552543085175313475e-02 9.552543085175313475e-02
3.343942199999999865e+00 9.060922497863518540e-03 9.518887801557238126e-02 9.518887801557238126e-02
3.349985000000000213e+00 8.997527170643438571e-03 9.485529595464577135e-02 9.485529595464577135e-02
3.356023700000000165e+00 8.935020373744414005e-03 9.452523670292718727e-02 9.452523670292718727e-02
3.362066399999999788e+00 8.873319811113675529e-03 9.419830046828697734e-02 9.419830046828697734e-02
3.368109200000000136e+00 8.812457044664965405e-03 9.387468798704454165e-02 9.387468798704454165e-02
3.374147900000000089e+00 8.752454267432305257e-03 9.355455236081408610e-02 9.355455236081408610e-02
3.380190699999999993e+00 8.693201388228193743e-03 9.323733902374195526e-02 9.323733902374195526e-02
3.386229399999999945e+00 8.634742041188848277e-03 9.292331268949062528e-02 9.292331268949062528e-02
3.392272199999999849e+00 8.576953203623349092e-03 9.261184159503227376e-02 9.261184159503227376e-02
3.398310899999999801e+00 8.519864383460144103e-03 9.230311145059057198e-02 9.230311145059057198e-02
3.404353700000000149e+00 8.463345414218491694e-03 9.199644239979333504e-02 9.199644239979333504e-02
3.410392400000000102e+00 8.407418373245283474e-03 9.169197551173867422e-02 9.169197551173867422e-02
3.416435200000000005e+00 8.351952280510869034e-03 9.138901619183166514e-02 9.138901619183166514e-02
3.422477900000000073e+00 8.296932349548433519e-03 9.108749831644534500e-02 9.108749831644534500e-02
3.428516600000000025e+00 8.242342553202788857e-03 9.078734797978620097e-02 9.078734797978620097e-02
3.434559399999999929e+00 8.188062584146775513e-03 9.048791402251891991e-02 9.048791402251891991e-02
3.440598099999999882e+00 8.134124220228735810e-03 9.018937975298829679e-02 9.018937975298829679e-02
3.446640899999999785e+00 8.080418427400119438e-03 8.989114765871064616e-02 8.989114765871064616e-02
3.452679600000000182e+00 8.026989181512388452e-03 8.959346617645948252e-02 8.959346617645948252e-02
3.458722400000000086e+00 7.973742378431682501e-03 8.929581389086323207e-02 8.929581389086323207e-02
3.464765199999999989e+00 7.920700479712187644e-03 8.899831728584640944e-02 8.899831728584640944e-02
3.470803899999999942e+00 7.867893123807340183e-03 8.870114499716078016e-02 8.870114499716078016e-02
3.476846600000000009e+00 7.815250926599253203e-03 8.840390786950118318e-02 8.840390786950118318e-02
3.482885299999999962e+00 7.762852287297513677e-03 8.810705015659935080e-02 8.810705015659935080e-02
3.488928099999999866e+00 7.710642376486069073e-03 8.781026350311260664e-02 8.781026350311260664e-02
3.494966799999999818e+00 7.658713520021192059e-03 8.751407612505082700e-02 8.751407612505082700e-02
3.501009600000000166e+00 7.607021909550022373e-03 8.721824298591449032e-02 8.721824298591449032e-02
3.507052400000000070e+00 7.555633857029442173e-03 8.692314914353622968e-02 8.692314914353622968e-02
3.513091100000000022e+00 7.504618024900639936e-03 8.662919845468178282e-02 8.662919845468178282e-02
3.519133899999999926e+00 7.453941295375994883e-03 8.633621080042831741e-02 8.633621080042831741e-02
3.525172599999999878e+00 7.403709387663561479e-03 8.604481034707184284e-02 8.604481034707184284e-02
3.531215299999999946e+00 7.353891499376317628e-03 8.575483367936945212e-02 8.575483367936945212e-02
3.537253999999999898e+00 7.304588522129160100e-03 8.546688552959655349e-02 8.546688552959655349e-02
3.543296799999999802e+00 7.255766501717743171e-03 8.518078716305539644e-02 8.518078716305539644e-02
3.549335500000000199e+00 7.207519910882937558e-03 8.489711367816303589e-02 8.489711367816303589e-02
3.555378300000000102e+00 7.159806548035706555e-03 8.461564009115399299e-02 8.461564009115399299e-02
3.561421100000000006e+00 7.112676862942443265e-03 8.433668752649965683e-02 8.433668752649965683e-02
3.567459799999999959e+00 7.066173189253897521e-03 8.406053288704454229e-02 8.406053288704454229e-02
3.573502599999999862e+00 7.020236270768782406e-03 8.378685022584858588e-02 8.378685022584858588e-02
3.579541299999999815e+00 6.974924959187361016e-03 8.351601618364803969e-02 8.351601618364803969e-02
3.585583999999999882e+00 6.930167515119975419e-03 8.324762768463721263e-02 8.324762768463721263e-02
3.591622699999999835e+00 6.886004967828440043e-03 8.298195567608925016e-02 8.298195567608925016e-02
3.597665500000000183e+00 6.842352968207348826e-03 8.271851647731207069e-02 8.271851647731207069e-02
3.603708300000000087e+00 6.799210318558518082e-03 8.245732422628397618e-02 8.245732422628397618e-02
3.609747000000000039e+00 6.756569100033016188e-03 8.219835217346523060e-02 8.219835217346523060e-02
3.615789799999999943e+00 6.714330460371853611e-03 8.194101817998024340e-02 8.194101817998024340e-02
3.621828499999999895e+00 6.672507821265462151e-03 8.168541988179690849e-02 8.168541988179690849e-02
3.627871299999999799e+00 6.630998868571182786e-03 8.143094539897705042e-02 8.143094539897705042e-02
3.633910000000000196e+00 6.589814343898907009e-03 8.117767146142408630e-02 8.117767146142408630e-02
3.639952699999999819e+00 6.548854783687494026e-03 8.092499480189969951e-02 8.092499480189969951e-02
3.645991400000000215e+00 6.508133141234365496e-03 8.067300131539897889e-02 8.067300131539897889e-02
3.652034200000000119e+00 6.467557801107901017e-03 8.042112782787805281e-02 8.042112782787805281e-02
3.658077000000000023e+00 6.427125044854596278e-03 8.016935227912594386e-02 8.016935227912594386e-02
3.664115699999999975e+00 6.386837425088155891e-03 7.991769156506058069e-02 7.991769156506058069e-02
3.670158499999999879e+00 6.346622988276745710e-03 7.966569517851924964e-02 7.966569517851924964e-02
3.676197199999999832e+00 6.306527138281679649e-03 7.941364579391679834e-02 7.941364579391679834e-02
3.682240000000000180e+00 6.266494590842035944e-03 7.916119371789460957e-02 7.916119371789460957e-02
3.688278700000000132e+00 6.226587110908227488e-03 7.890872645600249813e-02 7.890872645600249813e-02
3.694321400000000200e+00 6.186766529779817898e-03 7.865600123181840098e-02 7.865600123181840098e-02
3.700364200000000103e+00 6.147081275091386722e-03 7.840332438800912129e-02 7.840332438800912129e-02
3.706402900000000056e+00 6.107587659594981323e-03 7.815105667612551321e-02 7.815105667612551321e-02
3.712445699999999960e+00 6.068266015808455351e-03 7.789907583411022352e-02 7.789907583411022352e-02
3.718484399999999912e+00 6.029207303705328216e-03 7.764797037724378848e-02 7.764797037724378848e-02
3.724527199999999816e+00 5.990398250919366958e-03 7.739766308435525044e-02 7.739766308435525044e-02
3.730565900000000212e+00 5.951931759521316215e-03 7.714876382367585883e-02 7.714876382367585883e-02
3.736608700000000116e+00 5.913794746176103539e-03 7.690120120112627078e-02 7.690120120112627078e-02
3.742651500000000020e+00 5.876049907168778841e-03 7.665539711702483439e-02 7.665539711702483439e-02
3.748690199999999972e+00 5.838754712795646111e-03 7.641174459986924128e-02 7.641174459986924128e-02
3.754732900000000040e+00 5.801885958775529137e-03 7.617011197822627644e-02 7.617011197822627644e-02
3.760771599999999992e+00 5.765512767852725394e-03 7.593097370541698754e-02 7.593097370541698754e-02
3.766814399999999896e+00 5.729599405043706191e-03 7.569411737409788288e-02 7.569411737409788288e-02
3.772853099999999849e+00 5.694199866642506505e-03 7.545992225441600088e-02 7.545992225441600088e-02
3.778895900000000196e+00 5.659263401115686119e-03 7.522807588338070728e-02 7.522807588338070728e-02
3.784934600000000149e+00 5.624826936600394768e-03 7.499884623512814708e-02 7.499884623512814708e-02
3.790977400000000053e+00 5.590825860613254927e-03 7.477182531283595168e-02 7.477182531283595168e-02
3.797020199999999956e+00 5.557259214472078275e-03 7.454702686540945478e-02 7.454702686540945478e-02
3.803058899999999909e+00 5.524119200900315559e-03 7.432441860452267124e-02 7.432441860452267124e-02
3.809101599999999976e+00 5.491326714678936190e-03 7.410348652174833517e-02 7.410348652174833517e-02
3.815140299999999929e+00 5.458887386381727769e-03 7.388428375765530853e-02 7.388428375765530853e-02
3.821183099999999833e+00 5.426718127299802290e-03 7.366626179805652042e-02 7.366626179805652042e-02
3.827221799999999785e+00 5.394822714974356268e-03 7.344945687324282158e-02 7.344945687324282158e-02
3.833264600000000133e+00 5.363119011096720290e-03 7.323331899550040991e-02 7.323331899550040991e-02
3.839307400000000037e+00 5.331592317446467132e-03 7.301775344014951874e-02 7.301775344014951874e-02
3.845346099999999989e+00 5.300231061494727579e-03 7.280268581237046843e-02 7.280268581237046843e-02
3.851388899999999893e+00 5.268964481173450155e-03 7.258763311455643241e-02 7.258763311455643241e-02
3.857427599999999845e+00 5.237812287761855687e-03 7.237273165883581494e-02 7.237273165883581494e-02
3.863470299999999913e+00 5.206715972489667568e-03 7.215757737403374894e-02 7.215757737403374894e-02
3.869508999999999865e+00 5.175706341581435416e-03 7.194238209554529306e-02 7.194238209554529306e-02
3.875551800000000213e+00 5.144737863505662728e-03 7.172682805969926578e-02 7.172682805969926578e-02
3.881590500000000166e+00 5.113854899861438978e-03 7.151122219527113189e-02 7.151122219527113189e-02
3.887633300000000069e+00 5.083023754718139428e-03 7.129532772011178132e-02 7.129532772011178132e-02
3.893676099999999973e+00 5.052278991327673920e-03 7.107938513611153364e-02 7.107938513611153364e-02
3.899714799999999926e+00 5.021659517960306955e-03 7.086366853303818769e-02 7.086366853303818769e-02
3.905757599999999830e+00 4.991145615248203729e-03 7.064804042044056653e-02 7.064804042044056653e-02
3.911796299999999782e+00 4.960803273050767501e-03 7.043297007120151443e-02 7.043297007120151443e-02
3.917838999999999849e+00 4.930618122614539509e-03 7.021836029568434556e-02 7.021836029568434556e-02
3.923877699999999802e+00 4.900657138851861536e-03 7.000469369157943933e-02 7.000469369157943933e-02
3.929920500000000150e+00 4.870906872963765011e-03 6.979188257214276325e-02 6.979188257214276325e-02
3.935963300000000054e+00 4.841413237740834104e-03 6.958026471450676209e-02 6.958026471450676209e-02
3.942002000000000006e+00 4.812219338321759021e-03 6.937016172910193124e-02 6.937016172910193124e-02
3.948044799999999910e+00 4.783306036526180707e-03 6.916144906323305752e-02 6.916144906323305752e-02
3.954083499999999862e+00 4.754729563812006704e-03 6.895454708583043102e-02 6.895454708583043102e-02
3.960126300000000210e+00 4.726464147240967348e-03 6.874928470348595777e-02 6.874928470348595777e-02
3.966165000000000163e+00 4.698556842593493675e-03 6.854601988878343544e-02 6.854601988878343544e-02
3.972207699999999786e+00 4.670974396032587413e-03 6.834452718420537531e-02 6.834452718420537531e-02
3.978246500000000019e+00 4.643752492222666395e-03 6.814508413834900746e-02 6.814508413834900746e-02
3.984289200000000086e+00 4.616851096891125272e-03 6.794741420312568059e-02 6.794741420312568059e-02
3.990331999999999990e+00 4.590278307410614912e-03 6.775159265589714153e-02 6.775159265589714153e-02
3.996370699999999943e+00 4.564039168851019741e-03 6.755767290878970932e-02 6.755767290878970932e-02
4.002413500000000290e+00 4.538081414552314584e-03 6.736528345188132205e-02 6.736528345188132205e-02
4.008452199999999799e+00 4.512420630631170174e-03 6.717455344571461595e-02 6.717455344571461595e-02
4.014495000000000147e+00 4.486999875142894979e-03 6.698507203207962335e-02 6.698507203207962335e-02
4.020533699999999655e+00 4.461829759022255260e-03 6.679692926341940229e-02 6.679692926341940229e-02
4.026576500000000003e+00 4.436851056376051733e-03 6.660969191023219382e-02 6.660969191023219382e-02
4.032619200000000070e+00 4.412055828734524378e-03 6.642330787257229308e-02 6.642330787257229308e-02
4.038657899999999579e+00 4.387434653892149580e-03 6.623771322964093489e-02 6.623771322964093489e-02
4.044700699999999927e+00 4.362930179711448087e-03 6.605248049627998608e-02 6.605248049627998608e-02
4.050739400000000323e+00 4.338552930837364513e-03 6.586769261813688048e-02 6.586769261813688048e-02
4.056782199999999783e+00 4.314249254512726901e-03 6.568294492874636459e-02 6.568294492874636459e-02
4.062820900000000179e+00 4.290034351628755488e-03 6.549835380854052147e-02 6.549835380854052147e-02
4.068863699999999639e+00 4.265860788336663101e-03 6.531355746195932621e-02 6.531355746195932621e-02
4.074902400000000036e+00 4.241750470084068754e-03 6.512872231269448142e-02 6.512872231269448142e-02
4.080932899999999641e+00 4.217712688559478729e-03 6.494391956572592717e-02 6.494391956572592717e-02
4.087004199999999976e+00 4.193549617079848565e-03 6.475762207709490070e-02 6.475762207709490070e-02
4.093034799999999862e+00 4.169587025462414935e-03 6.457233947645396599e-02 6.457233947645396599e-02
4.099065300000000356e+00 4.145668761758899805e-03 6.438686792940699621e-02 6.438686792940699621e-02
4.105095900000000242e+00 4.121803557233500934e-03 6.420127379759299480e-02 6.420127379759299480e-02
4.111167199999999688e+00 4.097844647256952688e-03 6.401440968451518887e-02 6.401440968451518887e-02
4.117197700000000182e+00 4.074130184826142698e-03 6.382891339217786064e-02 6.382891339217786064e-02
4.123228300000000068e+00 4.050517682352786260e-03 6.364367747351488969e-02 6.364367747351488969e-02
4.129258899999999954e+00 4.027028749380249899e-03 6.345887447300219142e-02 6.345887447300219142e-02
4.135330200000000289e+00 4.003528951738171034e-03 6.327344586584621178e-02 6.327344586584621178e-02
4.141360699999999895e+00 3.980356984165341235e-03 6.309007040862564530e-02 6.309007040862564530e-02
4.147391299999999781e+00 3.957376867775325852e-03 6.290768528387709335e-02 6.290768528387709335e-02
4.153421800000000275e+00 3.934611110651019782e-03 6.272647854495755348e-02 6.272647854495755348e-02
4.159493099999999721e+00 3.911927566021716415e-03 6.254540403596188514e-02 6.254540403596188514e-02
4.165523699999999607e+00 3.889648006691345718e-03 6.236704263223762784e-02 6.236704263223762784e-02
4.171554200000000101e+00 3.867633743315712028e-03 6.219030264692166493e-02 6.219030264692166493e-02
4.177584799999999987e+00 3.845893961756394544e-03 6.201527200421195346e-02 6.201527200421195346e-02
4.183656100000000322e+00 3.824290738590018727e-03 6.184085007978155912e-02 6.184085007978155912e-02
4.189686599999999927e+00 3.803115017376379990e-03 6.166940098117039415e-02 6.166940098117039415e-02
4.195717199999999814e+00 3.782216530303280592e-03 6.149972788804256713e-02 6.149972788804256713e-02
4.201747700000000307e+00 3.761587516015011800e-03 6.133178226674169953e-02 6.133178226674169953e-02
4.207818999999999754e+00 3.741077756854580948e-03 6.116435037548081932e-02 6.116435037548081932e-02
4.213849599999999640e+00 3.720945596071980211e-03 6.099955406453378554e-02 6.099955406453378554e-02
4.219880200000000414e+00 3.701032366522030107e-03 6.083611071166556555e-02 6.083611071166556555e-02
4.225910700000000020e+00 3.681315344189787890e-03 6.067384398725523403e-02 6.067384398725523403e-02
4.231982000000000355e+00 3.661637527733931780e-03 6.051146608481678540e-02 6.051146608481678540e-02
4.238012600000000241e+00 3.642236965347404962e-03 6.035094833842633705e-02 6.035094833842633705e-02
4.244043099999999846e+00 3.622955488042474675e-03 6.019099175161075899e-02 6.019099175161075899e-02
4.250073699999999732e+00 3.603767310293173008e-03 6.003138604341209938e-02 6.003138604341209938e-02
4.256145000000000067e+00 3.584520561158534031e-03 5.987086571245261307e-02 5.987086571245261307e-02
4.262175499999999673e+00 3.565452771562068780e-03 5.971141240635720326e-02 5.971141240635720326e-02
4.268206099999999559e+00 3.546416736153040154e-03 5.955179876505024839e-02 5.955179876505024839e-02
4.274277399999999894e+00 3.527271096301270569e-03 5.939083343666150955e-02 5.939083343666150955e-02
4.280307900000000387e+00 3.508263863795654976e-03 5.923059904977878015e-02 5.923059904977878015e-02
4.286338500000000273e+00 3.489261756278664271e-03 5.906997338985911505e-02 5.906997338985911505e-02
4.292368999999999879e+00 3.470265899889718886e-03 5.890896281458127270e-02 5.890896281458127270e-02
4.298440300000000214e+00 3.451152730095622279e-03 5.874651249304610467e-02 5.874651249304610467e-02
4.304470900000000100e+00 3.432188373602334478e-03 5.858488178363369103e-02 5.858488178363369103e-02
4.310501499999999986e+00 3.413258059910008555e-03 5.842309526129207259e-02 5.842309526129207259e-02
4.316531999999999591e+00 3.394378787701578856e-03 5.826129751131173262e-02 5.826129751131173262e-02
4.322603299999999926e+00 3.375442514485165607e-03 5.809855862657149761e-02 5.809855862657149761e-02
4.328633899999999812e+00 3.356724549533631006e-03 5.793724665130049745e-02 5.793724665130049745e-02
4.334664400000000306e+00 3.338119869239352874e-03 5.777646466546177556e-02 5.777646466546177556e-02
4.340695000000000192e+00 3.319649717794662721e-03 5.761640146516148336e-02 5.761640146516148336e-02
4.346766299999999639e+00 3.301212366522626035e-03 5.745617779249352630e-02 5.745617779249352630e-02
4.352796800000000133e+00 3.283074719141756102e-03 5.729812142768518635e-02 5.729812142768518635e-02
4.358827400000000019e+00 3.265128909616022649e-03 5.714130650952971291e-02 5.714130650952971291e-02
4.364857899999999624e+00 3.247389392299004744e-03 5.698587011092315358e-02 5.698587011092315358e-02
4.370929199999999959e+00 3.229748423942007535e-03 5.683087562181324964e-02 5.683087562181324964e-02
4.376959799999999845e+00 3.212449365750266912e-03 5.667847356581038470e-02 5.667847356581038470e-02
4.382990300000000339e+00 3.195375986641191355e-03 5.652765682956610582e-02 5.652765682956610582e-02
4.389020900000000225e+00 3.178526179543530311e-03 5.637841944878847072e-02 5.637841944878847072e-02
4.395092199999999671e+00 3.161783275580595277e-03 5.622973657754938570e-02 5.622973657754938570e-02
4.401122799999999557e+00 3.145362640110206231e-03 5.608353269998428425e-02 5.608353269998428425e-02
4.407153300000000051e+00 3.129139286733437306e-03 5.593871009179097326e-02 5.593871009179097326e-02
4.413183899999999937e+00 3.113097683833261284e-03 5.579514032452343592e-02 5.579514032452343592e-02
4.419255200000000272e+00 3.097114354229047340e-03 5.565172373097752867e-02 5.565172373097752867e-02
4.425285699999999878e+00 3.081385145162466102e-03 5.551022559098878206e-02 5.551022559098878206e-02
4.431316299999999764e+00 3.065782436072030884e-03 5.536950817979179734e-02 5.536950817979179734e-02
4.437346800000000258e+00 3.050287188000622932e-03 5.522940510272243697e-02 5.522940510272243697e-02
4.443418099999999704e+00 3.034776110740741110e-03 5.508880204488695448e-02 5.508880204488695448e-02
4.449448699999999590e+00 3.019439383788561325e-03 5.494942569116224168e-02 5.494942569116224168e-02
4.455479200000000084e+00 3.004156715215728236e-03 5.481018806039373442e-02 5.481018806039373442e-02
4.461509799999999970e+00 2.988913415993707089e-03 5.467095587232499720e-02 5.467095587232499720e-02
4.467581100000000305e+00 2.973595415097209527e-03 5.453068324436444875e-02 5.453068324436444875e-02
4.473611599999999910e+00 2.958399328047168868e-03 5.439116957785674472e-02 5.439116957785674472e-02
4.479642199999999796e+00 2.943215841486292433e-03 5.425141326717942969e-02 5.425141326717942969e-02
4.485672700000000290e+00 2.928042395574685479e-03 5.411138877883920478e-02 5.411138877883920478e-02
4.491743999999999737e+00 2.912776067555710759e-03 5.397014051821349967e-02 5.397014051821349967e-02
4.497774599999999623e+00 2.897624525981104277e-03 5.382958783031042277e-02 5.382958783031042277e-02
4.503805200000000397e+00 2.882490752529373590e-03 5.368883266126554116e-02 5.368883266126554116e-02
4.509876499999999844e+00 2.867280602424503340e-03 5.354699433604563630e-02 5.354699433604563630e-02
4.515907000000000338e+00 2.852208053220660691e-03 5.340606756933766880e-02 5.340606756933766880e-02
4.521937600000000224e+00 2.837181947324679456e-03 5.326520390766076307e-02 5.326520390766076307e-02
4.527968099999999829e+00 2.822215427890453852e-03 5.312452755451528563e-02 5.312452755451528563e-02
4.534039400000000164e+00 2.807221219017326779e-03 5.298321638988451321e-02 5.298321638988451321e-02
4.540070000000000050e+00 2.792414517851627039e-03 5.284330154193270235e-02 5.284330154193270235e-02
4.546100499999999656e+00 2.777708568509212189e-03 5.270397108861164803e-02 5.270397108861164803e-02
4.552131100000000430e+00 2.763116179409488924e-03 5.256535151037695919e-02 5.256535151037695919e-02
4.558202399999999876e+00 2.748552832904512314e-03 5.242664239587074837e-02 5.242664239587074837e-02
4.564232900000000370e+00 2.734225240008983891e-03 5.228981965936566750e-02 5.228981965936566750e-02
4.570263500000000256e+00 2.720044423488931443e-03 5.215404513064093861e-02 5.215404513064093861e-02
4.576293999999999862e+00 2.706018546940675614e-03 5.201940548430629419e-02 5.201940548430629419e-02
4.582365300000000197e+00 2.692059706958391252e-03 5.188506246462840088e-02 5.188506246462840088e-02
4.588395900000000083e+00 2.678358603506873856e-03 5.175286082437254020e-02 5.175286082437254020e-02
4.594426499999999969e+00 2.664822004829335133e-03 5.162191399812036258e-02 5.162191399812036258e-02
4.600456999999999574e+00 2.651448572567142396e-03 5.149221856326587077e-02 5.149221856326587077e-02
4.606528299999999909e+00 2.638145216483763367e-03 5.136287780570480965e-02 5.136287780570480965e-02
4.612558899999999795e+00 2.625084148003642513e-03 5.123557502364584765e-02 5.123557502364584765e-02
4.618589400000000289e+00 2.612167337813533531e-03 5.110936643917173006e-02 5.110936643917173006e-02
4.624620000000000175e+00 2.599383867419834560e-03 5.098415310093749875e-02 5.098415310093749875e-02
4.630691299999999622e+00 2.586636717065095032e-03 5.085898855723632039e-02 5.085898855723632039e-02
4.636721800000000115e+00 2.574083430892575974e-03 5.073542579788382911e-02 5.073542579788382911e-02
4.642752400000000002e+00 2.561623318842339535e-03 5.061248184827868424e-02 5.061248184827868424e-02
4.648782899999999607e+00 2.549241872673387380e-03 5.049001755469478131e-02 5.049001755469478131e-02
4.654854199999999942e+00 2.536840773294355474e-03 5.036706039957419834e-02 5.036706039957419834e-02
4.660884799999999828e+00 2.524571895348483915e-03 5.024511812453508197e-02 5.024511812453508197e-02
4.666915300000000322e+00 2.512338511530488351e-03 5.012323325096345455e-02 5.012323325096345455e-02
4.672945900000000208e+00 2.500127983254611837e-03 5.000127981616682427e-02 5.000127981616682427e-02
4.679017199999999654e+00 2.487847765012760233e-03 4.987832961329759923e-02 4.987832961329759923e-02
4.685047800000000429e+00 2.475654165660304794e-03 4.975594603321601556e-02 4.975594603321601556e-02
4.691078300000000034e+00 2.463459204060479326e-03 4.963324696270111219e-02 4.963324696270111219e-02
4.697108899999999920e+00 2.451259319393985121e-03 4.951019409570098923e-02 4.951019409570098923e-02
4.703180200000000255e+00 2.438971975587281814e-03 4.938594917167515169e-02 4.938594917167515169e-02
4.709210699999999861e+00 2.426764616253432056e-03 4.926220271418475793e-02 4.926220271418475793e-02
4.715241299999999747e+00 2.414559736788337088e-03 4.913816985591076131e-02 4.913816985591076131e-02
4.721271800000000241e+00 2.402365578882093358e-03 4.901393249762860116e-02 4.901393249762860116e-02
4.727343099999999687e+00 2.390109819910276896e-03 4.888874942060061207e-02 4.888874942060061207e-02
4.733373699999999573e+00 2.377969138587569548e-03 4.876442492829757142e-02 4.876442492829757142e-02
4.739404200000000067e+00 2.365875084361075339e-03 4.864026196846677613e-02 4.864026196846677613e-02
4.745475500000000402e+00 2.353760861483054044e-03 4.851557339126328500e-02 4.851557339126328500e-02
4.751506100000000288e+00 2.341804184117755611e-03 4.839219135478114997e-02 4.839219135478114997e-02
4.757536599999999893e+00 2.329938680590514649e-03 4.826943837036551388e-02 4.826943837036551388e-02
4.763567199999999779e+00 2.318178102772225791e-03 4.814746205951281333e-02 4.814746205951281333e-02
4.769638500000000114e+00 2.306457375556001266e-03 4.802559084025933428e-02 4.802559084025933428e-02
4.775669100000000000e+00 2.294944796580951091e-03 4.790558210251651822e-02 4.790558210251651822e-02
4.781699599999999606e+00 2.283570436004538854e-03 4.778671819663429104e-02 4.778671819663429104e-02
4.787730200000000380e+00 2.272340211006558443e-03 4.766906975184809214e-02 4.766906975184809214e-02
4.793801499999999827e+00 2.261183490293740880e-03 4.755190311957809696e-02 4.755190311957809696e-02
4.799832000000000320e+00 2.250250527207328655e-03 4.743680561765651477e-02 4.743680561765651477e-02
4.805862600000000207e+00 2.239463149201947369e-03 4.732296640323752079e-02 4.732296640323752079e-02
4.811893099999999812e+00 2.228816291280798743e-03 4.721034093586699149e-02 4.721034093586699149e-02
4.817964400000000147e+00 2.218230940816979298e-03 4.709809912105773072e-02 4.709809912105773072e-02
4.823995000000000033e+00 2.207838618603359671e-03 4.698764325440635964e-02 4.698764325440635964e-02
4.830025499999999639e+00 2.197555587130189426e-03 4.687809282735582589e-02 4.687809282735582589e-02
4.836056100000000413e+00 2.187367487616724733e-03 4.676930069625506725e-02 4.676930069625506725e-02
4.842127399999999859e+00 2.177191517641717880e-03 4.666038488527197992e-02 4.666038488527197992e-02
4.848157900000000353e+00 2.167148785128875793e-03 4.655264530753194102e-02 4.655264530753194102e-02
4.854188500000000239e+00 2.157155248784897641e-03 4.644518542093354491e-02 4.644518542093354491e-02
4.860218999999999845e+00 2.147196725246525682e-03 4.633785412863359460e-02 4.633785412863359460e-02
4.866290300000000180e+00 2.137192595284265455e-03 4.622978039407352885e-02 4.622978039407352885e-02
4.872320900000000066e+00 2.127265532814077726e-03 4.612228889391849912e-02 4.612228889391849912e-02
4.878351499999999952e+00 2.117338964969821789e-03 4.601455166542233605e-02 4.601455166542233605e-02
4.884381999999999557e+00 2.107406004211349188e-03 4.590649196150092815e-02 4.590649196150092815e-02
4.890453299999999892e+00 2.097394710585323910e-03 4.579732208967380452e-02 4.579732208967380452e-02
4.896483899999999778e+00 2.087437708770008976e-03 4.568848551626557286e-02 4.568848551626557286e-02
4.902514400000000272e+00 2.077469026758219095e-03 4.557926092817016217e-02 4.557926092817016217e-02
4.908545000000000158e+00 2.067491834637287963e-03 4.546968038855439542e-02 4.546968038855439542e-02
4.914616299999999605e+00 2.057444813257644674e-03 4.535906539224154876e-02 4.535906539224154876e-02
4.920646800000000098e+00 2.047470808960566956e-03 4.524898682800054805e-02 4.524898682800054805e-02
4.926677399999999984e+00 2.037511783184389833e-03 4.513880573502571103e-02 4.513880573502571103e-02
4.932707899999999590e+00 2.027579001896908251e-03 4.502864645863684234e-02 4.502864645863684234e-02
4.938779199999999925e+00 2.017617292358124884e-03 4.491789501254622036e-02 4.491789501254622036e-02
4.944809799999999811e+00 2.007772613408009398e-03 4.480817574291559580e-02 4.480817574291559580e-02
4.950840300000000305e+00 1.997990292108723330e-03 4.469888468528854936e-02 4.469888468528854936e-02
4.956870900000000191e+00 1.988281572325816676e-03 4.459015106865883704e-02 4.459015106865883704e-02
4.962942199999999637e+00 1.978592618274584245e-03 4.448137383528733002e-02 4.448137383528733002e-02
4.968972800000000412e+00 1.969062749937182822e-03 4.437412252582785543e-02 4.437412252582785543e-02
4.975003300000000017e+00 1.959634660333384789e-03 4.426776095911543613e-02 4.426776095911543613e-02
4.981074600000000352e+00 1.950251492297527681e-03 4.416165182935900824e-02 4.416165182935900824e-02
4.987105200000000238e+00 1.941043249055680962e-03 4.405727237421400849e-02 4.405727237421400849e-02
4.993135699999999844e+00 1.931948783869684395e-03 4.395393934415531279e-02 4.395393934415531279e-02
4.999166299999999730e+00 1.922967720455673888e-03 4.385165584622402468e-02 4.385165584622402468e-02
5.005237600000000064e+00 1.914038657483719446e-03 4.374972751325108961e-02 4.374972751325108961e-02
5.011268099999999670e+00 1.905277495049421304e-03 4.364948447633054673e-02 4.364948447633054673e-02
5.017298699999999556e+00 1.896618079985562966e-03 4.355017887432338641e-02 4.355017887432338641e-02
5.023329200000000050e+00 1.888053601260952698e-03 4.345173875992711793e-02 4.345173875992711793e-02
5.029400500000000385e+00 1.879518524747085572e-03 4.335341422249331528e-02 4.335341422249331528e-02
5.035431100000000271e+00 1.871118144640794524e-03 4.325642316050640201e-02 4.325642316050640201e-02
5.041461599999999876e+00 1.862785250001141799e-03 4.315999594533277695e-02 4.315999594533277695e-02
5.047492199999999762e+00 1.854509403220900307e-03 4.306401517765035686e-02 4.306401517765035686e-02
5.053563500000000097e+00 1.846225176701998035e-03 4.296772249842895769e-02 4.296772249842895769e-02
5.059594099999999983e+00 1.838033705551843063e-03 4.287229531471160870e-02 4.287229531471160870e-02
5.065624599999999589e+00 1.829870130104500024e-03 4.277698131126716347e-02 4.277698131126716347e-02
5.071655200000000363e+00 1.821725682112217788e-03 4.268167852969489279e-02 4.268167852969489279e-02
5.077726499999999810e+00 1.813538174759056357e-03 4.258565691355548771e-02 4.258565691355548771e-02
5.083757000000000303e+00 1.805411247992440424e-03 4.249013118351648716e-02 4.249013118351648716e-02
5.089787600000000189e+00 1.797284861429586855e-03 4.239439658055751958e-02 4.239439658055751958e-02
5.095818099999999795e+00 1.789155918539149645e-03 4.229841508306368680e-02 4.229841508306368680e-02
5.101889400000000130e+00 1.780967430341345945e-03 4.220150981115895761e-02 4.220150981115895761e-02
5.107920000000000016e+00 1.772829095803754324e-03 4.210497709064516675e-02 4.210497709064516675e-02
5.113950499999999622e+00 1.764687527785661772e-03 4.200818405722463178e-02 4.200818405722463178e-02
5.119981100000000396e+00 1.756545323598650244e-03 4.191115989326291841e-02 4.191115989326291841e-02
5.126052399999999842e+00 1.748352000469185780e-03 4.181329932532454330e-02 4.181329932532454330e-02
5.132082900000000336e+00 1.740223141186968310e-03 4.171598184373667695e-02 4.171598184373667695e-02
5.138113500000000222e+00 1.732110207662417890e-03 4.161862813287359880e-02 4.161862813287359880e-02
5.144143999999999828e+00 1.724021043203254619e-03 4.152133238713871799e-02 4.152133238713871799e-02
5.150215300000000163e+00 1.715909367516919078e-03 4.142353639559180623e-02 4.142353639559180623e-02
5.156245900000000049e+00 1.707892766479475726e-03 4.132665927073558843e-02 4.132665927073558843e-02
5.162276499999999935e+00 1.699925523113985639e-03 4.123015308137947810e-02 4.123015308137947810e-02
5.168307000000000428e+00 1.692016392304811863e-03 4.113412685720716638e-02 4.113412685720716638e-02
5.174378299999999875e+00 1.684120605735984913e-03 4.103803852203447011e-02 4.103803852203447011e-02
5.180408899999999761e+00 1.676351660810208389e-03 4.094327369434701963e-02 4.094327369434701963e-02
5.186439400000000255e+00 1.668662997289275911e-03 4.084927168615464649e-02 4.084927168615464649e-02
5.192470000000000141e+00 1.661059615205427503e-03 4.075609911664053453e-02 4.075609911664053453e-02
5.198541299999999588e+00 1.653495070808315426e-03 4.066319061274355218e-02 4.066319061274355218e-02
5.204571800000000081e+00 1.646073160553391613e-03 4.057182717790008136e-02 4.057182717790008136e-02
5.210602399999999967e+00 1.638743163517195458e-03 4.048139280604356322e-02 4.048139280604356322e-02
5.216673700000000302e+00 1.631455440050363307e-03 4.039127925741351627e-02 4.039127925741351627e-02
5.222704199999999908e+00 1.624304840654998546e-03 4.030266542866611096e-02 4.030266542866611096e-02
5.228734799999999794e+00 1.617237328342272309e-03 4.021488938617476944e-02 4.021488938617476944e-02
5.234765300000000288e+00 1.610246950660829427e-03 4.012788245921817404e-02 4.012788245921817404e-02
5.240836599999999734e+00 1.603279439673129707e-03 4.004097201209193269e-02 4.004097201209193269e-02
5.246867199999999620e+00 1.596419618441659609e-03 3.995522016510057173e-02 3.995522016510057173e-02
5.252897800000000395e+00 1.589611067649219448e-03 3.986992685783633666e-02 3.986992685783633666e-02
5.258928300000000000e+00 1.582843916740689447e-03 3.978497099082378002e-02 3.978497099082378002e-02
5.264999600000000335e+00 1.576062435312336561e-03 3.969965283616894158e-02 3.969965283616894158e-02
5.271030200000000221e+00 1.569347692746961807e-03 3.961499328217741450e-02 3.961499328217741450e-02
5.277060699999999827e+00 1.562644917727993828e-03 3.953030378997856448e-02 3.953030378997856448e-02
5.283091299999999713e+00 1.555945483587401661e-03 3.944547481761883495e-02 3.944547481761883495e-02
5.289162600000000047e+00 1.549197067920413421e-03 3.935984080151256476e-02 3.935984080151256476e-02
5.295193099999999653e+00 1.542484571307873188e-03 3.927447735244701116e-02 3.927447735244701116e-02
5.301223700000000427e+00 1.535758620227879387e-03 3.918875629855940457e-02 3.918875629855940457e-02
5.307254200000000033e+00 1.529017374961706786e-03 3.910265176380889329e-02 3.910265176380889329e-02
5.313325500000000368e+00 1.522214843708243059e-03 3.901557181060202190e-02 3.901557181060202190e-02
5.319356100000000254e+00 1.515444189315136173e-03 3.892870649424581136e-02 3.892870649424581136e-02
5.325386599999999859e+00 1.508663689541068923e-03 3.884152017546518149e-02 3.884152017546518149e-02
5.331417199999999745e+00 1.501878559009998124e-03 3.875407796619599610e-02 3.875407796619599610e-02
5.337488500000000080e+00 1.495050107439646093e-03 3.866587781804062263e-02 3.866587781804062263e-02
5.343519099999999966e+00 1.488278114562054935e-03 3.857820776762516807e-02 3.857820776762516807e-02
5.349549599999999572e+00 1.481525991677824306e-03 3.849059614604357499e-02 3.849059614604357499e-02
5.355580200000000346e+00 1.474803154457917601e-03 3.840316594316043469e-02 3.840316594316043469e-02
5.361651499999999793e+00 1.468074572100107073e-03 3.831546126696254440e-02 3.831546126696254440e-02
5.367682000000000286e+00 1.461440214713633423e-03 3.822878777457681260e-02 3.822878777457681260e-02
5.373712600000000172e+00 1.454863618470117817e-03 3.814267450599286013e-02 3.814267450599286013e-02
5.379743099999999778e+00 1.448353075485501844e-03 3.805723420698753356e-02 3.805723420698753356e-02
5.385814400000000113e+00 1.441872019711389714e-03 3.797198993615411716e-02 3.797198993615411716e-02
5.391844999999999999e+00 1.435512828004211101e-03 3.788816210908377280e-02 3.788816210908377280e-02
5.397875499999999604e+00 1.429235563748457475e-03 3.780523196263260027e-02 3.780523196263260027e-02
5.403906100000000379e+00 1.423041876873277654e-03 3.772322728602733877e-02 3.772322728602733877e-02
5.409977399999999825e+00 1.416890925010662978e-03 3.764161161548031792e-02 3.764161161548031792e-02
5.416007900000000319e+00 1.410863439464087781e-03 3.756146215822924600e-02 3.756146215822924600e-02
5.422038500000000205e+00 1.404914140841019132e-03 3.748218431256400418e-02 3.748218431256400418e-02
5.428069100000000091e+00 1.399037992123908745e-03 3.740371628760848915e-02 3.740371628760848915e-02
5.434140400000000426e+00 1.393189500145098052e-03 3.732545378351210391e-02 3.732545378351210391e-02
5.440170900000000032e+00 1.387439536869926196e-03 3.724834945161901306e-02 3.724834945161901306e-02
5.446201499999999918e+00 1.381740097108010443e-03 3.717176478334073553e-02 3.717176478334073553e-02
5.452272800000000252e+00 1.376044348049550430e-03 3.709507174881254005e-02 3.709507174881254005e-02
5.458303299999999858e+00 1.370419683626621131e-03 3.701917994265433581e-02 3.701917994265433581e-02
5.464333899999999744e+00 1.364818770431043462e-03 3.694345368845532857e-02 3.694345368845532857e-02
5.470364400000000238e+00 1.359233447060570693e-03 3.686778332176442186e-02 3.686778332176442186e-02
5.476435699999999684e+00 1.353618315519815795e-03 3.679155223036690431e-02 3.679155223036690431e-02
5.482466299999999571e+00 1.348042143781956210e-03 3.671569342640768063e-02 3.671569342640768063e-02
