6.367979799999999579e-02 5.123152861303569239e+01 7.157620317747769967e+00 7.157620317747769967e+00
6.972053899999999804e-02 5.081983853003863771e+01 7.128803443077852187e+00 7.128803443077852187e+00
7.576168699999999423e-02 4.997198137010943242e+01 7.069086317913328976e+00 7.069086317913328976e+00
8.180283500000000430e-02 4.966234669124080625e+01 7.047151672217705887e+00 7.047151672217705887e+00
8.784357600000000654e-02 4.909179137556237293e+01 7.006553459123991523e+00 7.006553459123991523e+00
9.388472400000000273e-02 4.875507484455986429e+01 6.982483429594363855e+00 6.982483429594363855e+00
9.992587199999999892e-02 4.912161684835962916e+01 7.008681534237351407e+00 7.008681534237351407e+00
1.059666100000000027e-01 4.970560206714876017e+01 7.050220001329657649e+00 7.050220001329657649e+00
1.120077599999999979e-01 5.003326967479765131e+01 7.073419941923259735e+00 7.073419941923259735e+00
1.180485000000000007e-01 5.091781275253523376e+01 7.135671850115813619e+00 7.135671850115813619e+00
1.240896499999999958e-01 5.259911664671650300e+01 7.252524846335688835e+00 7.252524846335688835e+00
1.301307999999999909e-01 5.414612910278228952e+01 7.358405336945111230e+00 7.358405336945111230e+00
1.361715400000000076e-01 5.416509031059351287e+01 7.359693628853956504e+00 7.359693628853956504e+00
1.422126900000000027e-01 5.223607348550539342e+01 7.227452766051493782e+00 7.227452766051493782e+00
1.482538399999999978e-01 4.976062903892697165e+01 7.054121422184833179e+00 7.054121422184833179e+00
1.542945799999999867e-01 4.807697705822483414e+01 6.933756345461299375e+00 6.933756345461299375e+00
1.603357199999999871e-01 4.748071107096009058e+01 6.890624867960821298e+00 6.890624867960821298e+00
1.663768700000000100e-01 4.765071928647239474e+01 6.902950042298756195e+00 6.902950042298756195e+00
1.724176099999999989e-01 4.876137212947542565e+01 6.982934349503468141e+00 6.982934349503468141e+00
1.784587599999999941e-01 5.052914286637523134e+01 7.108385390957304928e+00 7.108385390957304928e+00
1.844999099999999892e-01 5.215196401030021178e+01 7.221631672295410809e+00 7.221631672295410809e+00
1.905406500000000058e-01 5.305719493308028234e+01 7.284036994214147853e+00 7.284036994214147853e+00
1.965818000000000010e-01 5.306106446121000886e+01 7.284302606372830446e+00 7.284302606372830446e+00
2.026229499999999961e-01 5.240976912012848743e+01 7.239459173179201734e+00 7.239459173179201734e+00
2.086636900000000128e-01 5.139207196543885914e+01 7.168826400844063862e+00 7.168826400844063862e+00
2.147048400000000079e-01 5.023559032265337265e+01 7.087706986229987294e+00 7.087706986229987294e+00
2.207455799999999968e-01 4.915731997326595604e+01 7.011228135873625256e+00 7.011228135873625256e+00
2.267867199999999972e-01 4.833283995810785427e+01 6.952182388150346171e+00 6.952182388150346171e+00
2.328278699999999923e-01 4.780627772880083626e+01 6.914208394950273728e+00 6.914208394950273728e+00
2.388686100000000090e-01 4.756802857924561323e+01 6.896957922102005867e+00 6.896957922102005867e+00
2.449097600000000041e-01 4.754568170425964979e+01 6.895337678769593914e+00 6.895337678769593914e+00
2.509509100000000270e-01 4.763058838471982881e+01 6.901491750681140402e+00 6.901491750681140402e+00
2.569916500000000159e-01 4.770161182311111503e+01 6.906635347483687681e+00 6.906635347483687681e+00
2.630328000000000110e-01 4.765311595831420988e+01 6.903123637768210585e+00 6.903123637768210585e+00
2.690739500000000062e-01 4.744085070112878810e+01 6.887731898174375367e+00 6.887731898174375367e+00
2.751146899999999951e-01 4.707904755504213767e+01 6.861417313867605117e+00 6.861417313867605117e+00
2.811558399999999902e-01 4.658950562135327544e+01 6.825650563964821060e+00 6.825650563964821060e+00
2.871965799999999791e-01 4.599466846704721945e+01 6.781936925911890235e+00 6.781936925911890235e+00
2.932377299999999742e-01 4.531735088956886415e+01 6.731816314306924731e+00 6.731816314306924731e+00
2.992788699999999746e-01 4.458699852704999955e+01 6.677349663380674372e+00 6.677349663380674372e+00
3.053196100000000190e-01 4.384256385270651180e+01 6.621371750076151308e+00 6.621371750076151308e+00
3.113607600000000142e-01 4.311344283743702732e+01 6.566082762000265305e+00 6.566082762000265305e+00
3.174019100000000093e-01 4.241510181624953901e+01 6.512687756698422703e+00 6.512687756698422703e+00
3.234426499999999982e-01 4.175440550921623384e+01 6.461764891205516115e+00 6.461764891205516115e+00
3.294837999999999933e-01 4.113668361612680968e+01 6.413788554054990598e+00 6.413788554054990598e+00
3.355245399999999822e-01 4.056041412074874586e+01 6.368705843477837192e+00 6.368705843477837192e+00
3.415656899999999774e-01 4.001877679511540720e+01 6.326039582164769470e+00 6.326039582164769470e+00
3.476068399999999725e-01 3.950198991482875499e+01 6.285060852118199648e+00 6.285060852118199648e+00
3.536475800000000169e-01 3.900280685075545506e+01 6.245222722269835103e+00 6.245222722269835103e+00
3.596887300000000121e-01 3.851495534902650064e+01 6.206041842352217230e+00 6.206041842352217230e+00
3.657298700000000125e-01 3.802635673579312936e+01 6.166551445969872702e+00 6.166551445969872702e+00
3.717706100000000013e-01 3.751729636084528607e+01 6.125136436100446780e+00 6.125136436100446780e+00
3.778117599999999965e-01 3.696255404902796471e+01 6.079683712910398441e+00 6.079683712910398441e+00
3.838529099999999916e-01 3.633766143377611257e+01 6.028072779402726233e+00 6.028072779402726233e+00
3.898936499999999805e-01 3.563410324606452662e+01 5.969430730485489889e+00 5.969430730485489889e+00
3.959347999999999757e-01 3.487623537010280472e+01 5.905610499355913312e+00 5.905610499355913312e+00
4.019755400000000201e-01 3.409227295020179582e+01 5.838858873975444119e+00 5.838858873975444119e+00
4.080158700000000027e-01 3.330771232661977876e+01 5.771283421096192967e+00 5.771283421096192967e+00
4.140586499999999726e-01 3.253660378371916551e+01 5.704086586274717874e+00 5.704086586274717874e+00
4.200973599999999752e-01 3.178612544136582230e+01 5.637918538021440718e+00 5.637918538021440718e+00
4.261401300000000059e-01 3.105921174557510867e+01 5.573079197855984823e+00 5.573079197855984823e+00
4.321788400000000085e-01 3.035862344755519615e+01 5.509866009945722176e+00 5.509866009945722176e+00
4.382216099999999837e-01 2.968880857372036530e+01 5.448743761062761592e+00 5.448743761062761592e+00
4.442643900000000090e-01 2.905438779120306236e+01 5.390212221351127653e+00 5.390212221351127653e+00
4.503031000000000117e-01 2.845855787662291903e+01 5.334656303514118569e+00 5.334656303514118569e+00
4.563458699999999868e-01 2.790061761004405128e+01 5.282103521329741369e+00 5.282103521329741369e+00
4.623845799999999895e-01 2.737688282568712239e+01 5.232292310802897362e+00 5.232292310802897362e+00
4.684273600000000148e-01 2.688170367272349282e+01 5.184756857628281423e+00 5.184756857628281423e+00
4.744660600000000228e-01 2.641056283591399989e+01 5.139120823245353797e+00 5.139120823245353797e+00
4.805088399999999926e-01 2.595784648276966422e+01 5.094884344395824272e+00 5.094884344395824272e+00
4.865516200000000180e-01 2.551738063555505676e+01 5.051473115394662372e+00 5.051473115394662372e+00
4.925903200000000259e-01 2.508213257781389061e+01 5.008206523079284267e+00 5.008206523079284267e+00
4.986330999999999958e-01 2.464599003984475090e+01 4.964472785688803569e+00 4.964472785688803569e+00
5.046718000000000037e-01 2.420415470010431491e+01 4.919771813824734608e+00 4.919771813824734608e+00
5.107145800000000291e-01 2.375376100069257745e+01 4.873783027658553202e+00 4.873783027658553202e+00
5.167532799999999815e-01 2.329616692016166724e+01 4.826610292965620275e+00 4.826610292965620275e+00
5.227960600000000069e-01 2.283261281118972974e+01 4.778348335061993524e+00 4.778348335061993524e+00
5.288388400000000322e-01 2.236444520329358099e+01 4.729106173823292458e+00 4.729106173823292458e+00
5.348775399999999847e-01 2.189315433311604764e+01 4.679012110811004099e+00 4.679012110811004099e+00
5.409203200000000100e-01 2.142060791520371410e+01 4.628240261179589865e+00 4.628240261179589865e+00
5.469590199999999625e-01 2.094834289150025342e+01 4.576935971968611128e+00 4.576935971968611128e+00
5.530017999999999878e-01 2.047811648374290527e+01 4.525275293696827461e+00 4.525275293696827461e+00
5.590405000000000513e-01 2.001183703862081842e+01 4.473459180390586987e+00 4.473459180390586987e+00
5.650832799999999656e-01 1.955044979069985089e+01 4.421589057194240446e+00 4.421589057194240446e+00
5.711219899999999683e-01 1.909537736228122995e+01 4.369825781685264587e+00 4.369825781685264587e+00
5.771647600000000544e-01 1.864696664919678781e+01 4.318213363093211576e+00 4.318213363093211576e+00
5.832075399999999687e-01 1.820590217770638475e+01 4.266837491363642876e+00 4.266837491363642876e+00
5.892462499999999714e-01 1.777280304450842863e+01 4.215780241486553948e+00 4.215780241486553948e+00
5.952890199999999465e-01 1.734741790950710083e+01 4.165023158339830722e+00 4.165023158339830722e+00
6.013277299999999492e-01 1.693007878907226171e+01 4.114617696587650642e+00 4.114617696587650642e+00
6.073705000000000354e-01 1.652063740819140847e+01 4.064558697840567447e+00 4.064558697840567447e+00
6.134092100000000380e-01 1.611948819309429837e+01 4.014908242176189468e+00 4.014908242176189468e+00
6.194519899999999524e-01 1.572628038921581251e+01 3.965637450551400711e+00 3.965637450551400711e+00
6.254947600000000385e-01 1.534123703257475313e+01 3.916789122811534796e+00 3.916789122811534796e+00
6.315334700000000412e-01 1.496453494964207032e+01 3.868402118400059653e+00 3.868402118400059653e+00
6.375762499999999555e-01 1.459637836068405470e+01 3.820520692351247583e+00 3.820520692351247583e+00
6.436149500000000190e-01 1.423755568665927917e+01 3.773268568053336658e+00 3.773268568053336658e+00
6.496577300000000443e-01 1.388828793437978071e+01 3.726699335119453949e+00 3.726699335119453949e+00
6.556964299999999968e-01 1.354912805575521162e+01 3.680914024499242654e+00 3.680914024499242654e+00
6.617392100000000221e-01 1.322033564105556280e+01 3.635977948373114277e+00 3.635977948373114277e+00
6.677779099999999746e-01 1.290238206517094177e+01 3.591988594799674583e+00 3.591988594799674583e+00
6.738206899999999999e-01 1.259540942265742736e+01 3.549001186623840454e+00 3.549001186623840454e+00
6.798634700000000253e-01 1.229961449894909720e+01 3.507080623388789231e+00 3.507080623388789231e+00
6.859021699999999777e-01 1.201486177756822116e+01 3.466246064198013954e+00 3.466246064198013954e+00
6.919449500000000031e-01 1.174054725659530085e+01 3.426448198440376292e+00 3.426448198440376292e+00
6.979836499999999555e-01 1.147628954466167350e+01 3.387667271834953198e+00 3.387667271834953198e+00
7.040264299999999809e-01 1.122128998879936113e+01 3.349819396445032460e+00 3.349819396445032460e+00
7.100651300000000443e-01 1.097471678226413339e+01 3.312811009137728302e+00 3.312811009137728302e+00
7.161079099999999587e-01 1.073558182675413342e+01 3.276519773594252616e+00 3.276519773594252616e+00
7.221506899999999840e-01 1.050309218422997226e+01 3.240847448466214420e+00 3.240847448466214420e+00
7.281893900000000475e-01 1.027642340072499927e+01 3.205686104521932034e+00 3.205686104521932034e+00
7.342321699999999618e-01 1.005471571153598553e+01 3.170917171976585180e+00 3.170917171976585180e+00
7.402708799999999645e-01 9.837399531840928191e+00 3.136462901397197633e+00 3.136462901397197633e+00
7.463136500000000506e-01 9.624127997586874983e+00 3.102277872400677428e+00 3.102277872400677428e+00
7.523523600000000533e-01 9.414867074668633151e+00 3.068365537980870084e+00 3.068365537980870084e+00
7.583951399999999676e-01 9.209373085134068049e+00 3.034694891605096423e+00 3.034694891605096423e+00
7.644338400000000311e-01 9.007620670853823341e+00 3.001269843058738118e+00 3.001269843058738118e+00
7.704766199999999454e-01 8.809397745417017589e+00 2.968062961835044700e+00 2.968062961835044700e+00
7.765193999999999708e-01 8.614677616669165872e+00 2.935077105745122594e+00 2.935077105745122594e+00
7.825581000000000342e-01 8.423468759942339901e+00 2.902321270973001521e+00 2.902321270973001521e+00
7.886008799999999486e-01 8.235766092548054473e+00 2.869802448348675927e+00 2.869802448348675927e+00
7.946395800000000120e-01 8.051657387881963501e+00 2.837544253026190955e+00 2.837544253026190955e+00
8.006823600000000374e-01 7.871127924561507783e+00 2.805553051460889513e+00 2.805553051460889513e+00
8.067210599999999898e-01 7.694246044212381896e+00 2.773850400474470845e+00 2.773850400474470845e+00
8.127638400000000152e-01 7.520974617832873577e+00 2.742439537680434025e+00 2.742439537680434025e+00
8.188066200000000405e-01 7.351351989886421023e+00 2.711337675371037204e+00 2.711337675371037204e+00
8.248453199999999930e-01 7.185422988501939834e+00 2.680563931060391702e+00 2.680563931060391702e+00
8.308881000000000183e-01 7.023043252865377895e+00 2.650102498558381647e+00 2.650102498558381647e+00
8.369267999999999708e-01 6.864155391472205103e+00 2.619953318567375788e+00 2.619953318567375788e+00
8.429695799999999961e-01 6.708596116289390565e+00 2.590095773574674354e+00 2.590095773574674354e+00
8.490082799999999486e-01 6.556317822961768016e+00 2.560530769774456150e+00 2.560530769774456150e+00
8.550510599999999739e-01 6.407174765697875252e+00 2.531239768512235422e+00 2.531239768512235422e+00
8.610938399999999993e-01 6.261077222424757061e+00 2.502214463715042303e+00 2.502214463715042303e+00
8.671325399999999517e-01 6.117945344017102549e+00 2.473448067782524351e+00 2.473448067782524351e+00
8.731753199999999770e-01 5.977713825797888347e+00 2.444936364365724923e+00 2.444936364365724923e+00
8.792140200000000405e-01 5.840402272250661220e+00 2.416692424006551487e+00 2.416692424006551487e+00
8.852567999999999548e-01 5.706009108733399060e+00 2.388725415097641580e+00 2.388725415097641580e+00
8.912955099999999575e-01 5.574553332614518908e+00 2.361049201650511797e+00 2.361049201650511797e+00
8.973382800000000437e-01 5.445991760730858999e+00 2.333664877554371131e+00 2.333664877554371131e+00
9.033769900000000463e-01 5.320344874949151759e+00 2.306587278849242306e+00 2.306587278849242306e+00
9.094197699999999607e-01 5.197588333565620999e+00 2.279821996026361042e+00 2.279821996026361042e+00
9.154625400000000468e-01 5.077724016678442531e+00 2.253380575197727609e+00 2.253380575197727609e+00
9.215012500000000495e-01 4.960754923586514487e+00 2.227275224031936673e+00 2.227275224031936673e+00
9.275440299999999638e-01 4.846634502327314742e+00 2.201507325067830756e+00 2.201507325067830756e+00
9.335827300000000273e-01 4.735370939141600566e+00 2.176090746991402813e+00 2.176090746991402813e+00
9.396255100000000526e-01 4.626937999644114008e+00 2.151031845334725467e+00 2.151031845334725467e+00
9.456642100000000051e-01 4.521349740097030612e+00 2.126346571022003307e+00 2.126346571022003307e+00
9.517069900000000304e-01 4.418554445932032948e+00 2.102035786073118473e+00 2.102035786073118473e+00
9.577497699999999448e-01 4.318575295359772248e+00 2.078118210150657674e+00 2.078118210150657674e+00
9.637884700000000082e-01 4.221369314094288505e+00 2.054597117221351521e+00 2.054597117221351521e+00
9.698312500000000336e-01 4.126896895907632867e+00 2.031476530976332295e+00 2.031476530976332295e+00
9.758699499999999860e-01 4.035128255596064584e+00 2.008762866939765246e+00 2.008762866939765246e+00
9.819127300000000114e-01 3.945963122880907115e+00 1.986444845164573758e+00 1.986444845164573758e+00
9.879514299999999638e-01 3.859375702588380808e+00 1.964529384506218168e+00 1.964529384506218168e+00
9.939942099999999892e-01 3.775304924659979910e+00 1.943014391264249019e+00 1.943014391264249019e+00
1.000032899999999891e+00 3.693704698298875932e+00 1.921901323767397862e+00 1.921901323767397862e+00
1.006075700000000017e+00 3.614506713998467458e+00 1.901185607456165050e+00 1.901185607456165050e+00
1.012118499999999921e+00 3.537671975779395961e+00 1.880870005018793423e+00 1.880870005018793423e+00
1.018157200000000095e+00 3.463150117266516226e+00 1.860954087898601506e+00 1.860954087898601506e+00
1.024199999999999999e+00 3.390875549375871323e+00 1.841433015174831489e+00 1.841433015174831489e+00
1.030238699999999952e+00 3.320736842930218202e+00 1.822288902158551327e+00 1.822288902158551327e+00
1.036281400000000019e+00 3.252626058527273045e+00 1.803503828254121810e+00 1.803503828254121810e+00
1.042320099999999972e+00 3.186453271075424087e+00 1.785063940332509258e+00 1.785063940332509258e+00
1.048362900000000097e+00 3.122111626662849471e+00 1.766949808755995610e+00 1.766949808755995610e+00
1.054405700000000001e+00 3.059496000055705434e+00 1.749141503725672120e+00 1.749141503725672120e+00
1.060444399999999954e+00 2.998511967362949893e+00 1.731621196267517870e+00 1.731621196267517870e+00
1.066487200000000080e+00 2.939043200239550568e+00 1.714363788768168861e+00 1.714363788768168861e+00
1.072525900000000032e+00 2.880999236658243312e+00 1.697350652239614011e+00 1.697350652239614011e+00
1.078568699999999936e+00 2.824287293566219770e+00 1.680561600646111264e+00 1.680561600646111264e+00
1.084607400000000110e+00 2.768839004785787594e+00 1.663982873946059371e+00 1.663982873946059371e+00
1.090650099999999956e+00 2.714628762573943366e+00 1.647613050013243763e+00 1.647613050013243763e+00
1.096692900000000082e+00 2.661629541462369186e+00 1.631450134531352791e+00 1.631450134531352791e+00
1.102731600000000034e+00 2.609804138135680240e+00 1.615488823277858588e+00 1.615488823277858588e+00
1.108774399999999938e+00 2.559108511935355601e+00 1.599721385721699862e+00 1.599721385721699862e+00
1.114813099999999890e+00 2.509521299664566385e+00 1.584146868085332116e+00 1.584146868085332116e+00
1.120855900000000016e+00 2.461011880463309875e+00 1.568761256680987204e+00 1.568761256680987204e+00
1.126894599999999969e+00 2.413550726678654890e+00 1.553560660765666679e+00 1.553560660765666679e+00
1.132937400000000094e+00 2.367099719340982400e+00 1.538538176107756561e+00 1.538538176107756561e+00
1.138976100000000047e+00 2.321642470927265389e+00 1.523693693275411931e+00 1.523693693275411931e+00
1.145018799999999892e+00 2.277090995974590193e+00 1.509003312115182238e+00 1.509003312115182238e+00
1.151061600000000018e+00 2.233375900220165633e+00 1.494448359837222906e+00 1.494448359837222906e+00
1.157100299999999971e+00 2.190418496723105957e+00 1.480006248879749187e+00 1.480006248879749187e+00
1.163143100000000096e+00 2.148114464708910099e+00 1.465644726633610340e+00 1.465644726633610340e+00
1.169181800000000049e+00 2.106389518497735480e+00 1.451340593554020231e+00 1.451340593554020231e+00
1.175224599999999953e+00 2.065184523118190452e+00 1.437074988689939659e+00 1.437074988689939659e+00
1.181263299999999905e+00 2.024426759778488627e+00 1.422823516736523741e+00 1.422823516736523741e+00
1.187306100000000031e+00 1.984047922491084748e+00 1.408562360171208283e+00 1.408562360171208283e+00
1.193348800000000098e+00 1.943985529194109940e+00 1.394268815255548244e+00 1.394268815255548244e+00
1.199387500000000051e+00 1.904176810827370891e+00 1.379919131988309955e+00 1.379919131988309955e+00
1.205430299999999955e+00 1.864607684923111020e+00 1.365506384065307444e+00 1.365506384065307444e+00
1.211468999999999907e+00 1.825353984463577772e+00 1.351056617786085878e+00 1.351056617786085878e+00
1.217511800000000033e+00 1.786464046471603728e+00 1.336586714909138829e+00 1.336586714909138829e+00
1.223550499999999985e+00 1.748001684432229696e+00 1.322120147502574561e+00 1.322120147502574561e+00
1.229593299999999889e+00 1.710024737729740174e+00 1.307679141735364814e+00 1.307679141735364814e+00
1.235632000000000064e+00 1.672616237149677554e+00 1.293296654735361706e+00 1.293296654735361706e+00
1.241674799999999967e+00 1.635801258758826204e+00 1.278984463845759922e+00 1.278984463845759922e+00
1.247717500000000035e+00 1.599670933829371533e+00 1.264780982553648014e+00 1.264780982553648014e+00
1.253756199999999987e+00 1.564262777804058979e+00 1.250704912361048970e+00 1.250704912361048970e+00
1.259798999999999891e+00 1.529642694896540478e+00 1.236787247224250930e+00 1.236787247224250930e+00
1.265837700000000066e+00 1.495869453037945940e+00 1.223057420172064536e+00 1.223057420172064536e+00
1.271880499999999969e+00 1.462966076927766590e+00 1.209531345988092532e+00 1.209531345988092532e+00
1.277919199999999922e+00 1.430938833719113568e+00 1.196218556000162359e+00 1.196218556000162359e+00
1.283962000000000048e+00 1.399790041606409963e+00 1.183127229678368142e+00 1.183127229678368142e+00
1.290004799999999952e+00 1.369514301864155570e+00 1.170262492718687319e+00 1.170262492718687319e+00
1.296043499999999904e+00 1.340116827121616394e+00 1.157634150810011420e+00 1.157634150810011420e+00
1.302086300000000030e+00 1.311590161377916397e+00 1.145246768769908607e+00 1.145246768769908607e+00
1.308124999999999982e+00 1.283919844884864547e+00 1.133101868714752714e+00 1.133101868714752714e+00
1.314167700000000050e+00 1.257088848544228643e+00 1.121199736239814060e+00 1.121199736239814060e+00
1.320206400000000002e+00 1.231062381256781579e+00 1.109532505723370699e+00 1.109532505723370699e+00
1.326249199999999906e+00 1.205824262223337051e+00 1.098100296978075319e+00 1.098100296978075319e+00
1.332287900000000080e+00 1.181350680151607602e+00 1.086899572247412182e+00 1.086899572247412182e+00
1.338330699999999984e+00 1.157626491197556451e+00 1.075930523406393835e+00 1.075930523406393835e+00
1.344373500000000110e+00 1.134607274554019218e+00 1.065179456502057809e+00 1.065179456502057809e+00
1.350412200000000063e+00 1.112269952251784710e+00 1.054642096756897240e+00 1.054642096756897240e+00
1.356454999999999966e+00 1.090600427269997619e+00 1.044318163813115818e+00 1.044318163813115818e+00
1.362493699999999919e+00 1.069566379508153808e+00 1.034198423663541311e+00 1.034198423663541311e+00
1.368536399999999986e+00 1.049123507000654598e+00 1.024267302514658251e+00 1.024267302514658251e+00
1.374575099999999939e+00 1.029260638649059256e+00 1.014524833924265845e+00 1.014524833924265845e+00
1.380617900000000065e+00 1.009953900579138253e+00 1.004964626531271721e+00 1.004964626531271721e+00
1.386660699999999968e+00 9.911674516886174180e-01 9.955739308000272070e-01 9.955739308000272070e-01
1.392699399999999921e+00 9.728790786187733186e-01 9.863463279288737784e-01 9.863463279288737784e-01
1.398742200000000047e+00 9.550624106852082518e-01 9.772729458473760067e-01 9.772729458473760067e-01
1.404780899999999999e+00 9.376918508232471305e-01 9.683449028229802469e-01 9.683449028229802469e-01
1.410823699999999903e+00 9.207413590130250070e-01 9.595526869396099334e-01 9.595526869396099334e-01
1.416862400000000077e+00 9.041926661417103439e-01 9.508904595912771596e-01 9.508904595912771596e-01
1.422905099999999923e+00 8.880342985501972208e-01 9.423557176301299299e-01 9.423557176301299299e-01
1.428947900000000049e+00 8.722548047399382165e-01 9.339458253774349794e-01 9.339458253774349794e-01
1.434986600000000001e+00 8.568457706670966623e-01 9.256596408330097780e-01 9.256596408330097780e-01
1.441029399999999905e+00 8.417936149102694943e-01 9.174931143666799072e-01 9.174931143666799072e-01
1.447068100000000079e+00 8.270900961865206291e-01 9.094449385127835184e-01 9.094449385127835184e-01
1.453110899999999983e+00 8.127215592201675332e-01 9.015107094317668102e-01 9.015107094317668102e-01
1.459149599999999936e+00 7.986794894064045414e-01 8.936886982648961641e-01 8.936886982648961641e-01
1.465192400000000061e+00 7.849521661727421051e-01 8.859752627318339124e-01 8.859752627318339124e-01
1.471231100000000014e+00 7.715277525301599271e-01 8.783665251648424821e-01 8.783665251648424821e-01
1.477273800000000081e+00 7.583954065390062782e-01 8.708590049709575842e-01 8.708590049709575842e-01
1.483316599999999985e+00 7.455438988432125935e-01 8.634488397370237989e-01 8.634488397370237989e-01
1.489355299999999938e+00 7.329608809168359773e-01 8.561313455988140975e-01 8.561313455988140975e-01
1.495398100000000063e+00 7.206394476752892020e-01 8.489048519565012274e-01 8.489048519565012274e-01
1.501436800000000016e+00 7.085765687193801288e-01 8.417699024789256912e-01 8.417699024789256912e-01
1.507479599999999920e+00 6.967663413923362858e-01 8.347253089444073293e-01 8.347253089444073293e-01
1.513518300000000094e+00 6.852077450220480648e-01 8.277727617058004972e-01 8.277727617058004972e-01
1.519561099999999998e+00 6.738970092706298987e-01 8.209123030328087101e-01 8.209123030328087101e-01
1.525603800000000065e+00 6.628299520637830344e-01 8.141436925161202876e-01 8.141436925161202876e-01
1.531642500000000018e+00 6.520024771720667189e-01 8.074667034448335112e-01 8.074667034448335112e-01
1.537685299999999922e+00 6.414121335419654679e-01 8.008820971541100731e-01 8.008820971541100731e-01
1.543724000000000096e+00 6.310521462876812482e-01 7.943879066851919912e-01 7.943879066851919912e-01
1.549766800000000000e+00 6.209203610895700498e-01 7.879850005485955489e-01 7.879850005485955489e-01
1.555805499999999952e+00 6.110123079526801337e-01 7.816727627036009762e-01 7.816727627036009762e-01
1.561848300000000078e+00 6.013261261116035206e-01 7.754522074967634682e-01 7.754522074967634682e-01
1.567887000000000031e+00 5.918566216622996867e-01 7.693221832641378155e-01 7.693221832641378155e-01
1.573929799999999934e+00 5.826012007709350238e-01 7.632831720737297543e-01 7.632831720737297543e-01
1.579972500000000002e+00 5.735497375695483013e-01 7.573306659376393135e-01 7.573306659376393135e-01
1.586011300000000013e+00 5.646901337064229587e-01 7.514586706575571151e-01 7.514586706575571151e-01
1.592054000000000080e+00 5.560090241647512865e-01 7.456601264414983721e-01 7.456601264414983721e-01
1.598092700000000033e+00 5.474946515224990984e-01 7.399288151724455753e-01 7.399288151724455753e-01
1.604135499999999936e+00 5.391358122439429135e-01 7.342586821032101030e-01 7.342586821032101030e-01
1.610174200000000111e+00 5.309208520726840241e-01 7.286431582555922271e-01 7.286431582555922271e-01
1.616217000000000015e+00 5.228355887887360387e-01 7.230737090979978410e-01 7.230737090979978410e-01
1.622259799999999919e+00 5.148722843009777561e-01 7.175460154589236028e-01 7.175460154589236028e-01
1.628298500000000093e+00 5.070160800071168428e-01 7.120506161833699554e-01 7.120506161833699554e-01
1.634341299999999997e+00 4.992567755091365522e-01 7.065810466670731094e-01 7.065810466670731094e-01
1.640379999999999949e+00 4.915815508264483880e-01 7.011287690763005065e-01 7.011287690763005065e-01
1.646422700000000017e+00 4.839790858748616587e-01 6.956860541040489343e-01 6.956860541040489343e-01
1.652461399999999969e+00 4.764373954214261020e-01 6.902444461358787642e-01 6.902444461358787642e-01
1.658504200000000095e+00 4.689440344690756768e-01 6.847948849612383038e-01 6.847948849612383038e-01
1.664546999999999999e+00 4.614918068164876597e-01 6.793318826733275584e-01 6.793318826733275584e-01
1.670585699999999951e+00 4.540855476906739963e-01 6.738587000927375170e-01 6.738587000927375170e-01
1.676628500000000077e+00 4.467307792066642080e-01 6.683792181139867061e-01 6.683792181139867061e-01
1.682667200000000030e+00 4.394332732639369410e-01 6.628976340762855468e-01 6.628976340762855468e-01
1.688709999999999933e+00 4.322004634738019213e-01 6.574195490505297945e-01 6.574195490505297945e-01
1.694748700000000108e+00 4.250380124522946668e-01 6.519493940884480976e-01 6.519493940884480976e-01
1.700791399999999953e+00 4.179512894833481984e-01 6.464915231334036338e-01 6.464915231334036338e-01
1.706830099999999906e+00 4.109469307251112924e-01 6.410514259598143472e-01 6.410514259598143472e-01
1.712872900000000032e+00 4.040313065295477735e-01 6.356345699610332911e-01 6.356345699610332911e-01
1.718915699999999935e+00 3.972110198466229369e-01 6.302467928094699356e-01 6.302467928094699356e-01
1.724954400000000110e+00 3.904906729241564567e-01 6.248925290993295745e-01 6.248925290993295745e-01
1.730997200000000014e+00 3.838767758068544200e-01 6.195779013222263432e-01 6.195779013222263432e-01
1.737035899999999966e+00 3.773760715503427510e-01 6.143094265517522468e-01 6.143094265517522468e-01
1.743078700000000092e+00 3.709951796809204949e-01 6.090937363665139825e-01 6.090937363665139825e-01
1.749117400000000044e+00 3.647399515620726729e-01 6.039370427139509889e-01 6.039370427139509889e-01
1.755160099999999890e+00 3.586161278471919345e-01 5.988456627940056398e-01 5.988456627940056398e-01
1.761202900000000016e+00 3.526255812178216154e-01 5.938228533980665080e-01 5.938228533980665080e-01
1.767241599999999968e+00 3.467692612878169878e-01 5.888711754601484438e-01 5.888711754601484438e-01
1.773284400000000094e+00 3.410449863259593650e-01 5.839905704084265015e-01 5.839905704084265015e-01
1.779323100000000046e+00 3.354538302536674288e-01 5.791837620770003969e-01 5.791837620770003969e-01
1.785365899999999950e+00 3.299967178887858732e-01 5.744534079355660960e-01 5.744534079355660960e-01
1.791404599999999903e+00 3.246717616575900411e-01 5.697997557542386904e-01 5.697997557542386904e-01
1.797447400000000028e+00 3.194809386176015176e-01 5.652264489720925100e-01 5.652264489720925100e-01
1.803486099999999981e+00 3.144213608572926644e-01 5.607328783451998033e-01 5.607328783451998033e-01
1.809528800000000048e+00 3.094930331107880184e-01 5.563209802899653500e-01 5.563209802899653500e-01
1.815571599999999952e+00 3.046920296131430117e-01 5.519891571517895335e-01 5.519891571517895335e-01
1.821610299999999905e+00 3.000174395772438607e-01 5.477384773568896303e-01 5.477384773568896303e-01
1.827653100000000030e+00 2.954641968734421642e-01 5.435661844462384984e-01 5.435661844462384984e-01
1.833691799999999983e+00 2.910304020311118012e-01 5.394723366690008515e-01 5.394723366690008515e-01
1.839734600000000109e+00 2.867129678829154482e-01 5.354558505450429662e-01 5.354558505450429662e-01
1.845773300000000061e+00 2.825099376981410892e-01 5.315166391545433910e-01 5.315166391545433910e-01
1.851816099999999965e+00 2.784181957632679838e-01 5.276534807648557424e-01 5.276534807648557424e-01
1.857858800000000032e+00 2.744326849370334886e-01 5.238632311367475980e-01 5.238632311367475980e-01
1.863897499999999985e+00 2.705523520257216985e-01 5.201464717036170526e-01 5.201464717036170526e-01
1.869940300000000111e+00 2.667710045318227863e-01 5.164987943178791507e-01 5.164987943178791507e-01
1.875979000000000063e+00 2.630865619379083031e-01 5.129196447182622354e-01 5.129196447182622354e-01
1.882021799999999967e+00 2.594948163572796118e-01 5.094063371781701877e-01 5.094063371781701877e-01
1.888060499999999919e+00 2.559926457704547187e-01 5.059571580385583411e-01 5.059571580385583411e-01
1.894103300000000045e+00 2.525758101417068802e-01 5.025692093052527287e-01 5.025692093052527287e-01
1.900146099999999949e+00 2.492401488525015085e-01 4.992395705996285349e-01 4.992395705996285349e-01
1.906184799999999901e+00 2.459834762900833804e-01 4.959672129184381495e-01 4.959672129184381495e-01
1.912227600000000027e+00 2.428005590225523480e-01 4.927479670405067735e-01 4.927479670405067735e-01
1.918266299999999980e+00 2.396892183954236477e-01 4.895806556589257785e-01 4.895806556589257785e-01
1.924309000000000047e+00 2.366442406688027966e-01 4.864609343706879918e-01 4.864609343706879918e-01
1.930347700000000000e+00 2.336624544235609835e-01 4.833864441868027662e-01 4.833864441868027662e-01
1.936390499999999903e+00 2.307406521800214050e-01 4.803547149555434381e-01 4.803547149555434381e-01
1.942429200000000078e+00 2.278757276411877419e-01 4.773633078077825220e-01 4.773633078077825220e-01
1.948471999999999982e+00 2.250624728691276999e-01 4.744074966409444483e-01 4.744074966409444483e-01
1.954514800000000108e+00 2.222988041967368100e-01 4.714857412443528295e-01 4.714857412443528295e-01
1.960553500000000060e+00 2.195816375168323231e-01 4.685953878527106542e-01 4.685953878527106542e-01
1.966596299999999964e+00 2.169088459624271548e-01 4.657347377664963761e-01 4.657347377664963761e-01
1.972634999999999916e+00 2.142794212751593097e-01 4.629032526081009458e-01 4.629032526081009458e-01
1.978677699999999984e+00 2.116923158900299584e-01 4.601003324167783903e-01 4.601003324167783903e-01
1.984716399999999936e+00 2.091445357022662932e-01 4.573232289117471483e-01 4.573232289117471483e-01
1.990759200000000062e+00 2.066350790390340531e-01 4.545713134801117605e-01 4.545713134801117605e-01
1.996801999999999966e+00 2.041640024711333934e-01 4.518451089379339480e-01 4.518451089379339480e-01
2.002840700000000140e+00 2.017273771287494688e-01 4.491407097210733390e-01 4.491407097210733390e-01
2.008883500000000044e+00 1.993252350773035697e-01 4.464585479944398472e-01 4.464585479944398472e-01
2.014922199999999997e+00 1.969547006328075944e-01 4.437957870832119345e-01 4.437957870832119345e-01
2.020964999999999900e+00 1.946168255191815244e-01 4.411539703087591358e-01 4.411539703087591358e-01
2.027003699999999853e+00 1.923077440685891093e-01 4.385290686700131779e-01 4.385290686700131779e-01
2.033046399999999920e+00 1.900275217904008884e-01 4.359214628696330696e-01 4.359214628696330696e-01
2.039085099999999873e+00 1.877742663368402176e-01 4.333292816517713697e-01 4.333292816517713697e-01
2.045127900000000221e+00 1.855480310217262063e-01 4.307528653668205032e-01 4.307528653668205032e-01
2.051170700000000124e+00 1.833468988017807055e-01 4.281902600501098499e-01 4.281902600501098499e-01
2.057209400000000077e+00 1.811699450682682233e-01 4.256406290149804539e-01 4.256406290149804539e-01
2.063252199999999981e+00 1.790161711370047981e-01 4.231030266223639313e-01 4.231030266223639313e-01
2.069290899999999933e+00 1.768846164699003354e-01 4.205765286721315777e-01 4.205765286721315777e-01
2.075333699999999837e+00 1.747752547428955416e-01 4.180613050054926561e-01 4.180613050054926561e-01
2.081372399999999789e+00 1.726880909321058255e-01 4.155575663275857257e-01 4.155575663275857257e-01
2.087415099999999857e+00 1.706230407508928515e-01 4.130654194566434900e-01 4.130654194566434900e-01
2.093457900000000205e+00 1.685790702139012276e-01 4.105838163078291969e-01 4.105838163078291969e-01
2.099496600000000157e+00 1.665570854689095992e-01 4.081140593864778787e-01 4.081140593864778787e-01
2.105539400000000061e+00 1.645559977365888826e-01 4.056550230634262677e-01 4.056550230634262677e-01
2.111578100000000013e+00 1.625767054965844838e-01 4.032080176491837364e-01 4.032080176491837364e-01
2.117620899999999917e+00 1.606180746836220197e-01 4.007718486665723945e-01 4.007718486665723945e-01
2.123659599999999870e+00 1.586800231019341589e-01 3.983466117615840352e-01 3.983466117615840352e-01
2.129702400000000218e+00 1.567624148941366702e-01 3.959323362572658711e-01 3.959323362572658711e-01
2.135741100000000170e+00 1.548651421021132180e-01 3.935290867294477524e-01 3.935290867294477524e-01
2.141783799999999793e+00 1.529891110793496489e-01 3.911382250296557839e-01 3.911382250296557839e-01
2.147826600000000141e+00 1.511332180271448000e-01 3.887585600692862187e-01 3.887585600692862187e-01
2.153865300000000094e+00 1.492994089929456369e-01 3.863928169530919665e-01 3.863928169530919665e-01
2.159908099999999997e+00 1.474855948417876650e-01 3.840385330169196476e-01 3.840385330169196476e-01
2.165946799999999950e+00 1.456927508109981118e-01 3.816971978034396362e-01 3.816971978034396362e-01
2.171989599999999854e+00 1.439208390230621581e-01 3.793690011361789405e-01 3.793690011361789405e-01
2.178028299999999806e+00 1.421708494192964189e-01 3.770554991235327558e-01 3.770554991235327558e-01
2.184071100000000154e+00 1.404417988143311924e-01 3.747556521446089861e-01 3.747556521446089861e-01
2.190113800000000222e+00 1.387336946932629655e-01 3.724697231900372385e-01 3.724697231900372385e-01
2.196152600000000010e+00 1.370465971597290278e-01 3.701980512640889454e-01 3.701980512640889454e-01
2.202195300000000078e+00 1.353815082343338694e-01 3.679422620932988885e-01 3.679422620932988885e-01
2.208234000000000030e+00 1.337375240345095029e-01 3.657014137715487445e-01 3.657014137715487445e-01
2.214276799999999934e+00 1.321156787836041124e-01 3.634772053150019944e-01 3.634772053150019944e-01
2.220315499999999886e+00 1.305140382915114805e-01 3.612672671188347229e-01 3.612672671188347229e-01
2.226358299999999790e+00 1.289346562233641136e-01 3.590747223397438015e-01 3.590747223397438015e-01
2.232401100000000138e+00 1.273775844027699167e-01 3.568999641394909328e-01 3.568999641394909328e-01
2.238439800000000091e+00 1.258418905577985136e-01 3.547420056291593626e-01 3.547420056291593626e-01
2.244482599999999994e+00 1.243276069829147845e-01 3.526012010514354422e-01 3.526012010514354422e-01
2.250521299999999947e+00 1.228357751487662020e-01 3.504793505311920576e-01 3.504793505311920576e-01
2.256564000000000014e+00 1.213663990295846401e-01 3.483768061016471185e-01 3.483768061016471185e-01
2.262602699999999967e+00 1.199195099381520496e-01 3.462939646285393414e-01 3.462939646285393414e-01
2.268645499999999871e+00 1.184950912581189952e-01 3.442311596269562179e-01 3.442311596269562179e-01
2.274684199999999823e+00 1.170931615760831823e-01 3.421887806110585628e-01 3.421887806110585628e-01
2.280727000000000171e+00 1.157146620402528525e-01 3.401685788550330436e-01 3.401685788550330436e-01
2.286769800000000075e+00 1.143576031736239507e-01 3.381680102754013317e-01 3.381680102754013317e-01
2.292808500000000027e+00 1.130249235164264704e-01 3.361917957303932614e-01 3.361917957303932614e-01
2.298851299999999931e+00 1.117145803550507188e-01 3.342373114346313123e-01 3.342373114346313123e-01
2.304889999999999883e+00 1.104265413291690145e-01 3.323048921234368902e-01 3.323048921234368902e-01
2.310932699999999951e+00 1.091607515137010265e-01 3.303948418388232278e-01 3.303948418388232278e-01
2.316971399999999903e+00 1.079171531106927207e-01 3.285074627929976399e-01 3.285074627929976399e-01
2.323014199999999807e+00 1.066947033047698362e-01 3.266415517119183876e-01 3.266415517119183876e-01
2.329057000000000155e+00 1.054933439954131996e-01 3.247973891450071093e-01 3.247973891450071093e-01
2.335095700000000107e+00 1.043120325645626040e-01 3.229737335520685981e-01 3.229737335520685981e-01
2.341138500000000011e+00 1.031497455342881425e-01 3.211693409002299715e-01 3.211693409002299715e-01
2.347177199999999964e+00 1.020084127137981522e-01 3.193875587962031748e-01 3.193875587962031748e-01
2.353219999999999867e+00 1.008850274086244142e-01 3.176240346834987571e-01 3.176240346834987571e-01
2.359258699999999820e+00 9.978056443909620599e-02 3.158806173843153320e-01 3.158806173843153320e-01
2.365301399999999887e+00 9.869498831636558389e-02 3.141575851644610173e-01 3.141575851644610173e-01
2.371340099999999840e+00 9.762630609886828459e-02 3.124520860850000803e-01 3.124520860850000803e-01
2.377382900000000188e+00 9.657450436176652497e-02 3.107643872160491538e-01 3.107643872160491538e-01
2.383425700000000091e+00 9.554038488594958356e-02 3.090960771118740347e-01 3.090960771118740347e-01
2.389464400000000044e+00 9.452215948381750832e-02 3.074445632692461849e-01 3.074445632692461849e-01
2.395507199999999948e+00 9.352043461564786553e-02 3.058111093725142116e-01 3.058111093725142116e-01
2.401545899999999900e+00 9.253403416502288537e-02 3.041940731918077456e-01 3.041940731918077456e-01
2.407588699999999804e+00 9.156317189459788064e-02 3.025940711491186264e-01 3.025940711491186264e-01
2.413627400000000200e+00 9.060687797461244863e-02 3.010097639190669749e-01 3.010097639190669749e-01
2.419670099999999824e+00 8.966497444107272841e-02 2.994411034595496623e-01 2.994411034595496623e-01
2.425712900000000172e+00 8.873728898557120548e-02 2.978880477386953163e-01 2.978880477386953163e-01
2.431751600000000124e+00 8.782325207491677166e-02 2.963498811791844822e-01 2.963498811791844822e-01
2.437794400000000028e+00 8.692308556653573215e-02 2.948272130698517124e-01 2.948272130698517124e-01
2.443833099999999980e+00 8.603621815807777073e-02 2.933193109191377101e-01 2.933193109191377101e-01
2.449875899999999884e+00 8.516326725317086010e-02 2.918274614445509063e-01 2.918274614445509063e-01
2.455914599999999837e+00 8.430325988540869619e-02 2.903502365857632550e-01 2.903502365857632550e-01
2.461957400000000185e+00 8.345620892737276586e-02 2.888878829708382834e-01 2.888878829708382834e-01
2.468000099999999808e+00 8.262252655202376173e-02 2.874413445418452229e-01 2.874413445418452229e-01
2.474038800000000204e+00 8.180202518296732228e-02 2.860105333426853358e-01 2.860105333426853358e-01
2.480081600000000108e+00 8.099430438540348998e-02 2.845949830643602629e-01 2.845949830643602629e-01
2.486120300000000061e+00 8.019916975594082453e-02 2.831945793194863281e-01 2.831945793194863281e-01
2.492163099999999964e+00 7.941681088571699021e-02 2.818098842938568382e-01 2.818098842938568382e-01
2.498201799999999917e+00 7.864682127511087029e-02 2.804404059245223513e-01 2.804404059245223513e-01
2.504244599999999821e+00 7.788918583643990312e-02 2.790863411857339438e-01 2.790863411857339438e-01
2.510283300000000217e+00 7.714428531148437296e-02 2.777486009172402404e-01 2.777486009172402404e-01
2.516326100000000121e+00 7.641149884411027604e-02 2.764262991180655993e-01 2.764262991180655993e-01
2.522368900000000025e+00 7.569140126365624111e-02 2.751207030807682474e-01 2.751207030807682474e-01
2.528407599999999977e+00 7.498356663421167079e-02 2.738312740251041544e-01 2.738312740251041544e-01
2.534450300000000045e+00 7.428796612765259377e-02 2.725581885169707785e-01 2.725581885169707785e-01
2.540488999999999997e+00 7.360477216303178138e-02 2.713019943956029856e-01 2.713019943956029856e-01
2.546531799999999901e+00 7.293355557756298069e-02 2.700621328094018336e-01 2.700621328094018336e-01
2.552570499999999853e+00 7.227489002991208111e-02 2.688398966483808161e-01 2.688398966483808161e-01
2.558613300000000201e+00 7.162815067376841760e-02 2.676343600395293398e-01 2.676343600395293398e-01
2.564656100000000105e+00 7.099351755415993226e-02 2.664460875189574307e-01 2.664460875189574307e-01
2.570694800000000058e+00 7.037097133201646038e-02 2.652752746337593837e-01 2.652752746337593837e-01
2.576737599999999961e+00 6.975990194198396221e-02 2.641209986767125151e-01 2.641209986767125151e-01
2.582776299999999914e+00 6.916049879796035138e-02 2.629838375223092495e-01 2.629838375223092495e-01
2.588818999999999981e+00 6.857196102475167365e-02 2.618624849510743924e-01 2.618624849510743924e-01
2.594857699999999934e+00 6.799409175283159523e-02 2.607567674152131976e-01 2.607567674152131976e-01
2.600900499999999838e+00 6.742669650366590883e-02 2.596665101696133404e-01 2.596665101696133404e-01
2.606939199999999790e+00 6.686998566099056074e-02 2.585923155489941450e-01 2.585923155489941450e-01
2.612982000000000138e+00 6.632297725754897344e-02 2.575324780635424582e-01 2.575324780635424582e-01
2.619024800000000042e+00 6.578549014752362034e-02 2.564868225611671160e-01 2.564868225611671160e-01
2.625063499999999994e+00 6.525794570696738517e-02 2.554563479480738697e-01 2.554563479480738697e-01
2.631106299999999898e+00 6.473956810892696201e-02 2.544397140953569281e-01 2.544397140953569281e-01
2.637144999999999850e+00 6.422998254990014422e-02 2.534363481229560122e-01 2.534363481229560122e-01
2.643187699999999918e+00 6.372941327668210643e-02 2.524468523802230191e-01 2.524468523802230191e-01
2.649226399999999870e+00 6.323728422393111448e-02 2.514702452059310867e-01 2.514702452059310867e-01
2.655269200000000218e+00 6.275361680427883615e-02 2.505067200780826120e-01 2.505067200780826120e-01
2.661312000000000122e+00 6.227783170801696327e-02 2.495552678426503634e-01 2.495552678426503634e-01
2.667350700000000074e+00 6.180974544325262138e-02 2.486156580814101180e-01 2.486156580814101180e-01
2.673393499999999978e+00 6.134976740744321755e-02 2.476888520047747788e-01 2.476888520047747788e-01
2.679432199999999931e+00 6.089670949188494276e-02 2.467725865891204351e-01 2.467725865891204351e-01
2.685474999999999834e+00 6.045077156437123761e-02 2.458673861340117672e-01 2.458673861340117672e-01
2.691513699999999787e+00 6.001195430312795259e-02 2.449733746820824398e-01 2.449733746820824398e-01
2.697556399999999854e+00 5.957965231665020289e-02 2.440894350779037880e-01 2.440894350779037880e-01
2.703599200000000202e+00 5.915365625862063076e-02 2.432152467643026450e-01 2.432152467643026450e-01
2.709637900000000155e+00 5.873375282331404212e-02 2.423504751868954810e-01 2.423504751868954810e-01
2.715680700000000058e+00 5.831972577421151022e-02 2.414947738031022195e-01 2.414947738031022195e-01
2.721719400000000011e+00 5.791175469215283783e-02 2.406486124874873123e-01 2.406486124874873123e-01
2.727762199999999915e+00 5.750942046964029053e-02 2.398112183982231693e-01 2.398112183982231693e-01
2.733800899999999867e+00 5.711210338639319262e-02 2.389813871128737000e-01 2.389813871128737000e-01
2.739843700000000215e+00 5.672037868015179091e-02 2.381604053577164037e-01 2.381604053577164037e-01
2.745882400000000167e+00 5.633382860933375952e-02 2.373474849441926660e-01 2.373474849441926660e-01
2.751925099999999791e+00 5.595223306811637765e-02 2.365422437285069346e-01 2.365422437285069346e-01
2.757967900000000139e+00 5.557497810057597520e-02 2.357434582349550167e-01 2.357434582349550167e-01
2.764006600000000091e+00 5.520284596176815856e-02 2.349528590202046574e-01 2.349528590202046574e-01
2.770049399999999995e+00 5.483522713708818136e-02 2.341692275622229980e-01 2.341692275622229980e-01
2.776088099999999947e+00 5.447191646863890069e-02 2.333921945323769731e-01 2.333921945323769731e-01
2.782130899999999851e+00 5.411270866024684573e-02 2.326213847870544360e-01 2.326213847870544360e-01
2.788169599999999804e+00 5.375740490608478528e-02 2.318564316685754190e-01 2.318564316685754190e-01
2.794212400000000152e+00 5.340620606392704889e-02 2.310978279082844256e-01 2.310978279082844256e-01
2.800255100000000219e+00 5.305872072608860263e-02 2.303447866266753741e-01 2.303447866266753741e-01
2.806293900000000008e+00 5.271535621954584472e-02 2.295982496003526607e-01 2.295982496003526607e-01
2.812336600000000075e+00 5.237492801483066562e-02 2.288556925550043197e-01 2.288556925550043197e-01
2.818375300000000028e+00 5.203824519416677674e-02 2.281189277420152539e-01 2.281189277420152539e-01
2.824418099999999932e+00 5.170472370947416102e-02 2.273867272060402511e-01 2.273867272060402511e-01
2.830456799999999884e+00 5.137438089170065503e-02 2.266591734117563983e-01 2.266591734117563983e-01
2.836499599999999788e+00 5.104683063227734297e-02 2.259354567841828088e-01 2.259354567841828088e-01
2.842538300000000184e+00 5.072268554011387376e-02 2.252169743605349772e-01 2.252169743605349772e-01
2.848581100000000088e+00 5.040076447742432991e-02 2.245011458265287474e-01 2.245011458265287474e-01
2.854623899999999992e+00 5.008167654761336990e-02 2.237893575387653877e-01 2.237893575387653877e-01
2.860662599999999944e+00 4.976483597006411269e-02 2.230803352383712856e-01 2.230803352383712856e-01
2.866705300000000012e+00 4.945084848108216580e-02 2.223754673543872906e-01 2.223754673543872906e-01
2.872743999999999964e+00 4.913852482152321344e-02 2.216721110593825039e-01 2.216721110593825039e-01
2.878786799999999868e+00 4.882866568610082225e-02 2.209720925503960987e-01 2.209720925503960987e-01
2.884825499999999820e+00 4.852067661883978367e-02 2.202740942980807859e-01 2.202740942980807859e-01
2.890868300000000168e+00 4.821415791232910864e-02 2.195772253953699737e-01 2.195772253953699737e-01
2.896911100000000072e+00 4.790970566888357041e-02 2.188828583258259075e-01 2.188828583258259075e-01
2.902949800000000025e+00 4.760631839699186463e-02 2.181887219747892237e-01 2.181887219747892237e-01
2.908992599999999928e+00 4.730419028403981541e-02 2.174952649692397655e-01 2.174952649692397655e-01
2.915031299999999881e+00 4.700331222349435345e-02 2.168024728260596889e-01 2.168024728260596889e-01
2.921073999999999948e+00 4.670327724653312862e-02 2.161094103608936501e-01 2.161094103608936501e-01
2.927112699999999901e+00 4.640427409018864358e-02 2.154165130397125427e-01 2.154165130397125427e-01
2.933155499999999805e+00 4.610589530630474636e-02 2.147228336863705456e-01 2.147228336863705456e-01
2.939198300000000152e+00 4.580793050834672947e-02 2.140278732042785459e-01 2.140278732042785459e-01
2.945237000000000105e+00 4.551036645108105794e-02 2.133315880292486200e-01 2.133315880292486200e-01
2.951279800000000009e+00 4.521299591003086205e-02 2.126334778675052772e-01 2.126334778675052772e-01
2.957318499999999961e+00 4.491620662759910482e-02 2.119344394561655520e-01 2.119344394561655520e-01
2.963361299999999865e+00 4.461958963709571763e-02 2.112334955377477841e-01 2.112334955377477841e-01
2.969399999999999817e+00 4.432293910827865557e-02 2.105301382421971845e-01 2.105301382421971845e-01
2.975442699999999885e+00 4.402664617730681768e-02 2.098252753538210336e-01 2.098252753538210336e-01
2.981481399999999837e+00 4.373030772405779587e-02 2.091179277920900692e-01 2.091179277920900692e-01
2.987524200000000185e+00 4.343431788133375604e-02 2.084090158350491162e-01 2.084090158350491162e-01
2.993567000000000089e+00 4.313767847464747285e-02 2.076961205093813823e-01 2.076961205093813823e-01
2.999605700000000041e+00 4.284118601497250572e-02 2.069811247794651199e-01 2.069811247794651199e-01
3.005648499999999945e+00 4.254484323161899367e-02 2.062640134187711249e-01 2.062640134187711249e-01
3.011687199999999898e+00 4.224785540976201681e-02 2.055428310833584404e-01 2.055428310833584404e-01
3.017729999999999801e+00 4.195062582192704559e-02 2.048185192357542816e-01 2.048185192357542816e-01
3.023768700000000198e+00 4.165375829575906214e-02 2.040925238605252323e-01 2.040925238605252323e-01
3.029811399999999821e+00 4.135606603599371878e-02 2.033619090095136750e-01 2.033619090095136750e-01
3.035854200000000169e+00 4.105815412387866375e-02 2.026281178017469986e-01 2.026281178017469986e-01
3.041892900000000122e+00 4.076062941203741768e-02 2.018926185179572563e-01 2.018926185179572563e-01
3.047935700000000026e+00 4.046250536413333737e-02 2.011529402323847249e-01 2.011529402323847249e-01
3.053974399999999978e+00 4.016498800210448888e-02 2.004120455514201149e-01 2.004120455514201149e-01
3.060017199999999882e+00 3.986669128285631053e-02 1.996664500682483467e-01 1.996664500682483467e-01
3.066055899999999834e+00 3.956881942607437530e-02 1.989191278536942831e-01 1.989191278536942831e-01
3.072098700000000182e+00 3.927118124255399301e-02 1.981695769853536182e-01 1.981695769853536182e-01
3.078137400000000135e+00 3.897358546920089845e-02 1.974172876654952391e-01 1.974172876654952391e-01
3.084180100000000202e+00 3.867643509275973945e-02 1.966632530310625793e-01 1.966632530310625793e-01
3.090222900000000106e+00 3.837933566252207246e-02 1.959064461995114470e-01 1.959064461995114470e-01
3.096261600000000058e+00 3.808268764428365122e-02 1.951478609779867812e-01 1.951478609779867812e-01
3.102304399999999962e+00 3.778669186644455918e-02 1.943879931128580651e-01 1.943879931128580651e-01
3.108343099999999914e+00 3.749094713103766352e-02 1.936257914923465440e-01 1.936257914923465440e-01
3.114385899999999818e+00 3.719604816951425919e-02 1.928627703044687169e-01 1.928627703044687169e-01
3.120424600000000215e+00 3.690179034494051741e-02 1.920983871482020433e-01 1.920983871482020433e-01
3.126467400000000119e+00 3.660816869716496808e-02 1.913326127380404751e-01 1.913326127380404751e-01
3.132510200000000022e+00 3.631537342091754189e-02 1.905659293287169376e-01 1.905659293287169376e-01
3.138548899999999975e+00 3.602359463442409565e-02 1.897988267467006773e-01 1.897988267467006773e-01
3.144591600000000042e+00 3.573242514283955784e-02 1.890302228291538544e-01 1.890302228291538544e-01
3.150630299999999995e+00 3.544305087128186288e-02 1.882632488598926235e-01 1.882632488598926235e-01
3.156673099999999899e+00 3.515406729787942663e-02 1.874941793706658699e-01 1.874941793706658699e-01
3.162711799999999851e+00 3.486665982933700308e-02 1.867261626803726760e-01 1.867261626803726760e-01
3.168754600000000199e+00 3.458042221069749372e-02 1.859581195073167492e-01 1.859581195073167492e-01
3.174797400000000103e+00 3.429554692413014361e-02 1.851905692094771294e-01 1.851905692094771294e-01
3.180836100000000055e+00 3.401222490013838112e-02 1.844240355814240895e-01 1.844240355814240895e-01
3.186878899999999959e+00 3.373045420208663214e-02 1.836585260805678743e-01 1.836585260805678743e-01
3.192917599999999911e+00 3.345023156069822784e-02 1.828940446288457589e-01 1.828940446288457589e-01
3.198960299999999979e+00 3.317135517989542454e-02 1.821300501836405350e-01 1.821300501836405350e-01
3.204998999999999931e+00 3.289402670958279512e-02 1.813671048166750621e-01 1.813671048166750621e-01
3.211041799999999835e+00 3.261844720564949229e-02 1.806057784392556265e-01 1.806057784392556265e-01
3.217080499999999788e+00 3.234402274797937987e-02 1.798444404144297626e-01 1.798444404144297626e-01
3.223123300000000135e+00 3.207135771125055324e-02 1.790847779998360201e-01 1.790847779998360201e-01
3.229166100000000039e+00 3.180025731369071768e-02 1.783262664715737078e-01 1.783262664715737078e-01
3.235204799999999992e+00 3.153053166209993097e-02 1.775683858745692734e-01 1.775683858745692734e-01
3.241247599999999895e+00 3.126278550815745488e-02 1.768128544765834032e-01 1.768128544765834032e-01
3.247286299999999848e+00 3.099623088523220660e-02 1.760574647245387592e-01 1.760574647245387592e-01
3.253328999999999915e+00 3.073107308957238187e-02 1.753028039980318864e-01 1.753028039980318864e-01
3.259367699999999868e+00 3.046811855455464069e-02 1.745511917878380947e-01 1.745511917878380947e-01
3.265410500000000216e+00 3.020597845382047564e-02 1.737986721865862616e-01 1.737986721865862616e-01
3.271453300000000119e+00 2.994605333487635954e-02 1.730492800761573857e-01 1.730492800761573857e-01
3.277492000000000072e+00 2.968735254467561036e-02 1.723001814992532466e-01 1.723001814992532466e-01
3.283534799999999976e+00 2.943047542142612771e-02 1.715531271106013056e-01 1.715531271106013056e-01
3.289573499999999928e+00 2.917542574127305124e-02 1.708081547856338533e-01 1.708081547856338533e-01
3.295616299999999832e+00 2.892140637954406998e-02 1.700629482854630337e-01 1.700629482854630337e-01
3.301654999999999784e+00 2.866941249287859039e-02 1.693204432219529432e-01 1.693204432219529432e-01
3.307697699999999852e+00 2.841864534982879720e-02 1.685783062847316660e-01 1.685783062847316660e-01
3.313736399999999804e+00 2.816970004946774825e-02 1.678383152008734447e-01 1.678383152008734447e-01
3.319779200000000152e+00 2.792237253355855583e-02 1.670998878921184649e-01 1.670998878921184649e-01
3.325822000000000056e+00 2.767645823821296772e-02 1.663624303687974149e-01 1.663624303687974149e-01
3.331860700000000008e+00 2.743254901520623609e-02 1.656277422873542460e-01 1.656277422873542460e-01
3.337903499999999912e+00 2.718964305345608970e-02 1.648928229288833813e-01 1.648928229288833813e-01
3.343942199999999865e+00 2.694872999848053896e-02 1.641606834734813669e-01 1.641606834734813669e-01
3.349985000000000213e+00 2.670900828647650160e-02 1.634289089680173446e-01 1.634289089680173446e-01
3.356023700000000165e+00 2.647106846499889740e-02 1.626993191903362002e-01 1.626993191903362002e-01
3.362066399999999788e+00 2.623470660000628077e-02 1.619713141269350787e-01 1.619713141269350787e-01
3.368109200000000136e+00 2.599951930516649842e-02 1.612436643876791198e-01 1.612436643876791198e-01
3.374147900000000089e+00 2.576649902515577156e-02 1.605194661876115647e-01 1.605194661876115647e-01
3.380190699999999993e+00 2.553424936597894351e-02 1.597943971670438279e-01 1.597943971670438279e-01
3.386229399999999945e+00 2.530396171170596828e-02 1.590721902524321330e-01 1.590721902524321330e-01
3.392272199999999849e+00 2.507464105278345637e-02 1.583497428251257333e-01 1.583497428251257333e-01
3.398310899999999801e+00 2.484708318880379449e-02 1.576295758695169247e-01 1.576295758695169247e-01
3.404353700000000149e+00 2.462089076002419927e-02 1.569104545912228255e-01 1.569104545912228255e-01
3.410392400000000102e+00 2.439586587268533988e-02 1.561917599384978483e-01 1.561917599384978483e-01
3.416435200000000005e+00 2.417241083291002055e-02 1.554747916316661926e-01 1.554747916316661926e-01
3.422477900000000073e+00 2.394992864305346345e-02 1.547576448614202127e-01 1.547576448614202127e-01
3.428516600000000025e+00 2.372922196882030349e-02 1.540429224885723203e-01 1.540429224885723203e-01
3.434559399999999929e+00 2.350949665379083175e-02 1.533280687082141380e-01 1.533280687082141380e-01
3.440598099999999882e+00 2.329095593075846890e-02 1.526137475156103540e-01 1.526137475156103540e-01
3.446640899999999785e+00 2.307360412287881232e-02 1.518999806546360576e-01 1.518999806546360576e-01
3.452679600000000182e+00 2.285784383125840508e-02 1.511881074398988833e-01 1.511881074398988833e-01
3.458722400000000086e+00 2.264288191470713307e-02 1.504755193202772512e-01 1.504755193202772512e-01
3.464765199999999989e+00 2.242971953948549174e-02 1.497655485733801473e-01 1.497655485733801473e-01
3.470803899999999942e+00 2.221736138871271971e-02 1.490548938770972498e-01 1.490548938770972498e-01
3.476846600000000009e+00 2.200601178666146060e-02 1.483442340863353470e-01 1.483442340863353470e-01
3.482885299999999962e+00 2.179626985382163498e-02 1.476355981930565220e-01 1.476355981930565220e-01
3.488928099999999866e+00 2.158753963112637272e-02 1.469269874159487843e-01 1.469269874159487843e-01
3.494966799999999818e+00 2.138002140361152173e-02 1.462190870017027744e-01 1.462190870017027744e-01
3.501009600000000166e+00 2.117431395611472228e-02 1.455139648147720510e-01 1.455139648147720510e-01
3.507052400000000070e+00 2.096922122217130535e-02 1.448075316486380215e-01 1.448075316486380215e-01
3.513091100000000022e+00 2.076574000281612362e-02 1.441032268993866772e-01 1.441032268993866772e-01
3.519133899999999926e+00 2.056307012485329017e-02 1.433982919174886517e-01 1.433982919174886517e-01
3.525172599999999878e+00 2.036161015076751526e-02 1.426941139317509377e-01 1.426941139317509377e-01
3.531215299999999946e+00 2.016215456779546500e-02 1.419935018505968927e-01 1.419935018505968927e-01
3.537253999999999898e+00 1.996310574660510248e-02 1.412908551414602532e-01 1.412908551414602532e-01
3.543296799999999802e+00 1.976545780501001714e-02 1.405896788708545786e-01 1.405896788708545786e-01
3.549335500000000199e+00 1.956900783633360244e-02 1.398892699113609694e-01 1.398892699113609694e-01
3.555378300000000102e+00 1.937395229575121849e-02 1.391903455551110336e-01 1.391903455551110336e-01
3.561421100000000006e+00 1.917968959781903363e-02 1.384907563623617166e-01 1.384907563623617166e-01
3.567459799999999959e+00 1.898681529375586402e-02 1.377926532648089397e-01 1.377926532648089397e-01
3.573502599999999862e+00 1.879532470627117216e-02 1.370960419059251145e-01 1.370960419059251145e-01
3.579541299999999815e+00 1.860481789360187918e-02 1.363994790811236257e-01 1.363994790811236257e-01
3.585583999999999882e+00 1.841588884520072023e-02 1.357051540848788762e-01 1.357051540848788762e-01
3.591622699999999835e+00 1.822833782939464048e-02 1.350123617651163010e-01 1.350123617651163010e-01
3.597665500000000183e+00 1.804156459209613900e-02 1.343188914192495198e-01 1.343188914192495198e-01
3.603708300000000087e+00 1.785656483550801185e-02 1.336284581797904658e-01 1.336284581797904658e-01
3.609747000000000039e+00 1.767293936652501729e-02 1.329396079673962894e-01 1.329396079673962894e-01
3.615789799999999943e+00 1.749068972576231853e-02 1.322523713426807246e-01 1.322523713426807246e-01
3.621828499999999895e+00 1.730981454656014412e-02 1.315667683974952040e-01 1.315667683974952040e-01
3.627871299999999799e+00 1.713011711377522561e-02 1.308820733094308297e-01 1.308820733094308297e-01
3.633910000000000196e+00 1.695239768997478316e-02 1.302013736101688968e-01 1.302013736101688968e-01
3.639952699999999819e+00 1.677625811862782507e-02 1.295231952919160545e-01 1.295231952919160545e-01
3.645991400000000215e+00 1.660110486285472364e-02 1.288452748953360927e-01 1.288452748953360927e-01
3.652034200000000119e+00 1.642813636865554650e-02 1.281722917352090818e-01 1.281722917352090818e-01
3.658077000000000023e+00 1.625655821117849911e-02 1.275012086655593069e-01 1.275012086655593069e-01
3.664115699999999975e+00 1.608637352061767500e-02 1.268320681871019373e-01 1.268320681871019373e-01
3.670158499999999879e+00 1.591798429837002968e-02 1.261664943571391695e-01 1.261664943571391695e-01
3.676197199999999832e+00 1.575159270614097731e-02 1.255053493128518993e-01 1.255053493128518993e-01
3.682240000000000180e+00 1.558660332599792926e-02 1.248463188323866019e-01 1.248463188323866019e-01
3.688278700000000132e+00 1.542341797840406786e-02 1.241910543413013573e-01 1.241910543413013573e-01
3.694321400000000200e+00 1.526163777578752774e-02 1.235380013428561546e-01 1.235380013428561546e-01
3.700364200000000103e+00 1.510226278781864537e-02 1.228912640825972069e-01 1.228912640825972069e-01
3.706402900000000056e+00 1.494429557730441588e-02 1.222468632616167256e-01 1.222468632616167256e-01
3.712445699999999960e+00 1.478853297963922397e-02 1.216081123101548089e-01 1.216081123101548089e-01
3.718484399999999912e+00 1.463437804501761461e-02 1.209726334549166282e-01 1.209726334549166282e-01
3.724527199999999816e+00 1.448202834936502224e-02 1.203412994335902181e-01 1.203412994335902181e-01
3.730565900000000212e+00 1.433168146873508957e-02 1.197150010179805768e-01 1.197150010179805768e-01
3.736608700000000116e+00 1.418273748602958545e-02 1.190912989518108506e-01 1.190912989518108506e-01
3.742651500000000020e+00 1.403639039039955398e-02 1.184752733290772159e-01 1.184752733290772159e-01
3.748690199999999972e+00 1.389144201576021469e-02 1.178619616999488778e-01 1.178619616999488778e-01
3.754732900000000040e+00 1.374888505106745297e-02 1.172556397409841161e-01 1.172556397409841161e-01
3.760771599999999992e+00 1.360811924161392517e-02 1.166538436641241794e-01 1.166538436641241794e-01
3.766814399999999896e+00 1.346914325602362010e-02 1.160566381385555179e-01 1.160566381385555179e-01
3.772853099999999849e+00 1.333235219685987780e-02 1.154658053142136043e-01 1.154658053142136043e-01
3.778895900000000196e+00 1.319714491230536760e-02 1.148788270844778719e-01 1.148788270844778719e-01
3.784934600000000149e+00 1.306372071144618237e-02 1.142966347336883820e-01 1.142966347336883820e-01
3.790977400000000053e+00 1.293227689243002868e-02 1.137201692420039822e-01 1.137201692420039822e-01
3.797020199999999956e+00 1.280261292943528015e-02 1.131486320263540846e-01 1.131486320263540846e-01
3.803058899999999909e+00 1.267512712758834224e-02 1.125838670840025035e-01 1.125838670840025035e-01
3.809101599999999976e+00 1.254922139367104991e-02 1.120233073680252101e-01 1.120233073680252101e-01
3.815140299999999929e+00 1.242529489760399279e-02 1.114688068367289536e-01 1.114688068367289536e-01
3.821183099999999833e+00 1.230314928724432488e-02 1.109195622387878222e-01 1.109195622387878222e-01
3.827221799999999785e+00 1.218278569706004490e-02 1.103756571761185246e-01 1.103756571761185246e-01
3.833264600000000133e+00 1.206420689109050613e-02 1.098371835540701835e-01 1.098371835540701835e-01
3.839307400000000037e+00 1.194741267016451516e-02 1.093042207335312155e-01 1.093042207335312155e-01
3.845346099999999989e+00 1.183260647398810990e-02 1.087777848367400269e-01 1.087777848367400269e-01
3.851388899999999893e+00 1.171919019115526088e-02 1.082552086098182154e-01 1.082552086098182154e-01
3.857427599999999845e+00 1.160816513191509185e-02 1.077411951479799179e-01 1.077411951479799179e-01
3.863470299999999913e+00 1.149873465817860888e-02 1.072321530986793531e-01 1.072321530986793531e-01
3.869508999999999865e+00 1.139070015303448279e-02 1.067272231112310066e-01 1.067272231112310066e-01
3.875551800000000213e+00 1.128486329763511188e-02 1.062302372097281566e-01 1.062302372097281566e-01
3.881590500000000166e+00 1.118042664574297670e-02 1.057375365976670339e-01 1.057375365976670339e-01
3.887633300000000069e+00 1.107818937621576905e-02 1.052529779921488468e-01 1.052529779921488468e-01
3.893676099999999973e+00 1.097755395314785158e-02 1.047738228430548924e-01 1.047738228430548924e-01
3.899714799999999926e+00 1.087872034832989762e-02 1.043011042526870713e-01 1.043011042526870713e-01
3.905757599999999830e+00 1.078148949246534108e-02 1.038339515402613433e-01 1.038339515402613433e-01
3.911796299999999782e+00 1.068606064139687901e-02 1.033734039363940066e-01 1.033734039363940066e-01
3.917838999999999849e+00 1.059243360604626184e-02 1.029195491927858280e-01 1.029195491927858280e-01
3.923877699999999802e+00 1.050040912133737118e-02 1.024715039478652917e-01 1.024715039478652917e-01
3.929920500000000150e+00 1.041018400121117640e-02 1.020303092282444091e-01 1.020303092282444091e-01
3.935963300000000054e+00 1.032155963491843999e-02 1.015950768242164376e-01 1.015950768242164376e-01
3.942002000000000006e+00 1.023493171051851128e-02 1.011678393093304734e-01 1.011678393093304734e-01
3.948044799999999910e+00 1.014950221273576945e-02 1.007447378910470426e-01 1.007447378910470426e-01
3.954083499999999862e+00 1.006606854981613453e-02 1.003297989124673495e-01 1.003297989124673495e-01
3.960126300000000210e+00 9.984429123094369293e-03 9.992211528532794762e-02 9.992211528532794762e-02
3.966165000000000163e+00 9.903983244942356212e-03 9.951875825663399067e-02 9.951875825663399067e-02
3.972207699999999786e+00 9.825528984372756958e-03 9.912380634526075929e-02 9.912380634526075929e-02
3.978246500000000019e+00 9.748466146133628538e-03 9.873432101419256368e-02 9.873432101419256368e-02
3.984289200000000086e+00 9.672993552256727717e-03 9.835137798860130176e-02 9.835137798860130176e-02
3.990331999999999990e+00 9.598910798847498996e-03 9.797403124730297286e-02 9.797403124730297286e-02
3.996370699999999943e+00 9.526017560602513534e-03 9.760131946138081438e-02 9.760131946138081438e-02
4.002413500000000290e+00 9.454912122344609482e-03 9.723637242485247412e-02 9.723637242485247412e-02
4.008452199999999799e+00 9.384995654735397985e-03 9.687618724297214490e-02 9.687618724297214490e-02
4.014495000000000147e+00 9.315869146592999084e-03 9.651875023327331771e-02 9.651875023327331771e-02
4.020533699999999655e+00 9.248929261322568970e-03 9.617135364193730995e-02 9.617135364193730995e-02
4.026576500000000003e+00 9.182779962426784390e-03 9.582682277121987169e-02 9.582682277121987169e-02
4.032619200000000070e+00 9.117820656137597818e-03 9.548728007508433535e-02 9.548728007508433535e-02
4.038657899999999579e+00 9.053852562750973679e-03 9.515173441798617515e-02 9.515173441798617515e-02
4.044700699999999927e+00 8.991076052879144395e-03 9.482128480926181602e-02 9.482128480926181602e-02
4.050739400000000323e+00 8.929691503107833189e-03 9.449704494378559361e-02 9.449704494378559361e-02
4.056782199999999783e+00 8.869101556370348124e-03 9.417590751551241368e-02 9.417590751551241368e-02
4.062820900000000179e+00 8.809506637467261203e-03 9.385897206696471040e-02 9.385897206696471040e-02
4.068863699999999639e+00 8.751107490804831829e-03 9.354735426940107013e-02 9.354735426940107013e-02
4.074902400000000036e+00 8.693705606752795065e-03 9.324004293624491013e-02 9.324004293624491013e-02
4.080932899999999641e+00 8.636703498561918227e-03 9.293386626285338181e-02 9.293386626285338181e-02
4.087004199999999976e+00 8.580900787412302708e-03 9.263315166511557064e-02 9.263315166511557064e-02
4.093034799999999862e+00 8.525898371945242471e-03 9.233579139177419681e-02 9.233579139177419681e-02
4.099065300000000356e+00 8.471697593228771916e-03 9.204182523846847486e-02 9.204182523846847486e-02
4.105095900000000242e+00 8.418698080498046230e-03 9.175346358856457940e-02 9.175346358856457940e-02
4.111167199999999688e+00 8.365703624642589764e-03 9.146422046156950370e-02 9.146422046156950370e-02
4.117197700000000182e+00 8.313910625231939883e-03 9.118064830451656777e-02 9.118064830451656777e-02
4.123228300000000068e+00 8.262521643056314896e-03 9.089841386435912329e-02 9.089841386435912329e-02
4.129258899999999954e+00 8.212135119292458471e-03 9.062083159678274713e-02 9.062083159678274713e-02
4.135330200000000289e+00 8.161953167769294554e-03 9.034352864355750523e-02 9.034352864355750523e-02
4.141360699999999895e+00 8.112572804855260750e-03 9.006982183203905701e-02 9.006982183203905701e-02
4.147391299999999781e+00 8.063594649698069966e-03 8.979752028702167599e-02 8.979752028702167599e-02
4.153421800000000275e+00 8.015017964914565932e-03 8.952663271292272962e-02 8.952663271292272962e-02
4.159493099999999721e+00 7.967241851360055277e-03 8.925940763505019193e-02 8.925940763505019193e-02
4.165523699999999607e+00 7.919465255325441877e-03 8.899137742121672467e-02 8.899137742121672467e-02
4.171554200000000101e+00 7.872685731230443310e-03 8.872815636104720849e-02 8.872815636104720849e-02
4.177584799999999987e+00 7.825904298422323158e-03 8.846414131399413239e-02 8.846414131399413239e-02
4.183656100000000322e+00 7.779320305405372157e-03 8.820045524488732969e-02 8.820045524488732969e-02
4.189686599999999927e+00 7.733529662797986905e-03 8.794048932544090702e-02 8.794048932544090702e-02
4.195717199999999814e+00 7.687734122655763037e-03 8.767972469536935987e-02 8.767972469536935987e-02
4.201747700000000307e+00 7.642531546276317735e-03 8.742157368908613779e-02 8.742157368908613779e-02
4.207818999999999754e+00 7.597323202169927944e-03 8.716262503028421316e-02 8.716262503028421316e-02
4.213849599999999640e+00 7.552905688355814572e-03 8.690745473407798793e-02 8.690745473407798793e-02
4.219880200000000414e+00 7.508680710930948875e-03 8.665264399273081564e-02 8.665264399273081564e-02
4.225910700000000020e+00 7.465047571555917874e-03 8.640050677835123261e-02 8.640050677835123261e-02
4.231982000000000355e+00 7.421807185536425516e-03 8.614991111740293028e-02 8.614991111740293028e-02
4.238012600000000241e+00 7.378959204158833107e-03 8.590086847150518734e-02 8.590086847150518734e-02
4.244043099999999846e+00 7.336504681200637333e-03 8.565339853853223828e-02 8.565339853853223828e-02
4.250073699999999732e+00 7.294444424648312796e-03 8.540751971956750399e-02 8.540751971956750399e-02
4.256145000000000067e+00 7.252979337397279062e-03 8.516442530421536317e-02 8.516442530421536317e-02
4.262175499999999673e+00 7.211710527784130284e-03 8.492179065342493616e-02 8.492179065342493616e-02
4.268206099999999559e+00 7.171038792808379948e-03 8.468198623561200289e-02 8.468198623561200289e-02
4.274277399999999894e+00 7.130765779440715810e-03 8.444386170374205969e-02 8.444386170374205969e-02
4.280307900000000387e+00 7.091291352549542078e-03 8.420980556057318378e-02 8.420980556057318378e-02
4.286338500000000273e+00 7.052217557536724635e-03 8.397748244343078428e-02 8.397748244343078428e-02
4.292368999999999879e+00 7.013345705611460576e-03 8.374572052117923437e-02 8.374572052117923437e-02
4.298440300000000214e+00 6.975076223679028617e-03 8.351692178043339243e-02 8.351692178043339243e-02
4.304470900000000100e+00 6.937608690719146431e-03 8.329230871286463778e-02 8.329230871286463778e-02
4.310501499999999986e+00 6.900544496618857791e-03 8.306951604902280961e-02 8.306951604902280961e-02
4.316531999999999591e+00 6.863884088865275165e-03 8.284856117558876687e-02 8.284856117558876687e-02
4.322603299999999926e+00 6.828027197695808910e-03 8.263187761206815252e-02 8.263187761206815252e-02
4.328633899999999812e+00 6.792373775019229336e-03 8.241585875921714210e-02 8.241585875921714210e-02
4.334664400000000306e+00 6.757722490913734871e-03 8.220536777433536113e-02 8.220536777433536113e-02
4.340695000000000192e+00 6.723274329146693845e-03 8.199557505833283966e-02 8.199557505833283966e-02
4.346766299999999639e+00 6.689428529228757907e-03 8.178892669077371391e-02 8.178892669077371391e-02
4.352796800000000133e+00 6.656183172842124705e-03 8.158543480819431537e-02 8.158543480819431537e-02
4.358827400000000019e+00 6.623737567251458680e-03 8.138634754829250639e-02 8.138634754829250639e-02
4.364857899999999624e+00 6.591891072774806910e-03 8.119046171056552852e-02 8.119046171056552852e-02
4.370929199999999959e+00 6.560244334748266230e-03 8.099533526536122074e-02 8.099533526536122074e-02
4.376959799999999845e+00 6.529593625447897669e-03 8.080590093209713554e-02 8.080590093209713554e-02
4.382990300000000339e+00 6.499539570519709090e-03 8.061972196999757367e-02 8.061972196999757367e-02
4.389020900000000225e+00 6.469881560515697468e-03 8.043557397393082120e-02 8.043557397393082120e-02
4.395092199999999671e+00 6.441218695849311622e-03 8.025720338916196572e-02 8.025720338916196572e-02
4.401122799999999557e+00 6.412950101446088236e-03 8.008089723177487518e-02 8.008089723177487518e-02
4.407153300000000051e+00 6.385475530711428628e-03 7.990917050446355585e-02 7.990917050446355585e-02
4.413183899999999937e+00 6.358994342718593713e-03 7.974330280793863468e-02 7.974330280793863468e-02
4.419255200000000272e+00 6.332508603373673654e-03 7.957706078621949730e-02 7.957706078621949730e-02
4.425285699999999878e+00 6.307015790256777568e-03 7.941672235906477306e-02 7.941672235906477306e-02
4.431316299999999764e+00 6.282117399970785915e-03 7.925980948734853704e-02 7.925980948734853704e-02
4.437346800000000258e+00 6.257813599358627056e-03 7.910634361009631632e-02 7.910634361009631632e-02
4.443418099999999704e+00 6.233905745666710324e-03 7.895508688910873873e-02 7.895508688910873873e-02
4.449448699999999590e+00 6.210792847042266758e-03 7.880858358733690283e-02 7.880858358733690283e-02
4.455479200000000084e+00 6.188076767759287389e-03 7.866432970387078616e-02 7.866432970387078616e-02
4.461509799999999970e+00 6.166357141555693297e-03 7.852615577981449102e-02 7.852615577981449102e-02
4.467581100000000305e+00 6.144636583531143739e-03 7.838773235354587476e-02 7.838773235354587476e-02
4.473611599999999910e+00 6.123713927388575902e-03 7.825416236462170994e-02 7.825416236462170994e-02
4.479642199999999796e+00 6.102991123513311009e-03 7.812164311836580777e-02 7.812164311836580777e-02
4.485672700000000290e+00 6.082868285490875687e-03 7.799274508241696435e-02 7.799274508241696435e-02
4.491743999999999737e+00 6.063346132159563515e-03 7.786749085568099582e-02 7.786749085568099582e-02
4.497774599999999623e+00 6.044025358433101520e-03 7.774332999320972271e-02 7.774332999320972271e-02
4.503805200000000397e+00 6.025505570718399199e-03 7.762413008026820826e-02 7.762413008026820826e-02
4.509876499999999844e+00 6.006789216904934343e-03 7.750347874066643161e-02 7.750347874066643161e-02
4.515907000000000338e+00 5.989073834270155702e-03 7.738910668996093478e-02 7.738910668996093478e-02
4.521937600000000224e+00 5.971161734505897080e-03 7.727329250462863786e-02 7.727329250462863786e-02
4.527968099999999829e+00 5.954051306563675622e-03 7.716249935404941029e-02 7.716249935404941029e-02
4.534039400000000164e+00 5.936944331731300838e-03 7.705156930089938905e-02 7.705156930089938905e-02
4.540070000000000050e+00 5.920039302228521060e-03 7.694179164945745553e-02 7.694179164945745553e-02
4.546100499999999656e+00 5.903536183694029632e-03 7.683447262586000359e-02 7.683447262586000359e-02
4.552131100000000430e+00 5.887434423089535178e-03 7.672961894268429117e-02 7.672961894268429117e-02
4.558202399999999876e+00 5.871334796202032878e-03 7.662463570028919813e-02 7.662463570028919813e-02
4.564232900000000370e+00 5.855834910680059874e-03 7.652342720160970613e-02 7.652342720160970613e-02
4.570263500000000256e+00 5.840535437241854699e-03 7.642339587614420393e-02 7.642339587614420393e-02
4.576293999999999862e+00 5.825036181423964843e-03 7.632192464439012392e-02 7.632192464439012392e-02
4.582365300000000197e+00 5.809936466187963153e-03 7.622293923870925025e-02 7.622293923870925025e-02
4.588395900000000083e+00 5.795034748579001860e-03 7.612512560632660186e-02 7.612512560632660186e-02
4.594426499999999969e+00 5.780131502084565748e-03 7.602717607595697868e-02 7.602717607595697868e-02
4.600456999999999574e+00 5.765625484619871059e-03 7.593171593359306082e-02 7.593171593359306082e-02
4.606528299999999909e+00 5.750917744272584890e-03 7.583480562560034055e-02 7.583480562560034055e-02
4.612558899999999795e+00 5.736406183679937029e-03 7.573906642994708560e-02 7.573906642994708560e-02
4.618589400000000289e+00 5.721691727726708858e-03 7.564186491438923410e-02 7.564186491438923410e-02
4.624620000000000175e+00 5.706973800193440756e-03 7.554451535481210289e-02 7.554451535481210289e-02
4.630691299999999622e+00 5.693051646154926627e-03 7.545231372300605088e-02 7.545231372300605088e-02
4.636721800000000115e+00 5.678326417556300333e-03 7.535467084100561097e-02 7.535467084100561097e-02
4.642752400000000002e+00 5.664197023238841562e-03 7.526085983589904382e-02 7.526085983589904382e-02
4.648782899999999607e+00 5.649664835167549255e-03 7.516425237549795302e-02 7.516425237549795302e-02
4.654854199999999942e+00 5.635129945657324155e-03 7.506750259371443301e-02 7.506750259371443301e-02
4.660884799999999828e+00 5.620791860287052515e-03 7.497194048633830377e-02 7.497194048633830377e-02
4.666915300000000322e+00 5.606251867853919400e-03 7.487490813252406507e-02 7.487490813252406507e-02
4.672945900000000208e+00 5.591510494156759839e-03 7.477640332455660899e-02 7.477640332455660899e-02
4.679017199999999654e+00 5.576768332770896085e-03 7.467776330857062161e-02 7.467776330857062161e-02
4.685047800000000429e+00 5.562225210908642616e-03 7.458032723787581808e-02 7.458032723787581808e-02
4.691078300000000034e+00 5.547282740338210609e-03 7.448008284325555173e-02 7.448008284325555173e-02
4.697108899999999920e+00 5.532740550472197739e-03 7.438239408940934549e-02 7.438239408940934549e-02
4.703180200000000255e+00 5.517800456539542070e-03 7.428189857926049966e-02 7.428189857926049966e-02
4.709210699999999861e+00 5.503461203891333794e-03 7.418531663268233822e-02 7.418531663268233822e-02
4.715241299999999747e+00 5.488924459352244670e-03 7.408727596120837089e-02 7.408727596120837089e-02
4.721271800000000241e+00 5.474190555128574491e-03 7.398777301100888104e-02 7.398777301100888104e-02
4.727343099999999687e+00 5.459459851030960820e-03 7.388815771847989655e-02 7.388815771847989655e-02
4.733373699999999573e+00 5.445331171625040004e-03 7.379248723023937306e-02 7.379248723023937306e-02
4.739404200000000067e+00 5.430406265704373903e-03 7.369129029745899451e-02 7.369129029745899451e-02
4.745475500000000402e+00 5.415884154755846308e-03 7.359269090579476091e-02 7.359269090579476091e-02
4.751506100000000288e+00 5.401763777021855242e-03 7.349669228626452833e-02 7.349669228626452833e-02
4.757536599999999893e+00 5.387046396406480926e-03 7.339650125453174578e-02 7.339650125453174578e-02
4.763567199999999779e+00 5.372730249617361543e-03 7.329891028942628339e-02 7.329891028942628339e-02
4.769638500000000114e+00 5.358615606236205066e-03 7.320256557140743248e-02 7.320256557140743248e-02
4.775669100000000000e+00 5.344301455793671121e-03 7.310472936680410816e-02 7.310472936680410816e-02
4.781699599999999606e+00 5.330786371740914645e-03 7.301223439767416667e-02 7.301223439767416667e-02
4.787730200000000380e+00 5.316871182283896234e-03 7.291687858297210556e-02 7.291687858297210556e-02
4.793801499999999827e+00 5.302955085670936312e-03 7.282139167628517984e-02 7.282139167628517984e-02
4.799832000000000320e+00 5.289036737088238967e-03 7.272576391546697883e-02 7.272576391546697883e-02
4.805862600000000207e+00 5.275515568664783383e-03 7.263274446601053480e-02 7.263274446601053480e-02
4.811893099999999812e+00 5.261991423789631576e-03 7.253958521931064274e-02 7.253958521931064274e-02
4.817964400000000147e+00 5.248464530036354644e-03 7.244628720670476252e-02 7.244628720670476252e-02
4.823995000000000033e+00 5.235533047374435651e-03 7.235698340432963893e-02 7.235698340432963893e-02
4.830025499999999639e+00 5.222198428135018701e-03 7.226477999783172124e-02 7.226477999783172124e-02
4.836056100000000413e+00 5.209259798493772776e-03 7.217520210220247645e-02 7.217520210220247645e-02
4.842127399999999859e+00 5.196118144854342501e-03 7.208410466152952167e-02 7.208410466152952167e-02
4.848157900000000353e+00 5.183372420380038398e-03 7.199564167628508260e-02 7.199564167628508260e-02
4.854188500000000239e+00 5.171023498619739533e-03 7.190982894305714135e-02 7.190982894305714135e-02
4.860218999999999845e+00 5.158472268341933627e-03 7.182250530538414335e-02 7.182250530538414335e-02
4.866290300000000180e+00 5.146318925987891819e-03 7.173784862949189600e-02 7.173784862949189600e-02
4.872320900000000066e+00 5.134163922204948438e-03 7.165308033996130310e-02 7.165308033996130310e-02
4.878351499999999952e+00 5.122407738461184391e-03 7.157099788644269434e-02 7.157099788644269434e-02
4.884381999999999557e+00 5.110451513786706985e-03 7.148742206700915702e-02 7.148742206700915702e-02
4.890453299999999892e+00 5.099295182564624225e-03 7.140934940583497370e-02 7.140934940583497370e-02
4.896483899999999778e+00 5.087739902440007247e-03 7.132839478384472853e-02 7.132839478384472853e-02
4.902514400000000272e+00 5.076585691254702562e-03 7.125016274546117079e-02 7.125016274546117079e-02
4.908545000000000158e+00 5.065833078831605794e-03 7.117466599030589092e-02 7.117466599030589092e-02
4.914616299999999605e+00 5.054882999797717831e-03 7.109770038332968722e-02 7.109770038332968722e-02
4.920646800000000098e+00 5.044734398470195579e-03 7.102629371204860487e-02 7.102629371204860487e-02
4.926677399999999984e+00 5.034388530408219833e-03 7.095342507876713223e-02 7.095342507876713223e-02
4.932707899999999590e+00 5.024245190773950556e-03 7.088191018005898791e-02 7.088191018005898791e-02
4.938779199999999925e+00 5.014304469493049282e-03 7.081175375241774428e-02 7.081175375241774428e-02
4.944809799999999811e+00 5.004565614273604954e-03 7.074295452038743826e-02 7.074295452038743826e-02
4.950840300000000305e+00 4.995028811251666853e-03 7.067551776429845112e-02 7.067551776429845112e-02
4.956870900000000191e+00 4.985493694237126683e-03 7.060802853951614333e-02 7.060802853951614333e-02
4.962942199999999637e+00 4.976759859580100545e-03 7.054615410906607542e-02 7.054615410906607542e-02
4.968972800000000412e+00 4.967626802922477797e-03 7.048139331002528651e-02 7.048139331002528651e-02
4.975003300000000017e+00 4.958694190274652407e-03 7.041799621030588041e-02 7.041799621030588041e-02
4.981074600000000352e+00 4.949761908743790725e-03 7.035454433612509106e-02 7.035454433612509106e-02
4.987105200000000238e+00 4.941628282525295686e-03 7.029671601522574642e-02 7.029671601522574642e-02
4.993135699999999844e+00 4.933093944910814030e-03 7.023598753424638297e-02 7.023598753424638297e-02
4.999166299999999730e+00 4.924558387124397529e-03 7.017519780609383917e-02 7.017519780609383917e-02
5.005237600000000064e+00 4.916221379953022302e-03 7.011577126405316163e-02 7.011577126405316163e-02
5.011268099999999670e+00 4.908681343242048307e-03 7.006198215324804801e-02 7.006198215324804801e-02
5.017298699999999556e+00 4.900339706406763897e-03 7.000242643227992667e-02 7.000242643227992667e-02
5.023329200000000050e+00 4.892595258708376353e-03 6.994708899381285594e-02 6.994708899381285594e-02
5.029400500000000385e+00 4.884648750625303348e-03 6.989026220172094017e-02 6.989026220172094017e-02
5.035431100000000271e+00 4.877298897276637936e-03 6.983766102381033791e-02 6.983766102381033791e-02
5.041461599999999876e+00 4.869746796179255655e-03 6.978357110509074424e-02 6.978357110509074424e-02
5.047492199999999762e+00 4.862392218763162202e-03 6.973085557171346260e-02 6.973085557171346260e-02
5.053563500000000097e+00 4.854835852178745158e-03 6.967665213095951271e-02 6.967665213095951271e-02
5.059594099999999983e+00 4.847477169958380912e-03 6.962382616574860905e-02 6.962382616574860905e-02
5.065624599999999589e+00 4.840316735522683447e-03 6.957238486298053526e-02 6.957238486298053526e-02
5.071655200000000363e+00 4.833154899225452009e-03 6.952089541443962073e-02 6.952089541443962073e-02
5.077726499999999810e+00 4.825992439477187583e-03 6.946936331561695543e-02 6.946936331561695543e-02
5.083757000000000303e+00 4.819029067832514626e-03 6.941922693197119520e-02 6.941922693197119520e-02
5.089787600000000189e+00 4.811665735213821807e-03 6.936617140374565227e-02 6.936617140374565227e-02
5.095818099999999795e+00 4.804702363918930685e-03 6.931596038373075142e-02 6.931596038373075142e-02
5.101889400000000130e+00 4.797739773488427471e-03 6.926571860226693467e-02 6.926571860226693467e-02
5.107920000000000016e+00 4.791177633065487815e-03 6.921833307054922613e-02 6.921833307054922613e-02
5.113950499999999622e+00 4.784216904841559308e-03 6.916803383674831329e-02 6.916803383674831329e-02
5.119981100000000396e+00 4.777057735868636343e-03 6.911626245586950656e-02 6.911626245586950656e-02
5.126052399999999842e+00 4.769900496060832697e-03 6.906446623308423738e-02 6.906446623308423738e-02
5.132082900000000336e+00 4.763344507570823998e-03 6.901698709427139811e-02 6.901698709427139811e-02
5.138113500000000222e+00 4.756590537145646315e-03 6.896803996885547683e-02 6.896803996885547683e-02
5.144143999999999828e+00 4.749638605762190012e-03 6.891762188121547394e-02 6.891762188121547394e-02
5.150215300000000163e+00 4.742688896275461079e-03 6.886718301393966735e-02 6.886718301393966735e-02
5.156245900000000049e+00 4.735540765090195947e-03 6.881526549458481801e-02 6.881526549458481801e-02
5.162276499999999935e+00 4.728794068982859061e-03 6.876622767742068820e-02 6.876622767742068820e-02
5.168307000000000428e+00 4.721648949771953090e-03 6.871425579726489485e-02 6.871425579726489485e-02
5.174378299999999875e+00 4.714505397246453525e-03 6.866225598716119150e-02 6.866225598716119150e-02
5.180408899999999761e+00 4.707562077194138439e-03 6.861167595383557694e-02 6.861167595383557694e-02
5.186439400000000255e+00 4.700419247864302819e-03 6.855960361513405155e-02 6.855960361513405155e-02
5.192470000000000141e+00 4.693276430024508755e-03 6.850749178027545905e-02 6.850749178027545905e-02
5.198541299999999588e+00 4.686333501177392113e-03 6.845680025517839051e-02 6.845680025517839051e-02
5.204571800000000081e+00 4.678789632925793411e-03 6.840167858266194001e-02 6.840167858266194001e-02
5.210602399999999967e+00 4.671644412338651041e-03 6.834942876380643850e-02 6.834942876380643850e-02
5.216673700000000302e+00 4.664098112279929480e-03 6.829420262569824152e-02 6.829420262569824152e-02
5.222704199999999908e+00 4.656949531715418727e-03 6.824184589909199072e-02 6.824184589909199072e-02
5.228734799999999794e+00 4.649598768260009875e-03 6.818796644760723169e-02 6.818796644760723169e-02
5.234765300000000288e+00 4.642445580259111845e-03 6.813549427617819620e-02 6.813549427617819620e-02
5.240836599999999734e+00 4.634890313164300064e-03 6.808002873944972444e-02 6.808002873944972444e-02
5.246867199999999620e+00 4.627732087544735202e-03 6.802743628525725894e-02 6.802743628525725894e-02
5.252897800000000395e+00 4.620371520912716461e-03 6.797331477067097838e-02 6.797331477067097838e-02
5.258928300000000000e+00 4.612808523651861815e-03 6.791765988056318315e-02 6.791765988056318315e-02
5.264999600000000335e+00 4.605643429873679598e-03 6.786489099581373419e-02 6.786489099581373419e-02
5.271030200000000221e+00 4.598676131528864515e-03 6.781353944109438925e-02 6.781353944109438925e-02
5.277060699999999827e+00 4.591507303480677968e-03 6.776066191737413480e-02 6.776066191737413480e-02
5.283091299999999713e+00 4.584137428810365102e-03 6.770625841685808111e-02 6.770625841685808111e-02
5.289162600000000047e+00 4.576966807069849340e-03 6.765328378630153239e-02 6.765328378630153239e-02
5.295193099999999653e+00 4.569995620690118533e-03 6.760174273411979906e-02 6.760174273411979906e-02
5.301223700000000427e+00 4.563224615594553904e-03 6.755164406285427137e-02 6.755164406285427137e-02
5.307254200000000033e+00 4.556254135698201840e-03 6.750003063479453891e-02 6.750003063479453891e-02
5.313325500000000368e+00 4.549284846695587567e-03 6.744838653886087165e-02 6.744838653886087165e-02
5.319356100000000254e+00 4.542716738295969094e-03 6.739967906671343045e-02 6.739967906671343045e-02
5.325386599999999859e+00 4.536150214876988676e-03 6.735094813643671685e-02 6.735094813643671685e-02
5.331417199999999745e+00 4.529785579859971385e-03 6.730368177046461287e-02 6.730368177046461287e-02
5.337488500000000080e+00 4.523423398803494942e-03 6.725640043002223400e-02 6.725640043002223400e-02
5.343519099999999966e+00 4.517263024015123751e-03 6.721058714231802067e-02 6.721058714231802067e-02
5.349549599999999572e+00 4.510904967961142271e-03 6.716327097425453529e-02 6.716327097425453529e-02
5.355580200000000346e+00 4.505148787549810574e-03 6.712040515036996058e-02 6.712040515036996058e-02
5.361651499999999793e+00 4.499194969292331057e-03 6.707603871198962453e-02 6.707603871198962453e-02
5.367682000000000286e+00 4.493642348652473160e-03 6.703463544058751999e-02 6.703463544058751999e-02
5.373712600000000172e+00 4.488091177205286511e-03 6.699321739702673861e-02 6.699321739702673861e-02
5.379743099999999778e+00 4.482940824884512621e-03 6.695476700642391532e-02 6.695476700642391532e-02
5.385814400000000113e+00 4.477591509105558441e-03 6.691480784628733858e-02 6.691480784628733858e-02
5.391844999999999999e+00 4.472841821368711730e-03 6.687930787148377298e-02 6.687930787148377298e-02
5.397875499999999604e+00 4.467691981797534961e-03 6.684079578967873358e-02 6.684079578967873358e-02
5.403906100000000379e+00 4.463341337103109326e-03 6.680824303260121666e-02 6.680824303260121666e-02
5.409977399999999825e+00 4.458989799294594929e-03 6.677566771882251229e-02 6.677566771882251229e-02
5.416007900000000319e+00 4.454836546387257699e-03 6.674456192370474550e-02 6.674456192370474550e-02
5.422038500000000205e+00 4.450481537699005168e-03 6.671192950064482041e-02 6.671192950064482041e-02
5.428069100000000091e+00 4.446924377118192245e-03 6.668526356788426201e-02 6.668526356788426201e-02
5.434140400000000426e+00 4.443365428704998052e-03 6.665857355738268042e-02 6.665857355738268042e-02
5.440170900000000032e+00 4.440003951153606056e-03 6.663335464430412969e-02 6.663335464430412969e-02
5.446201499999999918e+00 4.436840129081282176e-03 6.660960988537076299e-02 6.660960988537076299e-02
5.452272800000000252e+00 4.433874464058257074e-03 6.658734462387171094e-02 6.658734462387171094e-02
5.458303299999999858e+00 4.431506542165202477e-03 6.656956167923297474e-02 6.656956167923297474e-02
5.464333899999999744e+00 4.429136831106447736e-03 6.655176054099881666e-02 6.655176054099881666e-02
5.470364400000000238e+00 4.426965598455142800e-03 6.653544618062723348e-02 6.653544618062723348e-02
5.476435699999999684e+00 4.424993345610747815e-03 6.652062346077904087e-02 6.652062346077904087e-02
5.482466299999999571e+00 4.423620054387833282e-03 6.651030036308536175e-02 6.651030036308536175e-02
