4.173085900000000209e-02 1.163408872736675024e+09
4.372891599999999962e-02 1.032227875368647099e+09
4.582263899999999834e-02 9.042523430694720745e+08
4.801661100000000071e-02 7.810691384309955835e+08
5.031562600000000218e-02 6.642890843027093410e+08
5.272471799999999681e-02 5.554778552765210867e+08
5.524915700000000013e-02 4.560756051652581096e+08
5.789446300000000017e-02 3.673057811156255603e+08
6.066642800000000141e-02 2.900799014928399324e+08
6.357111299999999854e-02 2.249078229494203627e+08
6.661487300000000500e-02 1.718230022566697001e+08
6.980436700000000605e-02 1.303374031060263813e+08
7.314657400000000587e-02 9.943906795456890762e+07
7.664880200000000199e-02 7.764432448246666789e+07
8.031871599999999833e-02 6.311093629235395044e+07
8.416434700000000046e-02 5.381000599493438751e+07
8.819410199999999644e-02 4.774139515773899853e+07
9.241680200000000622e-02 4.316360011856848747e+07
9.684167999999999943e-02 3.879654550047786534e+07
1.014784199999999997e-01 3.394961184910489619e+07
1.063371699999999948e-01 2.853366733756464720e+07
1.114285500000000012e-01 2.293799460937995836e+07
1.167637100000000067e-01 1.779050031767004356e+07
1.223543099999999939e-01 1.366418074867224507e+07
1.282125799999999927e-01 1.082670635308735259e+07
1.343513500000000083e-01 9.132606952937848866e+06
1.407840399999999992e-01 8.111919720413530245e+06
1.475247299999999928e-01 7.220859332577559166e+06
1.545881500000000075e-01 6.125353296643952839e+06
1.619897700000000051e-01 4.848085184219454415e+06
1.697457800000000128e-01 3.675793823212519288e+06
1.778731400000000129e-01 2.884810336858329363e+06
1.863896399999999953e-01 2.496649916102045681e+06
1.953139000000000125e-01 2.275629304631659295e+06
2.046654499999999988e-01 1.973263583565518726e+06
2.144647500000000095e-01 1.567506111701965099e+06
2.247332400000000008e-01 1.227558095996827353e+06
2.354933800000000022e-01 1.051965906847598962e+06
2.467687100000000022e-01 9.352882792975732591e+05
2.585838999999999777e-01 7.532717725914772600e+05
2.709647900000000109e-01 5.637539364342362387e+05
2.839384799999999931e-01 4.773499934641599539e+05
2.975333499999999742e-01 4.403096759365595644e+05
3.117791200000000207e-01 3.531790079273618758e+05
3.267069899999999749e-01 2.659884901921320707e+05
3.423495899999999814e-01 2.316893726629840385e+05
3.587411500000000086e-01 1.929057706533666642e+05
3.759175399999999945e-01 1.497142827245198714e+05
3.939163199999999865e-01 1.307985089922368934e+05
4.127768700000000179e-01 1.050818149757081992e+05
4.325404700000000102e-01 8.777352381583512761e+04
4.532503299999999791e-01 7.448761851487630338e+04
4.749517999999999796e-01 5.936755644130391011e+04
4.976922899999999816e-01 5.322496027030853293e+04
5.215216200000000191e-01 4.261654189744946052e+04
5.464918600000000515e-01 3.713873064200591034e+04
5.726576599999999573e-01 2.905738979434090652e+04
6.000763099999999461e-01 2.418979754361064261e+04
6.288076999999999694e-01 2.019595037206616325e+04
6.589147899999999725e-01 1.649858346259226528e+04
6.904633500000000312e-01 1.476885420297268320e+04
7.235224799999999679e-01 1.119912623537232139e+04
7.581644699999999792e-01 9.015402720382067855e+03
7.944650599999999452e-01 7.911597303931946954e+03
8.325037600000000371e-01 6.810581919029959863e+03
8.723636799999999747e-01 5.507648198672425679e+03
9.141321100000000532e-01 4.433979930284464899e+03
9.579004100000000355e-01 3.659456238138312528e+03
1.003764300000000054e+00 3.019979058842126960e+03
1.051824099999999929e+00 2.508323890861000109e+03
1.102185100000000029e+00 2.084360364055936316e+03
1.154957299999999965e+00 1.721524151431064638e+03
1.210256199999999893e+00 1.480313710057887874e+03
1.268202800000000074e+00 1.195833415899635611e+03
1.328923800000000099e+00 9.520517869213416589e+02
1.392552100000000070e+00 7.282243183458002704e+02
1.459227000000000052e+00 6.686507066031614386e+02
1.529094200000000070e+00 5.850647184643491983e+02
1.602306699999999973e+00 4.522574436130395839e+02
1.679024400000000083e+00 3.837324781216770475e+02
1.759415500000000021e+00 3.243461787874190350e+02
1.843655599999999950e+00 2.750727069310011643e+02
1.931929100000000066e+00 2.276487619355141305e+02
2.024429099999999870e+00 1.807275611492161147e+02
2.121357999999999855e+00 1.607742269980612662e+02
2.222927799999999898e+00 1.281140214859898947e+02
2.329360700000000062e+00 1.090674105836186811e+02
2.440889499999999934e+00 8.608042150787576929e+01
2.557758399999999988e+00 7.084618818492607772e+01
2.680222899999999964e+00 6.414930210381147901e+01
2.808550900000000183e+00 5.033514828088478765e+01
2.943023199999999839e+00 4.253561077100543031e+01
3.083934000000000175e+00 3.453568783537359366e+01
3.231591499999999950e+00 2.951508920477575515e+01
3.386318900000000021e+00 2.440122329866118633e+01
3.548454500000000067e+00 1.893172872227347270e+01
3.718353099999999856e+00 1.607199461729183199e+01
3.896386399999999917e+00 1.398266583835554400e+01
4.082943799999999790e+00 1.114636693735132233e+01
4.278433599999999615e+00 1.014979832056721776e+01
