6.411538299999999801e-02 1.326601217391826237e-01
7.031055499999999681e-02 1.335450498956441412e-01
7.650572699999999560e-02 1.345180540566959515e-01
8.270089899999999439e-02 1.355808169987467171e-01
8.889606999999999370e-02 1.367351469443571776e-01
9.509124200000000637e-02 1.379829741349559435e-01
1.012868199999999996e-01 1.393264363099560588e-01
1.074819899999999995e-01 1.407675154862121636e-01
1.136771699999999941e-01 1.423085641501277698e-01
1.198723399999999939e-01 1.439519419558732138e-01
1.260675099999999937e-01 1.457001091933770032e-01
1.322626799999999936e-01 1.475556095819334501e-01
1.384578499999999934e-01 1.495210645176787700e-01
1.446530199999999933e-01 1.515991641026320780e-01
1.508481999999999879e-01 1.537926609133059286e-01
1.570433699999999877e-01 1.561043447988971766e-01
1.632385399999999875e-01 1.585370521782590025e-01
1.694337099999999874e-01 1.610936389350905995e-01
1.756288799999999872e-01 1.637769694227300954e-01
1.818240600000000096e-01 1.665899052388010726e-01
1.880192300000000094e-01 1.695352694246594072e-01
1.942144000000000092e-01 1.726158545806985301e-01
2.004099799999999876e-01 1.758346015984932620e-01
2.066051499999999874e-01 1.791937200607529590e-01
2.128003199999999873e-01 1.826959409931317169e-01
2.189954899999999871e-01 1.863436469424065156e-01
2.251906700000000094e-01 1.901390570457063278e-01
2.313858400000000093e-01 1.940841702510871514e-01
2.375810100000000091e-01 1.981807675104000077e-01
2.437761800000000090e-01 2.024303503871753562e-01
2.499713500000000088e-01 2.068341073656410900e-01
2.561665200000000087e-01 2.113928716394158080e-01
2.623616999999999755e-01 2.161070842446609075e-01
2.685568700000000031e-01 2.209767165842044800e-01
2.747520399999999752e-01 2.260012674172209024e-01
2.809472100000000028e-01 2.311796825429967006e-01
2.871427899999999811e-01 2.365106690155343860e-01
2.933379600000000087e-01 2.419912226131288313e-01
2.995331299999999808e-01 2.476186941412008291e-01
3.057283100000000031e-01 2.533893486762378022e-01
3.119234799999999752e-01 2.592986297308730315e-01
3.181186500000000028e-01 2.653411732808345080e-01
3.243138199999999749e-01 2.715107346494112228e-01
3.305089900000000025e-01 2.778001691314365695e-01
3.367041700000000248e-01 2.842014231831143656e-01
3.428993399999999969e-01 2.907054849682406128e-01
3.490945100000000245e-01 2.973024517137064504e-01
3.552896799999999966e-01 3.039815091317307760e-01
3.614848500000000242e-01 3.107309793854752256e-01
3.676800199999999963e-01 3.175383776470608876e-01
3.738755999999999746e-01 3.243909435759938509e-01
3.800707799999999970e-01 3.312739335442549393e-01
3.862659500000000246e-01 3.381734184079241423e-01
3.924611199999999966e-01 3.450746800992830488e-01
3.986562900000000242e-01 3.519627824018488615e-01
4.048514599999999963e-01 3.588227647845704249e-01
4.110474499999999809e-01 3.656407414104127507e-01
4.172409899999999783e-01 3.723987419854928871e-01
4.234386099999999931e-01 3.790900824108422440e-01
4.296321499999999904e-01 3.856930225451034588e-01
4.358256899999999878e-01 3.922001452184681880e-01
4.420233100000000026e-01 3.986050833537445048e-01
4.482168500000000000e-01 4.048903668498748387e-01
4.544144700000000148e-01 4.110569431391998818e-01
4.606080100000000122e-01 4.170912465740007624e-01
4.668015500000000095e-01 4.229939533408011987e-01
4.729991700000000243e-01 4.287675178597818992e-01
4.791927100000000217e-01 4.344052214714698712e-01
4.853903299999999810e-01 4.399175825732803413e-01
4.915838699999999784e-01 4.453026083885461284e-01
4.977774099999999757e-01 4.505713323034096773e-01
5.039750299999999905e-01 4.557364617566522225e-01
5.101685700000000434e-01 4.608023534672346377e-01
5.163661899999999472e-01 4.657884540111380534e-01
5.225597300000000001e-01 4.707023183939760824e-01
5.287573399999999646e-01 4.755656294092147074e-01
5.349508899999999567e-01 4.803879947246446624e-01
5.411444300000000096e-01 4.851890557943045468e-01
5.473420399999999741e-01 4.899885667688603230e-01
5.535355899999999663e-01 4.947966542649536725e-01
5.597332000000000418e-01 4.996355624153124841e-01
5.659267500000000339e-01 5.045140791116984325e-01
5.721202899999999758e-01 5.094493944063626101e-01
5.783179000000000514e-01 5.144575329993272828e-01
5.845114500000000435e-01 5.195430719415803367e-01
5.907090600000000080e-01 5.247220785942261490e-01
5.969025999999999499e-01 5.299952408211773269e-01
6.030961500000000530e-01 5.353713898614652633e-01
6.092937600000000176e-01 5.408574948784138359e-01
6.154872999999999594e-01 5.464475644006322463e-01
6.216849199999999742e-01 5.521480129590469188e-01
6.278784600000000271e-01 5.579482837720178834e-01
6.340720100000000192e-01 5.638470163425415294e-01
6.402696199999999838e-01 5.698411356068309175e-01
6.464631600000000367e-01 5.759139560802098989e-01
6.526607800000000514e-01 5.820630057232718535e-01
6.588543199999999933e-01 5.882682945141501918e-01
6.650478600000000462e-01 5.945207370535893210e-01
6.712454799999999500e-01 6.008103830520185040e-01
6.774390200000000029e-01 6.071141083039595099e-01
6.836366400000000176e-01 6.134248883593754753e-01
6.898301799999999595e-01 6.197188957871142545e-01
6.960277999999999743e-01 6.259889617191219946e-01
7.022213400000000272e-01 6.322117237110991272e-01
7.084148799999999691e-01 6.383768229791612070e-01
7.146124999999999838e-01 6.444745977392616343e-01
7.208060400000000367e-01 6.504844374508991223e-01
7.270036600000000515e-01 6.564029450979814717e-01
7.331971999999999934e-01 6.622124718594356585e-01
7.393907400000000463e-01 6.679086813055035154e-01
7.455883599999999500e-01 6.734886265760615665e-01
7.517819000000000029e-01 6.789401257940702594e-01
7.579795200000000177e-01 6.842672917567912405e-01
7.641730599999999596e-01 6.894617912886830124e-01
7.703666000000000125e-01 6.945275415189501311e-01
7.765642200000000273e-01 6.994697108089289461e-01
7.827577599999999691e-01 7.042852067556233386e-01
7.889553799999999839e-01 7.089850884757883387e-01
7.951489200000000368e-01 7.135689880287144904e-01
8.013424599999999787e-01 7.180467584570205952e-01
8.075400799999999935e-01 7.224286594251017046e-01
8.137336200000000463e-01 7.267167924842903304e-01
8.199312300000000109e-01 7.309249145642426893e-01
8.261247800000000030e-01 7.350556290114411695e-01
8.323183199999999449e-01 7.391196408616426128e-01
8.385159300000000204e-01 7.431271179014519168e-01
8.447094800000000125e-01 7.470798028494421983e-01
8.509070899999999771e-01 7.509891866662117277e-01
8.571006399999999692e-01 7.548556365816858627e-01
8.632941800000000221e-01 7.586863062599665808e-01
8.694917899999999866e-01 7.624873131955952621e-01
8.756853399999999787e-01 7.662563102460644426e-01
8.818829500000000543e-01 7.699998930975250344e-01
8.880764899999999962e-01 7.737138474152520651e-01
8.942741100000000110e-01 7.774028552353686727e-01
9.004676499999999528e-01 7.810610312907537711e-01
9.066611999999999449e-01 7.846890658049219258e-01
9.128588100000000205e-01 7.882869328105884810e-01
9.190523499999999624e-01 7.918470574168267051e-01
9.252499699999999772e-01 7.953709101498668277e-01
9.314435100000000300e-01 7.988504199077846035e-01
9.376370499999999719e-01 8.022844050990315390e-01
9.438346699999999867e-01 8.056716100828944516e-01
9.500282100000000396e-01 8.090042733593445501e-01
9.562258300000000544e-01 8.122837616454985366e-01
9.624193699999999962e-01 8.155031136464797603e-01
9.686129100000000491e-01 8.186623240123398482e-01
9.748105299999999529e-01 8.217617519829294448e-01
9.810040700000000058e-01 8.247962222491840301e-01
9.872016900000000206e-01 8.277692292527798479e-01
9.933952299999999624e-01 8.306769518987726642e-01
9.995887700000000153e-01 8.335220432951697678e-01
1.005786400000000080e+00 8.363075463936913145e-01
1.011979900000000043e+00 8.390314945358617882e-01
1.018177499999999958e+00 8.416996765324700203e-01
1.024371099999999979e+00 8.443111365690824099e-01
1.030564599999999942e+00 8.468703886611220755e-01
1.036762200000000078e+00 8.493821304777187109e-01
1.042955800000000099e+00 8.518461923514472067e-01
1.049153400000000014e+00 8.542688863494038998e-01
1.055346899999999977e+00 8.566500980783251507e-01
1.061544599999999949e+00 8.589959133851176043e-01
1.067738099999999912e+00 8.613058142597814770e-01
1.073931600000000097e+00 8.635837673682661420e-01
1.080129300000000070e+00 8.658333057443379221e-01
1.086322800000000033e+00 8.680530151621355106e-01
1.092520399999999947e+00 8.702470979519666416e-01
1.098713999999999968e+00 8.724134935746772346e-01
1.104907499999999931e+00 8.745539864958595810e-01
1.111105100000000068e+00 8.766700027682570173e-01
1.117298700000000089e+00 8.787584123723782836e-01
1.123496300000000003e+00 8.808212275091266141e-01
1.129689799999999966e+00 8.828547995228874790e-01
1.135883399999999988e+00 8.848593728641456213e-01
1.142080999999999902e+00 8.868348749092788141e-01
1.148274500000000087e+00 8.887773448458853309e-01
1.154472100000000001e+00 8.906879687613528107e-01
1.160665700000000022e+00 8.925629278059402649e-01
1.166859199999999985e+00 8.944022446785355740e-01
1.173056799999999900e+00 8.962061267909308127e-01
1.179250399999999921e+00 8.979714506946352426e-01
1.185448000000000057e+00 8.997000141424409403e-01
1.191641500000000020e+00 9.013893928171897718e-01
1.197835100000000041e+00 9.030409408879580546e-01
1.204032699999999956e+00 9.046561810385040925e-01
1.210226199999999919e+00 9.062338698357557121e-01
1.216423899999999891e+00 9.077773222105750550e-01
1.222617400000000076e+00 9.092859563071984397e-01
1.228810900000000039e+00 9.107626141884540560e-01
1.235008600000000012e+00 9.122102832363712110e-01
1.241202099999999975e+00 9.136291995072892691e-01
1.247399699999999889e+00 9.150235895316790602e-01
1.253593299999999910e+00 9.163940159398032970e-01
1.259790900000000047e+00 9.177446368855011194e-01
1.265984400000000010e+00 9.190760107982388627e-01
1.272178000000000031e+00 9.203912567903264064e-01
1.278375599999999945e+00 9.216932061034563972e-01
1.284569099999999908e+00 9.229819419653225721e-01
1.290766700000000045e+00 9.242606783690473504e-01
1.296960300000000066e+00 9.255289359224426748e-01
1.303153800000000029e+00 9.267883736162021435e-01
1.309351399999999943e+00 9.280403308794452633e-01
1.315544999999999964e+00 9.292833016487412889e-01
1.321742600000000101e+00 9.305186634726727579e-01
1.327936100000000064e+00 9.317442318185811256e-01
1.334129700000000085e+00 9.329599599335316462e-01
1.340327299999999999e+00 9.341654341851662879e-01
1.346520799999999962e+00 9.353576720475710315e-01
1.352718499999999935e+00 9.365366732310849152e-01
1.358911999999999898e+00 9.376991095081677052e-01
1.365105500000000083e+00 9.388439801375479954e-01
1.371303200000000055e+00 9.399702217461920473e-01
1.377496700000000018e+00 9.410745328150441624e-01
1.383694299999999933e+00 9.421567216794890509e-01
1.389887899999999954e+00 9.432138627970664269e-01
1.396081399999999917e+00 9.442453465343189078e-01
1.402279000000000053e+00 9.452508020781156262e-01
1.408472600000000075e+00 9.462281619236874164e-01
1.414670199999999989e+00 9.471782558274731700e-01
1.420863699999999952e+00 9.480997501358418011e-01
1.427057299999999973e+00 9.489935532512211447e-01
1.433254900000000109e+00 9.498608060491059435e-01
1.439448400000000072e+00 9.507013191875939295e-01
1.445645999999999987e+00 9.515174685239834451e-01
1.451839600000000008e+00 9.523097384234445739e-01
1.458037199999999922e+00 9.530809582028512139e-01
1.464230700000000107e+00 9.538321336550195095e-01
1.470424299999999906e+00 9.545659648137178044e-01
1.476621900000000043e+00 9.552851756194540300e-01
1.482815400000000006e+00 9.559911524251961668e-01
1.489013099999999978e+00 9.566871595198099820e-01
1.495206599999999941e+00 9.573745029539697526e-01
1.501400099999999904e+00 9.580557834039798992e-01
1.507597800000000099e+00 9.587334107958632723e-01
1.513791300000000062e+00 9.594081986926046302e-01
1.519988899999999976e+00 9.600825236110848149e-01
1.526182499999999997e+00 9.607566812090990727e-01
1.532375999999999960e+00 9.614319540888409676e-01
1.538573600000000097e+00 9.621093263351966351e-01
1.544767199999999896e+00 9.627880972965979778e-01
1.550964800000000032e+00 9.634689910870479768e-01
1.557158299999999995e+00 9.641506404215733905e-01
1.563351900000000017e+00 9.648327253822734928e-01
1.569549499999999931e+00 9.655146188989062184e-01
1.575742999999999894e+00 9.661941344517656072e-01
1.581940600000000030e+00 9.668706778901231536e-01
1.588134200000000051e+00 9.675417218424913202e-01
1.594327700000000014e+00 9.682059508815977766e-01
1.600525299999999929e+00 9.688620154965363884e-01
1.606718899999999950e+00 9.695072696575153248e-01
1.612916500000000086e+00 9.701408122909820353e-01
1.619110000000000049e+00 9.707601872774128671e-01
1.625307599999999963e+00 9.713647351827506826e-01
1.631501199999999985e+00 9.719523784583976589e-01
1.637694699999999948e+00 9.725224431055440322e-01
1.643892300000000084e+00 9.730744922495769833e-01
1.650085900000000105e+00 9.736072741813225351e-01
1.656283500000000020e+00 9.741212369248221092e-01
1.662476999999999983e+00 9.746157647670941060e-01
1.668670600000000004e+00 9.750915601236231911e-01
1.674868199999999918e+00 9.755495361137743737e-01
1.681061700000000103e+00 9.759899917503093159e-01
1.687259400000000076e+00 9.764146560529863850e-01
1.693452900000000039e+00 9.768243020345541705e-01
1.699646400000000002e+00 9.772207450944524476e-01
1.705844099999999974e+00 9.776058994435345983e-01
1.712037599999999937e+00 9.779809921309142728e-01
1.718235200000000074e+00 9.783483230773257766e-01
1.724428800000000095e+00 9.787092082062284204e-01
1.730622300000000058e+00 9.790656322245979704e-01
1.736819899999999972e+00 9.794194980007223661e-01
1.743013499999999993e+00 9.797718797652013034e-01
1.749211099999999908e+00 9.801246069009372786e-01
1.755404600000000093e+00 9.804783965913185240e-01
1.761598199999999892e+00 9.808344453337979330e-01
1.767795800000000028e+00 9.811936992245606781e-01
1.773989299999999991e+00 9.815561568908751644e-01
1.780186899999999905e+00 9.819225106346416432e-01
1.786380499999999927e+00 9.822922400065173809e-01
1.792573999999999890e+00 9.826652875524395370e-01
1.798771600000000026e+00 9.830413925980813206e-01
1.804965200000000047e+00 9.834193386067170417e-01
1.811162799999999962e+00 9.837987057586717876e-01
1.817356299999999925e+00 9.841779395733383229e-01
1.823553999999999897e+00 9.845563712052717298e-01
1.829747500000000082e+00 9.849322308174254248e-01
1.835941000000000045e+00 9.853044759787662477e-01
1.842138700000000018e+00 9.856720492513453280e-01
1.848332199999999981e+00 9.860331791299268289e-01
1.854529799999999895e+00 9.863871427499534272e-01
1.860723399999999916e+00 9.867323715035917209e-01
1.866916900000000101e+00 9.870681150572568896e-01
1.873114500000000016e+00 9.873937692145253742e-01
1.879308100000000037e+00 9.877082604877318595e-01
1.885505699999999951e+00 9.880115366743965621e-01
1.891699199999999914e+00 9.883029428194902710e-01
1.897892799999999935e+00 9.885826320449708771e-01
1.904090400000000072e+00 9.888509145433881375e-01
1.910283900000000035e+00 9.891077799040034479e-01
1.916481499999999949e+00 9.893540907660917094e-01
1.922675099999999970e+00 9.895902123456575827e-01
1.928868599999999933e+00 9.898171346339689203e-01
1.935066200000000070e+00 9.900359546309528413e-01
1.941259800000000091e+00 9.902474301027714976e-01
1.947457400000000005e+00 9.904529424902248635e-01
1.953650899999999968e+00 9.906533637393719616e-01
1.959844499999999989e+00 9.908499771746364093e-01
1.966042099999999904e+00 9.910440191771180407e-01
1.972235600000000089e+00 9.912362959927780715e-01
1.978433300000000061e+00 9.914280437955877989e-01
1.984626800000000024e+00 9.916198748305309341e-01
1.990824399999999939e+00 9.918127935040172982e-01
1.997017999999999960e+00 9.920071530183273145e-01
2.003211499999999923e+00 9.922035264208894922e-01
2.009409100000000059e+00 9.924023414114020447e-01
2.015602700000000080e+00 9.926034682894400163e-01
2.021800300000000217e+00 9.928071368389682627e-01
2.027993799999999958e+00 9.930128974865077840e-01
2.034187399999999979e+00 9.932205618871879915e-01
2.040385000000000115e+00 9.934298086054150767e-01
2.046578499999999856e+00 9.936398001568275129e-01
2.052776099999999992e+00 9.938501601654873285e-01
2.058969700000000014e+00 9.940598923227098593e-01
2.065163200000000199e+00 9.942683641057568078e-01
2.071360799999999891e+00 9.944749299950530474e-01
2.077554399999999912e+00 9.946785389610218742e-01
2.083752000000000049e+00 9.948786996818398398e-01
2.089945499999999790e+00 9.950744460778619960e-01
2.096139099999999811e+00 9.952652794504974754e-01
2.102336699999999947e+00 9.954507649194849206e-01
2.108530200000000132e+00 9.956302106379698591e-01
2.114727799999999824e+00 9.958035155929257920e-01
2.120921399999999846e+00 9.959702336200073614e-01
2.127114900000000031e+00 9.961303793557523267e-01
2.133312500000000167e+00 9.962840812842951310e-01
2.139506100000000188e+00 9.964312843942253473e-01
2.145703699999999881e+00 9.965724383062111169e-01
2.151897200000000066e+00 9.967077214929895845e-01
2.158094900000000038e+00 9.968377694561287861e-01
2.164288399999999779e+00 9.969629362519258908e-01
2.170481999999999800e+00 9.970839034337510842e-01
2.176679599999999937e+00 9.972013753218177401e-01
2.182873100000000122e+00 9.973158534599636527e-01
2.189070699999999814e+00 9.974281491088509144e-01
2.195264299999999835e+00 9.975387600710490243e-01
2.201457800000000020e+00 9.976483697271349982e-01
2.207655400000000157e+00 9.977576154453566826e-01
2.213849000000000178e+00 9.978668548087066270e-01
2.220046599999999870e+00 9.979766539947253490e-01
2.226240100000000055e+00 9.980872086782017760e-01
2.232433700000000076e+00 9.981988395637290123e-01
2.238631300000000213e+00 9.983117679632337316e-01
2.244824799999999954e+00 9.984258981703145741e-01
2.251022400000000090e+00 9.985413369623568069e-01
2.257216000000000111e+00 9.986577975687916942e-01
2.263409499999999852e+00 9.987751319493927138e-01
2.269607099999999988e+00 9.988931250540148410e-01
2.275800700000000010e+00 9.990112640344066541e-01
2.281998300000000146e+00 9.991292922450624170e-01
2.288191799999999887e+00 9.992466106501216583e-01
2.294385399999999908e+00 9.993628339324771570e-01
2.300583000000000045e+00 9.994775627128414941e-01
2.306776499999999785e+00 9.995901855210383991e-01
2.312974200000000202e+00 9.997004153608974875e-01
2.319167699999999943e+00 9.998077028744565276e-01
2.325361200000000128e+00 9.999117734219934439e-01
2.331558900000000101e+00 1.000012403483972134e+00
2.337752399999999842e+00 1.000109234106216549e+00
2.343949999999999978e+00 1.000202246566854747e+00
2.350143599999999999e+00 1.000291248590400084e+00
2.356341200000000136e+00 1.000376363661388268e+00
2.362534699999999876e+00 1.000457567191215702e+00
2.368728299999999898e+00 1.000535079104125424e+00
2.374925900000000034e+00 1.000609174900646936e+00
2.381119400000000219e+00 1.000680049482693512e+00
2.387316999999999911e+00 1.000748140814461840e+00
2.393510599999999933e+00 1.000813745126437615e+00
2.399704100000000118e+00 1.000877320958335037e+00
2.405901699999999810e+00 1.000939341834222285e+00
2.412095299999999831e+00 1.001000163066200876e+00
2.418292899999999968e+00 1.001060291516845391e+00
2.424486400000000152e+00 1.001120055710560841e+00
2.430680000000000174e+00 1.001179871089512341e+00
2.436877599999999866e+00 1.001240107503358567e+00
2.443071100000000051e+00 1.001300966345298304e+00
2.449268800000000024e+00 1.001362750414747760e+00
2.455462300000000209e+00 1.001425532458892098e+00
2.461655799999999950e+00 1.001489442493075810e+00
2.467853499999999922e+00 1.001554544233018484e+00
2.474047000000000107e+00 1.001620700105615658e+00
2.480244599999999799e+00 1.001687883521713562e+00
2.486438199999999821e+00 1.001755830504253098e+00
2.492631700000000006e+00 1.001824352314437006e+00
2.498829300000000142e+00 1.001893218369058536e+00
2.505022900000000163e+00 1.001962023873979701e+00
2.511220499999999856e+00 1.002030515468802951e+00
2.517414000000000041e+00 1.002098245463440618e+00
2.523611600000000177e+00 1.002164939985730863e+00
2.529805200000000198e+00 1.002230154765636261e+00
2.535998699999999939e+00 1.002293592353252549e+00
2.542196300000000075e+00 1.002354981023501068e+00
2.548389900000000097e+00 1.002413964178756167e+00
2.554587499999999789e+00 1.002470386093740506e+00
2.560780999999999974e+00 1.002523992672282205e+00
2.566974599999999995e+00 1.002574698961179678e+00
2.573172200000000132e+00 1.002622469726669907e+00
2.579365699999999872e+00 1.002667239780935082e+00
2.585563399999999845e+00 1.002709127527121158e+00
2.591756900000000030e+00 1.002748193924591247e+00
2.597950400000000215e+00 1.002784641637320728e+00
2.604148100000000188e+00 1.002818716719080072e+00
2.610341599999999929e+00 1.002850640679695537e+00
2.616539200000000065e+00 1.002880760356399170e+00
2.622732800000000086e+00 1.002909367364773763e+00
2.628926299999999827e+00 1.002936829923324114e+00
2.635123899999999963e+00 1.002963522563967924e+00
2.641317499999999985e+00 1.002989765115220866e+00
2.647515100000000121e+00 1.003015934609644333e+00
2.653708599999999862e+00 1.003042318392099341e+00
2.659902199999999883e+00 1.003069225626950445e+00
2.666099800000000020e+00 1.003096927849301379e+00
2.672293300000000205e+00 1.003125598509835070e+00
2.678490899999999897e+00 1.003155435943655638e+00
2.684684499999999918e+00 1.003186508255315523e+00
2.690878000000000103e+00 1.003218885506052205e+00
2.697075599999999795e+00 1.003252586801597346e+00
2.703269199999999817e+00 1.003287509206811867e+00
2.709466799999999953e+00 1.003323586598489747e+00
2.715660300000000138e+00 1.003360612504462512e+00
2.721857899999999830e+00 1.003398433676086388e+00
2.728051499999999852e+00 1.003436762298966833e+00
2.734245000000000037e+00 1.003475354794024943e+00
2.740442600000000173e+00 1.003513949369469138e+00
2.746636200000000194e+00 1.003552195374754374e+00
2.752833799999999886e+00 1.003589838349331131e+00
2.759027300000000071e+00 1.003626530867664846e+00
2.765220900000000093e+00 1.003662014341777153e+00
2.771418499999999785e+00 1.003696046991140234e+00
2.777611999999999970e+00 1.003728350505581179e+00
2.783809699999999943e+00 1.003758769221428260e+00
2.790003200000000128e+00 1.003787103474917952e+00
2.796196699999999868e+00 1.003813260426316800e+00
2.802394399999999841e+00 1.003837188266309521e+00
2.808587900000000026e+00 1.003858835478920186e+00
2.814785500000000162e+00 1.003878260216603202e+00
2.820979100000000184e+00 1.003895512850179639e+00
2.827172599999999925e+00 1.003910726222668304e+00
2.833370200000000061e+00 1.003924068866307140e+00
2.839563800000000082e+00 1.003935718678595990e+00
2.845761400000000219e+00 1.003945915765479535e+00
2.851954899999999959e+00 1.003954894635733064e+00
2.858148499999999981e+00 1.003962926143533885e+00
2.864346100000000117e+00 1.003970286745160978e+00
2.870539599999999858e+00 1.003977239981144631e+00
2.876737199999999994e+00 1.003984062028538515e+00
2.882930800000000016e+00 1.003990997222422354e+00
2.889128400000000152e+00 1.003998287912533094e+00
2.895321899999999893e+00 1.004006131792098078e+00
2.901515499999999914e+00 1.004014709817888651e+00
2.907713100000000050e+00 1.004024169363126662e+00
2.913906599999999791e+00 1.004034601099699220e+00
2.920104300000000208e+00 1.004046082163818854e+00
2.926297799999999949e+00 1.004058619370250094e+00
2.932491300000000134e+00 1.004072202265880787e+00
2.938689000000000107e+00 1.004086784508269048e+00
2.944882499999999848e+00 1.004102253674237666e+00
2.951080099999999984e+00 1.004118505184976140e+00
2.957273700000000005e+00 1.004135364516883788e+00
2.963467200000000190e+00 1.004152665394547395e+00
2.969664799999999882e+00 1.004170226080442374e+00
2.975858399999999904e+00 1.004187818376584662e+00
2.982056000000000040e+00 1.004205254217406917e+00
2.988249499999999781e+00 1.004222300985128991e+00
2.994443099999999802e+00 1.004238767540097221e+00
3.000640699999999939e+00 1.004254472722522218e+00
3.006834200000000124e+00 1.004269222603751732e+00
3.013031799999999816e+00 1.004282885040068907e+00
3.019225399999999837e+00 1.004295316229196544e+00
3.025418900000000022e+00 1.004306427863230766e+00
3.031616500000000158e+00 1.004316159348093374e+00
3.037810100000000180e+00 1.004324462808259488e+00
3.044007699999999872e+00 1.004331345721330537e+00
3.050201200000000057e+00 1.004336827039729707e+00
3.056394800000000078e+00 1.004340969299662545e+00
3.062592400000000215e+00 1.004343858513782495e+00
3.068785899999999955e+00 1.004345599714838055e+00
3.074983599999999928e+00 1.004346324517433997e+00
3.081177100000000113e+00 1.004346177372945625e+00
3.087374699999999805e+00 1.004345315395639648e+00
3.093568299999999827e+00 1.004343903839168162e+00
3.099761800000000012e+00 1.004342108638928144e+00
3.105959400000000148e+00 1.004340092114941907e+00
3.112153000000000169e+00 1.004338013659578310e+00
3.118350599999999861e+00 1.004336016257063369e+00
3.124544100000000046e+00 1.004334233110762753e+00
3.130737700000000068e+00 1.004332775246995491e+00
3.136935300000000204e+00 1.004331733937288140e+00
3.143128799999999945e+00 1.004331179805362240e+00
3.149326400000000081e+00 1.004331157752146320e+00
3.155520000000000103e+00 1.004331689329022836e+00
3.161713499999999843e+00 1.004332772068779578e+00
3.167911099999999980e+00 1.004334382219241428e+00
3.174104700000000001e+00 1.004336471596129376e+00
3.180302300000000137e+00 1.004338977893427520e+00
3.186495799999999878e+00 1.004341816749541483e+00
3.192689399999999900e+00 1.004344895711831054e+00
3.198887000000000036e+00 1.004348113203119564e+00
3.205080500000000221e+00 1.004351355310965754e+00
3.211278099999999913e+00 1.004354514147943966e+00
3.217471699999999935e+00 1.004357474712328724e+00
3.223665200000000119e+00 1.004360132871862099e+00
3.229862900000000092e+00 1.004362391692715351e+00
3.236056399999999833e+00 1.004364160336773892e+00
3.242253999999999969e+00 1.004365366378390911e+00
3.248447599999999991e+00 1.004365948430979039e+00
3.254645200000000127e+00 1.004365863741396803e+00
3.260838699999999868e+00 1.004365086125202033e+00
3.267032299999999889e+00 1.004363606830301459e+00
3.273229900000000026e+00 1.004361432453600989e+00
3.279423400000000210e+00 1.004358590360733716e+00
3.285620999999999903e+00 1.004355116301136164e+00
3.291814599999999924e+00 1.004351067494713812e+00
3.298008100000000109e+00 1.004346505728629158e+00
3.304205699999999801e+00 1.004341499923287140e+00
3.310399299999999823e+00 1.004336135132267938e+00
3.316596899999999959e+00 1.004330486338521844e+00
3.322790400000000144e+00 1.004324643325169575e+00
3.328984000000000165e+00 1.004318682541998298e+00
3.335181599999999857e+00 1.004312675710193004e+00
3.341375100000000042e+00 1.004306699190991470e+00
3.347572700000000179e+00 1.004300804569394412e+00
3.353766300000000200e+00 1.004295048258500467e+00
3.359959799999999941e+00 1.004289463182567843e+00
3.366157400000000077e+00 1.004284069577169536e+00
3.372351000000000099e+00 1.004278885099580965e+00
3.378548599999999791e+00 1.004273900480641357e+00
3.384742099999999976e+00 1.004269106995703487e+00
3.390935699999999997e+00 1.004264474249044081e+00
3.397133300000000133e+00 1.004259962049577348e+00
3.403326799999999874e+00 1.004255530074797953e+00
3.409524499999999847e+00 1.004251119205433307e+00
3.415718000000000032e+00 1.004246677459123882e+00
3.421911500000000217e+00 1.004242141306773473e+00
3.428109200000000190e+00 1.004237446614621110e+00
3.434302699999999930e+00 1.004232540713092980e+00
3.440500300000000067e+00 1.004227361976095079e+00
3.446693900000000088e+00 1.004221868145616980e+00
3.452891499999999780e+00 1.004216010793261615e+00
3.459084999999999965e+00 1.004209765457914960e+00
3.465278599999999987e+00 1.004203106451182492e+00
3.471476200000000123e+00 1.004196018363916476e+00
3.477669699999999864e+00 1.004188511082557689e+00
3.483867300000000000e+00 1.004180586682712484e+00
3.490060900000000021e+00 1.004172278502090343e+00
3.496254400000000206e+00 1.004163614883680111e+00
3.502451999999999899e+00 1.004154631930226138e+00
3.508645599999999920e+00 1.004145391348397309e+00
3.514843200000000056e+00 1.004135937237625953e+00
3.521036699999999797e+00 1.004126342094830981e+00
3.527230299999999819e+00 1.004116661828421408e+00
3.533427899999999955e+00 1.004106952687437992e+00
3.539621400000000140e+00 1.004097287785737480e+00
3.545819100000000113e+00 1.004087710693450708e+00
3.552012599999999853e+00 1.004078285050747033e+00
3.558206100000000038e+00 1.004069047490880884e+00
3.564403800000000011e+00 1.004060026260396032e+00
3.570597300000000196e+00 1.004051257867676572e+00
3.576794899999999888e+00 1.004042744034429058e+00
3.582988499999999910e+00 1.004034498098251182e+00
3.589182000000000095e+00 1.004026505469501007e+00
3.595379599999999787e+00 1.004018740756893679e+00
3.601573199999999808e+00 1.004011183485728598e+00
3.607770799999999944e+00 1.004003783775362590e+00
3.613964300000000129e+00 1.003996503025103015e+00
3.620161899999999822e+00 1.003989276626231497e+00
3.626355499999999843e+00 1.003982054190049933e+00
3.632549000000000028e+00 1.003974768339850776e+00
3.638746600000000164e+00 1.003967350153278204e+00
3.644940200000000186e+00 1.003959746435624911e+00
3.651137799999999878e+00 1.003951887407832588e+00
3.657331300000000063e+00 1.003943728318804629e+00
3.663524900000000084e+00 1.003935215534678127e+00
3.669722500000000220e+00 1.003926303060427072e+00
3.675915999999999961e+00 1.003916971735040908e+00
3.682113699999999934e+00 1.003907188638706538e+00
3.688307200000000119e+00 1.003896957750481267e+00
3.694500699999999860e+00 1.003886274750426910e+00
3.700698399999999832e+00 1.003875145522537649e+00
3.706891900000000017e+00 1.003863609787524869e+00
3.713089500000000154e+00 1.003851687124637238e+00
3.719283100000000175e+00 1.003839437455713801e+00
3.725476599999999916e+00 1.003826905787185808e+00
3.731674200000000052e+00 1.003814142316964864e+00
3.737867800000000074e+00 1.003801227452874034e+00
3.744065400000000210e+00 1.003788211238536343e+00
3.750258899999999951e+00 1.003775178340991614e+00
3.756452499999999972e+00 1.003762186595517081e+00
3.762650100000000108e+00 1.003749291655482878e+00
3.768843599999999849e+00 1.003736569363676390e+00
3.775041199999999986e+00 1.003724055466133969e+00
3.781234800000000007e+00 1.003711810931042558e+00
3.787428300000000192e+00 1.003699863204412068e+00
3.793625899999999884e+00 1.003688229770879570e+00
3.799819499999999906e+00 1.003676940327909106e+00
3.806017100000000042e+00 1.003665983652750615e+00
3.812210599999999783e+00 1.003655366289097461e+00
3.818408199999999919e+00 1.003645055606263492e+00
3.824601799999999940e+00 1.003635036392802604e+00
3.830795300000000125e+00 1.003625264188228394e+00
3.836992899999999818e+00 1.003615686717080679e+00
3.843186499999999839e+00 1.003606264104616841e+00
3.849384099999999975e+00 1.003596926810779610e+00
3.855577600000000160e+00 1.003587626541945665e+00
3.861771200000000182e+00 1.003578295130423959e+00
3.867968799999999874e+00 1.003568865264394594e+00
3.874162300000000059e+00 1.003559290197719056e+00
3.880360000000000031e+00 1.003549501980631975e+00
3.886553500000000216e+00 1.003539464400172276e+00
3.892746999999999957e+00 1.003529128421633665e+00
3.898944699999999930e+00 1.003518452351896961e+00
3.905138200000000115e+00 1.003507425358801441e+00
3.911335799999999807e+00 1.003496017045049538e+00
3.917529399999999828e+00 1.003484236717909539e+00
3.923722900000000013e+00 1.003472081791814130e+00
3.929920500000000150e+00 1.003459557911575706e+00
3.936114100000000171e+00 1.003446704904599640e+00
3.942311699999999863e+00 1.003433538068591035e+00
3.948505200000000048e+00 1.003420113830350013e+00
3.954698800000000070e+00 1.003406468612151548e+00
3.960896400000000206e+00 1.003392643558049135e+00
3.967089899999999947e+00 1.003378709753040443e+00
3.973287500000000083e+00 1.003364703280597903e+00
3.979481100000000104e+00 1.003350696763066097e+00
3.985678699999999797e+00 1.003336724697821092e+00
3.991872199999999982e+00 1.003322854584643764e+00
3.998065800000000003e+00 1.003309121450525865e+00
4.004263400000000139e+00 1.003295555406346518e+00
4.010456900000000324e+00 1.003282205802652038e+00
4.016654599999999853e+00 1.003269078626400246e+00
4.022848100000000038e+00 1.003256207197167793e+00
4.029041600000000223e+00 1.003243589457311291e+00
4.035239299999999751e+00 1.003231215415492539e+00
4.041432799999999936e+00 1.003219091792345585e+00
4.047630400000000073e+00 1.003207184420196185e+00
4.053823999999999650e+00 1.003195483865154447e+00
4.060017499999999835e+00 1.003183951424310827e+00
4.066215099999999971e+00 1.003172543250414606e+00
4.072408700000000437e+00 1.003161234339155383e+00
4.078610399999999636e+00 1.003149960291943366e+00
4.084803899999999821e+00 1.003138707428880005e+00
4.090997400000000006e+00 1.003127417994901904e+00
4.097190999999999583e+00 1.003116050793082747e+00
4.103384499999999768e+00 1.003104568281821152e+00
4.109578100000000234e+00 1.003092936454851092e+00
4.115771600000000419e+00 1.003081127338618650e+00
4.121965099999999715e+00 1.003069118507335489e+00
4.128158700000000181e+00 1.003056894244774178e+00
4.134352200000000366e+00 1.003044446535637180e+00
4.140545799999999943e+00 1.003031773822941730e+00
4.146739300000000128e+00 1.003018882525040567e+00
4.152932899999999705e+00 1.003005785075535394e+00
4.159126399999999890e+00 1.002992501044346785e+00
4.165319900000000075e+00 1.002979054923259783e+00
4.171513499999999652e+00 1.002965475833248687e+00
4.177747799999999678e+00 1.002951706774501961e+00
4.183941299999999863e+00 1.002937963294173951e+00
4.190134900000000329e+00 1.002924191889466465e+00
4.196328399999999625e+00 1.002910429474328957e+00
4.202521899999999810e+00 1.002896710985623940e+00
4.208715500000000276e+00 1.002883068871132766e+00
4.214908999999999573e+00 1.002869532659916185e+00
4.221102600000000038e+00 1.002856126467484010e+00
4.227296100000000223e+00 1.002842869945778093e+00
4.233489600000000408e+00 1.002829776152327934e+00
4.239683199999999985e+00 1.002816851805498954e+00
4.245876700000000170e+00 1.002804097710138231e+00
4.252070299999999747e+00 1.002791507336967536e+00
4.258263799999999932e+00 1.002779068723822498e+00
4.264457400000000398e+00 1.002766763312296305e+00
4.270650899999999695e+00 1.002754568213763520e+00
4.276844399999999879e+00 1.002742455642904318e+00
4.283038000000000345e+00 1.002730394492907573e+00
4.289231499999999642e+00 1.002718351997990975e+00
4.295425100000000107e+00 1.002706293529953108e+00
4.301618600000000292e+00 1.002694185351991507e+00
4.307812199999999869e+00 1.002681994251486408e+00
4.314005700000000054e+00 1.002669690257203872e+00
4.320199200000000239e+00 1.002657246335401542e+00
4.326392799999999816e+00 1.002644639926081327e+00
4.332627099999999842e+00 1.002631769524893857e+00
4.338820600000000027e+00 1.002618792213845644e+00
4.345014199999999605e+00 1.002605619434704831e+00
4.351207699999999789e+00 1.002592253496669583e+00
4.357401199999999974e+00 1.002578702691680812e+00
4.363594800000000440e+00 1.002564981715196701e+00
4.369788299999999737e+00 1.002551111927374228e+00
4.375981900000000202e+00 1.002537119179677250e+00
4.382175400000000387e+00 1.002523034806260815e+00
4.388368899999999684e+00 1.002508893092929565e+00
4.394562500000000149e+00 1.002494730869740280e+00
4.400756000000000334e+00 1.002480587027621439e+00
4.406949599999999911e+00 1.002466499689999013e+00
4.413143100000000096e+00 1.002452506791950304e+00
4.419336699999999674e+00 1.002438643042205868e+00
4.425530199999999859e+00 1.002424940569649481e+00
4.431723700000000044e+00 1.002411426293601693e+00
4.437917299999999621e+00 1.002398121685749821e+00
4.444110799999999806e+00 1.002385042642933488e+00
4.450304400000000271e+00 1.002372197424549416e+00
4.456497899999999568e+00 1.002359587982892819e+00
4.462691399999999753e+00 1.002347208365936160e+00
4.468885000000000218e+00 1.002335045447637407e+00
4.475078500000000403e+00 1.002323079818422613e+00
4.481312800000000429e+00 1.002311207944176497e+00
4.487506400000000006e+00 1.002299553101732466e+00
4.493699900000000191e+00 1.002288001000335438e+00
4.499893400000000376e+00 1.002276511408736415e+00
4.506086999999999954e+00 1.002265041690676872e+00
4.512280500000000139e+00 1.002253548631762303e+00
4.518474099999999716e+00 1.002241988462764910e+00
4.524667599999999901e+00 1.002230319672854586e+00
4.530861200000000366e+00 1.002218502802735944e+00
4.537054699999999663e+00 1.002206503168676655e+00
4.543248199999999848e+00 1.002194290633483531e+00
4.549441800000000313e+00 1.002181841117396832e+00
4.555635299999999610e+00 1.002169137993632830e+00
4.561828900000000075e+00 1.002156171247324146e+00
4.568022400000000260e+00 1.002142939473631866e+00
4.574215899999999557e+00 1.002129448547784296e+00
4.580409500000000023e+00 1.002115712123353486e+00
4.586603000000000208e+00 1.002101751971013588e+00
4.592796599999999785e+00 1.002087595847191315e+00
4.598990099999999970e+00 1.002073278516086852e+00
4.605183700000000435e+00 1.002058838958223674e+00
4.611377199999999732e+00 1.002044321092933954e+00
4.617570699999999917e+00 1.002029770902244765e+00
4.623764300000000382e+00 1.002015235790430614e+00
4.629957799999999679e+00 1.002000763904304703e+00
4.636192099999999705e+00 1.001986307177723745e+00
4.642385700000000170e+00 1.001972098441460401e+00
4.648579200000000355e+00 1.001958082715787235e+00
4.654772699999999652e+00 1.001944294181114303e+00
4.660966300000000118e+00 1.001930760843949830e+00
4.667159800000000303e+00 1.001917504339977505e+00
4.673353399999999880e+00 1.001904537786024507e+00
4.679546900000000065e+00 1.001891867087567389e+00
4.685740499999999642e+00 1.001879489098623344e+00
4.691933999999999827e+00 1.001867393336103973e+00
4.698127500000000012e+00 1.001855560887637830e+00
4.704321099999999589e+00 1.001843965579793272e+00
4.710514599999999774e+00 1.001832575285054094e+00
4.716708200000000240e+00 1.001821351575095775e+00
4.722901700000000424e+00 1.001810252313504845e+00
4.729095199999999721e+00 1.001799231628090592e+00
4.735288800000000187e+00 1.001788241799429713e+00
4.741482300000000372e+00 1.001777235178251457e+00
4.747675899999999949e+00 1.001766164343222298e+00
4.753869400000000134e+00 1.001754984895380840e+00
4.760062999999999711e+00 1.001743655321888138e+00
4.766256499999999896e+00 1.001732139629857299e+00
4.772450000000000081e+00 1.001720407113106726e+00
4.778643599999999658e+00 1.001708433751291150e+00
4.784837099999999843e+00 1.001696203470830548e+00
4.791071399999999869e+00 1.001683624225823133e+00
4.797265000000000335e+00 1.001670859854265405e+00
4.803458499999999631e+00 1.001657836751617792e+00
4.809651999999999816e+00 1.001644569877711222e+00
4.815845600000000282e+00 1.001631081424122716e+00
4.822039099999999578e+00 1.001617400783015421e+00
4.828232700000000044e+00 1.001603562122421076e+00
4.834426200000000229e+00 1.001589605094397983e+00
4.840619700000000414e+00 1.001575572089755228e+00
4.846813299999999991e+00 1.001561507619907143e+00
4.853006800000000176e+00 1.001547457664219154e+00
4.859200399999999753e+00 1.001533466726001631e+00
4.865393899999999938e+00 1.001519578313761816e+00
4.871587500000000404e+00 1.001505831872346208e+00
4.877780999999999700e+00 1.001492263412269379e+00
4.883974499999999885e+00 1.001478902927268155e+00
4.890168100000000351e+00 1.001465774220377414e+00
4.896361599999999648e+00 1.001452894864049759e+00
4.902555200000000113e+00 1.001440274278574849e+00
4.908748700000000298e+00 1.001427915172927285e+00
4.914942199999999595e+00 1.001415812117394832e+00
4.921135800000000060e+00 1.001403952412089238e+00
4.927329300000000245e+00 1.001392317102500984e+00
4.933522899999999822e+00 1.001380880312693344e+00
4.939757199999999848e+00 1.001369537845997915e+00
4.945950700000000033e+00 1.001358402649280777e+00
4.952144200000000218e+00 1.001347361656442114e+00
4.958337799999999795e+00 1.001336374415146668e+00
4.964531299999999980e+00 1.001325400317059522e+00
4.970724899999999558e+00 1.001314398634887803e+00
4.976918399999999743e+00 1.001303331192594737e+00
4.983112000000000208e+00 1.001292162123923468e+00
4.989305500000000393e+00 1.001280860383710447e+00
4.995498999999999690e+00 1.001269399432328733e+00
5.001692600000000155e+00 1.001257758543741216e+00
5.007886100000000340e+00 1.001245923971618268e+00
5.014079699999999917e+00 1.001233888011798800e+00
5.020273200000000102e+00 1.001221650701256127e+00
5.026466799999999679e+00 1.001209218212907093e+00
5.032660299999999864e+00 1.001196604167429394e+00
5.038853800000000049e+00 1.001183827758925560e+00
5.045047399999999627e+00 1.001170913675544005e+00
5.051240899999999812e+00 1.001157891895464669e+00
5.057434500000000277e+00 1.001144795237663088e+00
5.063627999999999574e+00 1.001131659942767538e+00
5.069821499999999759e+00 1.001118523019345119e+00
5.076015100000000224e+00 1.001105421660841044e+00
5.082208600000000409e+00 1.001092392661045771e+00
5.088402199999999986e+00 1.001079469754043716e+00
5.094636500000000012e+00 1.001066600477219293e+00
5.100830000000000197e+00 1.001053979701335361e+00
5.107023500000000382e+00 1.001041544011699536e+00
5.113217099999999959e+00 1.001029308633761827e+00
5.119410600000000144e+00 1.001017283019213888e+00
5.125604199999999722e+00 1.001005469183632313e+00
5.131797699999999907e+00 1.000993863188139432e+00
5.137991300000000372e+00 1.000982453760337565e+00
5.144184799999999669e+00 1.000971224155472683e+00
5.150378299999999854e+00 1.000960151422886302e+00
5.156571900000000319e+00 1.000949207718330847e+00
5.162765399999999616e+00 1.000938361731905424e+00
5.168959000000000081e+00 1.000927578495826697e+00
5.175152500000000266e+00 1.000916821927643197e+00
5.181345999999999563e+00 1.000906054810858370e+00
5.187539600000000029e+00 1.000895240542605702e+00
5.193733100000000213e+00 1.000884344869331866e+00
5.199926699999999791e+00 1.000873335818614374e+00
5.206120199999999976e+00 1.000862186175601964e+00
5.212313800000000441e+00 1.000850873000584063e+00
5.218507299999999738e+00 1.000839379856902633e+00
5.224700799999999923e+00 1.000827696143336887e+00
5.230894400000000388e+00 1.000815818031510318e+00
5.237087899999999685e+00 1.000803749242488161e+00
5.243322199999999711e+00 1.000791418602449578e+00
5.249515800000000176e+00 1.000779004370949021e+00
5.255709300000000361e+00 1.000766450025278198e+00
5.261902799999999658e+00 1.000753784077387021e+00
5.268096400000000123e+00 1.000741039684839517e+00
5.274289900000000308e+00 1.000728254253219207e+00
5.280483499999999886e+00 1.000715466844238177e+00
5.286677000000000071e+00 1.000702718582011208e+00
5.292870500000000256e+00 1.000690049912199786e+00
5.299064099999999833e+00 1.000677499918072533e+00
5.305257600000000018e+00 1.000665105641630914e+00
5.311451199999999595e+00 1.000652899459461453e+00
5.317644699999999780e+00 1.000640909577015902e+00
5.323838300000000245e+00 1.000629157493808208e+00
5.330031800000000430e+00 1.000617658765946549e+00
5.336225299999999727e+00 1.000606421086360776e+00
5.342418900000000193e+00 1.000595444513256771e+00
5.348612400000000378e+00 1.000584721859576920e+00
5.354805999999999955e+00 1.000574237581405068e+00
5.360999500000000140e+00 1.000563969524239427e+00
5.367193099999999717e+00 1.000553888159396276e+00
5.373386599999999902e+00 1.000543958720770288e+00
5.379580100000000087e+00 1.000534141059081783e+00
5.385773699999999664e+00 1.000524391303173832e+00
5.391967199999999849e+00 1.000514663618501832e+00
5.398201499999999875e+00 1.000504846212242116e+00
5.404395100000000340e+00 1.000495020357069942e+00
5.410588599999999637e+00 1.000485077283239876e+00
5.416782099999999822e+00 1.000474975095128505e+00
5.422975700000000288e+00 1.000464676442305523e+00
5.429169199999999584e+00 1.000454150227833683e+00
5.435362800000000050e+00 1.000443371473577869e+00
5.441556300000000235e+00 1.000432323527541634e+00
5.447749800000000420e+00 1.000420997481245688e+00
5.453943399999999997e+00 1.000409393056264307e+00
5.460136900000000182e+00 1.000397519315327610e+00
5.466330499999999759e+00 1.000385393206968399e+00
5.472523999999999944e+00 1.000373040703329330e+00
5.478717600000000409e+00 1.000360494588651283e+00
5.484911099999999706e+00 1.000347795168983867e+00
5.491104599999999891e+00 1.000334987766137163e+00
5.497298200000000357e+00 1.000322122039454031e+00
5.503491699999999653e+00 1.000309251192422755e+00
5.509685300000000119e+00 1.000296428989229769e+00
5.515878800000000304e+00 1.000283709823198475e+00
5.522072299999999601e+00 1.000271145662587458e+00
5.528265900000000066e+00 1.000258785114153115e+00
5.534459400000000251e+00 1.000246672524246039e+00
5.540652999999999828e+00 1.000234845233389791e+00
5.546887299999999854e+00 1.000223259219176208e+00
5.553080800000000039e+00 1.000212087967959684e+00
5.559274300000000224e+00 1.000201267338985733e+00
5.565467899999999801e+00 1.000190800313030648e+00
5.571661399999999986e+00 1.000180680574227488e+00
5.577854999999999563e+00 1.000170891434674969e+00
5.584048499999999748e+00 1.000161407525111068e+00
5.590242100000000214e+00 1.000152194190005117e+00
5.596435600000000399e+00 1.000143209637979869e+00
5.602629099999999696e+00 1.000134405048153763e+00
5.608822700000000161e+00 1.000125726390766578e+00
5.615016200000000346e+00 1.000117116359788616e+00
5.621209799999999923e+00 1.000108515039425328e+00
5.627403300000000108e+00 1.000099862737819922e+00
5.633596800000000293e+00 1.000091100753401685e+00
5.639790399999999870e+00 1.000082173494061699e+00
5.645983900000000055e+00 1.000073030549141873e+00
5.652177499999999633e+00 1.000063627176577929e+00
5.658370999999999817e+00 1.000053926820833272e+00
5.664564600000000283e+00 1.000043901018137893e+00
5.670758099999999580e+00 1.000033531529236352e+00
5.676951599999999765e+00 1.000022809824684611e+00
5.683145200000000230e+00 1.000011737859441086e+00
5.689338700000000415e+00 1.000000328646359460e+00
5.695532299999999992e+00 9.999886046983248455e-01
5.701766600000000018e+00 9.999765189711904423e-01
