6.126431699999999869e-02 6.461955741889813254e-01
6.746437800000000540e-02 6.469921667696502121e-01
7.366443899999999823e-02 6.478418194429518273e-01
7.986490799999999834e-02 6.487391576293127793e-01
8.606497000000000452e-02 6.496786407891615989e-01
9.226543900000000464e-02 6.506551091754481098e-01
9.846549999999999747e-02 6.516634284172915237e-01
1.046659699999999971e-01 6.526991461882208911e-01
1.108660300000000043e-01 6.537581125606827248e-01
1.170665000000000039e-01 6.548371794103473587e-01
1.232665599999999972e-01 6.559337943897887158e-01
1.294666200000000045e-01 6.570466449622877070e-01
1.356670899999999902e-01 6.581755870795074070e-01
1.418671499999999974e-01 6.593215377738944616e-01
1.480676200000000109e-01 6.604870991467858277e-01
1.542676799999999904e-01 6.616760195743091044e-01
1.604681500000000038e-01 6.628938423139806302e-01
1.666682100000000111e-01 6.641472615864567608e-01
1.728686799999999968e-01 6.654447057780298325e-01
1.790687400000000040e-01 6.667955547464369248e-01
1.852688100000000060e-01 6.682105627040264562e-01
1.914692699999999970e-01 6.697013808555294379e-01
1.976693399999999989e-01 6.712799907279008993e-01
2.038697999999999899e-01 6.729590522046876577e-01
2.100698699999999919e-01 6.747507536830210650e-01
2.162703400000000054e-01 6.766672944782172738e-01
2.224704000000000126e-01 6.787195929180507292e-01
2.286704599999999921e-01 6.809177838441509145e-01
2.348709300000000055e-01 6.832705610756452108e-01
2.410709900000000128e-01 6.857843907647688253e-01
2.472714599999999985e-01 6.884644091651103137e-01
2.534715200000000057e-01 6.913129405779214753e-01
2.596719900000000192e-01 6.943308363166837971e-01
2.658720500000000264e-01 6.975159588480225326e-01
2.720725199999999844e-01 7.008648354261627356e-01
2.782725799999999916e-01 7.043710908715508090e-01
2.844726399999999988e-01 7.080271362528350876e-01
2.906731100000000123e-01 7.118237520702574983e-01
2.968731700000000195e-01 7.157495196994140274e-01
3.030736399999999775e-01 7.197928435925277091e-01
3.092736999999999847e-01 7.239401270650388520e-01
3.154741699999999982e-01 7.281781528211554999e-01
3.216742300000000054e-01 7.324921291838478732e-01
3.278747000000000189e-01 7.368681494114998065e-01
3.340747600000000261e-01 7.412911186535714458e-01
3.402752299999999841e-01 7.457472504641367017e-01
3.464752899999999913e-01 7.502218984372115429e-01
3.526753499999999986e-01 7.547017614016380271e-01
3.588758200000000120e-01 7.591741315436900672e-01
3.650758800000000193e-01 7.636261192052673508e-01
3.712763499999999772e-01 7.680468171942815836e-01
3.774764199999999792e-01 7.724250387390475536e-01
3.836768799999999979e-01 7.767516857769787286e-01
3.898769499999999999e-01 7.810175668451372344e-01
3.960770100000000071e-01 7.852153504106740289e-01
4.022774800000000206e-01 7.893387888005671815e-01
4.084763100000000091e-01 7.933811035460084371e-01
4.146780099999999858e-01 7.973408539753998880e-01
4.208797000000000232e-01 8.012128492205139452e-01
4.270773099999999878e-01 8.049923762598873989e-01
4.332790100000000200e-01 8.086831413100938892e-01
4.394807000000000019e-01 8.122822600178681851e-01
4.456783100000000220e-01 8.157879517216278797e-01
4.518800000000000039e-01 8.192060793778641603e-01
4.580776200000000187e-01 8.225340522049464642e-01
4.642793100000000006e-01 8.257786907245279195e-01
4.704809999999999826e-01 8.289406624244070043e-01
4.766786199999999973e-01 8.320211622754836167e-01
4.828803099999999793e-01 8.350276173086049747e-01
4.890820000000000167e-01 8.379614340887613366e-01
4.952796199999999760e-01 8.408241700648437789e-01
5.014813099999999579e-01 8.436228558886451623e-01
5.076829999999999954e-01 8.463586276416035226e-01
5.138806200000000102e-01 8.490324760714019758e-01
5.200823100000000476e-01 8.516502680616078180e-01
5.262839999999999741e-01 8.542121708742584918e-01
5.324816199999999888e-01 8.567180612919224059e-01
5.386833100000000263e-01 8.591722915687183271e-01
5.448849999999999527e-01 8.615738289933697613e-01
5.510826199999999675e-01 8.639213775202689849e-01
5.572843100000000049e-01 8.662178903588912959e-01
5.634819300000000197e-01 8.684599213027636155e-01
5.696836199999999462e-01 8.706497466102299798e-01
5.758853099999999836e-01 8.727850448026230890e-01
5.820829299999999984e-01 8.748635526346865143e-01
5.882846200000000358e-01 8.768870784246943773e-01
5.944863099999999623e-01 8.788533898959612900e-01
6.006839200000000378e-01 8.807605498086863438e-01
6.068856200000000145e-01 8.826105887107292824e-01
6.130873100000000520e-01 8.844020207352288887e-01
6.192849200000000165e-01 8.861338527787177011e-01
6.254866199999999932e-01 8.878088626122543348e-01
6.316883100000000306e-01 8.894267792416921115e-01
6.378859199999999952e-01 8.909879030865892613e-01
6.440876100000000326e-01 8.924960110760422616e-01
6.502852300000000474e-01 8.939512435092459297e-01
6.564869199999999738e-01 8.953580130855396391e-01
6.626886100000000113e-01 8.967181893715761021e-01
6.688862300000000261e-01 8.980340534023948385e-01
6.750879199999999525e-01 8.993106929359400148e-01
6.812896099999999899e-01 9.005507529024885383e-01
6.874872300000000047e-01 9.017570616770638203e-01
6.936889200000000422e-01 9.029348220692575699e-01
6.998906099999999686e-01 9.040867831873162785e-01
7.060882299999999834e-01 9.052156166025144834e-01
7.122899200000000208e-01 9.063259918388242298e-01
7.184916099999999473e-01 9.074200666105816104e-01
7.246892299999999620e-01 9.084997035510392616e-01
7.308909199999999995e-01 9.095685045062493757e-01
7.370885400000000143e-01 9.106268349687537400e-01
7.432902300000000517e-01 9.116774229273175711e-01
7.494919199999999782e-01 9.127204728158442304e-01
7.556895399999999929e-01 9.137557827383662179e-01
7.618912300000000304e-01 9.147847839813365578e-01
7.680929199999999568e-01 9.158064957871131506e-01
7.742905300000000324e-01 9.168196291773493822e-01
7.804922300000000090e-01 9.178246212823794048e-01
7.866939200000000465e-01 9.188196841063247522e-01
7.928915300000000110e-01 9.198029062155497204e-01
7.990932299999999877e-01 9.207742231319124837e-01
8.052949200000000252e-01 9.217315901480478413e-01
8.114925299999999897e-01 9.226730345815755685e-01
8.176942200000000271e-01 9.235985229242972272e-01
8.238959200000000038e-01 9.245062934873869986e-01
8.300935299999999684e-01 9.253948044751910684e-01
8.362952200000000058e-01 9.262644793363143947e-01
8.424928400000000206e-01 9.271136647623455795e-01
8.486945299999999470e-01 9.279432181838942473e-01
8.548962199999999845e-01 9.287525767646528374e-01
8.610938399999999993e-01 9.295414868461360225e-01
8.672955300000000367e-01 9.303114868516656477e-01
8.734972199999999631e-01 9.310627790893336586e-01
8.796948399999999779e-01 9.317958114945869008e-01
8.858965300000000154e-01 9.325126328892103800e-01
8.920982200000000528e-01 9.332139669944415905e-01
8.982958399999999566e-01 9.339006600977595163e-01
9.044975299999999940e-01 9.345749442709255783e-01
9.106992200000000315e-01 9.352376887779690895e-01
9.168968400000000463e-01 9.358897443572155028e-01
9.230985299999999727e-01 9.365331540686617773e-01
9.292961499999999875e-01 9.371681354354248761e-01
9.354978400000000249e-01 9.377964322288652177e-01
9.416995299999999514e-01 9.384183591419182902e-01
9.478971499999999661e-01 9.390340563224591763e-01
9.540988400000000036e-01 9.396446757579013376e-01
9.603005300000000410e-01 9.402499558301569138e-01
9.664981400000000056e-01 9.408494570636474208e-01
9.726998399999999823e-01 9.414437469591161456e-01
9.789015300000000197e-01 9.420320491096911830e-01
9.850991399999999842e-01 9.426134771635554799e-01
9.913008399999999609e-01 9.431881928798008241e-01
9.975025299999999984e-01 9.437551395878113203e-01
1.003700100000000095e+00 9.443132503876784378e-01
1.009901799999999961e+00 9.448625740154740216e-01
1.016099499999999933e+00 9.454017357063070337e-01
1.022301099999999963e+00 9.459308391390843784e-01
1.028502800000000050e+00 9.464490656747251984e-01
1.034700500000000023e+00 9.469557228111044056e-01
1.040902100000000052e+00 9.474512393005136701e-01
1.047103799999999918e+00 9.479352397051696855e-01
1.053301400000000054e+00 9.484075107858785936e-01
1.059503099999999920e+00 9.488689463979016470e-01
1.065704800000000008e+00 9.493196602231701586e-01
1.071902399999999922e+00 9.497599439617090411e-01
1.078104100000000010e+00 9.501910929368020398e-01
1.084305800000000097e+00 9.506136378091027961e-01
1.090503400000000012e+00 9.510282183857414751e-01
1.096705100000000099e+00 9.514363521879403152e-01
1.102906799999999965e+00 9.518387590034789181e-01
1.109104400000000101e+00 9.522361689702615317e-01
1.115306099999999967e+00 9.526300627701433932e-01
1.121503799999999940e+00 9.530208136765339066e-01
1.127705399999999969e+00 9.534097147035269781e-01
1.133907100000000057e+00 9.537972031098871373e-01
1.140104800000000029e+00 9.541835642922791294e-01
1.146306400000000059e+00 9.545696803906239536e-01
1.152508099999999924e+00 9.549555446450421758e-01
1.158705799999999897e+00 9.553409703805506581e-01
1.164907399999999926e+00 9.557263583175108490e-01
1.171109100000000014e+00 9.561112314280002522e-01
1.177306799999999987e+00 9.564949595163997342e-01
1.183508400000000016e+00 9.568775377833071971e-01
1.189710100000000104e+00 9.572581410714467998e-01
1.195907800000000076e+00 9.576358606712270793e-01
1.202109400000000106e+00 9.580104754696836533e-01
1.208307100000000078e+00 9.583807967644810688e-01
1.214508799999999944e+00 9.587465904832576102e-01
1.220710399999999973e+00 9.591069428062883873e-01
1.226908099999999946e+00 9.594610345903946680e-01
1.233109800000000034e+00 9.598087981918618228e-01
1.239311400000000063e+00 9.601495820705061579e-01
1.245509100000000036e+00 9.604828869057236984e-01
1.251710799999999901e+00 9.608089677542898110e-01
1.257912399999999931e+00 9.611275654494689791e-01
1.264110099999999903e+00 9.614385888229524113e-01
1.270311799999999991e+00 9.617426601213341364e-01
1.276513400000000020e+00 9.620399177905724075e-01
1.282711099999999993e+00 9.623306390437645907e-01
1.288912700000000022e+00 9.626157328904368926e-01
1.295110399999999995e+00 9.628954534640271623e-01
1.301312100000000083e+00 9.631708182299705268e-01
1.307513699999999890e+00 9.634423261315516740e-01
1.313711400000000085e+00 9.637104988009245199e-01
1.319913099999999950e+00 9.639763383330387514e-01
1.326114699999999980e+00 9.642402799802894942e-01
1.332312399999999952e+00 9.645027088596498377e-01
1.338514100000000040e+00 9.647644192164516186e-01
1.344715700000000069e+00 9.650255972258049431e-01
1.350913400000000042e+00 9.652863330957928145e-01
1.357115099999999908e+00 9.655470931913938681e-01
1.363316699999999937e+00 9.658077218312824952e-01
1.369514399999999910e+00 9.660679623703773977e-01
1.375716099999999997e+00 9.663279428751092581e-01
1.381913699999999912e+00 9.665870253078199248e-01
1.388115399999999999e+00 9.668451734044197776e-01
1.394317100000000087e+00 9.671017734778224462e-01
1.400514700000000001e+00 9.673561729100919049e-01
1.406716400000000089e+00 9.676082013820035410e-01
1.412918099999999955e+00 9.678571820977531770e-01
1.419115700000000091e+00 9.681024669569415764e-01
1.425317399999999957e+00 9.683439345119295716e-01
1.431519100000000044e+00 9.685810343963914271e-01
1.437716699999999959e+00 9.688133031470963497e-01
1.443918400000000046e+00 9.690408254084319495e-01
1.450120099999999912e+00 9.692633215685843018e-01
1.456317700000000048e+00 9.694806296813702762e-01
1.462519399999999914e+00 9.696931240584947265e-01
1.468721100000000002e+00 9.699008509928679356e-01
1.474918699999999916e+00 9.701039684097209070e-01
1.481120400000000004e+00 9.703031254360894309e-01
1.487317999999999918e+00 9.704985155435463806e-01
1.493519700000000006e+00 9.706909155241936205e-01
1.499721400000000093e+00 9.708807565252608462e-01
1.505919000000000008e+00 9.710684996464091778e-01
1.512120700000000095e+00 9.712549802437894231e-01
1.518322399999999961e+00 9.714406424479705704e-01
1.524520000000000097e+00 9.716258940371161890e-01
1.530721699999999963e+00 9.718114528644966610e-01
1.536923400000000051e+00 9.719975953935245938e-01
1.543120999999999965e+00 9.721845088668604751e-01
1.549322700000000053e+00 9.723726534060876947e-01
1.555524399999999918e+00 9.725620134743542256e-01
1.561722000000000055e+00 9.727524623877750187e-01
1.567923699999999920e+00 9.729441448827254035e-01
1.574121300000000057e+00 9.731365984832216487e-01
1.580322999999999922e+00 9.733297752707086303e-01
1.586524700000000010e+00 9.735231640194712543e-01
1.592722299999999924e+00 9.737161863114487392e-01
1.598924000000000012e+00 9.739085971696256339e-01
1.605125700000000100e+00 9.740997369908087622e-01
1.611323300000000014e+00 9.742889379198353961e-01
1.617525000000000102e+00 9.744759152921909084e-01
1.623726699999999967e+00 9.746600354089780538e-01
1.629924300000000104e+00 9.748407176790145900e-01
1.636125999999999969e+00 9.750178012231276448e-01
1.642327700000000057e+00 9.751908415314126666e-01
1.648525299999999971e+00 9.753594925161253038e-01
1.654727000000000059e+00 9.755238376857504612e-01
1.660924599999999973e+00 9.756836213935551338e-01
1.667126300000000061e+00 9.758391194268954960e-01
1.673327999999999927e+00 9.759903897497941294e-01
1.679525600000000063e+00 9.761375964904972502e-01
1.685727299999999929e+00 9.762812806227506579e-01
1.691929000000000016e+00 9.764217639744655619e-01
1.698126599999999931e+00 9.765594361899666564e-01
1.704328300000000018e+00 9.766950017045281651e-01
1.710530000000000106e+00 9.768289154921588890e-01
1.716727600000000020e+00 9.769616420509507071e-01
1.722929300000000108e+00 9.770938946143177262e-01
1.729130999999999974e+00 9.772260901343149397e-01
1.735328600000000110e+00 9.773585954808723386e-01
1.741530299999999976e+00 9.774919747223957955e-01
1.747732000000000063e+00 9.776264505930883919e-01
1.753929599999999978e+00 9.777621543154784156e-01
1.760131300000000065e+00 9.778993914980628199e-01
1.766328899999999980e+00 9.780380083864761431e-01
1.772530600000000067e+00 9.781781183662811019e-01
1.778732299999999933e+00 9.783194665185881433e-01
1.784929900000000069e+00 9.784617086211800929e-01
1.791131599999999935e+00 9.786047075952001295e-01
1.797333300000000023e+00 9.787479817188602382e-01
1.803530899999999937e+00 9.788910013527725162e-01
1.809732600000000025e+00 9.790334902675776885e-01
1.815934299999999890e+00 9.791748750988340522e-01
1.822131900000000027e+00 9.793145903230966454e-01
1.828333599999999892e+00 9.794523697557309116e-01
1.834535299999999980e+00 9.795877080810172499e-01
1.840732899999999894e+00 9.797201603833287642e-01
1.846934599999999982e+00 9.798496108256259385e-01
1.853132199999999896e+00 9.799756749450728721e-01
1.859333899999999984e+00 9.800983914494832971e-01
1.865535600000000072e+00 9.802176378914109200e-01
1.871733199999999986e+00 9.803333926673406529e-01
1.877934900000000074e+00 9.804459527981649325e-01
1.884136599999999939e+00 9.805554696828616690e-01
1.890334200000000076e+00 9.806621798327661566e-01
1.896535899999999941e+00 9.807665968821208669e-01
1.902737600000000029e+00 9.808690751803443852e-01
1.908935199999999943e+00 9.809700121373602366e-01
1.915136900000000031e+00 9.810700262226382806e-01
1.921338599999999897e+00 9.811695393923886011e-01
1.927536200000000033e+00 9.812689613523641885e-01
1.933737899999999899e+00 9.813688683092668397e-01
1.939935500000000035e+00 9.814695259130884475e-01
1.946137199999999901e+00 9.815714047103437645e-01
1.952338899999999988e+00 9.816747033149527679e-01
1.958536499999999902e+00 9.817795348536760836e-01
1.964738199999999990e+00 9.818861330581943880e-01
1.970939900000000078e+00 9.819944333913303014e-01
1.977137499999999992e+00 9.821042765779757211e-01
1.983339200000000080e+00 9.822156353287289088e-01
1.989540899999999946e+00 9.823281849970638691e-01
1.995738500000000082e+00 9.824415277109568301e-01
2.001940199999999948e+00 9.825554328234860080e-01
2.008141900000000035e+00 9.826694006146110549e-01
2.014339500000000172e+00 9.827829024548310199e-01
2.020541199999999815e+00 9.828956224763891747e-01
2.026742899999999903e+00 9.830070231450750429e-01
2.032940500000000039e+00 9.831165907101603318e-01
2.039142200000000127e+00 9.832240642236641515e-01
2.045339799999999819e+00 9.833289459195433402e-01
2.051541499999999907e+00 9.834310809159951816e-01
2.057743199999999995e+00 9.835301777280515134e-01
2.063940800000000131e+00 9.836260331051908112e-01
2.070142500000000219e+00 9.837187182567879162e-01
2.076344199999999862e+00 9.838082003538630715e-01
2.082541799999999999e+00 9.838945412530455403e-01
2.088743500000000086e+00 9.839780554395597401e-01
2.094945200000000174e+00 9.840589606869029060e-01
2.101142799999999866e+00 9.841375476413452006e-01
2.107344499999999954e+00 9.842143162667521539e-01
2.113546200000000042e+00 9.842896505452570777e-01
2.119743800000000178e+00 9.843639634829178808e-01
2.125945499999999821e+00 9.844378242321712991e-01
2.132143099999999958e+00 9.845115982541307043e-01
2.138344800000000046e+00 9.845858232417615818e-01
2.144546500000000133e+00 9.846608520303063994e-01
2.150744099999999825e+00 9.847369828692307259e-01
2.156945799999999913e+00 9.848146010441035658e-01
2.163147500000000001e+00 9.848938675634619777e-01
2.169345100000000137e+00 9.849748587538248445e-01
2.175546799999999781e+00 9.850577281416671438e-01
2.181748499999999868e+00 9.851423843982656248e-01
2.187946100000000005e+00 9.852286492546530328e-01
2.194147800000000093e+00 9.853164392879382172e-01
2.200349500000000180e+00 9.854054313212257110e-01
2.206547099999999872e+00 9.854952404337576910e-01
2.212748799999999960e+00 9.855856139798241378e-01
2.218946400000000096e+00 9.856760287031469669e-01
2.225148100000000184e+00 9.857661821236718414e-01
2.231349799999999828e+00 9.858555891793340242e-01
2.237547399999999964e+00 9.859437788899589883e-01
2.243749100000000052e+00 9.860304815998002237e-01
2.249950800000000140e+00 9.861152919212718970e-01
2.256148399999999832e+00 9.861978612280525303e-01
2.262350099999999919e+00 9.862780659543259887e-01
2.268551800000000007e+00 9.863556874568797372e-01
2.274749400000000144e+00 9.864305889022654261e-01
2.280951099999999787e+00 9.865028590823816668e-01
2.287152799999999875e+00 9.865725151811558513e-01
2.293350400000000011e+00 9.866396565101890337e-01
2.299552100000000099e+00 9.867045847850496321e-01
2.305749699999999791e+00 9.867674890793491915e-01
2.311951399999999879e+00 9.868287801471479215e-01
2.318153099999999966e+00 9.868887840560854885e-01
2.324350700000000103e+00 9.869478576007215676e-01
2.330552400000000191e+00 9.870064875288417916e-01
2.336754099999999834e+00 9.870650418009389027e-01
2.342951699999999970e+00 9.871238724997919434e-01
2.349153400000000058e+00 9.871834184180205973e-01
2.355355100000000146e+00 9.872439591230237621e-01
2.361552699999999838e+00 9.873057176665823720e-01
2.367754399999999926e+00 9.873689769839002484e-01
2.373956100000000013e+00 9.874338282461089245e-01
2.380153700000000150e+00 9.875002846526629297e-01
2.386355399999999793e+00 9.875684166237438388e-01
2.392557099999999881e+00 9.876380893667051630e-01
2.398754700000000017e+00 9.877090942581245869e-01
2.404956400000000105e+00 9.877813007611609963e-01
2.411153999999999797e+00 9.878543344862871223e-01
2.417355699999999885e+00 9.879279687041248037e-01
2.423557399999999973e+00 9.880017995140324416e-01
2.429755000000000109e+00 9.880754031231340218e-01
2.435956700000000197e+00 9.881484959221396025e-01
2.442158399999999840e+00 9.882206554543880861e-01
2.448355999999999977e+00 9.882914823543046401e-01
2.454557700000000064e+00 9.883607504341793693e-01
2.460759400000000152e+00 9.884281362993327935e-01
2.466956999999999844e+00 9.884933749521996882e-01
2.473158699999999932e+00 9.885563913183453844e-01
2.479360400000000020e+00 9.886170466216882557e-01
2.485558000000000156e+00 9.886752780075734881e-01
2.491759699999999800e+00 9.887312079196773906e-01
2.497957299999999936e+00 9.887848765372377891e-01
2.504159000000000024e+00 9.888365338754742107e-01
2.510360700000000111e+00 9.888863813004111769e-01
2.516558299999999804e+00 9.889346750027528943e-01
2.522759999999999891e+00 9.889818063462822995e-01
2.528961699999999979e+00 9.890280989209224716e-01
2.535159300000000115e+00 9.890738942864615302e-01
2.541361000000000203e+00 9.891196272421033386e-01
2.547562699999999847e+00 9.891656312130543416e-01
2.553760299999999983e+00 9.892122155702728348e-01
2.559962000000000071e+00 9.892597469911286190e-01
2.566163700000000158e+00 9.893084543163982447e-01
2.572361299999999851e+00 9.893585087502891895e-01
2.578562999999999938e+00 9.894101199043435768e-01
2.584760600000000075e+00 9.894632970785537385e-01
2.590962300000000162e+00 9.895181204241563222e-01
2.597163999999999806e+00 9.895744976631287715e-01
2.603361599999999942e+00 9.896322678882923940e-01
2.609563300000000030e+00 9.896913258800666968e-01
2.615765000000000118e+00 9.897513997556229848e-01
2.621962599999999810e+00 9.898121715112438990e-01
2.628164299999999898e+00 9.898734108888859184e-01
2.634365999999999985e+00 9.899347451339883808e-01
2.640563600000000122e+00 9.899957912147953065e-01
2.646765300000000209e+00 9.900562893208869619e-01
2.652966999999999853e+00 9.901158720693279403e-01
2.659164599999999989e+00 9.901741995936194085e-01
2.665366300000000077e+00 9.902310828540314969e-01
2.671568000000000165e+00 9.902862608060629679e-01
2.677765599999999857e+00 9.903395285462953668e-01
2.683967299999999945e+00 9.903908435352366535e-01
2.690164900000000081e+00 9.904400856913548878e-01
2.696366600000000169e+00 9.904873300581680251e-01
2.702568299999999812e+00 9.905326147577764306e-01
2.708765899999999949e+00 9.905760416411167890e-01
2.714967600000000036e+00 9.906178517961925500e-01
2.721169300000000124e+00 9.906582465808925209e-01
2.727366899999999816e+00 9.906974695723211877e-01
2.733568599999999904e+00 9.907358704682563966e-01
2.739770299999999992e+00 9.907737389273878481e-01
2.745967900000000128e+00 9.908113726193213955e-01
2.752169600000000216e+00 9.908491387740887557e-01
2.758371299999999859e+00 9.908873137920807261e-01
2.764568899999999996e+00 9.909261460818954426e-01
2.770770600000000083e+00 9.909659247264541726e-01
2.776968200000000220e+00 9.910067899630070620e-01
2.783169899999999863e+00 9.910489376979592091e-01
2.789371599999999951e+00 9.910924274780286147e-01
2.795569200000000087e+00 9.911372572071535103e-01
2.801770900000000175e+00 9.911834557655766487e-01
2.807972599999999819e+00 9.912309068659269640e-01
2.814170199999999955e+00 9.912794381876138816e-01
2.820371900000000043e+00 9.913289270629582761e-01
2.826573600000000130e+00 9.913791149482711340e-01
2.832771199999999823e+00 9.914297102843351306e-01
2.838972899999999910e+00 9.914805005408040550e-01
2.845174599999999998e+00 9.915311613221647891e-01
2.851372200000000134e+00 9.915813676371288965e-01
2.857573899999999778e+00 9.916309035265108429e-01
2.863775599999999866e+00 9.916794724297034458e-01
2.869973200000000002e+00 9.917268088283293093e-01
2.876174900000000090e+00 9.917727774155952192e-01
2.882372600000000062e+00 9.918171636352530740e-01
2.888574199999999870e+00 9.918599180058984555e-01
2.894775899999999957e+00 9.919009586129584610e-01
2.900973500000000094e+00 9.919402588766121909e-01
2.907175200000000181e+00 9.919779237807119232e-01
2.913376899999999825e+00 9.920140311263876409e-01
2.919574499999999961e+00 9.920487102175141736e-01
2.925776200000000049e+00 9.920822005154948942e-01
2.931977900000000137e+00 9.921147071212763624e-01
2.938175499999999829e+00 9.921464642187295402e-01
2.944377199999999917e+00 9.921777859772163977e-01
2.950578900000000004e+00 9.922089309469926954e-01
2.956776500000000141e+00 9.922401555609762225e-01
2.962978199999999784e+00 9.922717656628476934e-01
2.969175900000000201e+00 9.923039623993865632e-01
2.975377500000000008e+00 9.923369989828088045e-01
2.981579200000000096e+00 9.923710304019424111e-01
2.987776900000000069e+00 9.924061638038522704e-01
2.993978499999999876e+00 9.924425266271204027e-01
3.000180199999999964e+00 9.924801300055584585e-01
3.006377899999999936e+00 9.925189291176971240e-01
3.012579500000000188e+00 9.925589047933767173e-01
3.018781199999999831e+00 9.925999182578043589e-01
3.024978899999999804e+00 9.926417840774900414e-01
3.031180500000000055e+00 9.926843621729424250e-01
3.037382200000000143e+00 9.927274049317352800e-01
3.043579900000000116e+00 9.927706410192159714e-01
3.049781499999999923e+00 9.928138712755544271e-01
3.055979199999999896e+00 9.928567847028593185e-01
3.062180899999999983e+00 9.928991856380253722e-01
3.068382499999999791e+00 9.929408103392270979e-01
3.074580200000000207e+00 9.929814223875141899e-01
3.080781899999999851e+00 9.930208922697829621e-01
3.086983500000000102e+00 9.930590481265123559e-01
3.093181200000000075e+00 9.930957646940389294e-01
3.099382900000000163e+00 9.931310302205828000e-01
3.105584499999999970e+00 9.931648079019407271e-01
3.111782199999999943e+00 9.931971128693988238e-01
3.117983800000000194e+00 9.932280651636721247e-01
3.124185499999999838e+00 9.932577657704750873e-01
3.130383199999999810e+00 9.932863546381065500e-01
3.136584800000000062e+00 9.933140581086566945e-01
3.142782500000000034e+00 9.933410554086269384e-01
3.148984200000000122e+00 9.933676117298309016e-01
3.155185799999999929e+00 9.933939480948654754e-01
3.161383499999999902e+00 9.934202868613846160e-01
3.167585199999999990e+00 9.934468909668818792e-01
3.173786799999999797e+00 9.934739552311261379e-01
3.179984500000000214e+00 9.935016498861788392e-01
3.186186199999999857e+00 9.935301664021738421e-01
3.192387800000000109e+00 9.935596063583469473e-01
3.198585500000000081e+00 9.935900300158063692e-01
3.204787200000000169e+00 9.936215126738457970e-01
3.210988799999999976e+00 9.936540274866334510e-01
3.217186499999999949e+00 9.936875038996110243e-01
3.223388200000000037e+00 9.937218946689511112e-01
3.229589799999999844e+00 9.937570514638921493e-01
3.235787499999999817e+00 9.937927943226823047e-01
3.241989199999999904e+00 9.938289857786850590e-01
3.248186800000000041e+00 9.938653773712362582e-01
3.254388500000000128e+00 9.939018050661456716e-01
3.260590200000000216e+00 9.939380294809506688e-01
3.266787799999999908e+00 9.939738164843084922e-01
3.272989499999999996e+00 9.940090151281738562e-01
3.279191200000000084e+00 9.940434223939949021e-01
3.285388800000000220e+00 9.940768627848091121e-01
3.291590499999999864e+00 9.941092576355741173e-01
3.297792199999999951e+00 9.941404964043988324e-01
3.303989800000000088e+00 9.941705093277687366e-01
3.310191500000000175e+00 9.941993251006313592e-01
3.316393199999999819e+00 9.942269518533254358e-01
3.322590799999999955e+00 9.942534389327635225e-01
3.328792500000000043e+00 9.942789233159946560e-01
3.334990100000000179e+00 9.943035046591719439e-01
3.341191799999999823e+00 9.943273754560486566e-01
3.347393499999999911e+00 9.943506997598553498e-01
3.353591100000000047e+00 9.943736568796472941e-01
3.359792800000000135e+00 9.943964781497873773e-01
3.365994499999999778e+00 9.944193486177589358e-01
3.372192099999999915e+00 9.944424451517979158e-01
3.378393800000000002e+00 9.944659754509465044e-01
3.384595500000000090e+00 9.944900801818644664e-01
3.390793099999999782e+00 9.945148716171270387e-01
3.396994799999999870e+00 9.945404800584031202e-01
3.403196499999999958e+00 9.945669522693532105e-01
3.409394100000000094e+00 9.945942961967083606e-01
3.415595800000000182e+00 9.946225372075485627e-01
3.421793399999999874e+00 9.946515908679578466e-01
3.427995099999999962e+00 9.946814142863273922e-01
3.434196800000000049e+00 9.947118762654539870e-01
3.440394400000000186e+00 9.947428175115247129e-01
3.446596099999999829e+00 9.947741192429031543e-01
3.452797799999999917e+00 9.948055862351043999e-01
3.458995400000000053e+00 9.948370142231971469e-01
3.465197100000000141e+00 9.948682594667612733e-01
3.471398799999999785e+00 9.948991205184727349e-01
3.477596399999999921e+00 9.949294081815200919e-01
3.483798100000000009e+00 9.949590104708949667e-01
3.489999800000000096e+00 9.949877775616184916e-01
3.496197399999999789e+00 9.950155888322678166e-01
3.502399099999999876e+00 9.950424090763319018e-01
3.508600799999999964e+00 9.950681804113594708e-01
3.514798400000000100e+00 9.950928817509779867e-01
3.521000100000000188e+00 9.951165746978201110e-01
3.527197699999999880e+00 9.951392895399601146e-01
3.533399399999999968e+00 9.951611483188899099e-01
3.539601100000000056e+00 9.951822545516547658e-01
3.545798700000000192e+00 9.952027360547627266e-01
3.552000399999999836e+00 9.952227780999719498e-01
3.558202099999999923e+00 9.952425363979074957e-01
3.564399700000000060e+00 9.952621723301491308e-01
3.570601400000000147e+00 9.952818846756693594e-01
3.576803099999999791e+00 9.953018255291044003e-01
3.583000699999999927e+00 9.953221326255928814e-01
3.589202400000000015e+00 9.953429648923763917e-01
3.595404100000000103e+00 9.953644173147484508e-01
3.601601699999999795e+00 9.953865556897412148e-01
3.607803399999999883e+00 9.954094597223375196e-01
3.614001000000000019e+00 9.954331177880063608e-01
3.620202700000000107e+00 9.954575478130679445e-01
3.626404400000000194e+00 9.954826898263736679e-01
3.632601999999999887e+00 9.955084528347923900e-01
3.638803699999999974e+00 9.955347711107490616e-01
3.645005400000000062e+00 9.955615058150067975e-01
3.651203000000000198e+00 9.955884996394390729e-01
3.657404699999999842e+00 9.956156369131818895e-01
3.663606399999999930e+00 9.956427419896026754e-01
3.669804000000000066e+00 9.956696387589207831e-01
3.676005700000000154e+00 9.956962097286520263e-01
3.682207399999999797e+00 9.957222946583871304e-01
3.688404999999999934e+00 9.957477504738083685e-01
3.694606700000000021e+00 9.957725048370701382e-01
3.700804300000000158e+00 9.957964431556511897e-01
3.707005999999999801e+00 9.958195420673684461e-01
3.713207699999999889e+00 9.958417591381830691e-01
3.719405300000000025e+00 9.958630837431490246e-01
3.725607000000000113e+00 9.958835764859986783e-01
3.731808700000000201e+00 9.959032832195889862e-01
3.738006299999999893e+00 9.959222773022616826e-01
3.744207999999999981e+00 9.959406916671111887e-01
3.750409700000000068e+00 9.959586394174864132e-01
3.756607300000000205e+00 9.959762481293397141e-01
3.762808999999999848e+00 9.959936881739108738e-01
3.769010699999999936e+00 9.960110974415418150e-01
3.775208300000000072e+00 9.960286107883492557e-01
3.781410000000000160e+00 9.960463892499065164e-01
3.787611699999999804e+00 9.960645455628982514e-01
3.793809299999999940e+00 9.960831732628264712e-01
3.800011000000000028e+00 9.961023809288805930e-01
3.806208600000000164e+00 9.961222020253945875e-01
3.812410299999999808e+00 9.961426946633186175e-01
3.818611999999999895e+00 9.961638498290799060e-01
3.824809600000000032e+00 9.961856288594180819e-01
3.831011300000000119e+00 9.962080097404552026e-01
3.837213000000000207e+00 9.962309027266043060e-01
3.843410599999999899e+00 9.962541950695567028e-01
3.849612299999999987e+00 9.962778025333002274e-01
3.855814000000000075e+00 9.963015812334133914e-01
3.862011600000000211e+00 9.963253782205524489e-01
3.868213299999999855e+00 9.963490843419333665e-01
3.874414999999999942e+00 9.963725448624987102e-01
3.880612600000000079e+00 9.963956125303319311e-01
3.886814300000000166e+00 9.964181974607984049e-01
3.893011899999999859e+00 9.964401655182367756e-01
3.899213599999999946e+00 9.964614612121397430e-01
3.905415300000000034e+00 9.964820080524405821e-01
3.911612900000000170e+00 9.965017565483713646e-01
3.917814599999999814e+00 9.965207224711838396e-01
3.924016299999999902e+00 9.965389087699861870e-01
3.930213900000000038e+00 9.965563464015925188e-01
3.936415600000000126e+00 9.965731250267539920e-01
3.942617300000000213e+00 9.965893213510583770e-01
3.948814899999999906e+00 9.966050321341887175e-01
3.955016599999999993e+00 9.966203996532965181e-01
3.961218300000000081e+00 9.966355449232708885e-01
3.967415900000000217e+00 9.966505946280891370e-01
3.973617599999999861e+00 9.966657052434371167e-01
3.979815199999999997e+00 9.966809881570880547e-01
3.986016900000000085e+00 9.966965851199574011e-01
3.992218600000000173e+00 9.967125932508527075e-01
3.998416199999999865e+00 9.967290902392983432e-01
4.004617900000000397e+00 9.967461650836475506e-01
4.010819599999999596e+00 9.967638502941650325e-01
4.017017199999999733e+00 9.967821513719219428e-01
4.023218899999999820e+00 9.968010844197303655e-01
4.029420599999999908e+00 9.968206039600637780e-01
4.035618200000000044e+00 9.968406389440278570e-01
4.041819900000000132e+00 9.968611365324003826e-01
4.048021600000000220e+00 9.968819855742162561e-01
4.054219200000000356e+00 9.969030590796525981e-01
4.060420900000000444e+00 9.969242613390120189e-01
4.066618499999999692e+00 9.969454348030860613e-01
4.072820199999999780e+00 9.969664766271972844e-01
4.079017799999999916e+00 9.969872318337040795e-01
4.085211400000000381e+00 9.970075825592847885e-01
4.091404899999999678e+00 9.970274359125786967e-01
4.097639199999999704e+00 9.970468273485056931e-01
4.103832699999999889e+00 9.970654326768834119e-01
4.110026300000000354e+00 9.970833333365941575e-01
4.116219799999999651e+00 9.971005048359518064e-01
4.122413400000000117e+00 9.971169485107665986e-01
4.128606900000000302e+00 9.971326892406908726e-01
4.134841200000000327e+00 9.971478737355184974e-01
4.141034699999999624e+00 9.971623746006211819e-01
4.147228300000000090e+00 9.971763837131379926e-01
4.153421800000000275e+00 9.971900066190885203e-01
4.159615399999999852e+00 9.972033616113314958e-01
4.165808900000000037e+00 9.972165735658928831e-01
4.172043200000000063e+00 9.972298579574054855e-01
4.178236700000000248e+00 9.972431676701726255e-01
4.184430299999999825e+00 9.972567090950174018e-01
4.190623800000000010e+00 9.972705899441556276e-01
4.196817399999999587e+00 9.972849036252793287e-01
4.203010899999999772e+00 9.972997240079893855e-01
4.209245199999999798e+00 9.973152075568297859e-01
4.215438699999999983e+00 9.973311814184693258e-01
4.221632299999999560e+00 9.973477505824356326e-01
4.227825799999999745e+00 9.973648953877720658e-01
4.234019400000000211e+00 9.973825736583358248e-01
4.240212900000000396e+00 9.974007201635121111e-01
4.246447200000000421e+00 9.974193742022908760e-01
4.252640699999999718e+00 9.974381906232780981e-01
4.258834300000000184e+00 9.974571776684866276e-01
4.265027800000000369e+00 9.974762134457185736e-01
4.271221399999999946e+00 9.974951734754565758e-01
4.277414900000000131e+00 9.975139328439938113e-01
4.283649200000000157e+00 9.975324930741527041e-01
4.289842700000000342e+00 9.975505014241980994e-01
4.296036299999999919e+00 9.975679853659298324e-01
4.302229800000000104e+00 9.975848660967002735e-01
4.308423399999999681e+00 9.976010860094758348e-01
4.314616899999999866e+00 9.976166086660377408e-01
4.320810400000000051e+00 9.976314220043686065e-01
4.327044700000000077e+00 9.976456285178038064e-01
4.333238299999999654e+00 9.976590781982247469e-01
4.339431799999999839e+00 9.976719239172633369e-01
4.345625400000000305e+00 9.976842445307231300e-01
4.351818899999999601e+00 9.976961356288287508e-01
4.358012399999999786e+00 9.977077074635130050e-01
4.364246699999999812e+00 9.977191546622251606e-01
4.370440300000000278e+00 9.977304540075996320e-01
4.376633799999999574e+00 9.977418073064653337e-01
4.382827400000000040e+00 9.977533379738096064e-01
4.389020900000000225e+00 9.977651604463548818e-01
4.395214400000000410e+00 9.977773772384864737e-01
4.401448700000000436e+00 9.977901598225560331e-01
4.407642300000000013e+00 9.978034080603096490e-01
4.413835800000000198e+00 9.978172481592683107e-01
4.420029399999999775e+00 9.978317017271874922e-01
4.426222899999999960e+00 9.978467652299369828e-01
4.432416400000000145e+00 9.978624117588964504e-01
4.438650700000000171e+00 9.978786993527080096e-01
4.444844299999999748e+00 9.978953433337609535e-01
4.451037799999999933e+00 9.979123581530696674e-01
4.457231400000000399e+00 9.979296392715825137e-01
4.463424899999999695e+00 9.979470697206483942e-01
4.469618399999999880e+00 9.979645262801470906e-01
4.475852699999999906e+00 9.979819965668429438e-01
4.482046300000000372e+00 9.979991273516803929e-01
4.488239799999999669e+00 9.980159151809916418e-01
4.494433299999999853e+00 9.980322533076189107e-01
4.500626900000000319e+00 9.980480494818978476e-01
4.506820399999999616e+00 9.980632285520266711e-01
4.513054699999999642e+00 9.980778299618425775e-01
4.519248300000000107e+00 9.980916311653085238e-01
4.525441800000000292e+00 9.981047218409933031e-01
4.531635299999999589e+00 9.981171185531991785e-01
4.537828900000000054e+00 9.981288613077368144e-01
4.544022400000000239e+00 9.981400116426084601e-01
4.550256700000000265e+00 9.981507201777090055e-01
4.556450299999999842e+00 9.981609462899667662e-01
4.562643800000000027e+00 9.981708735840644220e-01
4.568837300000000212e+00 9.981806238178904112e-01
4.575030899999999789e+00 9.981903236310948335e-01
4.581224399999999974e+00 9.982000994698720930e-01
4.587458700000000000e+00 9.982101405080165968e-01
4.593652299999999578e+00 9.982204296187121573e-01
4.599845799999999763e+00 9.982311318352397045e-01
4.606039299999999947e+00 9.982423310491991275e-01
4.612232900000000413e+00 9.982540914228930085e-01
4.618426399999999710e+00 9.982664544687246400e-01
4.624660699999999736e+00 9.982795262871968500e-01
4.630854300000000201e+00 9.982931300244486383e-01
4.637047800000000386e+00 9.983073187865882936e-01
4.643241299999999683e+00 9.983220400675572037e-01
4.649434900000000148e+00 9.983372205941712929e-01
4.655628400000000333e+00 9.983527682676596182e-01
4.661862700000000359e+00 9.983686817419268333e-01
4.668056299999999936e+00 9.983846351129856966e-01
4.674249800000000121e+00 9.984006074197179226e-01
4.680443300000000306e+00 9.984164729302602570e-01
4.686636899999999883e+00 9.984321082940507130e-01
4.692830400000000068e+00 9.984473962188903373e-01
4.699064700000000094e+00 9.984623271801618127e-01
4.705258299999999672e+00 9.984766145194368114e-01
4.711451799999999857e+00 9.984902842561115266e-01
4.717645300000000042e+00 9.985032844860195489e-01
4.723838899999999619e+00 9.985155858598966372e-01
4.730032399999999804e+00 9.985271821417482929e-01
4.736266699999999830e+00 9.985381613375627907e-01
4.742460300000000295e+00 9.985484217210698343e-01
4.748653799999999592e+00 9.985581006534179904e-01
4.754847299999999777e+00 9.985672816320713130e-01
4.761040900000000242e+00 9.985760648879887791e-01
4.767234400000000427e+00 9.985845634229607581e-01
4.773428000000000004e+00 9.985928999225701652e-01
4.779662300000000030e+00 9.986012560830855866e-01
4.785855800000000215e+00 9.986096505652051203e-01
4.792049300000000400e+00 9.986182606683123852e-01
4.798242899999999977e+00 9.986272001626363970e-01
4.804436400000000162e+00 9.986365692305718689e-01
4.810629999999999740e+00 9.986464518426985126e-01
4.816864299999999766e+00 9.986569824334883272e-01
4.823057799999999951e+00 9.986680651752245508e-01
4.829251300000000136e+00 9.986797849537532024e-01
4.835444899999999713e+00 9.986921356783799997e-01
4.841638399999999898e+00 9.987050867077221783e-01
4.847832000000000363e+00 9.987185854126110485e-01
4.854066300000000389e+00 9.987326508841617434e-01
4.860259799999999686e+00 9.987470066427118764e-01
4.866453299999999871e+00 9.987616363402050945e-01
4.872646900000000336e+00 9.987764223387295415e-01
4.878840399999999633e+00 9.987912395491242989e-01
4.885034000000000098e+00 9.988059615340083575e-01
4.891268300000000124e+00 9.988205576318397449e-01
4.897461800000000309e+00 9.988347182993145834e-01
4.903655299999999606e+00 9.988484326511153366e-01
4.909848900000000071e+00 9.988616081970771443e-01
4.916042400000000256e+00 9.988741696560987648e-01
4.922235999999999834e+00 9.988860630715489242e-01
4.928470199999999579e+00 9.988973273380360451e-01
4.934663800000000045e+00 9.989078074338709756e-01
4.940857300000000230e+00 9.989175946205134382e-01
4.947050899999999807e+00 9.989267283554713606e-01
4.953244399999999992e+00 9.989352695382017755e-01
4.959437999999999569e+00 9.989432995551873473e-01
4.965672200000000203e+00 9.989509652376222792e-01
4.971865799999999780e+00 9.989582791239369763e-01
4.978059299999999965e+00 9.989654136268528717e-01
4.984252900000000430e+00 9.989724955478563873e-01
4.990446399999999727e+00 9.989796518814959558e-01
4.996640000000000192e+00 9.989870061571172188e-01
5.002874199999999938e+00 9.989947247130422925e-01
5.009067800000000403e+00 9.990028099449870247e-01
5.015261299999999700e+00 9.990113969473479738e-01
5.021454900000000166e+00 9.990205528333089280e-01
5.027648400000000350e+00 9.990303225030624512e-01
5.033841999999999928e+00 9.990407282683299028e-01
5.040076199999999673e+00 9.990518424763642491e-01
5.046269800000000139e+00 9.990634944797089911e-01
5.052463300000000324e+00 9.990757058433417104e-01
5.058656899999999901e+00 9.990884075099714101e-01
5.064850400000000086e+00 9.991015112829066958e-01
5.071043999999999663e+00 9.991149146579739737e-01
5.077278200000000297e+00 9.991285924896774473e-01
5.083471799999999874e+00 9.991422442537734039e-01
5.089665300000000059e+00 9.991558336247464700e-01
5.095858899999999636e+00 9.991692377575374095e-01
5.102052399999999821e+00 9.991823386979712396e-01
5.108246000000000286e+00 9.991950292259375033e-01
5.114480200000000032e+00 9.992072931652109524e-01
5.120673799999999609e+00 9.992188933559589259e-01
5.126867299999999794e+00 9.992298539455761741e-01
5.133060900000000260e+00 9.992401396424689386e-01
5.139254399999999556e+00 9.992497373767520452e-01
5.145448000000000022e+00 9.992586580836935184e-01
5.151682199999999767e+00 9.992669874738836500e-01
5.157875800000000233e+00 9.992746728777228693e-01
5.164069300000000418e+00 9.992818459283823174e-01
5.170262899999999995e+00 9.992885994788374138e-01
5.176456400000000180e+00 9.992950398151336788e-01
5.182649999999999757e+00 9.993012837311879837e-01
5.188884200000000391e+00 9.993074940831496722e-01
5.195077799999999968e+00 9.993137146414234895e-01
5.201271300000000153e+00 9.993201068418450239e-01
5.207464899999999730e+00 9.993267845361627488e-01
5.213658399999999915e+00 9.993338497252726160e-01
5.219851900000000100e+00 9.993413896448682943e-01
5.226045499999999677e+00 9.993494733778786054e-01
5.232279799999999703e+00 9.993582081891319024e-01
5.238473299999999888e+00 9.993675060134774579e-01
5.244666900000000354e+00 9.993774249901316020e-01
5.250860399999999650e+00 9.993879444807288737e-01
5.257053899999999835e+00 9.993990220360328136e-01
5.263247500000000301e+00 9.994105945805283886e-01
5.269481800000000327e+00 9.994226602791143055e-01
5.275675299999999623e+00 9.994349639027556575e-01
5.281868900000000089e+00 9.994474745490229406e-01
5.288062400000000274e+00 9.994600750879341078e-01
5.294255899999999571e+00 9.994726452201522227e-01
5.300449500000000036e+00 9.994850651153497356e-01
5.306683800000000062e+00 9.994972979600241780e-01
5.312877300000000247e+00 9.995090766438892160e-01
5.319070899999999824e+00 9.995203882561632946e-01
5.325264400000000009e+00 9.995311539838097614e-01
5.331457900000000194e+00 9.995413139831027527e-01
5.337651499999999771e+00 9.995508288651567819e-01
5.343885799999999797e+00 9.995597367563217039e-01
5.350079299999999982e+00 9.995679261091990897e-01
5.356272899999999559e+00 9.995754847474861426e-01
5.362466399999999744e+00 9.995824609640303615e-01
5.368659899999999929e+00 9.995889230201145947e-01
5.374853500000000395e+00 9.995949563241055547e-01
5.381087800000000421e+00 9.996006968622012101e-01
5.387281299999999717e+00 9.996061802832048038e-01
5.393474900000000183e+00 9.996115619561347643e-01
5.399668400000000368e+00 9.996169609098300990e-01
5.405861899999999665e+00 9.996224946175573667e-01
5.412055500000000130e+00 9.996282745444899920e-01
5.418289800000000156e+00 9.996344436014454882e-01
5.424483300000000341e+00 9.996410093451031376e-01
5.430676899999999918e+00 9.996480819903584836e-01
5.436870400000000103e+00 9.996557131070206159e-01
5.443063900000000288e+00 9.996639336676338417e-01
5.449257499999999865e+00 9.996727527581192874e-01
5.455491799999999891e+00 9.996822207426381279e-01
5.461685300000000076e+00 9.996921788891472982e-01
5.467878899999999653e+00 9.997026324815957432e-01
5.474072399999999838e+00 9.997135081828912861e-01
5.480265900000000023e+00 9.997247178115634680e-01
5.486459499999999601e+00 9.997361610762074413e-01
5.492693799999999626e+00 9.997478049746023610e-01
5.498887299999999811e+00 9.997593830219426714e-01
5.505080900000000277e+00 9.997708570710597265e-01
5.511274399999999574e+00 9.997821159044183448e-01
5.517467899999999759e+00 9.997930561247028169e-01
5.523661500000000224e+00 9.998035851623554571e-01
5.529895800000000250e+00 9.998136883426190780e-01
5.536089300000000435e+00 9.998231713680885147e-01
5.542282900000000012e+00 9.998320592203306933e-01
5.548476400000000197e+00 9.998403289571818897e-01
5.554669900000000382e+00 9.998479791289155427e-01
5.560863499999999959e+00 9.998550293103012354e-01
5.567097799999999985e+00 9.998615600869684705e-01
5.573291300000000170e+00 9.998675451612517584e-01
5.579484899999999747e+00 9.998731047045684717e-01
5.585678399999999932e+00 9.998783281266336864e-01
5.591871900000000117e+00 9.998833159207386467e-01
5.598065499999999695e+00 9.998881757669901837e-01
5.604299799999999721e+00 9.998930505359685528e-01
5.610493299999999905e+00 9.998979873789624051e-01
5.616686900000000371e+00 9.999031238486191242e-01
5.622880399999999668e+00 9.999085570060904926e-01
5.629073899999999853e+00 9.999143722970511572e-01
5.635267500000000318e+00 9.999206403244325081e-01
5.641501800000000344e+00 9.999274604557543134e-01
5.647695299999999641e+00 9.999347777085756395e-01
5.653888799999999826e+00 9.999426487232141447e-01
5.660082400000000291e+00 9.999510667958897425e-01
5.666275899999999588e+00 9.999600046397164599e-01
5.672469500000000053e+00 9.999694164710780653e-01
5.678703800000000079e+00 9.999793045419982374e-01
5.684897300000000264e+00 9.999894608712670552e-01
5.691090799999999561e+00 9.999998585894063208e-01
5.697284400000000026e+00 1.000010398851380211e+00
5.703477900000000211e+00 1.000020977145947398e+00
