3.577503900000000153e-02 1.675535936818803009e+02 1.294424944451706239e+01 1.294424944451706239e+01
4.190623799999999843e-02 1.519701064326123401e+02 1.232761560207862495e+01 1.232761560207862495e+01
4.803784500000000263e-02 1.429731379015665027e+02 1.195713752959154164e+01 1.195713752959154164e+01
5.416904399999999953e-02 1.408789454986090561e+02 1.186924367845774064e+01 1.186924367845774064e+01
6.030024300000000337e-02 1.484926222636370312e+02 1.218575489100437359e+01 1.218575489100437359e+01
6.643184900000000115e-02 1.513536372363612372e+02 1.230258660755376354e+01 1.230258660755376354e+01
7.256304800000000499e-02 1.477727293733042302e+02 1.215618070667363071e+01 1.215618070667363071e+01
7.869424699999999495e-02 1.492421803282324788e+02 1.221647168081817547e+01 1.221647168081817547e+01
8.482544599999999879e-02 1.538870499503570670e+02 1.240512192404238512e+01 1.240512192404238512e+01
9.095705299999999605e-02 1.526104254887308116e+02 1.235355922350845503e+01 1.235355922350845503e+01
9.708825199999999989e-02 1.465539379751903653e+02 1.210594638907633502e+01 1.210594638907633502e+01
1.032198599999999966e-01 1.436789675335054142e+02 1.198661618362352499e+01 1.198661618362352499e+01
1.093510599999999999e-01 1.442346894296789230e+02 1.200977474516815846e+01 1.200977474516815846e+01
1.154822600000000032e-01 1.439967342318885812e+02 1.199986392555718062e+01 1.199986392555718062e+01
1.216134600000000066e-01 1.415345413596796220e+02 1.189682904641735206e+01 1.189682904641735206e+01
1.277450599999999936e-01 1.371105838126452738e+02 1.170942286419981038e+01 1.170942286419981038e+01
1.338762599999999969e-01 1.313214406199513178e+02 1.145955673749867643e+01 1.145955673749867643e+01
1.400074600000000002e-01 1.250753002510104466e+02 1.118370691009964091e+01 1.118370691009964091e+01
1.461390700000000098e-01 1.194171858647240470e+02 1.092781706768209204e+01 1.092781706768209204e+01
1.522702700000000131e-01 1.153234684900225346e+02 1.073887650036178343e+01 1.073887650036178343e+01
1.584014599999999939e-01 1.129708987942101857e+02 1.062877691901613808e+01 1.062877691901613808e+01
1.645330700000000035e-01 1.119965692289274415e+02 1.058284315431951583e+01 1.058284315431951583e+01
1.706642700000000068e-01 1.118824478755011711e+02 1.057744997036153123e+01 1.057744997036153123e+01
1.767954700000000101e-01 1.121017122085378332e+02 1.058780960390475734e+01 1.058780960390475734e+01
1.829270799999999919e-01 1.122158803507682450e+02 1.059319972202772320e+01 1.059319972202772320e+01
1.890582799999999952e-01 1.119320433513500461e+02 1.057979410722864877e+01 1.057979410722864877e+01
1.951894700000000038e-01 1.110389190246259972e+02 1.053750060615068307e+01 1.053750060615068307e+01
2.013210800000000134e-01 1.094056808439448645e+02 1.045971705372305216e+01 1.045971705372305216e+01
2.074522799999999889e-01 1.071633643470112389e+02 1.035197393481123740e+01 1.035197393481123740e+01
2.135834799999999922e-01 1.045501835662806798e+02 1.022497841397627028e+01 1.022497841397627028e+01
2.197146799999999955e-01 1.017938205501225326e+02 1.008929237112903365e+01 1.008929237112903365e+01
2.258462800000000104e-01 9.906481113502179880e+01 9.953130720282025834e+00 9.953130720282025834e+00
2.319774800000000137e-01 9.642748082414637167e+01 9.819749529603409854e+00 9.819749529603409854e+00
2.381086799999999892e-01 9.388696799283813732e+01 9.689528780742547198e+00 9.689528780742547198e+00
2.442402899999999988e-01 9.141075783114349917e+01 9.560897333992427249e+00 9.560897333992427249e+00
2.503714899999999743e-01 8.896800615280108104e+01 9.432285309128486617e+00 9.432285309128486617e+00
2.565026899999999777e-01 8.653817915279695683e+01 9.302589916404837567e+00 9.302589916404837567e+00
2.626342899999999925e-01 8.409815140917189069e+01 9.170504425012394378e+00 9.170504425012394378e+00
2.687654899999999958e-01 8.162322751616706284e+01 9.034557405660061491e+00 9.034557405660061491e+00
2.748966899999999991e-01 7.910385092861228884e+01 8.894034569789589284e+00 8.894034569789589284e+00
2.810283000000000087e-01 7.654090001440319213e+01 8.748765628041660136e+00 8.748765628041660136e+00
2.871595000000000120e-01 7.395214419255185589e+01 8.599543254879986165e+00 8.599543254879986165e+00
2.932907000000000153e-01 7.135781593431924819e+01 8.447355558653800500e+00 8.447355558653800500e+00
2.994222999999999746e-01 6.877756366363563245e+01 8.293223960778801640e+00 8.293223960778801640e+00
3.055534999999999779e-01 6.623247317312628013e+01 8.138333562414745259e+00 8.138333562414745259e+00
3.116846999999999812e-01 6.374432092135119632e+01 7.984004065714846554e+00 7.984004065714846554e+00
3.178163099999999908e-01 6.132092014576428340e+01 7.830767532353663185e+00 7.830767532353663185e+00
3.239475099999999941e-01 5.895889553741653089e+01 7.678469609070321056e+00 7.678469609070321056e+00
3.300787099999999974e-01 5.665349643619880737e+01 7.526851694845515084e+00 7.526851694845515084e+00
3.362103100000000122e-01 5.440041058534977481e+01 7.375663399678009213e+00 7.375663399678009213e+00
3.423415100000000155e-01 5.219590756336386761e+01 7.224673526420683167e+00 7.224673526420683167e+00
3.484727100000000188e-01 5.003563922114073392e+01 7.073587436452647204e+00 7.073587436452647204e+00
3.546039100000000222e-01 4.792086470793922359e+01 6.922489776658339089e+00 6.922489776658339089e+00
3.607355199999999762e-01 4.586102174178976298e+01 6.772076619604193937e+00 6.772076619604193937e+00
3.668667099999999848e-01 4.386439182973221307e+01 6.623019842166578464e+00 6.623019842166578464e+00
3.729979099999999881e-01 4.193755668990777963e+01 6.475921300472063713e+00 6.475921300472063713e+00
3.791295199999999976e-01 4.008555914705904399e+01 6.331315751647444756e+00 6.331315751647444756e+00
3.852607200000000010e-01 3.831280730710883375e+01 6.189734025554638919e+00 6.189734025554638919e+00
3.913919200000000043e-01 3.662297189316537072e+01 6.051691655493145916e+00 6.051691655493145916e+00
3.975235200000000191e-01 3.501550843868523089e+01 5.917390340233203538e+00 5.917390340233203538e+00
4.036547200000000224e-01 3.348510860885505025e+01 5.786631888141412716e+00 5.786631888141412716e+00
4.097842899999999955e-01 3.202658851044401445e+01 5.659203876027441460e+00 5.659203876027441460e+00
4.159167100000000228e-01 3.063426307929106329e+01 5.534822768552852601e+00 5.534822768552852601e+00
4.220491399999999893e-01 2.930279627285792188e+01 5.413205729773986619e+00 5.413205729773986619e+00
4.281815600000000166e-01 2.802647665073928707e+01 5.294003839320414073e+00 5.294003839320414073e+00
4.343099000000000265e-01 2.680038333403814121e+01 5.176908665800290521e+00 5.176908665800290521e+00
4.404423299999999930e-01 2.561949374923276679e+01 5.061570284924705732e+00 5.061570284924705732e+00
4.465747500000000203e-01 2.448183067039213157e+01 4.947911748444199453e+00 4.947911748444199453e+00
4.527071699999999921e-01 2.338672636747340405e+01 4.835982461452212888e+00 4.835982461452212888e+00
4.588355199999999967e-01 2.233370864085365426e+01 4.725855334312895728e+00 4.725855334312895728e+00
4.649679400000000240e-01 2.132208729771130962e+01 4.617584573964109929e+00 4.617584573964109929e+00
4.711003599999999958e-01 2.035152151809322518e+01 4.511266065983386753e+00 4.511266065983386753e+00
4.772287100000000004e-01 1.942170407056896053e+01 4.407006248074645249e+00 4.407006248074645249e+00
4.833611300000000277e-01 1.853213264027610307e+01 4.304896356508028710e+00 4.304896356508028710e+00
4.894935499999999995e-01 1.768270380894218619e+01 4.205080713725027231e+00 4.205080713725027231e+00
4.956259700000000268e-01 1.687287531776417282e+01 4.107660565061841851e+00 4.107660565061841851e+00
5.017543199999999759e-01 1.610176579917035866e+01 4.012700561862342141e+00 4.012700561862342141e+00
5.078867400000000032e-01 1.536827312536876278e+01 3.920238911771674495e+00 3.920238911771674495e+00
5.140191600000000305e-01 1.467135683913897815e+01 3.830320722751422213e+00 3.830320722751422213e+00
5.201515799999999468e-01 1.400970453420354644e+01 3.742953985050249788e+00 3.742953985050249788e+00
5.262799299999999514e-01 1.338219825616348402e+01 3.658168702529106309e+00 3.658168702529106309e+00
5.324123499999999787e-01 1.278749632550291970e+01 3.575960895410200013e+00 3.575960895410200013e+00
5.385447700000000060e-01 1.222426077848759363e+01 3.496321034814680040e+00 3.496321034814680040e+00
5.446771900000000333e-01 1.169136621337742277e+01 3.419263987085147782e+00 3.419263987085147782e+00
5.508055400000000379e-01 1.118725687637180499e+01 3.344735696041139406e+00 3.344735696041139406e+00
5.569379599999999542e-01 1.071025945329226126e+01 3.272653274224488040e+00 3.272653274224488040e+00
5.630703799999999815e-01 1.025839602827611685e+01 3.202873089630014825e+00 3.202873089630014825e+00
5.691987299999999861e-01 9.829868358863864231e+00 3.135262087747029636e+00 3.135262087747029636e+00
5.753311500000000134e-01 9.422874100177564216e+00 3.069670031156046530e+00 3.069670031156046530e+00
5.814635700000000407e-01 9.035788037209584900e+00 3.005958755074590982e+00 3.005958755074590982e+00
5.875959899999999569e-01 8.667019377008649883e+00 2.943980193039458904e+00 2.943980193039458904e+00
5.937243399999999616e-01 8.315096452077884948e+00 2.883590895407648791e+00 2.883590895407648791e+00
5.998567599999999889e-01 7.978550056380173672e+00 2.824632729467704273e+00 2.824632729467704273e+00
6.059891800000000162e-01 7.656069836557636066e+00 2.766960396637009545e+00 2.766960396637009545e+00
6.121216000000000435e-01 7.346362804936866553e+00 2.710417459532178164e+00 2.710417459532178164e+00
6.182499500000000481e-01 7.048280914736792191e+00 2.654859867250396466e+00 2.654859867250396466e+00
6.243823699999999643e-01 6.761019906674063051e+00 2.600196128501475634e+00 2.600196128501475634e+00
6.305147899999999916e-01 6.484263347210217354e+00 2.546421675058986978e+00 2.546421675058986978e+00
6.366472100000000189e-01 6.217823840776188327e+00 2.493556464324838462e+00 2.493556464324838462e+00
6.427755600000000236e-01 5.961610452717639674e+00 2.441640934436847044e+00 2.441640934436847044e+00
6.489079800000000509e-01 5.715486540993039100e+00 2.390708376400819013e+00 2.390708376400819013e+00
6.550403999999999671e-01 5.479391178199023216e+00 2.340809940639996256e+00 2.340809940639996256e+00
6.611687499999999718e-01 5.253252442911261255e+00 2.291997478818696532e+00 2.291997478818696532e+00
6.673011699999999990e-01 5.037000337652595583e+00 2.244326254726035863e+00 2.244326254726035863e+00
6.734335900000000263e-01 4.830561986077063885e+00 2.197853950124316835e+00 2.197853950124316835e+00
6.795660199999999929e-01 4.633878824391961082e+00 2.152644611725762935e+00 2.152644611725762935e+00
6.856943599999999472e-01 4.446893023760423169e+00 2.108765758390538370e+00 2.108765758390538370e+00
6.918267799999999745e-01 4.269554212022499406e+00 2.066289963200349078e+00 2.066289963200349078e+00
6.979592100000000521e-01 4.101738889006149691e+00 2.025275015647541643e+00 2.025275015647541643e+00
7.040916299999999683e-01 3.943049824839961026e+00 1.985711415296784965e+00 1.985711415296784965e+00
7.102199700000000337e-01 3.793060196494273395e+00 1.947578033480115378e+00 1.947578033480115378e+00
7.163523899999999500e-01 3.651338148696388952e+00 1.910847494881888542e+00 1.910847494881888542e+00
7.224848200000000276e-01 3.517457132385714225e+00 1.875488504999621275e+00 1.875488504999621275e+00
7.286131599999999819e-01 3.390931639273555565e+00 1.841448245070590017e+00 1.841448245070590017e+00
7.347455800000000092e-01 3.271276785262821729e+00 1.808667129480386659e+00 1.808667129480386659e+00
7.408780099999999758e-01 3.158003892627106790e+00 1.777077345707582579e+00 1.777077345707582579e+00
7.470104300000000030e-01 3.050637858448510098e+00 1.746607528452946534e+00 1.746607528452946534e+00
7.531387699999999574e-01 2.948709261740005250e+00 1.717180614187105547e+00 1.717180614187105547e+00
7.592712000000000350e-01 2.851813445353734711e+00 1.688731312362548254e+00 1.688731312362548254e+00
7.654036199999999512e-01 2.759533633619345672e+00 1.661184406867384888e+00 1.661184406867384888e+00
7.715360399999999785e-01 2.671459758186366162e+00 1.634460081551815103e+00 1.634460081551815103e+00
7.776643899999999832e-01 2.587198996222767722e+00 1.608477229003496767e+00 1.608477229003496767e+00
7.837968100000000105e-01 2.506454318668709380e+00 1.583178549206850860e+00 1.583178549206850860e+00
7.899292300000000377e-01 2.429034959742656152e+00 1.558536159266975751e+00 1.558536159266975751e+00
7.960616499999999540e-01 2.354766043109331353e+00 1.534524696154914158e+00 1.534524696154914158e+00
8.021899999999999586e-01 2.283489036940582029e+00 1.511121780976166784e+00 1.511121780976166784e+00
8.083224199999999859e-01 2.215029334749543555e+00 1.488297461782940534e+00 1.488297461782940534e+00
8.144548400000000132e-01 2.149246812372150206e+00 1.466030972514615893e+00 1.466030972514615893e+00
8.205831900000000179e-01 2.085964971983718108e+00 1.444287011637132467e+00 1.444287011637132467e+00
8.267156100000000452e-01 2.025037578070467248e+00 1.423038150602599750e+00 1.423038150602599750e+00
8.328480299999999614e-01 1.966320370887868041e+00 1.402255458498153917e+00 1.402255458498153917e+00
8.389804499999999887e-01 1.909698157702041099e+00 1.381918289082983753e+00 1.381918289082983753e+00
8.451087999999999933e-01 1.855084887993890375e+00 1.362015010194047138e+00 1.362015010194047138e+00
8.512412200000000206e-01 1.802421326876333385e+00 1.342542858487703272e+00 1.342542858487703272e+00
8.573736400000000479e-01 1.751607912384980148e+00 1.323483249756104874e+00 1.323483249756104874e+00
8.635060599999999642e-01 1.702552115078466377e+00 1.304818805458622499e+00 1.304818805458622499e+00
8.696344099999999688e-01 1.655188538859139191e+00 1.286541308648555981e+00 1.286541308648555981e+00
8.757668299999999961e-01 1.609419206215858100e+00 1.268628868588389746e+00 1.268628868588389746e+00
8.818992500000000234e-01 1.565193459238401141e+00 1.251076919792864395e+00 1.251076919792864395e+00
8.880316700000000507e-01 1.522458054547141115e+00 1.233879270652984639e+00 1.233879270652984639e+00
8.941600200000000553e-01 1.481177682842973242e+00 1.217036434476377327e+00 1.217036434476377327e+00
9.002924399999999716e-01 1.441275907209817575e+00 1.200531510294426951e+00 1.200531510294426951e+00
9.064248599999999989e-01 1.402714514337664919e+00 1.184362492794188704e+00 1.184362492794188704e+00
9.125532100000000035e-01 1.365434888154362314e+00 1.168518244681854501e+00 1.168518244681854501e+00
9.186856300000000308e-01 1.329378374063884261e+00 1.152986718945142153e+00 1.152986718945142153e+00
9.248180499999999471e-01 1.294486348573416157e+00 1.137754959810510336e+00 1.137754959810510336e+00
9.309504699999999744e-01 1.260720153144539779e+00 1.122817951915865864e+00 1.122817951915865864e+00
9.370788199999999790e-01 1.228012833708648888e+00 1.108157404752884823e+00 1.108157404752884823e+00
9.432112400000000063e-01 1.196308472211094820e+00 1.093758872974795571e+00 1.093758872974795571e+00
9.493436600000000336e-01 1.165581870296839462e+00 1.079621169807650327e+00 1.079621169807650327e+00
9.554760799999999499e-01 1.135799607555698643e+00 1.065738995981520221e+00 1.065738995981520221e+00
9.616044299999999545e-01 1.106920201176100127e+00 1.052102752194908009e+00 1.052102752194908009e+00
9.677368499999999818e-01 1.078933047741719831e+00 1.038717020050080819e+00 1.038717020050080819e+00
9.738692700000000091e-01 1.051789847121851418e+00 1.025568060697022332e+00 1.025568060697022332e+00
9.799976200000000137e-01 1.025472891001422360e+00 1.012656353854268998e+00 1.012656353854268998e+00
9.861300400000000410e-01 9.999558265940572399e-01 9.999779130531120108e-01 9.999779130531120108e-01
9.922624599999999573e-01 9.752269994978192136e-01 9.875358218808162336e-01 9.875358218808162336e-01
9.983948900000000348e-01 9.512652234949146024e-01 9.753282644806898771e-01 9.753282644806898771e-01
1.004523199999999949e+00 9.280546823923959687e-01 9.633559479197686404e-01 9.633559479197686404e-01
1.010655700000000046e+00 9.055802518064092199e-01 9.516198042319260475e-01 9.516198042319260475e-01
1.016788100000000084e+00 8.838228161445079722e-01 9.401185117550382442e-01 9.401185117550382442e-01
1.022920499999999899e+00 8.627666322159868173e-01 9.288523199174273381e-01 9.288523199174273381e-01
1.029048799999999986e+00 8.423933755380249577e-01 9.178199036510512610e-01 9.178199036510512610e-01
1.035181300000000082e+00 8.226848180437728031e-01 9.070197451234305319e-01 9.070197451234305319e-01
1.041313699999999898e+00 8.036200586665703804e-01 8.964485811615580113e-01 8.964485811615580113e-01
1.047446099999999936e+00 7.851792765035935373e-01 8.861034231417873608e-01 8.861034231417873608e-01
1.053574500000000080e+00 7.673407983140956290e-01 8.759799074830972865e-01 8.759799074830972865e-01
1.059706899999999896e+00 7.500812004684851431e-01 8.660722836279227677e-01 8.660722836279227677e-01
1.065839299999999934e+00 7.333793055983617304e-01 8.563756801768496185e-01 8.563756801768496185e-01
1.071967600000000020e+00 7.172093538100876575e-01 8.468821369057725201e-01 8.468821369057725201e-01
1.078100099999999895e+00 7.015472200122498947e-01 8.375841569730470004e-01 8.375841569730470004e-01
1.084232499999999932e+00 6.863692926386003590e-01 8.284740748138111899e-01 8.284740748138111899e-01
1.090364899999999970e+00 6.716498891248475767e-01 8.195424876873972364e-01 8.195424876873972364e-01
1.096493299999999893e+00 6.573641700074931427e-01 8.107799763237206747e-01 8.107799763237206747e-01
1.102625699999999931e+00 6.434885746394916062e-01 8.021773959913677254e-01 8.021773959913677254e-01
1.108758099999999969e+00 6.300035684226513721e-01 7.937276412111722301e-01 7.937276412111722301e-01
1.114890500000000007e+00 6.168899947889523450e-01 7.854234493500639180e-01 7.854234493500639180e-01
1.121018899999999929e+00 6.041350453849295699e-01 7.772612465477289900e-01 7.772612465477289900e-01
1.127151299999999967e+00 5.917285207539819680e-01 7.692389230622577179e-01 7.692389230622577179e-01
1.133283700000000005e+00 5.796567033684888459e-01 7.613518919451693900e-01 7.613518919451693900e-01
1.139416100000000043e+00 5.679124228552095976e-01 7.535996436140409704e-01 7.535996436140409704e-01
1.145544499999999966e+00 5.564821452468237117e-01 7.459773088015638765e-01 7.459773088015638765e-01
1.151676900000000003e+00 5.453597837952072203e-01 7.384847891427468447e-01 7.384847891427468447e-01
1.157809300000000041e+00 5.345347098721376922e-01 7.311188069473645301e-01 7.311188069473645301e-01
1.163937699999999964e+00 5.239976500572953722e-01 7.238768196712029868e-01 7.238768196712029868e-01
1.170070100000000002e+00 5.137415525168896879e-01 7.167576665211817799e-01 7.167576665211817799e-01
1.176202500000000040e+00 5.037575264386979779e-01 7.097587804590359539e-01 7.097587804590359539e-01
1.182334900000000077e+00 4.940377024071460066e-01 7.028781561601882277e-01 7.028781561601882277e-01
1.188463300000000000e+00 4.845731794917578217e-01 6.961129071434876137e-01 6.961129071434876137e-01
1.194595700000000038e+00 4.753568272185024757e-01 6.894612586784717445e-01 6.894612586784717445e-01
1.200728100000000076e+00 4.663803593510978951e-01 6.829204634151021525e-01 6.829204634151021525e-01
1.206860499999999892e+00 4.576361611785189631e-01 6.764881086748819605e-01 6.764881086748819605e-01
1.212988900000000037e+00 4.491182600310482109e-01 6.701628608264175169e-01 6.701628608264175169e-01
1.219121300000000074e+00 4.408164122252183903e-01 6.639400667418847712e-01 6.639400667418847712e-01
1.225253699999999890e+00 4.327229669244114230e-01 6.578168186694616226e-01 6.578168186694616226e-01
1.231382100000000035e+00 4.248299265031976746e-01 6.517897870503938096e-01 6.517897870503938096e-01
1.237514500000000073e+00 4.171280374091879128e-01 6.458545017333144900e-01 6.458545017333144900e-01
1.243646900000000111e+00 4.096077090122727804e-01 6.400060226375005046e-01 6.400060226375005046e-01
1.249779299999999926e+00 4.022621162001650541e-01 6.342413706154503839e-01 6.342413706154503839e-01
1.255907700000000071e+00 3.950842197133052625e-01 6.285572525341707184e-01 6.285572525341707184e-01
1.262040100000000109e+00 3.880679134831542254e-01 6.229509719738417495e-01 6.229509719738417495e-01
1.268172499999999925e+00 3.812060001921515062e-01 6.174188207304273091e-01 6.174188207304273091e-01
1.274305000000000021e+00 3.744932791363608793e-01 6.119585599829132638e-01 6.119585599829132638e-01
1.280433300000000107e+00 3.679226052166009731e-01 6.065662414086370191e-01 6.065662414086370191e-01
1.286565699999999923e+00 3.614900062594891827e-01 6.012403897439768663e-01 6.012403897439768663e-01
1.292698099999999961e+00 3.551916179813127128e-01 5.959795449353213481e-01 5.959795449353213481e-01
1.298830600000000057e+00 3.490227794742226108e-01 5.907814989268219685e-01 5.907814989268219685e-01
1.304958899999999922e+00 3.429800764564354121e-01 5.856450089059372921e-01 5.856450089059372921e-01
1.311091299999999960e+00 3.370603732417915555e-01 5.805690081650858314e-01 5.805690081650858314e-01
1.317223800000000056e+00 3.312597264827947252e-01 5.755516714273313239e-01 5.755516714273313239e-01
1.323352099999999920e+00 3.255764364206948924e-01 5.705930567582249147e-01 5.705930567582249147e-01
1.329484499999999958e+00 3.200070196185905158e-01 5.656916294400956557e-01 5.656916294400956557e-01
1.335616899999999996e+00 3.145481753673876613e-01 5.608459461985864092e-01 5.608459461985864092e-01
1.341749400000000092e+00 3.091986872847783951e-01 5.560563705999405082e-01 5.560563705999405082e-01
1.347877699999999956e+00 3.039554556351166670e-01 5.513215537552623724e-01 5.513215537552623724e-01
1.354010099999999994e+00 2.988163993129576701e-01 5.466410150299350068e-01 5.466410150299350068e-01
1.360142600000000090e+00 2.937784513694591260e-01 5.420133313576882550e-01 5.420133313576882550e-01
1.366274999999999906e+00 2.888404583068548415e-01 5.374387949402749109e-01 5.374387949402749109e-01
1.372403299999999993e+00 2.839991819339606760e-01 5.329157362416320209e-01 5.329157362416320209e-01
1.378535700000000030e+00 2.792522985108155664e-01 5.284432784233474845e-01 5.284432784233474845e-01
1.384668199999999905e+00 2.745973085544058390e-01 5.240203321956179439e-01 5.240203321956179439e-01
1.390800599999999942e+00 2.700315702897825854e-01 5.196456199082049032e-01 5.196456199082049032e-01
1.396928900000000029e+00 2.655552336824016924e-01 5.153205154875960536e-01 5.153205154875960536e-01
1.403061399999999903e+00 2.611633753285773629e-01 5.110414614574607661e-01 5.110414614574607661e-01
1.409193799999999941e+00 2.568558517739832903e-01 5.068094827190817719e-01 5.068094827190817719e-01
1.415322100000000027e+00 2.526303974631253224e-01 5.026235146340900517e-01 5.026235146340900517e-01
1.421454500000000065e+00 2.484836793152243595e-01 4.984813730875250481e-01 4.984813730875250481e-01
1.427586999999999939e+00 2.444152059924928344e-01 4.943836627483687574e-01 4.943836627483687574e-01
1.433719399999999977e+00 2.404214755800776759e-01 4.903279265757536365e-01 4.903279265757536365e-01
1.439847700000000064e+00 2.365009210030490361e-01 4.863136035554105896e-01 4.863136035554105896e-01
1.445980199999999938e+00 2.326529821440876111e-01 4.823411470568186865e-01 4.823411470568186865e-01
1.452112599999999976e+00 2.288761231722493406e-01 4.784099948498665711e-01 4.784099948498665711e-01
1.458245000000000013e+00 2.251678614089455410e-01 4.745185574969071340e-01 4.745185574969071340e-01
1.464373300000000100e+00 2.215267616118826721e-01 4.706662953854701681e-01 4.706662953854701681e-01
1.470505799999999974e+00 2.179505694760354162e-01 4.668517639208782377e-01 4.668517639208782377e-01
1.476638200000000012e+00 2.144390267713886800e-01 4.630756166884504310e-01 4.630756166884504310e-01
1.482766500000000098e+00 2.109900508530145047e-01 4.593365333315155841e-01 4.593365333315155841e-01
1.488898999999999972e+00 2.076016860730073854e-01 4.556332802517912839e-01 4.556332802517912839e-01
1.495031400000000010e+00 2.042740492995080981e-01 4.519668674798055230e-01 4.519668674798055230e-01
1.501163800000000048e+00 2.010053835324561444e-01 4.483362393700247583e-01 4.483362393700247583e-01
1.507292099999999913e+00 1.977930031349054429e-01 4.447392529729138344e-01 4.447392529729138344e-01
1.513424600000000009e+00 1.946392911459484398e-01 4.411794319162538058e-01 4.411794319162538058e-01
1.519557000000000047e+00 1.915416681298205692e-01 4.376547362131713026e-01 4.376547362131713026e-01
1.525689400000000084e+00 1.885015530681116713e-01 4.341676554835835478e-01 4.341676554835835478e-01
1.531817800000000007e+00 1.855183841587380311e-01 4.307184511473104438e-01 4.307184511473104438e-01
1.537950200000000045e+00 1.825906052879188723e-01 4.273062195755157333e-01 4.273062195755157333e-01
1.544082600000000083e+00 1.797195476002940440e-01 4.239334235470164636e-01 4.239334235470164636e-01
1.550214999999999899e+00 1.769045519468447625e-01 4.206002281821121236e-01 4.206002281821121236e-01
1.556343400000000043e+00 1.741438699287175540e-01 4.173054875372687600e-01 4.173054875372687600e-01
1.562475800000000081e+00 1.714386655496026590e-01 4.140515252352087172e-01 4.140515252352087172e-01
1.568608199999999897e+00 1.687860704744253981e-01 4.108358193663563807e-01 4.108358193663563807e-01
1.574736600000000042e+00 1.661850824432814511e-01 4.076580459690222202e-01 4.076580459690222202e-01
1.580869000000000080e+00 1.636356631994755895e-01 4.045190517138538833e-01 4.045190517138538833e-01
1.587001399999999895e+00 1.611366903769428371e-01 4.014183483311927758e-01 4.014183483311927758e-01
1.593133799999999933e+00 1.586860010593785508e-01 3.983541151530614610e-01 3.983541151530614610e-01
1.599262200000000078e+00 1.562823649447929730e-01 3.953256441780534924e-01 3.953256441780534924e-01
1.605394599999999894e+00 1.539245462731453629e-01 3.923321886783511792e-01 3.923321886783511792e-01
1.611526999999999932e+00 1.516112525133553046e-01 3.893728964801675962e-01 3.893728964801675962e-01
1.617659399999999970e+00 1.493412249725998564e-01 3.864469238751938041e-01 3.864469238751938041e-01
1.623787799999999892e+00 1.471121765380180024e-01 3.835520519277898499e-01 3.835520519277898499e-01
1.629920199999999930e+00 1.449248589603766568e-01 3.806899774887390620e-01 3.806899774887390620e-01
1.636052599999999968e+00 1.427760938510393984e-01 3.778572400405203480e-01 3.778572400405203480e-01
1.642180999999999891e+00 1.406646891898555851e-01 3.750529151864515076e-01 3.750529151864515076e-01
1.648313399999999929e+00 1.385915382738440726e-01 3.722788447841806625e-01 3.722788447841806625e-01
1.654445799999999966e+00 1.365526109902897023e-01 3.695302572054008361e-01 3.695302572054008361e-01
1.660578200000000004e+00 1.345488823266975664e-01 3.668090543139544413e-01 3.668090543139544413e-01
1.666706599999999927e+00 1.325784218627530098e-01 3.641131992426984154e-01 3.641131992426984154e-01
1.672838999999999965e+00 1.306403747134206594e-01 3.614420765674918878e-01 3.614420765674918878e-01
1.678971400000000003e+00 1.287328876490563823e-01 3.587936560880868875e-01 3.587936560880868875e-01
1.685103800000000041e+00 1.268571373751987974e-01 3.561700961271156429e-01 3.561700961271156429e-01
1.691232199999999963e+00 1.250113640048205466e-01 3.535694613577656797e-01 3.535694613577656797e-01
1.697364600000000001e+00 1.231938072669859635e-01 3.509897537920244615e-01 3.509897537920244615e-01
1.703497000000000039e+00 1.214047011660383119e-01 3.484317740477155811e-01 3.484317740477155811e-01
1.709629499999999913e+00 1.196432630197446362e-01 3.458948727861467232e-01 3.458948727861467232e-01
1.715757800000000000e+00 1.179087083628189841e-01 3.433783749201731461e-01 3.433783749201731461e-01
1.721890200000000037e+00 1.162012011652967663e-01 3.408829728298214401e-01 3.408829728298214401e-01
1.728022600000000075e+00 1.145189055106528991e-01 3.384064206108579609e-01 3.384064206108579609e-01
1.734150999999999998e+00 1.128628859545132562e-01 3.359507195326619233e-01 3.359507195326619233e-01
1.740283400000000036e+00 1.112312544581194745e-01 3.335134996639858018e-01 3.335134996639858018e-01
1.746415800000000074e+00 1.096240038872168393e-01 3.310951583566525414e-01 3.310951583566525414e-01
1.752548299999999948e+00 1.080411099735932717e-01 3.286960753851394523e-01 3.286960753851394523e-01
1.758676600000000034e+00 1.064815164491767913e-01 3.263150570371781134e-01 3.263150570371781134e-01
1.764809000000000072e+00 1.049461401629488005e-01 3.239539167272851294e-01 3.239539167272851294e-01
1.770941400000000110e+00 1.034338574925660476e-01 3.216113454039923325e-01 3.216113454039923325e-01
1.777073899999999984e+00 1.019435397936086646e-01 3.192859843363135552e-01 3.192859843363135552e-01
1.783202200000000071e+00 1.004750406089315040e-01 3.169779812683075071e-01 3.169779812683075071e-01
1.789334600000000108e+00 9.902919874706019032e-02 3.146890508852511759e-01 3.146890508852511759e-01
1.795467099999999983e+00 9.760407684979099940e-02 3.124165118072202429e-01 3.124165118072202429e-01
1.801599500000000020e+00 9.620072282258188001e-02 3.101624136199966353e-01 3.101624136199966353e-01
1.807727800000000107e+00 9.481762506303738347e-02 3.079247068083972305e-01 3.079247068083972305e-01
1.813860299999999981e+00 9.345548537967210412e-02 3.057048991751230016e-01 3.057048991751230016e-01
1.819992700000000019e+00 9.211284376877904023e-02 3.035009782006954926e-01 3.035009782006954926e-01
1.826121000000000105e+00 9.079044811464427600e-02 3.013145335270840941e-01 3.013145335270840941e-01
1.832253399999999921e+00 8.948829960997110866e-02 2.991459503486067484e-01 2.991459503486067484e-01
1.838385900000000017e+00 8.820542583777260526e-02 2.969939828309196561e-01 2.969939828309196561e-01
1.844518300000000055e+00 8.694227668712629920e-02 2.948597576596818093e-01 2.948597576596818093e-01
1.850646599999999919e+00 8.569892703783564547e-02 2.927437907758858593e-01 2.927437907758858593e-01
1.856779100000000016e+00 8.447468589547300899e-02 2.906452922300187813e-01 2.906452922300187813e-01
1.862911500000000053e+00 8.327045707219699056e-02 2.885662091655864514e-01 2.885662091655864514e-01
1.869043900000000091e+00 8.208576410168871851e-02 2.865061327470822539e-01 2.865061327470822539e-01
1.875172199999999956e+00 8.092072975895762965e-02 2.844656917080821135e-01 2.844656917080821135e-01
1.881304700000000052e+00 7.977468022903339007e-02 2.824441187722509516e-01 2.824441187722509516e-01
1.887437100000000090e+00 7.864871372000582783e-02 2.804437799631253059e-01 2.804437799631253059e-01
1.893569499999999906e+00 7.754213009057354944e-02 2.784638757371834528e-01 2.784638757371834528e-01
1.899697900000000050e+00 7.645460918111032789e-02 2.765042661173789940e-01 2.765042661173789940e-01
1.905830300000000088e+00 7.538680267957063863e-02 2.745665724001569719e-01 2.745665724001569719e-01
1.911962699999999904e+00 7.433795183427337194e-02 2.726498704094197367e-01 2.726498704094197367e-01
1.918090999999999990e+00 7.330846061784544732e-02 2.707553519652851626e-01 2.707553519652851626e-01
1.924223500000000087e+00 7.229753057847236597e-02 2.688820012170252682e-01 2.688820012170252682e-01
1.930355899999999902e+00 7.130612330864101456e-02 2.670320641957459884e-01 2.670320641957459884e-01
1.936488299999999940e+00 7.033299948511385902e-02 2.652036943278012759e-01 2.652036943278012759e-01
1.942616700000000085e+00 6.937849070051790856e-02 2.633979701905804771e-01 2.633979701905804771e-01
1.948749099999999901e+00 6.844233263732658890e-02 2.616148555363907446e-01 2.616148555363907446e-01
1.954881499999999939e+00 6.752404544218824911e-02 2.598538924899687630e-01 2.598538924899687630e-01
1.961013899999999976e+00 6.662374344406467308e-02 2.581157559004577107e-01 2.581157559004577107e-01
1.967142299999999899e+00 6.574034973128434212e-02 2.563988099256397368e-01 2.563988099256397368e-01
1.973274699999999937e+00 6.487399350112919849e-02 2.547037367239224359e-01 2.547037367239224359e-01
1.979407099999999975e+00 6.402420641801977175e-02 2.530300504248848559e-01 2.530300504248848559e-01
1.985535499999999898e+00 6.319073352625159679e-02 2.513776710971990513e-01 2.513776710971990513e-01
1.991667899999999936e+00 6.237294274992209731e-02 2.497457562200449122e-01 2.497457562200449122e-01
1.997800299999999973e+00 6.157041294382978314e-02 2.481338609376595727e-01 2.481338609376595727e-01
2.003932700000000011e+00 6.078333567212441946e-02 2.465427664161421173e-01 2.465427664161421173e-01
2.010061100000000156e+00 6.001112628892397993e-02 2.449716846676855964e-01 2.449716846676855964e-01
2.016193499999999972e+00 5.925321825985101903e-02 2.434198394951632149e-01 2.434198394951632149e-01
2.022325899999999788e+00 5.850925565080848656e-02 2.418868653953920034e-01 2.418868653953920034e-01
2.028458300000000047e+00 5.777968915025188945e-02 2.403740608931252687e-01 2.403740608931252687e-01
2.034586700000000192e+00 5.706378706444090870e-02 2.388802776799309469e-01 2.388802776799309469e-01
2.040719100000000008e+00 5.636141813602257855e-02 2.374055983670616266e-01 2.374055983670616266e-01
2.046851499999999824e+00 5.567225444206751889e-02 2.359496862512589221e-01 2.359496862512589221e-01
2.052983900000000084e+00 5.499616586674706264e-02 2.345126134491427872e-01 2.345126134491427872e-01
2.059112299999999784e+00 5.433281512583061634e-02 2.330940049118179758e-01 2.330940049118179758e-01
2.065244700000000044e+00 5.368166319646139328e-02 2.316930365730947017e-01 2.316930365730947017e-01
2.071377099999999860e+00 5.304295519860124930e-02 2.303105624989901512e-01 2.303105624989901512e-01
2.077505500000000005e+00 5.241632593385348038e-02 2.289461201546195146e-01 2.289461201546195146e-01
2.083637899999999821e+00 5.180120256322874595e-02 2.275987753992291251e-01 2.275987753992291251e-01
2.089770300000000081e+00 5.119719688056046519e-02 2.262679758175258626e-01 2.262679758175258626e-01
2.095902699999999896e+00 5.060430527784608862e-02 2.249540070277613046e-01 2.249540070277613046e-01
2.102031100000000041e+00 5.002191385899205228e-02 2.236557932605190702e-01 2.236557932605190702e-01
2.108163499999999857e+00 4.945000075493008462e-02 2.223735612768075465e-01 2.223735612768075465e-01
2.114295900000000117e+00 4.888833065422988622e-02 2.211070569978034195e-01 2.211070569978034195e-01
2.120428400000000213e+00 4.833586824357463674e-02 2.198541976937775921e-01 2.198541976937775921e-01
2.126556700000000077e+00 4.779315917807714503e-02 2.186164659353845297e-01 2.186164659353845297e-01
2.132689099999999893e+00 4.725896609819166955e-02 2.173912741997517939e-01 2.173912741997517939e-01
2.138821500000000153e+00 4.673383443785081998e-02 2.161800972287939715e-01 2.161800972287939715e-01
2.144949899999999854e+00 4.621692075596137844e-02 2.149812102393169055e-01 2.149812102393169055e-01
2.151082300000000114e+00 4.570838433774927073e-02 2.137951925038289458e-01 2.137951925038289458e-01
2.157214699999999930e+00 4.520699690939586346e-02 2.126193709646321539e-01 2.126193709646321539e-01
2.163347200000000026e+00 4.471352665931416920e-02 2.114557321505240450e-01 2.114557321505240450e-01
2.169475499999999890e+00 4.422755602268798464e-02 2.103034855219665378e-01 2.103034855219665378e-01
2.175607900000000150e+00 4.374828963742517784e-02 2.091609180449951477e-01 2.091609180449951477e-01
2.181740299999999966e+00 4.327572726284400345e-02 2.080281886255898882e-01 2.080281886255898882e-01
2.187872800000000062e+00 4.281008498935669204e-02 2.069059810381437270e-01 2.069059810381437270e-01
2.194001099999999926e+00 4.235038872132556448e-02 2.057921007262561719e-01 2.057921007262561719e-01
2.200133500000000186e+00 4.189726932937779674e-02 2.046882246964338570e-01 2.046882246964338570e-01
2.206265999999999838e+00 4.145016646172839520e-02 2.035931395252020548e-01 2.035931395252020548e-01
2.212398400000000098e+00 4.100911958364932691e-02 2.025070852677736122e-01 2.025070852677736122e-01
2.218526699999999963e+00 4.057436905015267270e-02 2.014308046207249625e-01 2.014308046207249625e-01
2.224659099999999778e+00 4.014476477561077644e-02 2.003615850796024722e-01 2.003615850796024722e-01
2.230791599999999875e+00 3.972153886880575718e-02 1.993026313644798708e-01 1.993026313644798708e-01
2.236919900000000183e+00 3.930393037999908162e-02 1.982521888403734056e-01 1.982521888403734056e-01
2.243052299999999999e+00 3.889196747046413244e-02 1.972104649111302288e-01 1.972104649111302288e-01
2.249184800000000095e+00 3.848527627258296890e-02 1.961766455839812073e-01 1.961766455839812073e-01
2.255317199999999911e+00 3.808387144038281880e-02 1.951508940291661054e-01 1.951508940291661054e-01
2.261445500000000219e+00 3.768815450479881535e-02 1.941343722909439351e-01 1.941343722909439351e-01
2.267577900000000035e+00 3.729693533370199293e-02 1.931241448750051770e-01 1.931241448750051770e-01
2.273710400000000131e+00 3.691080095833447483e-02 1.921218388375836861e-01 1.921218388375836861e-01
2.279842799999999947e+00 3.652993278344669054e-02 1.911280533659218961e-01 1.911280533659218961e-01
2.285971099999999812e+00 3.615391270399819640e-02 1.901418226061751815e-01 1.901418226061751815e-01
2.292103599999999908e+00 3.578211963230462644e-02 1.891616230431125978e-01 1.891616230431125978e-01
2.298236000000000168e+00 3.541512053899541212e-02 1.881890553113953202e-01 1.881890553113953202e-01
2.304368399999999983e+00 3.505248462374673663e-02 1.872230878490864225e-01 1.872230878490864225e-01
2.310496699999999848e+00 3.469418123105226515e-02 1.862637410529818238e-01 1.862637410529818238e-01
2.316629199999999944e+00 3.433978405952135826e-02 1.853099675126013146e-01 1.853099675126013146e-01
2.322761600000000204e+00 3.398986217606791288e-02 1.843633970615314865e-01 1.843633970615314865e-01
2.328889900000000068e+00 3.364379379201158649e-02 1.834224462600245187e-01 1.834224462600245187e-01
2.335022400000000165e+00 3.330156328373004571e-02 1.824871592297113987e-01 1.824871592297113987e-01
2.341154799999999980e+00 3.296355561051398514e-02 1.815586836549383798e-01 1.815586836549383798e-01
2.347287199999999796e+00 3.262896999083278460e-02 1.806349080073748892e-01 1.806349080073748892e-01
2.353415500000000105e+00 3.229840514166508469e-02 1.797175704867642609e-01 1.797175704867642609e-01
2.359548000000000201e+00 3.197127178221264437e-02 1.788051223601064554e-01 1.788051223601064554e-01
2.365680400000000017e+00 3.164778398016875050e-02 1.778982405201601502e-01 1.778982405201601502e-01
2.371812799999999832e+00 3.132835858868070894e-02 1.769981880943438113e-01 1.769981880943438113e-01
2.377941199999999977e+00 3.101202123106123337e-02 1.761023033099261559e-01 1.761023033099261559e-01
2.384073599999999793e+00 3.069939687646156684e-02 1.752124335669748290e-01 1.752124335669748290e-01
2.390206000000000053e+00 3.039050963901041708e-02 1.743287401406045101e-01 1.743287401406045101e-01
2.396338399999999869e+00 3.008498993876473210e-02 1.734502520573686923e-01 1.734502520573686923e-01
2.402466800000000013e+00 2.978286234535962654e-02 1.725771199938150036e-01 1.725771199938150036e-01
2.408599199999999829e+00 2.948434685519265783e-02 1.717100662605214323e-01 1.717100662605214323e-01
2.414731600000000089e+00 2.918906599193646367e-02 1.708480786896254822e-01 1.708480786896254822e-01
2.420859999999999790e+00 2.889762880010209728e-02 1.699930257395934896e-01 1.699930257395934896e-01
2.426992400000000050e+00 2.860885402730525481e-02 1.691415207076761851e-01 1.691415207076761851e-01
2.433124799999999865e+00 2.832433695835704854e-02 1.682983569686794245e-01 1.682983569686794245e-01
2.439257200000000125e+00 2.804288337821105731e-02 1.674600948829632618e-01 1.674600948829632618e-01
2.445385599999999826e+00 2.776448845064493839e-02 1.666267939157593525e-01 1.666267939157593525e-01
2.451518000000000086e+00 2.748993802176690968e-02 1.658008987363063513e-01 1.658008987363063513e-01
2.457650399999999902e+00 2.721822496695506036e-02 1.649794683194095446e-01 1.649794683194095446e-01
2.463782800000000162e+00 2.695052595234982695e-02 1.641661534919723608e-01 1.641661534919723608e-01
2.469911199999999862e+00 2.668542820701160292e-02 1.633567513358771539e-01 1.633567513358771539e-01
2.476043600000000122e+00 2.642351040630380038e-02 1.625531002666630309e-01 1.625531002666630309e-01
2.482175999999999938e+00 2.616495053486984565e-02 1.617558361694249602e-01 1.617558361694249602e-01
2.488304400000000083e+00 2.590893203549408247e-02 1.609625174861963881e-01 1.609625174861963881e-01
2.494436799999999899e+00 2.565623591926487548e-02 1.601756408423730127e-01 1.601756408423730127e-01
2.500569200000000158e+00 2.540644607772329575e-02 1.593939963666238524e-01 1.593939963666238524e-01
2.506701599999999974e+00 2.515935357001647041e-02 1.586170027771817148e-01 1.586170027771817148e-01
2.512830000000000119e+00 2.491514802641479898e-02 1.578453294412438257e-01 1.578453294412438257e-01
2.518962399999999935e+00 2.467342875950056733e-02 1.570777793308161252e-01 1.570777793308161252e-01
2.525094800000000195e+00 2.443459409582041802e-02 1.563156872991972590e-01 1.563156872991972590e-01
2.531227200000000011e+00 2.419825076991443877e-02 1.555578695210063644e-01 1.555578695210063644e-01
2.537355600000000155e+00 2.396440828153170721e-02 1.548044194509049232e-01 1.548044194509049232e-01
2.543487999999999971e+00 2.373307747110330740e-02 1.540554363568624741e-01 1.540554363568624741e-01
2.549620399999999787e+00 2.350467295813197383e-02 1.533123379188119084e-01 1.533123379188119084e-01
2.555752899999999883e+00 2.327861185236760125e-02 1.525732999327457651e-01 1.525732999327457651e-01
2.561881200000000192e+00 2.305511240447375224e-02 1.518391003808760575e-01 1.518391003808760575e-01
2.568013600000000007e+00 2.283379312322766919e-02 1.511085474856656563e-01 1.511085474856656563e-01
2.574145999999999823e+00 2.261546682595299076e-02 1.503843968832969946e-01 1.503843968832969946e-01
2.580274399999999968e+00 2.239895324324800777e-02 1.496627984612342033e-01 1.496627984612342033e-01
2.586406799999999784e+00 2.218506201859354529e-02 1.489465072386511046e-01 1.489465072386511046e-01
2.592539200000000044e+00 2.197360460463063103e-02 1.482349641772501281e-01 1.482349641772501281e-01
2.598671700000000140e+00 2.176438658163225986e-02 1.475275790543322807e-01 1.475275790543322807e-01
2.604800000000000004e+00 2.155741194873147040e-02 1.468244255862473091e-01 1.468244255862473091e-01
2.610932399999999820e+00 2.135288171306532271e-02 1.461262526484044255e-01 1.461262526484044255e-01
2.617064800000000080e+00 2.115059122926081850e-02 1.454324283963546460e-01 1.454324283963546460e-01
2.623197300000000176e+00 2.095033720752385864e-02 1.447423131206761471e-01 1.447423131206761471e-01
2.629325600000000041e+00 2.075210937525479374e-02 1.440559244712094344e-01 1.440559244712094344e-01
2.635457999999999856e+00 2.055609712738192332e-02 1.433739764649844817e-01 1.433739764649844817e-01
2.641590499999999953e+00 2.036208838621375583e-02 1.426957896583278818e-01 1.426957896583278818e-01
2.647722900000000212e+00 2.017006979471696465e-02 1.420213709084550691e-01 1.420213709084550691e-01
2.653851200000000077e+00 1.998002724083819057e-02 1.413507242317427748e-01 1.413507242317427748e-01
2.659983599999999893e+00 1.979194866299551631e-02 1.406838607054679835e-01 1.406838607054679835e-01
2.666116099999999989e+00 1.960582144530883739e-02 1.400207893325446096e-01 1.400207893325446096e-01
2.672244399999999853e+00 1.942143545722955361e-02 1.393608103350061356e-01 1.393608103350061356e-01
2.678376800000000113e+00 1.923898370553916992e-02 1.387046636041455172e-01 1.387046636041455172e-01
2.684509300000000209e+00 1.905805957506487985e-02 1.380509310909016629e-01 1.380509310909016629e-01
2.690641700000000025e+00 1.887886149329239677e-02 1.374003693346287913e-01 1.374003693346287913e-01
2.696769999999999889e+00 1.870138731437844676e-02 1.367530157414396652e-01 1.367530157414396652e-01
2.702902400000000149e+00 1.852584193774934468e-02 1.361096687886255430e-01 1.361096687886255430e-01
2.709034899999999801e+00 1.835163182320823441e-02 1.354681948769091426e-01 1.354681948769091426e-01
2.715167300000000061e+00 1.817916239881194398e-02 1.348301242260495081e-01 1.348301242260495081e-01
2.721295599999999926e+00 1.800824589033274067e-02 1.341948057501956282e-01 1.341948057501956282e-01
2.727428100000000022e+00 1.783889258482396906e-02 1.335623172336567743e-01 1.335623172336567743e-01
2.733560499999999838e+00 1.767111385263015963e-02 1.329327418382324766e-01 1.329327418382324766e-01
2.739688800000000146e+00 1.750492117651096177e-02 1.323061645446309553e-01 1.323061645446309553e-01
2.745821199999999962e+00 1.734052525180299412e-02 1.316834281593663447e-01 1.316834281593663447e-01
2.751953700000000058e+00 1.717713881658694194e-02 1.310615840610319383e-01 1.310615840610319383e-01
2.758086099999999874e+00 1.701556765163175430e-02 1.304437336618043675e-01 1.304437336618043675e-01
2.764214400000000182e+00 1.685522042127933495e-02 1.298276566116762787e-01 1.298276566116762787e-01
2.770346899999999835e+00 1.669650083975402974e-02 1.292149404664724999e-01 1.292149404664724999e-01
2.776479300000000094e+00 1.653921290339835024e-02 1.286048712273308581e-01 1.286048712273308581e-01
2.782611699999999910e+00 1.638375352489816056e-02 1.279990372030124224e-01 1.279990372030124224e-01
2.788740000000000219e+00 1.622932420510675780e-02 1.273943648875677515e-01 1.273943648875677515e-01
2.794872499999999871e+00 1.607652058190992689e-02 1.267932197789374271e-01 1.267932197789374271e-01
2.801004900000000131e+00 1.592513533726720026e-02 1.261948308658766005e-01 1.261948308658766005e-01
2.807137299999999946e+00 1.577516331172435990e-02 1.255992170028314980e-01 1.255992170028314980e-01
2.813265700000000091e+00 1.562659390921979086e-02 1.250063754742924693e-01 1.250063754742924693e-01
2.819398099999999907e+00 1.547962029341427848e-02 1.244171221874798006e-01 1.244171221874798006e-01
2.825530500000000167e+00 1.533383228802049324e-02 1.238298521682897474e-01 1.238298521682897474e-01
2.831658899999999868e+00 1.518962139359116004e-02 1.232461820649676798e-01 1.232461820649676798e-01
2.837791300000000128e+00 1.504638100864347933e-02 1.226636906694213158e-01 1.226636906694213158e-01
2.843923699999999943e+00 1.490509958323357406e-02 1.220864430771638753e-01 1.220864430771638753e-01
2.850056100000000203e+00 1.476457717330347322e-02 1.215095764674680862e-01 1.215095764674680862e-01
2.856184499999999904e+00 1.462540674689354579e-02 1.209355479042185794e-01 1.209355479042185794e-01
2.862316900000000164e+00 1.448738740982531345e-02 1.203635634643030750e-01 1.203635634643030750e-01
2.868449299999999980e+00 1.435151584386924056e-02 1.197978123500977876e-01 1.197978123500977876e-01
2.874581699999999795e+00 1.421579985576734359e-02 1.192300291695315428e-01 1.192300291695315428e-01
2.880710099999999940e+00 1.408223702344138517e-02 1.186686016747538208e-01 1.186686016747538208e-01
2.886842500000000200e+00 1.394943697741778468e-02 1.181077346214793183e-01 1.181077346214793183e-01
2.892974900000000016e+00 1.381860246755991888e-02 1.175525519398023105e-01 1.175525519398023105e-01
2.899103300000000161e+00 1.368854417082123603e-02 1.169980519958398052e-01 1.169980519958398052e-01
2.905235699999999976e+00 1.355946946327836640e-02 1.164451349918851908e-01 1.164451349918851908e-01
2.911368099999999792e+00 1.343198432430866597e-02 1.158964379276113260e-01 1.158964379276113260e-01
2.917500500000000052e+00 1.330609626460132686e-02 1.153520535777379508e-01 1.153520535777379508e-01
2.923628900000000197e+00 1.318101528318651669e-02 1.148086028274297732e-01 1.148086028274297732e-01
2.929761300000000013e+00 1.305734373373618369e-02 1.142687347166152223e-01 1.142687347166152223e-01
2.935893699999999829e+00 1.293548603472282482e-02 1.137342781870216285e-01 1.137342781870216285e-01
2.942026100000000088e+00 1.281404938932897281e-02 1.131991580769440703e-01 1.131991580769440703e-01
2.948154499999999789e+00 1.269443246998663150e-02 1.126695720680017110e-01 1.126695720680017110e-01
2.954286900000000049e+00 1.257623501291970161e-02 1.121438139752688329e-01 1.121438139752688329e-01
2.960419299999999865e+00 1.245905776526256246e-02 1.116201494590585153e-01 1.116201494590585153e-01
2.966551700000000125e+00 1.234269967781958036e-02 1.110977032967809808e-01 1.110977032967809808e-01
2.972680099999999825e+00 1.222795256670534611e-02 1.105800730995659398e-01 1.105800730995659398e-01
2.978812500000000085e+00 1.211441518415058358e-02 1.100655040607664004e-01 1.100655040607664004e-01
2.984944899999999901e+00 1.200207977780779443e-02 1.095540039332556503e-01 1.095540039332556503e-01
2.991073300000000046e+00 1.189134105619476037e-02 1.090474257201643482e-01 1.090474257201643482e-01
2.997205699999999862e+00 1.178159290729869496e-02 1.085430463332345136e-01 1.085430463332345136e-01
3.003338100000000122e+00 1.167283102986285855e-02 1.080408766618582150e-01 1.080408766618582150e-01
3.009470600000000218e+00 1.156524832530757795e-02 1.075418445318266636e-01 1.075418445318266636e-01
3.015598900000000082e+00 1.145923772309779057e-02 1.070478291377167102e-01 1.070478291377167102e-01
3.021731299999999898e+00 1.135399974970368459e-02 1.065551488652879963e-01 1.065551488652879963e-01
3.027863700000000158e+00 1.124992944370364206e-02 1.060656845718898900e-01 1.060656845718898900e-01
3.033996199999999810e+00 1.114722387515681111e-02 1.055804142592593337e-01 1.055804142592593337e-01
3.040124500000000118e+00 1.104568525967736421e-02 1.050984550775003745e-01 1.050984550775003745e-01
3.046256899999999934e+00 1.094511456296504669e-02 1.046189015568651792e-01 1.046189015568651792e-01
3.052389400000000030e+00 1.084551404216732400e-02 1.041417977671180994e-01 1.041417977671180994e-01
3.058521799999999846e+00 1.074728524661366230e-02 1.036691142366600038e-01 1.036691142366600038e-01
3.064650100000000155e+00 1.065043445550380510e-02 1.032009421250785208e-01 1.032009421250785208e-01
3.070782499999999970e+00 1.055436718834438896e-02 1.027344498614967405e-01 1.027344498614967405e-01
3.076915000000000067e+00 1.045968727660133435e-02 1.022726125441280332e-01 1.022726125441280332e-01
3.083043299999999931e+00 1.036580140446141315e-02 1.018125797947454642e-01 1.018125797947454642e-01
3.089175700000000191e+00 1.027311396302879078e-02 1.013563711023080655e-01 1.013563711023080655e-01
3.095308199999999843e+00 1.018202872377737406e-02 1.009060390847712069e-01 1.009060390847712069e-01
3.101440600000000103e+00 1.009155104822533067e-02 1.004567123104540549e-01 1.004567123104540549e-01
3.107568899999999967e+00 1.000248430620563449e-02 1.000124207596518183e-01 1.000124207596518183e-01
3.113701299999999783e+00 9.914231764981840805e-03 9.957023533657957670e-02 9.957023533657957670e-02
3.119833799999999879e+00 9.827791653740680297e-03 9.913521903814345726e-02 9.913521903814345726e-02
3.125966200000000139e+00 9.741767763971884153e-03 9.870039394030746815e-02 9.870039394030746815e-02
3.132094500000000004e+00 9.657157125100086087e-03 9.827083557750022902e-02 9.827083557750022902e-02
3.138227000000000100e+00 9.573559021011614906e-03 9.784456561818655196e-02 9.784456561818655196e-02
3.144359399999999916e+00 9.490970984206377470e-03 9.742161456374236195e-02 9.742161456374236195e-02
3.150487699999999780e+00 9.409589091535110542e-03 9.700303650677699618e-02 9.700303650677699618e-02
3.156620100000000040e+00 9.329010734350483627e-03 9.658680414192449826e-02 9.658680414192449826e-02
3.162752600000000136e+00 9.249630787167084991e-03 9.617500084308336361e-02 9.617500084308336361e-02
3.168884999999999952e+00 9.171045781100960886e-03 9.576557722428744035e-02 9.576557722428744035e-02
3.175013299999999816e+00 9.094049838275532205e-03 9.536272772040202406e-02 9.536272772040202406e-02
3.181145799999999912e+00 9.017441562530955149e-03 9.496021041747408631e-02 9.496021041747408631e-02
3.187278200000000172e+00 8.942015924159794904e-03 9.456223307515423948e-02 9.456223307515423948e-02
3.193410599999999988e+00 8.867770032182057879e-03 9.416883790395874643e-02 9.416883790395874643e-02
3.199538899999999852e+00 8.794502130597918813e-03 9.377900687572841842e-02 9.377900687572841842e-02
3.205671399999999949e+00 8.721812084676908508e-03 9.339064238282607233e-02 9.339064238282607233e-02
3.211803800000000209e+00 8.650498136369890595e-03 9.300805414785265346e-02 9.300805414785265346e-02
3.217936200000000024e+00 8.580161550237072263e-03 9.262916144625876758e-02 9.262916144625876758e-02
3.224064600000000169e+00 8.510604393106970325e-03 9.225293704325608635e-02 9.225293704325608635e-02
3.230196999999999985e+00 8.441829047049027521e-03 9.187942668001922164e-02 9.187942668001922164e-02
3.236329399999999801e+00 8.374038029933300945e-03 9.150977013375839741e-02 9.150977013375839741e-02
3.242457700000000109e+00 8.307035073383548310e-03 9.114293759465703915e-02 9.114293759465703915e-02
3.248590200000000205e+00 8.241023613036409928e-03 9.078008379064435307e-02 9.078008379064435307e-02
3.254722600000000021e+00 8.176207011998054899e-03 9.042238114536718663e-02 9.042238114536718663e-02
3.260854999999999837e+00 8.111990101453499594e-03 9.006658704232940738e-02 9.006658704232940738e-02
3.266983399999999982e+00 8.048974955389890870e-03 8.971607969249376091e-02 8.971607969249376091e-02
3.273115799999999798e+00 7.986565878425539930e-03 8.936758852305203005e-02 8.936758852305203005e-02
3.279248200000000057e+00 7.925164422183611154e-03 8.902339255602209622e-02 8.902339255602209622e-02
3.285380599999999873e+00 7.864971901654036271e-03 8.868467681428419958e-02 8.868467681428419958e-02
3.291509000000000018e+00 7.804991204491324754e-03 8.834586127539492684e-02 8.834586127539492684e-02
3.297641399999999834e+00 7.746221083913621026e-03 8.801261889021154416e-02 8.801261889021154416e-02
3.303773800000000094e+00 7.688461216951827763e-03 8.768387090538275197e-02 8.768387090538275197e-02
3.309906199999999910e+00 7.631311285437225936e-03 8.735737682323814479e-02 8.735737682323814479e-02
3.316034600000000054e+00 7.574769459175764545e-03 8.703315149513871085e-02 8.703315149513871085e-02
3.322166999999999870e+00 7.519432848105932210e-03 8.671466339729361206e-02 8.671466339729361206e-02
3.328299400000000130e+00 7.465098950872668671e-03 8.640080411010460371e-02 8.640080411010460371e-02
3.334427799999999831e+00 7.411165579334614076e-03 8.608812681975729075e-02 8.608812681975729075e-02
3.340560200000000091e+00 7.358229176058299868e-03 8.578012110074396956e-02 8.578012110074396956e-02
3.346692599999999906e+00 7.306086810553043785e-03 8.547565039561291766e-02 8.547565039561291766e-02
3.352825000000000166e+00 7.254336220050469283e-03 8.517239118429439926e-02 8.517239118429439926e-02
3.358953399999999867e+00 7.203973274278713257e-03 8.487622325644982035e-02 8.487622325644982035e-02
3.365085800000000127e+00 7.153997570677294096e-03 8.458130745429094655e-02 8.458130745429094655e-02
3.371218199999999943e+00 7.104806960368819160e-03 8.429001696742514926e-02 8.429001696742514926e-02
3.377350600000000203e+00 7.056200602262860562e-03 8.400119405260178529e-02 8.400119405260178529e-02
3.383478999999999903e+00 7.008577807039515287e-03 8.371724916072860456e-02 8.371724916072860456e-02
3.389611400000000163e+00 6.961539488939526114e-03 8.343584055392218313e-02 8.343584055392218313e-02
3.395743799999999979e+00 6.915486265032999222e-03 8.315940274576891222e-02 8.315940274576891222e-02
3.401876300000000075e+00 6.869820368128524632e-03 8.288437951826944927e-02 8.288437951826944927e-02
3.408004599999999940e+00 6.824743763759143905e-03 8.261200738245708108e-02 8.261200738245708108e-02
3.414137000000000199e+00 6.780858074415451950e-03 8.234596574462801910e-02 8.234596574462801910e-02
3.420269400000000015e+00 6.737167253763584433e-03 8.208024886514163343e-02 8.208024886514163343e-02
3.426397800000000160e+00 6.694073476760057685e-03 8.181731770695038763e-02 8.181731770695038763e-02
3.432530199999999976e+00 6.651978972463867476e-03 8.155966510760001564e-02 8.155966510760001564e-02
3.438662599999999792e+00 6.610486746209536489e-03 8.130489989053264754e-02 8.130489989053264754e-02
3.444795099999999888e+00 6.569798752614238249e-03 8.105429509047770709e-02 8.105429509047770709e-02
3.450923400000000196e+00 6.529717126072841389e-03 8.080666510921510892e-02 8.080666510921510892e-02
3.457055800000000012e+00 6.489643877901991355e-03 8.055832593780726247e-02 8.055832593780726247e-02
3.463188199999999828e+00 6.450978127646260323e-03 8.031798134693289570e-02 8.031798134693289570e-02
3.469320699999999924e+00 6.412721561909963570e-03 8.007947028989367833e-02 8.007947028989367833e-02
3.475448999999999788e+00 6.375273176338653626e-03 7.984530779162074543e-02 7.984530779162074543e-02
3.481581400000000048e+00 6.338233065235873535e-03 7.961302070161559163e-02 7.961302070161559163e-02
3.487713900000000145e+00 6.301599739712732649e-03 7.938261610524519063e-02 7.938261610524519063e-02
3.493842200000000009e+00 6.265571442068233743e-03 7.915536268673294129e-02 7.915536268673294129e-02
3.499974599999999825e+00 6.230545845819449730e-03 7.893380673589389662e-02 7.893380673589389662e-02
3.506107000000000085e+00 6.195521846260563202e-03 7.871163729881727744e-02 7.871163729881727744e-02
3.512239500000000181e+00 6.161096452193486235e-03 7.849265221785722835e-02 7.849265221785722835e-02
3.518367800000000045e+00 6.127467055752133969e-03 7.827813906674158106e-02 7.827813906674158106e-02
3.524500199999999861e+00 6.094431874348480750e-03 7.806684234903113473e-02 7.806684234903113473e-02
3.530632699999999957e+00 6.061988847992837333e-03 7.785877502242657955e-02 7.785877502242657955e-02
3.536765100000000217e+00 6.029936524988179294e-03 7.765266592325198447e-02 7.765266592325198447e-02
3.542893400000000081e+00 5.998073782173986637e-03 7.744723224347005441e-02 7.744723224347005441e-02
3.549025799999999897e+00 5.966999367278225802e-03 7.724635504202269354e-02 7.724635504202269354e-02
3.555158299999999993e+00 5.936513133694245811e-03 7.704877113682116752e-02 7.704877113682116752e-02
3.561290699999999809e+00 5.906615311882469979e-03 7.685450742723207163e-02 7.685450742723207163e-02
3.567419000000000118e+00 5.876907069495857644e-03 7.666098792407946561e-02 7.666098792407946561e-02
3.573551500000000214e+00 5.847789076234085823e-03 7.647083807723102644e-02 7.647083807723102644e-02
3.579683900000000030e+00 5.819063222056779401e-03 7.628278457199094698e-02 7.628278457199094698e-02
3.585812199999999894e+00 5.790930933393649387e-03 7.609816642596357872e-02 7.609816642596357872e-02
3.591944600000000154e+00 5.763194681068296507e-03 7.591570773606932943e-02 7.591570773606932943e-02
3.598077099999999806e+00 5.735456714675917292e-03 7.573279814370995067e-02 7.573279814370995067e-02
3.604209500000000066e+00 5.708718411133418755e-03 7.555606137917340870e-02 7.555606137917340870e-02
3.610337799999999930e+00 5.682581884929165453e-03 7.538290180756618275e-02 7.538290180756618275e-02
3.616470300000000027e+00 5.656449686310431255e-03 7.520937233025171142e-02 7.520937233025171142e-02
3.622602699999999842e+00 5.630522969399375660e-03 7.503681076244762826e-02 7.503681076244762826e-02
3.628735100000000102e+00 5.605602047658873703e-03 7.487056863453671329e-02 7.487056863453671329e-02
3.634863399999999967e+00 5.580888506250318570e-03 7.470534456282440505e-02 7.470534456282440505e-02
3.640995900000000063e+00 5.556582464139411814e-03 7.454248764388946014e-02 7.454248764388946014e-02
3.647128299999999879e+00 5.532284096035255429e-03 7.437932572990464675e-02 7.437932572990464675e-02
3.653260700000000138e+00 5.508392533098455113e-03 7.421854574901380619e-02 7.421854574901380619e-02
3.659389099999999839e+00 5.485106547333695737e-03 7.406150516519155458e-02 7.406150516519155458e-02
3.665521500000000099e+00 5.462025551764060349e-03 7.390551773557953175e-02 7.390551773557953175e-02
3.671653899999999915e+00 5.439547565090840746e-03 7.375328850357007471e-02 7.375328850357007471e-02
3.677782199999999779e+00 5.417071270298674801e-03 7.360075590847335592e-02 7.360075590847335592e-02
3.683914699999999876e+00 5.394994685269909572e-03 7.345062753489522978e-02 7.345062753489522978e-02
3.690047100000000135e+00 5.373515755900097439e-03 7.330426833343402226e-02 7.330426833343402226e-02
3.696179499999999951e+00 5.352033234567631775e-03 7.315759177670921876e-02 7.315759177670921876e-02
3.702307900000000096e+00 5.330745091362917680e-03 7.301195170218995056e-02 7.301195170218995056e-02
3.708440299999999912e+00 5.309650172185416926e-03 7.286734640554311249e-02 7.286734640554311249e-02
3.714572700000000172e+00 5.288947215253304336e-03 7.272514843747865387e-02 7.272514843747865387e-02
3.720705099999999987e+00 5.268635525936187641e-03 7.258536716126871846e-02 7.258536716126871846e-02
3.726833500000000132e+00 5.248514888334475555e-03 7.244663476197134300e-02 7.244663476197134300e-02
3.732965899999999948e+00 5.228585598041519955e-03 7.230895932069220100e-02 7.230895932069220100e-02
3.739098300000000208e+00 5.208648034571638705e-03 7.217096392990493547e-02 7.217096392990493547e-02
3.745226699999999909e+00 5.189102913920075159e-03 7.203542818585917384e-02 7.203542818585917384e-02
3.751359100000000169e+00 5.169751605009268586e-03 7.190098472906521210e-02 7.190098472906521210e-02
3.757491499999999984e+00 5.150595618752962061e-03 7.176765022454728582e-02 7.176765022454728582e-02
3.763623899999999800e+00 5.131436477049775187e-03 7.163404551642867102e-02 7.163404551642867102e-02
3.769752299999999945e+00 5.112475841680405933e-03 7.150157929500862430e-02 7.150157929500862430e-02
3.775884700000000205e+00 5.093915432106778385e-03 7.137167107548189615e-02 7.137167107548189615e-02
3.782017100000000021e+00 5.075356853821848778e-03 7.124153882266896776e-02 7.124153882266896776e-02
3.788149499999999836e+00 5.057001641010435908e-03 7.111259832835835348e-02 7.111259832835835348e-02
3.794277899999999981e+00 5.038450993762065566e-03 7.098204698205079488e-02 7.098204698205079488e-02
3.800410299999999797e+00 5.020305684370269736e-03 7.085411550764196542e-02 7.085411550764196542e-02
3.806542700000000057e+00 5.002366519225752949e-03 7.072740995700148303e-02 7.072740995700148303e-02
3.812675099999999873e+00 4.984633585205865136e-03 7.060193754569250857e-02 7.060193754569250857e-02
3.818803500000000017e+00 4.966707171722746159e-03 7.047486907914583820e-02 7.047486907914583820e-02
3.824935899999999833e+00 4.948986566616928560e-03 7.034903387124039065e-02 7.034903387124039065e-02
3.831068300000000093e+00 4.931271310484500181e-03 7.022301126044439012e-02 7.022301126044439012e-02
3.837196699999999794e+00 4.913960079941393985e-03 7.009964393591021359e-02 7.009964393591021359e-02
3.843329100000000054e+00 4.896252009596117546e-03 6.997322351868690005e-02 6.997322351868690005e-02
3.849461499999999869e+00 4.878745593103112933e-03 6.984801781799618303e-02 6.984801781799618303e-02
3.855593900000000129e+00 4.861039296611626911e-03 6.972115386747143595e-02 6.972115386747143595e-02
3.861722299999999830e+00 4.843931439626101253e-03 6.959835802392252968e-02 6.959835802392252968e-02
3.867854700000000090e+00 4.826620866780905947e-03 6.947388622195324603e-02 6.947388622195324603e-02
3.873987099999999906e+00 4.809106058472952666e-03 6.934771848066058342e-02 6.934771848066058342e-02
3.880119600000000002e+00 4.791785921095245010e-03 6.922272691172491610e-02 6.922272691172491610e-02
3.886247899999999866e+00 4.774859250657351867e-03 6.910035637142077081e-02 6.910035637142077081e-02
3.892380300000000126e+00 4.757126090256311515e-03 6.897192247760179640e-02 6.897192247760179640e-02
3.898512699999999942e+00 4.739785653111939362e-03 6.884610121940050453e-02 6.884610121940050453e-02
3.904641100000000087e+00 4.722637937064086931e-03 6.872145179683042393e-02 6.872145179683042393e-02
3.910773499999999903e+00 4.705283704566159096e-03 6.859507055588003055e-02 6.859507055588003055e-02
3.916905900000000162e+00 4.688123417049762549e-03 6.846987233119222749e-02 6.846987233119222749e-02
3.923038399999999815e+00 4.671158042854603454e-03 6.834587070814596155e-02 6.834587070814596155e-02
3.929166700000000123e+00 4.653988734312643205e-03 6.822014903467041314e-02 6.822014903467041314e-02
3.935299099999999939e+00 4.636816993881662068e-03 6.809417738604132964e-02 6.809417738604132964e-02
3.941431500000000199e+00 4.620044002320933610e-03 6.797090555760555708e-02 6.797090555760555708e-02
3.947563999999999851e+00 4.602871334425244140e-03 6.784446428725961209e-02 6.784446428725961209e-02
3.953692300000000159e+00 4.586100018220239626e-03 6.772075027803693692e-02 6.772075027803693692e-02
3.959824699999999975e+00 4.569131614229518523e-03 6.759535201646277303e-02 6.759535201646277303e-02
3.965957200000000071e+00 4.552366932680091544e-03 6.747123040733800370e-02 6.747123040733800370e-02
3.972089599999999887e+00 4.536006720573020068e-03 6.734988285493168081e-02 6.734988285493168081e-02
3.978217900000000196e+00 4.519251629798749781e-03 6.722537935778978568e-02 6.722537935778978568e-02
3.984350300000000011e+00 4.503101674220628785e-03 6.710515385736499916e-02 6.710515385736499916e-02
3.990482800000000108e+00 4.486357201912750253e-03 6.698027472258344384e-02 6.698027472258344384e-02
3.996611099999999972e+00 4.470417518287868319e-03 6.686118095193853417e-02 6.686118095193853417e-02
4.002743500000000232e+00 4.454282287403977733e-03 6.674040970359694513e-02 6.674040970359694513e-02
4.008875999999999884e+00 4.438150627160863254e-03 6.661944631382689386e-02 6.661944631382689386e-02
4.015008400000000144e+00 4.422421487483304756e-03 6.650128936707395966e-02 6.650128936707395966e-02
4.021136699999999564e+00 4.406493744888420085e-03 6.638142620408528372e-02 6.638142620408528372e-02
4.027269200000000104e+00 4.390966206069020841e-03 6.626436603536640935e-02 6.626436603536640935e-02
4.033401600000000364e+00 4.375837577589553919e-03 6.615011396505340868e-02 6.615011396505340868e-02
4.039533999999999736e+00 4.360106692825467013e-03 6.603110398005977710e-02 6.603110398005977710e-02
4.045662300000000045e+00 4.344972321514586552e-03 6.591640403962117922e-02 6.591640403962117922e-02
4.051794799999999697e+00 4.329633614820433546e-03 6.579995148038053632e-02 6.579995148038053632e-02
4.057927199999999957e+00 4.314489750866544633e-03 6.568477563991936830e-02 6.568477563991936830e-02
4.064059600000000216e+00 4.299540216314207998e-03 6.557087933156156845e-02 6.557087933156156845e-02
4.070187999999999917e+00 4.284784739363061042e-03 6.545826715826703890e-02 6.545826715826703890e-02
