6.367979799999999579e-02 2.694840197321428832e+01 5.191185025908273687e+00 5.191185025908273687e+00
6.972053899999999804e-02 2.632140639586416953e+01 5.130439201068868194e+00 5.130439201068868194e+00
7.576168699999999423e-02 2.566256783413347975e+01 5.065823509966911331e+00 5.065823509966911331e+00
8.180283500000000430e-02 2.497733398227383006e+01 4.997732884245999152e+00 4.997732884245999152e+00
8.784357600000000654e-02 2.427120481263308704e+01 4.926581452958338048e+00 4.926581452958338048e+00
9.388472400000000273e-02 2.354951032999110794e+01 4.852783771196807372e+00 4.852783771196807372e+00
9.992587199999999892e-02 2.281762786889044392e+01 4.776780073322451692e+00 4.776780073322451692e+00
1.059666100000000027e-01 2.208077815203734318e+01 4.699018849934243569e+00 4.699018849934243569e+00
1.120077599999999979e-01 2.134381197860146884e+01 4.619936360882200610e+00 4.619936360882200610e+00
1.180485000000000007e-01 2.061150749933316462e+01 4.539989812690460980e+00 4.539989812690460980e+00
1.240896499999999958e-01 1.988812424320812511e+01 4.459610324143593374e+00 4.459610324143593374e+00
1.301307999999999909e-01 1.917771284921526131e+01 4.379236560088442864e+00 4.379236560088442864e+00
1.361715400000000076e-01 1.848393091105482000e+01 4.299294234063867570e+00 4.299294234063867570e+00
1.422126900000000027e-01 1.780988271676520895e+01 4.220175673685304218e+00 4.220175673685304218e+00
1.482538399999999978e-01 1.715838741282814439e+01 4.142268389762805647e+00 4.142268389762805647e+00
1.542945799999999867e-01 1.653182426113035675e+01 4.065934611024919043e+00 4.065934611024919043e+00
1.603357199999999871e-01 1.593201396979868711e+01 3.991492699454514348e+00 3.991492699454514348e+00
1.663768700000000100e-01 1.536047839952566463e+01 3.919244621036771292e+00 3.919244621036771292e+00
1.724176099999999989e-01 1.481832514233228260e+01 3.849457772509302877e+00 3.849457772509302877e+00
1.784587599999999941e-01 1.430616222763032752e+01 3.782348771283569278e+00 3.782348771283569278e+00
1.844999099999999892e-01 1.382434533545830213e+01 3.718110452294054902e+00 3.718110452294054902e+00
1.905406500000000058e-01 1.337288738315209535e+01 3.656895867146355616e+00 3.656895867146355616e+00
1.965818000000000010e-01 1.295140795238645204e+01 3.598806462201941336e+00 3.598806462201941336e+00
2.026229499999999961e-01 1.255935114050559420e+01 3.543917485002380019e+00 3.543917485002380019e+00
2.086636900000000128e-01 1.219591968533149817e+01 3.492265695122795055e+00 3.492265695122795055e+00
2.147048400000000079e-01 1.186004505453752245e+01 3.443841612870360169e+00 3.443841612870360169e+00
2.207455799999999968e-01 1.155058992962107922e+01 3.398615884388978436e+00 3.398615884388978436e+00
2.267867199999999972e-01 1.126619901056345441e+01 3.356515903517135690e+00 3.356515903517135690e+00
2.328278699999999923e-01 1.100547986088452923e+01 3.317450807605823115e+00 3.317450807605823115e+00
2.388686100000000090e-01 1.076696430868545917e+01 3.281305275143636901e+00 3.281305275143636901e+00
2.449097600000000041e-01 1.054909132999097210e+01 3.247936472591631762e+00 3.247936472591631762e+00
2.509509100000000270e-01 1.035032781140797020e+01 3.217192535644699536e+00 3.217192535644699536e+00
2.569916500000000159e-01 1.016913451638576582e+01 3.188908044517082985e+00 3.188908044517082985e+00
2.630328000000000110e-01 1.000395249906061501e+01 3.162902543402280386e+00 3.162902543402280386e+00
2.690739500000000062e-01 9.853291430067246282e+00 3.138995289908419917e+00 3.138995289908419917e+00
2.751146899999999951e-01 9.715700365841239972e+00 3.117001823201462241e+00 3.117001823201462241e+00
2.811558399999999902e-01 9.589753921517342405e+00 3.096732781742290275e+00 3.096732781742290275e+00
2.871965799999999791e-01 9.474123360804034277e+00 3.078006393886151937e+00 3.078006393886151937e+00
2.932377299999999742e-01 9.367513674472604635e+00 3.060639422485537331e+00 3.060639422485537331e+00
2.992788699999999746e-01 9.268724853652486217e+00 3.044458055820852493e+00 3.044458055820852493e+00
3.053196100000000190e-01 9.176628483023687721e+00 3.029295047205486036e+00 3.029295047205486036e+00
3.113607600000000142e-01 9.090154568785564493e+00 3.014988319842311526e+00 3.014988319842311526e+00
3.174019100000000093e-01 9.008329729853926437e+00 3.001387967233480669e+00 3.001387967233480669e+00
3.234426499999999982e-01 8.930258075265060214e+00 2.988353739982109403e+00 2.988353739982109403e+00
3.294837999999999933e-01 8.855107180812966661e+00 2.975753212350272570e+00 2.975753212350272570e+00
3.355245399999999822e-01 8.782144786866069808e+00 2.963468371160062009e+00 2.963468371160062009e+00
3.415656899999999774e-01 8.710697547129424123e+00 2.951389087722834148e+00 2.951389087722834148e+00
3.476068399999999725e-01 8.640185574725581574e+00 2.939419258072176078e+00 2.939419258072176078e+00
3.536475800000000169e-01 8.570106449106969393e+00 2.927474414765562027e+00 2.927474414765562027e+00
3.596887300000000121e-01 8.500020013837428223e+00 2.915479379765431922e+00 2.915479379765431922e+00
3.657298700000000125e-01 8.429575314496757343e+00 2.903373092541976064e+00 2.903373092541976064e+00
3.717706100000000013e-01 8.358493767525880358e+00 2.891105976529722454e+00 2.891105976529722454e+00
3.778117599999999965e-01 8.286552486719525490e+00 2.878637262094605465e+00 2.878637262094605465e+00
3.838529099999999916e-01 8.213609286805011678e+00 2.865939512063192751e+00 2.865939512063192751e+00
3.898936499999999805e-01 8.139584465865164375e+00 2.852995700288587066e+00 2.852995700288587066e+00
3.959347999999999757e-01 8.064440546595806225e+00 2.839795863542977639e+00 2.839795863542977639e+00
4.019755400000000201e-01 7.988212029281248405e+00 2.826342518040099172e+00 2.826342518040099172e+00
4.080158700000000027e-01 7.910968882656398193e+00 2.812644464317592519e+00 2.812644464317592519e+00
4.140586499999999726e-01 7.832782429714091776e+00 2.798710851394636823e+00 2.798710851394636823e+00
4.200973599999999752e-01 7.753876954350958250e+00 2.784578415909840565e+00 2.784578415909840565e+00
4.261401300000000059e-01 7.674309481095752616e+00 2.770254407287488174e+00 2.770254407287488174e+00
4.321788400000000085e-01 7.594365749083939576e+00 2.755787682148960194e+00 2.755787682148960194e+00
4.382216099999999837e-01 7.514125121003044860e+00 2.741190456900622685e+00 2.741190456900622685e+00
4.442643900000000090e-01 7.433828294015166982e+00 2.726504776085155957e+00 2.726504776085155957e+00
4.503031000000000117e-01 7.353709528720460575e+00 2.711772396186756140e+00 2.711772396186756140e+00
4.563458699999999868e-01 7.273827445856428042e+00 2.697003419696835991e+00 2.697003419696835991e+00
4.623845799999999895e-01 7.194436269124433458e+00 2.682244632602409418e+00 2.682244632602409418e+00
4.684273600000000148e-01 7.115551739864597991e+00 2.667499154613661272e+00 2.667499154613661272e+00
4.744660600000000228e-01 7.037374548869079760e+00 2.652805034085444991e+00 2.652805034085444991e+00
4.805088399999999926e-01 6.959862498645732920e+00 2.638155131648958207e+00 2.638155131648958207e+00
4.865516200000000180e-01 6.883099661272241043e+00 2.623566210575262403e+00 2.623566210575262403e+00
4.925903200000000259e-01 6.807135391534862023e+00 2.609048752234205182e+00 2.609048752234205182e+00
4.986330999999999958e-01 6.731833508354815976e+00 2.594577712914919676e+00 2.594577712914919676e+00
5.046718000000000037e-01 6.657232435213193078e+00 2.580161319610305704e+00 2.580161319610305704e+00
5.107145800000000291e-01 6.583141288950735692e+00 2.565763295581012127e+00 2.565763295581012127e+00
5.167532799999999815e-01 6.509547288034432277e+00 2.551381446987970758e+00 2.551381446987970758e+00
5.227960600000000069e-01 6.436219797561217426e+00 2.536970594540113755e+00 2.536970594540113755e+00
5.288388400000000322e-01 6.363064275441797868e+00 2.522511501547970880e+00 2.522511501547970880e+00
5.348775399999999847e-01 6.289978031562427851e+00 2.507982861098222660e+00 2.507982861098222660e+00
5.409203200000000100e-01 6.216708167940597107e+00 2.493332743125272533e+00 2.493332743125272533e+00
5.469590199999999625e-01 6.143202983603136325e+00 2.478548563898463453e+00 2.478548563898463453e+00
5.530017999999999878e-01 6.069220949567881718e+00 2.463578890469692695e+00 2.463578890469692695e+00
5.590405000000000513e-01 5.994733232754523300e+00 2.448414432393855034e+00 2.448414432393855034e+00
5.650832799999999656e-01 5.919527860856368839e+00 2.433007986188366001e+00 2.433007986188366001e+00
5.711219899999999683e-01 5.843616028487837788e+00 2.417357240559995901e+00 2.417357240559995901e+00
5.771647600000000544e-01 5.766828885410591354e+00 2.401422263037175764e+00 2.401422263037175764e+00
5.832075399999999687e-01 5.689175861928086775e+00 2.385199333793317944e+00 2.385199333793317944e+00
5.892462499999999714e-01 5.610695445435513129e+00 2.368690660562394523e+00 2.368690660562394523e+00
5.952890199999999465e-01 5.531293540169226475e+00 2.351870221795672844e+00 2.351870221795672844e+00
6.013277299999999492e-01 5.451113930685615117e+00 2.334762071536544248e+00 2.334762071536544248e+00
6.073705000000000354e-01 5.370109890137753972e+00 2.317349755677324374e+00 2.317349755677324374e+00
6.134092100000000380e-01 5.288472978778328226e+00 2.299668014905266400e+00 2.299668014905266400e+00
6.194519899999999524e-01 5.206194940823503536e+00 2.281708776514545178e+00 2.281708776514545178e+00
6.254947600000000385e-01 5.123448049140892913e+00 2.263503489977626071e+00 2.263503489977626071e+00
6.315334700000000412e-01 5.040417490453511284e+00 2.245087412653126613e+00 2.245087412653126613e+00
6.375762499999999555e-01 4.957129201230045190e+00 2.226461138495357872e+00 2.226461138495357872e+00
6.436149500000000190e-01 4.873837789894553296e+00 2.207677012131655570e+00 2.207677012131655570e+00
6.496577300000000443e-01 4.790574213410676130e+00 2.188738041294726600e+00 2.188738041294726600e+00
6.556964299999999968e-01 4.707592050565251540e+00 2.169698608232316417e+00 2.169698608232316417e+00
6.617392100000000221e-01 4.624915189706626073e+00 2.150561598677569908e+00 2.150561598677569908e+00
6.677779099999999746e-01 4.542783330762212302e+00 2.131380616117687143e+00 2.131380616117687143e+00
6.738206899999999999e-01 4.461203670744922078e+00 2.112156166277702418e+00 2.112156166277702418e+00
6.798634700000000253e-01 4.380338483548383621e+00 2.092925818931092419e+00 2.092925818931092419e+00
6.859021699999999777e-01 4.300335339690021463e+00 2.073724991335645029e+00 2.073724991335645029e+00
6.919449500000000031e-01 4.221166451542216258e+00 2.054547748664463658e+00 2.054547748664463658e+00
6.979836499999999555e-01 4.143005358035003027e+00 2.035437387402275977e+00 2.035437387402275977e+00
7.040264299999999809e-01 4.065799733335652810e+00 2.016382834021271275e+00 2.016382834021271275e+00
7.100651300000000443e-01 3.989694283362683169e+00 1.997421909202630852e+00 1.997421909202630852e+00
7.161079099999999587e-01 3.914614745318253597e+00 1.978538537738967928e+00 1.978538537738967928e+00
7.221506899999999840e-01 3.840630710869679554e+00 1.959752716765480018e+00 1.959752716765480018e+00
7.281893900000000475e-01 3.767799352701191484e+00 1.941082005661067145e+00 1.941082005661067145e+00
7.342321699999999618e-01 3.696022534615559074e+00 1.922504235265961370e+00 1.922504235265961370e+00
7.402708799999999645e-01 3.625390758788941348e+00 1.904045891986047012e+00 1.904045891986047012e+00
7.463136500000000506e-01 3.555797479738382005e+00 1.885682231909284967e+00 1.885682231909284967e+00
7.523523600000000533e-01 3.487321043061071268e+00 1.867437025192836719e+00 1.867437025192836719e+00
7.583951399999999676e-01 3.419851656653419614e+00 1.849284093008269902e+00 1.849284093008269902e+00
7.644338400000000311e-01 3.353461504793026293e+00 1.831245888676074518e+00 1.831245888676074518e+00
7.704766199999999454e-01 3.288041883301291435e+00 1.813295862042731077e+00 1.813295862042731077e+00
7.765193999999999708e-01 3.223619734407087378e+00 1.795444160759974039e+00 1.795444160759974039e+00
7.825581000000000342e-01 3.160220796410241118e+00 1.777700986220754009e+00 1.777700986220754009e+00
7.886008799999999486e-01 3.097744720892820158e+00 1.760041113409803293e+00 1.760041113409803293e+00
7.946395800000000120e-01 3.036263723752014254e+00 1.742487797303617914e+00 1.742487797303617914e+00
8.006823600000000374e-01 2.975685372463388489e+00 1.725017499175990565e+00 1.725017499175990565e+00
8.067210599999999898e-01 2.916085080746113611e+00 1.707654848248355339e+00 1.707654848248355339e+00
8.127638400000000152e-01 2.857378901523369930e+00 1.690378330884352520e+00 1.690378330884352520e+00
8.188066200000000405e-01 2.799606906793457473e+00 1.673202589883680869e+00 1.673202589883680869e+00
8.248453199999999930e-01 2.742809353399648487e+00 1.656142914545616351e+00 1.656142914545616351e+00
8.308881000000000183e-01 2.686914121508904074e+00 1.639180930071145070e+00 1.639180930071145070e+00
8.369267999999999708e-01 2.632003392740258185e+00 1.622345028882653528e+00 1.622345028882653528e+00
8.429695799999999961e-01 2.578011336505903195e+00 1.605618677178956899e+00 1.605618677178956899e+00
8.490082799999999486e-01 2.525020415194707990e+00 1.589031282006338586e+00 1.589031282006338586e+00
8.550510599999999739e-01 2.472969268980941493e+00 1.572567731126688795e+00 1.572567731126688795e+00
8.610938399999999993e-01 2.421904430124300234e+00 1.556246905257742341e+00 1.556246905257742341e+00
8.671325399999999517e-01 2.371869371719369290e+00 1.540087455867156008e+00 1.540087455867156008e+00
8.731753199999999770e-01 2.322805541067273882e+00 1.524075306888499570e+00 1.524075306888499570e+00
8.792140200000000405e-01 2.274786774188222171e+00 1.508239627575214570e+00 1.508239627575214570e+00
8.852567999999999548e-01 2.227753803520411857e+00 1.492566180616595517e+00 1.492566180616595517e+00
8.912955099999999575e-01 2.181773260311941076e+00 1.477082685671977202e+00 1.477082685671977202e+00
8.973382800000000437e-01 2.136783619928602995e+00 1.461774134375281253e+00 1.461774134375281253e+00
9.033769900000000463e-01 2.092842586800716553e+00 1.446666024623761038e+00 1.446666024623761038e+00
9.094197699999999607e-01 2.049884881877055864e+00 1.431741904770917895e+00 1.431741904770917895e+00
9.154625400000000468e-01 2.007930893675762718e+00 1.417014782447862276e+00 1.417014782447862276e+00
9.215012500000000495e-01 1.966994554467210721e+00 1.402495830463395876e+00 1.402495830463395876e+00
9.275440299999999638e-01 1.927004092161677118e+00 1.388165729357153211e+00 1.388165729357153211e+00
9.335827300000000273e-01 1.887993491980683114e+00 1.374042754786285014e+00 1.374042754786285014e+00
9.396255100000000526e-01 1.849887046143811720e+00 1.360105527576375817e+00 1.360105527576375817e+00
9.456642100000000051e-01 1.812710587954204922e+00 1.346369409914754733e+00 1.346369409914754733e+00
9.517069900000000304e-01 1.776386036708932803e+00 1.332811328249025928e+00 1.332811328249025928e+00
9.577497699999999448e-01 1.740909281087854366e+00 1.319435212917956957e+00 1.319435212917956957e+00
9.637884700000000082e-01 1.706272828855617485e+00 1.306243786150049990e+00 1.306243786150049990e+00
9.698312500000000336e-01 1.672398785376408181e+00 1.293212583211440947e+00 1.293212583211440947e+00
9.758699499999999860e-01 1.639301965825900487e+00 1.280352281923182511e+00 1.280352281923182511e+00
9.819127300000000114e-01 1.606907432827375359e+00 1.267638526089900575e+00 1.267638526089900575e+00
9.879514299999999638e-01 1.575230053552881149e+00 1.255081691983785275e+00 1.255081691983785275e+00
9.939942099999999892e-01 1.544199942763506028e+00 1.242658417572385821e+00 1.242658417572385821e+00
1.000032899999999891e+00 1.513834254869481866e+00 1.230379719789578497e+00 1.230379719789578497e+00
1.006075700000000017e+00 1.484069544396670493e+00 1.218223930316865156e+00 1.218223930316865156e+00
1.012118499999999921e+00 1.454907315280227431e+00 1.206195388517228295e+00 1.206195388517228295e+00
1.018157200000000095e+00 1.426350358989782352e+00 1.194299107840989027e+00 1.194299107840989027e+00
1.024199999999999999e+00 1.398346494549517649e+00 1.182517016600402870e+00 1.182517016600402870e+00
1.030238699999999952e+00 1.370923219114854152e+00 1.170864304313208759e+00 1.170864304313208759e+00
1.036281400000000019e+00 1.344035905601278502e+00 1.159325625353497591e+00 1.159325625353497591e+00
1.042320099999999972e+00 1.317714708487352171e+00 1.147917553000803448e+00 1.147917553000803448e+00
1.048362900000000097e+00 1.291920888049385763e+00 1.136626978409973177e+00 1.136626978409973177e+00
1.054405700000000001e+00 1.266670606068625471e+00 1.125464617866161809e+00 1.125464617866161809e+00
1.060444399999999954e+00 1.241979613987442832e+00 1.114441391006024462e+00 1.114441391006024462e+00
1.066487200000000080e+00 1.217814111396126053e+00 1.103546152816512693e+00 1.103546152816512693e+00
1.072525900000000032e+00 1.194206665704452774e+00 1.092797632548887288e+00 1.092797632548887288e+00
1.078568699999999936e+00 1.171124555958101832e+00 1.082185083965816697e+00 1.082185083965816697e+00
1.084607400000000110e+00 1.148597557753465059e+00 1.071726437927825515e+00 1.071726437927825515e+00
1.090650099999999956e+00 1.126592623877638699e+00 1.061410676353709226e+00 1.061410676353709226e+00
1.096692900000000082e+00 1.105120101738622518e+00 1.051246927100680129e+00 1.051246927100680129e+00
1.102731600000000034e+00 1.084188179170777255e+00 1.041243573411513079e+00 1.041243573411513079e+00
1.108774399999999938e+00 1.063760268175288015e+00 1.031387545094126112e+00 1.031387545094126112e+00
1.114813099999999890e+00 1.043853933136798640e+00 1.021691701609051206e+00 1.021691701609051206e+00
1.120855900000000016e+00 1.024430018159715461e+00 1.012141303455063701e+00 1.012141303455063701e+00
1.126894599999999969e+00 1.005500934534996782e+00 1.002746695100510843e+00 1.002746695100510843e+00
1.132937400000000094e+00 9.870253851166783665e-01 9.934915123526111280e-01 9.934915123526111280e-01
1.138976100000000047e+00 9.690114933686471144e-01 9.843838140525509317e-01 9.843838140525509317e-01
1.145018799999999892e+00 9.514170669668172708e-01 9.754061036136780771e-01 9.754061036136780771e-01
1.151061600000000018e+00 9.342351682459264506e-01 9.665584142957560632e-01 9.665584142957560632e-01
1.157100299999999971e+00 9.174582764101094634e-01 9.578404232491493087e-01 9.578404232491493087e-01
1.163143100000000096e+00 9.010445743788753070e-01 9.492336774361070928e-01 9.492336774361070928e-01
1.169181800000000049e+00 8.849977058605464908e-01 9.407431667891861249e-01 9.407431667891861249e-01
1.175224599999999953e+00 8.692779569437619758e-01 9.323507692621709753e-01 9.323507692621709753e-01
1.181263299999999905e+00 8.538897695225758921e-01 9.240615615436971186e-01 9.240615615436971186e-01
1.187306100000000031e+00 8.387966116500343849e-01 9.158584015283336432e-01 9.158584015283336432e-01
1.193348800000000098e+00 8.239951019009130739e-01 9.077417594783844246e-01 9.077417594783844246e-01
1.199387500000000051e+00 8.094819388057929999e-01 8.997121421909304306e-01 8.997121421909304306e-01
1.205430299999999955e+00 7.952267796486203189e-01 8.917548876505361211e-01 8.917548876505361211e-01
1.211468999999999907e+00 7.812397997295901231e-01 8.838777063200485840e-01 8.838777063200485840e-01
1.217511800000000033e+00 7.674945008977654970e-01 8.760676348877211028e-01 8.760676348877211028e-01
1.223550499999999985e+00 7.540036241966586728e-01 8.683338207145099297e-01 8.683338207145099297e-01
1.229593299999999889e+00 7.407443959161977842e-01 8.606650892863018099e-01 8.606650892863018099e-01
1.235632000000000064e+00 7.277316576430060691e-01 8.530718947679650777e-01 8.530718947679650777e-01
1.241674799999999967e+00 7.149456974969349288e-01 8.455446159115052041e-01 8.455446159115052041e-01
1.247717500000000035e+00 7.023945000947684481e-01 8.380897923819191631e-01 8.380897923819191631e-01
1.253756199999999987e+00 6.900854823509930958e-01 8.307138390270100148e-01 8.307138390270100148e-01
1.259798999999999891e+00 6.780021681105053988e-01 8.234088705561201094e-01 8.234088705561201094e-01
1.265837700000000066e+00 6.661612466555163481e-01 8.161870169608901326e-01 8.161870169608901326e-01
1.271880499999999969e+00 6.545469983448475304e-01 8.090407890488880982e-01 8.090407890488880982e-01
1.277919199999999922e+00 6.431754297682986676e-01 8.019821879370505613e-01 8.019821879370505613e-01
1.283962000000000048e+00 6.320310754392235442e-01 7.950038210217756918e-01 7.950038210217756918e-01
1.290004799999999952e+00 6.211213083757971543e-01 7.881124972843642773e-01 7.881124972843642773e-01
1.296043499999999904e+00 6.104523552642697748e-01 7.813145047061841320e-01 7.813145047061841320e-01
1.302086300000000030e+00 6.000082008417022550e-01 7.746019628439514415e-01 7.746019628439514415e-01
1.308124999999999982e+00 5.898008477484044665e-01 7.679849267716160055e-01 7.679849267716160055e-01
1.314167700000000050e+00 5.798137540159465919e-01 7.614550242896468424e-01 7.614550242896468424e-01
1.320206400000000002e+00 5.700566220263133532e-01 7.550209414488536774e-01 7.550209414488536774e-01
1.326249199999999906e+00 5.605121845840527195e-01 7.486736168612145859e-01 7.486736168612145859e-01
1.332287900000000080e+00 5.511885854006720598e-01 7.424207603513468534e-01 7.424207603513468534e-01
1.338330699999999984e+00 5.420677756804750391e-01 7.362525216802147110e-01 7.362525216802147110e-01
1.344373500000000110e+00 5.331502558535013980e-01 7.301713879997636658e-01 7.301713879997636658e-01
1.350412200000000063e+00 5.244355413402190802e-01 7.241792190750981906e-01 7.241792190750981906e-01
1.356454999999999966e+00 5.159051181472564807e-01 7.182653535757216323e-01 7.182653535757216323e-01
1.362493699999999919e+00 5.075636332857328403e-01 7.124350028498970255e-01 7.124350028498970255e-01
1.368536399999999986e+00 4.993928015809434018e-01 7.066772966361261066e-01 7.066772966361261066e-01
1.374575099999999939e+00 4.913962982426406945e-01 7.009966463847318030e-01 7.009966463847318030e-01
1.380617900000000065e+00 4.835562966126040751e-01 6.953821227300887031e-01 6.953821227300887031e-01
1.386660699999999968e+00 4.758713170975622520e-01 6.898342678481276247e-01 6.898342678481276247e-01
1.392699399999999921e+00 4.683396983473639974e-01 6.843534893221221438e-01 6.843534893221221438e-01
1.398742200000000047e+00 4.609448198919851025e-01 6.789291714840253178e-01 6.789291714840253178e-01
1.404780899999999999e+00 4.536907400258424206e-01 6.735656909506617662e-01 6.735656909506617662e-01
1.410823699999999903e+00 4.465621102307703594e-01 6.682530285982775098e-01 6.682530285982775098e-01
1.416862400000000077e+00 4.395636544967301829e-01 6.629959686881438108e-01 6.629959686881438108e-01
1.422905099999999923e+00 4.326816194386293168e-01 6.577853901073125176e-01 6.577853901073125176e-01
1.428947900000000049e+00 4.259168280623475411e-01 6.526230367236108831e-01 6.526230367236108831e-01
1.434986600000000001e+00 4.192707639035106459e-01 6.475112075505030651e-01 6.475112075505030651e-01
1.441029399999999905e+00 4.127319321794291063e-01 6.424421625169296490e-01 6.424421625169296490e-01
1.447068100000000079e+00 4.063073503048654778e-01 6.374224268919830294e-01 6.374224268919830294e-01
1.453110899999999983e+00 3.999870106045654850e-01 6.324452629315563401e-01 6.324452629315563401e-01
1.459149599999999936e+00 3.937787243465282194e-01 6.275179075903158932e-01 6.275179075903158932e-01
1.465192400000000061e+00 3.876737411462018446e-01 6.226345165072378895e-01 6.226345165072378895e-01
1.471231100000000014e+00 3.816803859424680034e-01 6.178028698075689329e-01 6.178028698075689329e-01
1.477273800000000081e+00 3.757909220414180629e-01 6.130178806865408392e-01 6.130178806865408392e-01
1.483316599999999985e+00 3.700097264573782296e-01 6.082842480759946824e-01 6.082842480759946824e-01
1.489355299999999938e+00 3.643412283745648961e-01 6.036068491779768008e-01 6.036068491779768008e-01
1.495398100000000063e+00 3.587781944475417761e-01 5.989809633431948388e-01 5.989809633431948388e-01
1.501436800000000016e+00 3.533284783009397190e-01 5.944143994730778369e-01 5.944143994730778369e-01
1.507479599999999920e+00 3.479847294737560826e-01 5.899023050249558864e-01 5.899023050249558864e-01
1.513518300000000094e+00 3.427539096591171175e-01 5.854518850077409242e-01 5.854518850077409242e-01
1.519561099999999998e+00 3.376282166130904483e-01 5.810578427429496928e-01 5.810578427429496928e-01
1.525603800000000065e+00 3.326101599728393254e-01 5.767236426338349098e-01 5.767236426338349098e-01
1.531642500000000018e+00 3.277012164682816531e-01 5.724519337623742432e-01 5.724519337623742432e-01
1.537685299999999922e+00 3.228926462942214859e-01 5.682364352047670764e-01 5.682364352047670764e-01
1.543724000000000096e+00 3.181883256659612802e-01 5.640818430564498165e-01 5.640818430564498165e-01
1.549766800000000000e+00 3.135787532834516944e-01 5.599810293960427732e-01 5.599810293960427732e-01
1.555805499999999952e+00 3.090666634949668090e-01 5.559376435311489395e-01 5.559376435311489395e-01
1.561848300000000078e+00 3.046420632534595496e-01 5.519438950232709029e-01 5.519438950232709029e-01
1.567887000000000031e+00 3.003068353734703044e-01 5.480025870134832555e-01 5.480025870134832555e-01
1.573929799999999934e+00 2.960508029707925037e-01 5.441055072049836294e-01 5.441055072049836294e-01
1.579972500000000002e+00 2.918726502372137599e-01 5.402523949388968738e-01 5.402523949388968738e-01
1.586011300000000013e+00 2.877706155588237169e-01 5.364425556933600792e-01 5.364425556933600792e-01
1.592054000000000080e+00 2.837352273075977038e-01 5.326680272999287924e-01 5.326680272999287924e-01
1.598092700000000033e+00 2.797678270508960341e-01 5.289308339007058324e-01 5.289308339007058324e-01
1.604135499999999936e+00 2.758594822712909234e-01 5.252232689735775173e-01 5.252232689735775173e-01
1.610174200000000111e+00 2.720122834989978644e-01 5.215479685503509044e-01 5.215479685503509044e-01
1.616217000000000015e+00 2.682182442584370441e-01 5.178979091079988217e-01 5.178979091079988217e-01
1.622259799999999919e+00 2.644777252378818222e-01 5.142739787680121744e-01 5.142739787680121744e-01
1.628298500000000093e+00 2.607914541702263667e-01 5.106774463105124839e-01 5.106774463105124839e-01
1.634341299999999997e+00 2.571531816127382575e-01 5.071027327995168976e-01 5.071027327995168976e-01
1.640379999999999949e+00 2.535670958936017683e-01 5.035544616956558750e-01 5.035544616956558750e-01
1.646422700000000017e+00 2.500280942404417561e-01 5.000280934511998066e-01 5.000280934511998066e-01
1.652461399999999969e+00 2.465409766673389846e-01 4.965289283287923072e-01 4.965289283287923072e-01
1.658504200000000095e+00 2.431015229927085963e-01 4.930532658777432853e-01 4.930532658777432853e-01
1.664546999999999999e+00 2.397128405703361775e-01 4.896047799708824200e-01 4.896047799708824200e-01
1.670585699999999951e+00 2.363780841231062080e-01 4.861872932554965332e-01 4.861872932554965332e-01
1.676628500000000077e+00 2.330937343761015634e-01 4.827978193572352583e-01 4.827978193572352583e-01
1.682667200000000030e+00 2.298652740489585400e-01 4.794426702421870634e-01 4.794426702421870634e-01
1.688709999999999933e+00 2.266892844586457234e-01 4.761189814097372408e-01 4.761189814097372408e-01
1.694748700000000108e+00 2.235709060095351641e-01 4.728328520836249660e-01 4.728328520836249660e-01
1.700791399999999953e+00 2.205065892171502451e-01 4.695812913832388413e-01 4.695812913832388413e-01
1.706830099999999906e+00 2.175007775854121694e-01 4.663697863127629351e-01 4.663697863127629351e-01
1.712872900000000032e+00 2.145495417633897783e-01 4.631949284733046235e-01 4.631949284733046235e-01
1.718915699999999935e+00 2.116547325315972783e-01 4.600594880356205230e-01 4.600594880356205230e-01
1.724954400000000110e+00 2.088177272058593381e-01 4.569657834081883863e-01 4.569657834081883863e-01
1.730997200000000014e+00 2.060338261856145825e-01 4.539094911825644618e-01 4.539094911825644618e-01
1.737035899999999966e+00 2.033056592914364025e-01 4.508942883774825772e-01 4.508942883774825772e-01
1.743078700000000092e+00 2.006280980554293880e-01 4.479152799977127453e-01 4.479152799977127453e-01
1.749117400000000044e+00 1.980031147066532715e-01 4.449754091033045755e-01 4.449754091033045755e-01
1.755160099999999890e+00 1.954253289059302567e-01 4.420693711465772391e-01 4.420693711465772391e-01
1.761202900000000016e+00 1.928944484562563899e-01 4.391975050660652524e-01 4.391975050660652524e-01
1.767241599999999968e+00 1.904100866259408609e-01 4.363600424259087007e-01 4.363600424259087007e-01
1.773284400000000094e+00 1.879667257952552795e-01 4.335512954602434021e-01 4.335512954602434021e-01
1.779323100000000046e+00 1.855655468201452829e-01 4.307731964968866123e-01 4.307731964968866123e-01
1.785365899999999950e+00 1.832012076383478794e-01 4.280201019091835479e-01 4.280201019091835479e-01
1.791404599999999903e+00 1.808749354042495650e-01 4.252939400041453322e-01 4.252939400041453322e-01
1.797447400000000028e+00 1.785817242508978275e-01 4.225893092009047058e-01 4.225893092009047058e-01
1.803486099999999981e+00 1.763230075383421802e-01 4.199083323040186944e-01 4.199083323040186944e-01
1.809528800000000048e+00 1.740942656168654734e-01 4.172460492525549292e-01 4.172460492525549292e-01
1.815571599999999952e+00 1.718956868710405650e-01 4.146030473489559220e-01 4.146030473489559220e-01
1.821610299999999905e+00 1.697277052506049599e-01 4.119802243440878753e-01 4.119802243440878753e-01
1.827653100000000030e+00 1.675865311492024390e-01 4.093733395681776188e-01 4.093733395681776188e-01
1.833691799999999983e+00 1.654744401647912921e-01 4.067854965025071712e-01 4.067854965025071712e-01
1.839734600000000109e+00 1.633881391458639754e-01 4.042129873542709140e-01 4.042129873542709140e-01
1.845773300000000061e+00 1.613302248668586347e-01 4.016593393248296118e-01 4.016593393248296118e-01
1.851816099999999965e+00 1.592978399634410180e-01 3.991213348888292822e-01 3.991213348888292822e-01
1.857858800000000032e+00 1.572925101605317788e-01 3.966011978808583471e-01 3.966011978808583471e-01
1.863897499999999985e+00 1.553157127506512303e-01 3.941011453302961653e-01 3.941011453302961653e-01
1.869940300000000111e+00 1.533651051170722979e-01 3.916185709553012262e-01 3.916185709553012262e-01
1.875979000000000063e+00 1.514437119378445884e-01 3.891576954627064544e-01 3.891576954627064544e-01
1.882021799999999967e+00 1.495493437909236056e-01 3.867161023165748834e-01 3.867161023165748834e-01
1.888060499999999919e+00 1.476850041485790466e-01 3.842980668030728797e-01 3.842980668030728797e-01
1.894103300000000045e+00 1.458485809625289509e-01 3.819012712240284491e-01 3.819012712240284491e-01
1.900146099999999949e+00 1.440417299411553553e-01 3.795282992625916840e-01 3.795282992625916840e-01
1.906184799999999901e+00 1.422659626622934381e-01 3.771816043529873097e-01 3.771816043529873097e-01
1.912227600000000027e+00 1.405190977261793206e-01 3.748587703738293642e-01 3.748587703738293642e-01
1.918266299999999980e+00 1.388036299599139933e-01 3.725635918335472585e-01 3.725635918335472585e-01
1.924309000000000047e+00 1.371172601391656698e-01 3.702934783913506278e-01 3.702934783913506278e-01
1.930347700000000000e+00 1.354620886236704291e-01 3.680517472090988895e-01 3.680517472090988895e-01
1.936390499999999903e+00 1.338356194298904456e-01 3.658355087056072708e-01 3.658355087056072708e-01
1.942429200000000078e+00 1.322396340643008095e-01 3.636476784805601215e-01 3.636476784805601215e-01
1.948471999999999982e+00 1.306713890620670171e-01 3.614849776437010220e-01 3.614849776437010220e-01
1.954514800000000108e+00 1.291312545916007137e-01 3.593483749672464200e-01 3.593483749672464200e-01
1.960553500000000060e+00 1.276193861153291642e-01 3.572385563112262519e-01 3.572385563112262519e-01
1.966596299999999964e+00 1.261327432755497691e-01 3.551517186718231023e-01 3.551517186718231023e-01
1.972634999999999916e+00 1.246722481243529440e-01 3.530895752133627608e-01 3.530895752133627608e-01
1.978677699999999984e+00 1.232347567332744004e-01 3.510480832211940738e-01 3.510480832211940738e-01
1.984716399999999936e+00 1.218209253818258037e-01 3.490285452249225484e-01 3.490285452249225484e-01
1.990759200000000062e+00 1.204275736808984310e-01 3.470267621969499450e-01 3.470267621969499450e-01
1.996801999999999966e+00 1.190543764391256976e-01 3.450425719228363275e-01 3.450425719228363275e-01
2.002840700000000140e+00 1.177009764869537123e-01 3.430757591071594836e-01 3.430757591071594836e-01
2.008883500000000044e+00 1.163643197305130328e-01 3.411221478158711351e-01 3.411221478158711351e-01
2.014922199999999997e+00 1.150450867841013303e-01 3.391829694782763083e-01 3.391829694782763083e-01
2.020964999999999900e+00 1.137404610827683626e-01 3.372542973525591292e-01 3.372542973525591292e-01
2.027003699999999853e+00 1.124513214998918986e-01 3.353376231500007076e-01 3.353376231500007076e-01
2.033046399999999920e+00 1.111751987231945904e-01 3.334294508935804480e-01 3.334294508935804480e-01
2.039085099999999873e+00 1.099132100831791553e-01 3.315316124944635567e-01 3.315316124944635567e-01
2.045127900000000221e+00 1.086632665160952721e-01 3.296411177570165996e-01 3.296411177570165996e-01
2.051170700000000124e+00 1.074260113695059277e-01 3.277590751901554023e-01 3.277590751901554023e-01
2.057209400000000077e+00 1.062022286572039398e-01 3.258868341268237323e-01 3.258868341268237323e-01
2.063252199999999981e+00 1.049903793447689027e-01 3.240221895870233348e-01 3.240221895870233348e-01
2.069290899999999933e+00 1.037923797630467410e-01 3.221682476021601182e-01 3.221682476021601182e-01
2.075333699999999837e+00 1.026070032373023744e-01 3.203232792622203173e-01 3.203232792622203173e-01
2.081372399999999789e+00 1.014363599260427462e-01 3.184907532818539444e-01 3.184907532818539444e-01
2.087415099999999857e+00 1.002794536336593934e-01 3.166693127438454658e-01 3.166693127438454658e-01
2.093457900000000205e+00 9.913766067692578177e-02 3.148613356335226432e-01 3.148613356335226432e-01
2.099496600000000157e+00 9.801238089195581094e-02 3.130692908797600427e-01 3.130692908797600427e-01
2.105539400000000061e+00 9.690268191343624771e-02 3.112919560692762877e-01 3.112919560692762877e-01
2.111578100000000013e+00 9.581060722594425538e-02 3.095328855322875827e-01 3.095328855322875827e-01
2.117620899999999917e+00 9.473512576787715411e-02 3.077907174816634228e-01 3.077907174816634228e-01
2.123659599999999870e+00 9.367803750958200726e-02 3.060686810334928842e-01 3.060686810334928842e-01
2.129702400000000218e+00 9.263811702562944894e-02 3.043651048093874989e-01 3.043651048093874989e-01
2.135741100000000170e+00 9.161684037364739575e-02 3.026827388102060201e-01 3.026827388102060201e-01
2.141783799999999793e+00 9.061274911088473827e-02 3.010195161627975402e-01 3.010195161627975402e-01
2.147826600000000141e+00 8.962626653928588982e-02 2.993764629012873879e-01 2.993764629012873879e-01
2.153865300000000094e+00 8.865766821380709206e-02 2.977543756417478371e-01 2.977543756417478371e-01
2.159908099999999997e+00 8.770510666225876661e-02 2.961504797603048966e-01 2.961504797603048966e-01
2.165946799999999950e+00 8.676921969694877113e-02 2.945661550432241427e-01 2.945661550432241427e-01
2.171989599999999854e+00 8.584797864410002866e-02 2.929982570666590513e-01 2.929982570666590513e-01
2.178028299999999806e+00 8.494179852044143886e-02 2.914477629360730515e-01 2.914477629360730515e-01
2.184071100000000154e+00 8.404856188703155317e-02 2.899113000333576884e-01 2.899113000333576884e-01
2.190113800000000222e+00 8.316799305074835946e-02 2.883886146343997980e-01 2.883886146343997980e-01
2.196152600000000010e+00 8.229972974675636710e-02 2.868792947334407595e-01 2.868792947334407595e-01
2.202195300000000078e+00 8.144177951186899744e-02 2.853800615177398692e-01 2.853800615177398692e-01
2.208234000000000030e+00 8.059445180265603637e-02 2.838916198175917005e-01 2.838916198175917005e-01
2.214276799999999934e+00 7.975587814445742052e-02 2.824108322009930006e-01 2.824108322009930006e-01
2.220315499999999886e+00 7.892656366601451257e-02 2.809387187021655796e-01 2.809387187021655796e-01
2.226358299999999790e+00 7.810486146206652158e-02 2.794724699537801116e-01 2.794724699537801116e-01
2.232401100000000138e+00 7.729093805504103076e-02 2.780124782362133895e-01 2.780124782362133895e-01
2.238439800000000091e+00 7.648506430408914814e-02 2.765593323395346137e-01 2.765593323395346137e-01
2.244482599999999994e+00 7.568599683148603818e-02 2.751108809761730334e-01 2.751108809761730334e-01
2.250521299999999947e+00 7.489478983940692225e-02 2.736691247463018395e-01 2.736691247463018395e-01
2.256564000000000014e+00 7.411046080495933830e-02 2.722323654618593047e-01 2.722323654618593047e-01
2.262602699999999967e+00 7.333422257127775179e-02 2.708029220139209770e-01 2.708029220139209770e-01
2.268645499999999871e+00 7.256528813165982750e-02 2.693794500916130152e-01 2.693794500916130152e-01
2.274684199999999823e+00 7.180501569383203331e-02 2.679645791776070207e-01 2.679645791776070207e-01
2.280727000000000171e+00 7.105272940956651462e-02 2.665571784994103521e-01 2.665571784994103521e-01
2.286769800000000075e+00 7.030932652335582234e-02 2.651590589124871444e-01 2.651590589124871444e-01
2.292808500000000027e+00 6.957568210671742637e-02 2.637720267706896715e-01 2.637720267706896715e-01
2.298851299999999931e+00 6.885116338522077883e-02 2.623950521355553067e-01 2.623950521355553067e-01
2.304889999999999883e+00 6.813708342022305187e-02 2.610308093314332445e-01 2.610308093314332445e-01
2.310932699999999951e+00 6.743276658237760957e-02 2.596781981267923256e-01 2.596781981267923256e-01
2.316971399999999903e+00 6.673936794967523511e-02 2.583396368149402655e-01 2.583396368149402655e-01
2.323014199999999807e+00 6.605611185072919611e-02 2.570138359130286210e-01 2.570138359130286210e-01
2.329057000000000155e+00 6.538355208347887415e-02 2.557020768071289751e-01 2.557020768071289751e-01
2.335095700000000107e+00 6.472213555621994518e-02 2.544054550441478546e-01 2.544054550441478546e-01
2.341138500000000011e+00 6.407088732177987356e-02 2.531222774110960527e-01 2.531222774110960527e-01
2.347177199999999964e+00 6.343053845783828970e-02 2.518542007945038796e-01 2.518542007945038796e-01
2.353219999999999867e+00 6.279999522811427481e-02 2.505992722018846597e-01 2.505992722018846597e-01
2.359258699999999820e+00 6.217982449879981555e-02 2.493588267914328693e-01 2.493588267914328693e-01
2.365301399999999887e+00 6.156884849980198693e-02 2.481307084981663191e-01 2.481307084981663191e-01
2.371340099999999840e+00 6.096748361364792007e-02 2.469159444297753803e-01 2.469159444297753803e-01
2.377382900000000188e+00 6.037449371527124631e-02 2.457122172690467676e-01 2.457122172690467676e-01
2.383425700000000091e+00 5.978983420455491471e-02 2.445195988148085309e-01 2.445195988148085309e-01
2.389464400000000044e+00 5.921342294019611013e-02 2.433380836207027220e-01 2.433380836207027220e-01
2.395507199999999948e+00 5.864400255754523283e-02 2.421652381279056077e-01 2.421652381279056077e-01
2.401545899999999900e+00 5.808187816891538513e-02 2.410018219203236278e-01 2.410018219203236278e-01
2.407588699999999804e+00 5.752583515419221888e-02 2.398454401363349087e-01 2.398454401363349087e-01
2.413627400000000200e+00 5.697620313554466881e-02 2.386968854751663205e-01 2.386968854751663205e-01
2.419670099999999824e+00 5.643185381297391445e-02 2.375538966486845927e-01 2.375538966486845927e-01
2.425712900000000172e+00 5.589279497712070638e-02 2.364165708598293392e-01 2.364165708598293392e-01
2.431751600000000124e+00 5.535909499495238195e-02 2.352851355163610436e-01 2.352851355163610436e-01
2.437794400000000028e+00 5.482978076713722337e-02 2.341575981409469986e-01 2.341575981409469986e-01
2.443833099999999980e+00 5.430537880218979513e-02 2.330351449936034769e-01 2.330351449936034769e-01
2.449875899999999884e+00 5.378504370168248061e-02 2.319160272634956943e-01 2.319160272634956943e-01
2.455914599999999837e+00 5.326940765765779406e-02 2.308016630305288752e-01 2.308016630305288752e-01
2.461957400000000185e+00 5.275775507975792589e-02 2.296905637586314219e-01 2.296905637586314219e-01
2.468000099999999808e+00 5.225048675854151309e-02 2.285836537430914195e-01 2.285836537430914195e-01
2.474038800000000204e+00 5.174801885246295419e-02 2.274819088465343253e-01 2.274819088465343253e-01
2.480081600000000108e+00 5.124981790952114202e-02 2.263842262824889151e-01 2.263842262824889151e-01
2.486120300000000061e+00 5.075674069109133157e-02 2.252925668793609726e-01 2.252925668793609726e-01
2.492163099999999964e+00 5.026833101976165008e-02 2.242060013018421505e-01 2.242060013018421505e-01
2.498201799999999917e+00 4.978548828762341394e-02 2.231266194061645725e-01 2.231266194061645725e-01
2.504244599999999821e+00 4.930780723207579819e-02 2.220536134181918531e-01 2.220536134181918531e-01
2.510283300000000217e+00 4.883618926086523426e-02 2.209891157067814249e-01 2.209891157067814249e-01
2.516326100000000121e+00 4.837023961237485459e-02 2.199323523549340242e-01 2.199323523549340242e-01
2.522368900000000025e+00 4.791050770526734254e-02 2.188846904314400432e-01 2.188846904314400432e-01
2.528407599999999977e+00 4.745749720113654618e-02 2.178474172468807257e-01 2.178474172468807257e-01
2.534450300000000045e+00 4.701076000567992741e-02 2.168196485692196751e-01 2.168196485692196751e-01
2.540488999999999997e+00 4.657100027743761583e-02 2.158031516855989096e-01 2.158031516855989096e-01
2.546531799999999901e+00 4.613768732520719812e-02 2.147968512925811091e-01 2.147968512925811091e-01
2.552570499999999853e+00 4.571140925031834390e-02 2.138022667099634400e-01 2.138022667099634400e-01
2.558613300000000201e+00 4.529152534852325107e-02 2.128180569137009259e-01 2.128180569137009259e-01
2.564656100000000105e+00 4.487820263435338131e-02 2.118447606960185969e-01 2.118447606960185969e-01
2.570694800000000058e+00 4.447152912254378337e-02 2.108827378486531900e-01 2.108827378486531900e-01
2.576737599999999961e+00 4.407070933737739643e-02 2.099302487431894404e-01 2.099302487431894404e-01
2.582776299999999914e+00 4.367599294947696609e-02 2.089880210669428917e-01 2.089880210669428917e-01
2.588818999999999981e+00 4.328651279098121724e-02 2.080541102477459214e-01 2.080541102477459214e-01
2.594857699999999934e+00 4.290241412917412955e-02 2.071289794528378692e-01 2.071289794528378692e-01
2.600900499999999838e+00 4.252278940517591893e-02 2.062105462995913741e-01 2.062105462995913741e-01
2.606939199999999790e+00 4.214775221980621156e-02 2.052991773480990212e-01 2.052991773480990212e-01
2.612982000000000138e+00 4.177639480051068693e-02 2.043927464478881295e-01 2.043927464478881295e-01
2.619024800000000042e+00 4.140859069399480813e-02 2.034910088775295500e-01 2.034910088775295500e-01
2.625063499999999994e+00 4.104423226261853103e-02 2.025937616577039024e-01 2.025937616577039024e-01
2.631106299999999898e+00 4.068251062325262124e-02 2.016990595497475947e-01 2.016990595497475947e-01
2.637144999999999850e+00 4.032365213433856260e-02 2.008075001944363558e-01 2.008075001944363558e-01
2.643187699999999918e+00 3.996696780699936224e-02 1.999174024616150458e-01 1.999174024616150458e-01
2.649226399999999870e+00 3.961278509680325050e-02 1.990296085933026538e-01 1.990296085933026538e-01
2.655269200000000218e+00 3.926054981106093245e-02 1.981427510939043346e-01 1.981427510939043346e-01
2.661312000000000122e+00 3.891049018811466864e-02 1.972574211230458952e-01 1.972574211230458952e-01
2.667350700000000074e+00 3.856289255240887698e-02 1.963743683692168451e-01 1.963743683692168451e-01
2.673393499999999978e+00 3.821739535527041154e-02 1.954926989820090777e-01 1.954926989820090777e-01
2.679432199999999931e+00 3.787463020053117441e-02 1.946140544784244752e-01 1.946140544784244752e-01
2.685474999999999834e+00 3.753433812113585871e-02 1.937378076709238006e-01 1.937378076709238006e-01
2.691513699999999787e+00 3.719722023637720559e-02 1.928658088837345019e-01 1.928658088837345019e-01
2.697556399999999854e+00 3.686308533214177618e-02 1.919976180376771757e-01 1.919976180376771757e-01
2.703599200000000202e+00 3.653242275870240141e-02 1.911345671476052110e-01 1.911345671476052110e-01
2.709637900000000155e+00 3.620572602403857032e-02 1.902780229664965128e-01 1.902780229664965128e-01
2.715680700000000058e+00 3.588280389273509896e-02 1.894275689880834113e-01 1.894275689880834113e-01
2.721719400000000011e+00 3.556432081422870872e-02 1.885850492860680350e-01 1.885850492860680350e-01
2.727762199999999915e+00 3.525003515246032809e-02 1.877499271703196304e-01 1.877499271703196304e-01
2.733800899999999867e+00 3.494052047793836518e-02 1.869238360347293126e-01 1.869238360347293126e-01
2.739843700000000215e+00 3.463545408006982879e-02 1.861060291341197492e-01 1.861060291341197492e-01
2.745882400000000167e+00 3.433529395802908946e-02 1.852978520059773704e-01 1.852978520059773704e-01
2.751925099999999791e+00 3.403962629703616988e-02 1.844983097403230243e-01 1.844983097403230243e-01
2.757967900000000139e+00 3.374858103737867626e-02 1.837078687410495237e-01 1.837078687410495237e-01
2.764006600000000091e+00 3.346223848258387396e-02 1.829268664865384697e-01 1.829268664865384697e-01
2.770049399999999995e+00 3.318004514152826656e-02 1.821539050954666394e-01 1.821539050954666394e-01
2.776088099999999947e+00 3.290217859581947429e-02 1.813895768665318708e-01 1.813895768665318708e-01
2.782130899999999851e+00 3.262802276878646462e-02 1.806322860642207151e-01 1.806322860642207151e-01
2.788169599999999804e+00 3.235768656428047313e-02 1.798824242784171357e-01 1.798824242784171357e-01
2.794212400000000152e+00 3.209052413655461011e-02 1.791382821636810507e-01 1.791382821636810507e-01
2.800255100000000219e+00 3.182643967058775697e-02 1.783996627535706925e-01 1.783996627535706925e-01
2.806293900000000008e+00 3.156531483985091507e-02 1.776663019254099141e-01 1.776663019254099141e-01
2.812336600000000075e+00 3.130654272990118780e-02 1.769365500112997924e-01 1.769365500112997924e-01
2.818375300000000028e+00 3.105021190152696189e-02 1.762107031412308011e-01 1.762107031412308011e-01
2.824418099999999932e+00 3.079575513419207516e-02 1.754871936472632565e-01 1.754871936472632565e-01
2.830456799999999884e+00 3.054332636365729090e-02 1.747664909633917518e-01 1.747664909633917518e-01
2.836499599999999788e+00 3.029242724247104002e-02 1.740471983183614346e-01 1.740471983183614346e-01
2.842538300000000184e+00 3.004328130033276020e-02 1.733299780774599785e-01 1.733299780774599785e-01
2.848581100000000088e+00 2.979547280639670975e-02 1.726136518540660192e-01 1.726136518540660192e-01
2.854623899999999992e+00 2.954913332925631839e-02 1.718986135175508689e-01 1.718986135175508689e-01
2.860662599999999944e+00 2.930442813096214086e-02 1.711853619062159715e-01 1.711853619062159715e-01
2.866705300000000012e+00 2.906106350013530279e-02 1.704730579890420816e-01 1.704730579890420816e-01
2.872743999999999964e+00 2.881942732708530838e-02 1.697628561467004471e-01 1.697628561467004471e-01
2.878786799999999868e+00 2.857928796646067721e-02 1.690540977511656717e-01 1.690540977511656717e-01
2.884825499999999820e+00 2.834108520261428149e-02 1.683481072142311852e-01 1.683481072142311852e-01
2.890868300000000168e+00 2.810462573031554528e-02 1.676443429714093991e-01 1.676443429714093991e-01
2.896911100000000072e+00 2.787021263162788032e-02 1.669437409177950693e-01 1.669437409177950693e-01
2.902949800000000025e+00 2.763814832384961853e-02 1.662472505753091190e-01 1.662472505753091190e-01
2.908992599999999928e+00 2.740826268607939736e-02 1.655544100472089442e-01 1.655544100472089442e-01
2.915031299999999881e+00 2.718100686590801951e-02 1.648666335736495292e-01 1.648666335736495292e-01
2.921073999999999948e+00 2.695620490574749881e-02 1.641834489397378249e-01 1.641834489397378249e-01
2.927112699999999901e+00 2.673426867957632083e-02 1.635061732154976522e-01 1.635061732154976522e-01
2.933155499999999805e+00 2.651499673551737171e-02 1.628342615530201376e-01 1.628342615530201376e-01
2.939198300000000152e+00 2.629861574269307459e-02 1.621684794979994793e-01 1.621684794979994793e-01
2.945237000000000105e+00 2.608532105223274403e-02 1.615095076217890890e-01 1.615095076217890890e-01
2.951279800000000009e+00 2.587484940540034709e-02 1.608566113201454484e-01 1.608566113201454484e-01
2.957318499999999961e+00 2.566748668794257768e-02 1.602107570918462898e-01 1.602107570918462898e-01
2.963361299999999865e+00 2.546292521914287829e-02 1.595710663596094370e-01 1.595710663596094370e-01
2.969399999999999817e+00 2.526139053931166292e-02 1.589383230668791891e-01 1.589383230668791891e-01
2.975442699999999885e+00 2.506253520498783957e-02 1.583115131788836172e-01 1.583115131788836172e-01
2.981481399999999837e+00 2.486652224919532264e-02 1.576912243886619269e-01 1.576912243886619269e-01
2.987524200000000185e+00 2.467296748496422901e-02 1.570763110241777671e-01 1.570763110241777671e-01
2.993567000000000089e+00 2.448186531883523795e-02 1.564668185873133999e-01 1.564668185873133999e-01
2.999605700000000041e+00 2.429318868551936725e-02 1.558627238486462729e-01 1.558627238486462729e-01
3.005648499999999945e+00 2.410651601017500117e-02 1.552627321998907850e-01 1.552627321998907850e-01
3.011687199999999898e+00 2.392192852762651742e-02 1.546671540037719839e-01 1.546671540037719839e-01
3.017729999999999801e+00 2.373900093474963502e-02 1.540746602616719640e-01 1.540746602616719640e-01
3.023768700000000198e+00 2.355780916884735871e-02 1.534855340703069615e-01 1.534855340703069615e-01
3.029811399999999821e+00 2.337794457378867055e-02 1.528984779969659036e-01 1.528984779969659036e-01
3.035854200000000169e+00 2.319937053146099715e-02 1.523133957715505638e-01 1.523133957715505638e-01
3.041892900000000122e+00 2.302207164465738462e-02 1.517302594891914991e-01 1.517302594891914991e-01
3.047935700000000026e+00 2.284568861184892163e-02 1.511479031010649621e-01 1.511479031010649621e-01
3.053974399999999978e+00 2.267036554309260696e-02 1.505668142157912670e-01 1.505668142157912670e-01
3.060017199999999882e+00 2.249579503837445538e-02 1.499859828063091205e-01 1.499859828063091205e-01
3.066055899999999834e+00 2.232217268033218766e-02 1.494060664107458025e-01 1.494060664107458025e-01
3.072098700000000182e+00 2.214925043104144092e-02 1.488262424139017159e-01 1.488262424139017159e-01
3.078137400000000135e+00 2.197727983667712923e-02 1.482473603025603048e-01 1.482473603025603048e-01
3.084180100000000202e+00 2.180607538986922139e-02 1.476688030352694969e-01 1.476688030352694969e-01
3.090222900000000106e+00 2.163582005119575602e-02 1.470911963755674734e-01 1.470911963755674734e-01
3.096261600000000058e+00 2.146672613273962679e-02 1.465152761070995791e-01 1.465152761070995791e-01
3.102304399999999962e+00 2.129867863594516603e-02 1.459406682043944969e-01 1.459406682043944969e-01
3.108343099999999914e+00 2.113203511678827737e-02 1.453686180603925293e-01 1.453686180603925293e-01
3.114385899999999818e+00 2.096670870742157675e-02 1.447988560293954063e-01 1.447988560293954063e-01
3.120424600000000215e+00 2.080306715010159582e-02 1.442326840563594170e-01 1.442326840563594170e-01
3.126467400000000119e+00 2.064102996485021879e-02 1.436698644979183537e-01 1.436698644979183537e-01
3.132510200000000022e+00 2.048084291753038411e-02 1.431112955623363159e-01 1.431112955623363159e-01
3.138548899999999975e+00 2.032273340808641096e-02 1.425578247872995863e-01 1.425578247872995863e-01
3.144591600000000042e+00 2.016659144020895023e-02 1.420091244963116728e-01 1.420091244963116728e-01
3.150630299999999995e+00 2.001270276103687615e-02 1.414662601507400974e-01 1.414662601507400974e-01
3.156673099999999899e+00 1.986091346165914928e-02 1.409287531402273752e-01 1.409287531402273752e-01
3.162711799999999851e+00 1.971145273682760671e-02 1.403974812339153222e-01 1.403974812339153222e-01
3.168754600000000199e+00 1.956411023793740156e-02 1.398717635476774968e-01 1.398717635476774968e-01
3.174797400000000103e+00 1.941894994994378121e-02 1.393518925237249295e-01 1.393518925237249295e-01
3.180836100000000055e+00 1.927600015867461658e-02 1.388380357059066650e-01 1.388380357059066650e-01
3.186878899999999959e+00 1.913497114558125600e-02 1.383292129146307947e-01 1.383292129146307947e-01
3.192917599999999911e+00 1.899593454349234739e-02 1.378257397712500942e-01 1.378257397712500942e-01
3.198960299999999979e+00 1.885856400492400345e-02 1.373264869022869927e-01 1.373264869022869927e-01
3.204998999999999931e+00 1.872288683476398471e-02 1.368316002784590035e-01 1.368316002784590035e-01
3.211041799999999835e+00 1.858855710874751307e-02 1.363398588408669121e-01 1.363398588408669121e-01
3.217080499999999788e+00 1.845558996212828817e-02 1.358513524486535673e-01 1.358513524486535673e-01
3.223123300000000135e+00 1.832364023029297087e-02 1.353648411896271331e-01 1.353648411896271331e-01
3.229166100000000039e+00 1.819264243693257191e-02 1.348801039328357543e-01 1.348801039328357543e-01
3.235204799999999992e+00 1.806254245415144302e-02 1.343969585003747247e-01 1.343969585003747247e-01
3.241247599999999895e+00 1.793304019542311251e-02 1.339143016836630284e-01 1.339143016836630284e-01
3.247286299999999848e+00 1.780421071221048243e-02 1.334324200193134635e-01 1.334324200193134635e-01
3.253328999999999915e+00 1.767580602419138031e-02 1.329503893344858856e-01 1.329503893344858856e-01
3.259367699999999868e+00 1.754794849558316897e-02 1.324686698641726612e-01 1.324686698641726612e-01
3.265410500000000216e+00 1.742044718915139803e-02 1.319865416970662231e-01 1.319865416970662231e-01
3.271453300000000119e+00 1.729339745688346017e-02 1.315043628815540933e-01 1.315043628815540933e-01
3.277492000000000072e+00 1.716691975149328003e-02 1.310225925231724431e-01 1.310225925231724431e-01
3.283534799999999976e+00 1.704090092210210072e-02 1.305408017521805242e-01 1.305408017521805242e-01
3.289573499999999928e+00 1.691559100114759656e-02 1.300599515652208493e-01 1.300599515652208493e-01
3.295616299999999832e+00 1.679091537820097055e-02 1.295797645398422959e-01 1.295797645398422959e-01
3.301654999999999784e+00 1.666715057660475910e-02 1.291013190351080753e-01 1.291013190351080753e-01
3.307697699999999852e+00 1.654424501784293802e-02 1.286244339845386275e-01 1.286244339845386275e-01
3.313736399999999804e+00 1.642247782383900526e-02 1.281502158556083182e-01 1.281502158556083182e-01
3.319779200000000152e+00 1.630179939948181098e-02 1.276785001458029811e-01 1.276785001458029811e-01
3.325822000000000056e+00 1.618239920271193413e-02 1.272100593613254005e-01 1.272100593613254005e-01
3.331860700000000008e+00 1.606445177807458435e-02 1.267456183782089685e-01 1.267456183782089685e-01
3.337903499999999912e+00 1.594787692029272369e-02 1.262849037703744071e-01 1.262849037703744071e-01
3.343942199999999865e+00 1.583289501036020536e-02 1.258288321902424900e-01 1.258288321902424900e-01
3.349985000000000213e+00 1.571939246482133290e-02 1.253770013392461469e-01 1.253770013392461469e-01
3.356023700000000165e+00 1.560754497700911694e-02 1.249301603977562986e-01 1.249301603977562986e-01
3.362066399999999788e+00 1.549720296835953477e-02 1.244877623236900072e-01 1.244877623236900072e-01
3.368109200000000136e+00 1.538841897655336514e-02 1.240500664109187995e-01 1.240500664109187995e-01
3.374147900000000089e+00 1.528122721330280910e-02 1.236172609844709697e-01 1.236172609844709697e-01
3.380190699999999993e+00 1.517542444584387383e-02 1.231885727080392484e-01 1.231885727080392484e-01
3.386229399999999945e+00 1.507108117143025894e-02 1.227643318371841180e-01 1.227643318371841180e-01
3.392272199999999849e+00 1.496796983696782254e-02 1.223436546657317298e-01 1.223436546657317298e-01
3.398310899999999801e+00 1.486613489282131995e-02 1.219267603638402309e-01 1.219267603638402309e-01
3.404353700000000149e+00 1.476533600139730285e-02 1.215126989305945066e-01 1.215126989305945066e-01
3.410392400000000102e+00 1.466560472455728618e-02 1.211016297353478544e-01 1.211016297353478544e-01
3.416435200000000005e+00 1.456670023029325856e-02 1.206925856475585535e-01 1.206925856475585535e-01
3.422477900000000073e+00 1.446858962970726595e-02 1.202854506152230551e-01 1.202854506152230551e-01
3.428516600000000025e+00 1.437123869522324848e-02 1.198801013313854774e-01 1.198801013313854774e-01
3.434559399999999929e+00 1.427442818277418687e-02 1.194756384489080170e-01 1.194756384489080170e-01
3.440598099999999882e+00 1.417821107043030007e-02 1.190722934625444290e-01 1.190722934625444290e-01
3.446640899999999785e+00 1.408239015282710012e-02 1.186692468705650011e-01 1.186692468705650011e-01
3.452679600000000182e+00 1.398704215037444368e-02 1.182668260771990304e-01 1.182668260771990304e-01
3.458722400000000086e+00 1.389199829681117028e-02 1.178643215600512911e-01 1.178643215600512911e-01
3.464765199999999989e+00 1.379729867566613886e-02 1.174619030820893001e-01 1.174619030820893001e-01
3.470803899999999942e+00 1.370299700669855292e-02 1.170598009852167470e-01 1.170598009852167470e-01
3.476846600000000009e+00 1.360897086768955884e-02 1.166574938342563456e-01 1.166574938342563456e-01
3.482885299999999962e+00 1.351536240248554961e-02 1.162555908439914520e-01 1.162555908439914520e-01
3.488928099999999866e+00 1.342207635003428434e-02 1.158536850947533975e-01 1.158536850947533975e-01
3.494966799999999818e+00 1.332928089013014211e-02 1.154525049105914469e-01 1.154525049105914469e-01
3.501009600000000166e+00 1.323690144784960172e-02 1.150517337889768732e-01 1.150517337889768732e-01
3.507052400000000070e+00 1.314506068904108642e-02 1.146519109698616729e-01 1.146519109698616729e-01
3.513091100000000022e+00 1.305388591293635964e-02 1.142536035008802631e-01 1.142536035008802631e-01
3.519133899999999926e+00 1.296332289603644751e-02 1.138565891638970845e-01 1.138565891638970845e-01
3.525172599999999878e+00 1.287356585207350551e-02 1.134617373922746919e-01 1.134617373922746919e-01
3.531215299999999946e+00 1.278456528830646498e-02 1.130688519810228998e-01 1.130688519810228998e-01
3.537253999999999898e+00 1.269650715626784686e-02 1.126787786420666154e-01 1.126787786420666154e-01
3.543296799999999802e+00 1.260933657360077849e-02 1.122913023061037352e-01 1.122913023061037352e-01
3.549335500000000199e+00 1.252322788417459948e-02 1.119072289183080382e-01 1.119072289183080382e-01
3.555378300000000102e+00 1.243811118316093429e-02 1.115262802354715643e-01 1.115262802354715643e-01
3.561421100000000006e+00 1.235408148879298985e-02 1.111489158237406738e-01 1.111489158237406738e-01
3.567459799999999959e+00 1.227121857297931717e-02 1.107755323750660992e-01 1.107755323750660992e-01
3.573502599999999862e+00 1.218942036052880068e-02 1.104057080070084129e-01 1.104057080070084129e-01
3.579541299999999815e+00 1.210879413115557683e-02 1.100399660630426435e-01 1.100399660630426435e-01
3.585583999999999882e+00 1.202921352167777604e-02 1.096777713197974180e-01 1.096777713197974180e-01
3.591622699999999835e+00 1.195075143652067975e-02 1.093194924819937131e-01 1.093194924819937131e-01
3.597665500000000183e+00 1.187325653464757144e-02 1.089644737272087716e-01 1.089644737272087716e-01
3.603708300000000087e+00 1.179672378984452860e-02 1.086127238855767174e-01 1.086127238855767174e-01
3.609747000000000039e+00 1.172113467807466350e-02 1.082641892690037327e-01 1.082641892690037327e-01
3.615789799999999943e+00 1.164630817429515748e-02 1.079180623171819009e-01 1.079180623171819009e-01
3.621828499999999895e+00 1.157226105366340914e-02 1.075744442405509732e-01 1.075744442405509732e-01
3.627871299999999799e+00 1.149880416617235154e-02 1.072324771987122893e-01 1.072324771987122893e-01
3.633910000000000196e+00 1.142594781122599663e-02 1.068922252141192714e-01 1.068922252141192714e-01
3.639952699999999819e+00 1.135350692834876350e-02 1.065528363224028108e-01 1.065528363224028108e-01
3.645991400000000215e+00 1.128149529560893913e-02 1.062143836568707755e-01 1.062143836568707755e-01
3.652034200000000119e+00 1.120974209933822165e-02 1.058760695310239641e-01 1.058760695310239641e-01
3.658077000000000023e+00 1.113823265937290662e-02 1.055378257279014909e-01 1.055378257279014909e-01
3.664115699999999975e+00 1.106696444158183391e-02 1.051996408814299816e-01 1.051996408814299816e-01
3.670158499999999879e+00 1.099580443438018772e-02 1.048608813351298713e-01 1.048608813351298713e-01
3.676197199999999832e+00 1.092482882973998259e-02 1.045219059802297290e-01 1.045219059802297290e-01
3.682240000000000180e+00 1.085393735093416294e-02 1.041822314549566697e-01 1.041822314549566697e-01
3.688278700000000132e+00 1.078323878686991352e-02 1.038423747170196115e-01 1.038423747170196115e-01
3.694321400000000200e+00 1.071266676559320952e-02 1.035020133407713455e-01 1.035020133407713455e-01
3.700364200000000103e+00 1.064231008888414862e-02 1.031615727336693406e-01 1.031615727336693406e-01
3.706402900000000056e+00 1.057227321834792490e-02 1.028215600851685452e-01 1.028215600851685452e-01
3.712445699999999960e+00 1.050252725910387139e-02 1.024818386793673319e-01 1.024818386793673319e-01
3.718484399999999912e+00 1.043324061818463010e-02 1.021432357926095325e-01 1.021432357926095325e-01
3.724527199999999816e+00 1.036439758661547930e-02 1.018056854336508998e-01 1.018056854336508998e-01
3.730565900000000212e+00 1.029617118557346611e-02 1.014700506828170729e-01 1.014700506828170729e-01
3.736608700000000116e+00 1.022854645456085232e-02 1.011362766496812088e-01 1.011362766496812088e-01
3.742651500000000020e+00 1.016164246537584054e-02 1.008049724238632983e-01 1.008049724238632983e-01
3.748690199999999972e+00 1.009556820146454738e-02 1.004767047701334015e-01 1.004767047701334015e-01
3.754732900000000040e+00 1.003028863336579042e-02 1.001513286650046880e-01 1.001513286650046880e-01
3.760771599999999992e+00 9.965930875736427400e-03 9.982950904284978999e-02 9.982950904284978999e-02
3.766814399999999896e+00 9.902434854335314188e-03 9.951097856184168422e-02 9.951097856184168422e-02
3.772853099999999849e+00 9.839897454113866529e-03 9.919625725859754217e-02 9.919625725859754217e-02
3.778895900000000196e+00 9.778228622387094907e-03 9.888492616363271648e-02 9.888492616363271648e-02
3.784934600000000149e+00 9.717491341169039176e-03 9.857733685370607957e-02 9.857733685370607957e-02
3.790977400000000053e+00 9.657567720787860535e-03 9.827292465775026853e-02 9.827292465775026853e-02
3.797020199999999956e+00 9.598450626028404153e-03 9.797168277634310529e-02 9.797168277634310529e-02
3.803058899999999909e+00 9.540119469099835048e-03 9.767353515205556835e-02 9.767353515205556835e-02
3.809101599999999976e+00 9.482427161091152440e-03 9.737775496021230937e-02 9.737775496021230937e-02
3.815140299999999929e+00 9.425375066605564539e-03 9.708437086681648287e-02 9.708437086681648287e-02
3.821183099999999833e+00 9.368808170630786580e-03 9.679260390458967189e-02 9.679260390458967189e-02
3.827221799999999785e+00 9.312724271375503321e-03 9.650245733335241494e-02 9.650245733335241494e-02
3.833264600000000133e+00 9.256970474425097947e-03 9.621315125503944465e-02 9.621315125503944465e-02
3.839307400000000037e+00 9.201513167878859825e-03 9.592451807478033499e-02 9.592451807478033499e-02
3.845346099999999989e+00 9.146325248367429342e-03 9.563642218510387538e-02 9.563642218510387538e-02
3.851388899999999893e+00 9.091276631841624725e-03 9.534818630598919376e-02 9.534818630598919376e-02
3.857427599999999845e+00 9.036397822435256882e-03 9.505996961095272701e-02 9.505996961095272701e-02
3.863470299999999913e+00 8.981582984391811228e-03 9.477121390164743031e-02 9.477121390164743031e-02
3.869508999999999865e+00 8.926885107820628149e-03 9.448219466026722135e-02 9.448219466026722135e-02
3.875551800000000213e+00 8.872223963969572830e-03 9.419248358531361054e-02 9.419248358531361054e-02
3.881590500000000166e+00 8.817679230543877533e-03 9.390249853195535568e-02 9.390249853195535568e-02
3.887633300000000069e+00 8.763193913795553833e-03 9.361193253958362270e-02 9.361193253958362270e-02
3.893676099999999973e+00 8.708832537891690942e-03 9.332112589275641523e-02 9.332112589275641523e-02
3.899714799999999926e+00 8.654668149181678205e-03 9.303046892917221644e-02 9.303046892917221644e-02
3.905757599999999830e+00 8.600670623225638994e-03 9.273980064258084688e-02 9.273980064258084688e-02
3.911796299999999782e+00 8.546961810070929227e-03 9.244977993522174309e-02 9.244977993522174309e-02
3.917838999999999849e+00 8.493521473485443965e-03 9.216030313256051709e-02 9.216030313256051709e-02
3.923877699999999802e+00 8.440473316674645260e-03 9.187204861476991336e-02 9.187204861476991336e-02
3.929920500000000150e+00 8.387798441447026632e-03 9.158492474991190846e-02 9.158492474991190846e-02
3.935963300000000054e+00 8.335582706886539989e-03 9.129941241260285112e-02 9.129941241260285112e-02
3.942002000000000006e+00 8.283906538546659259e-03 9.101596859093825931e-02 9.101596859093825931e-02
3.948044799999999910e+00 8.232739665991284025e-03 9.073444586259005185e-02 9.073444586259005185e-02
3.954083499999999862e+00 8.182184650898439646e-03 9.045542908470689814e-02 9.045542908470689814e-02
3.960126300000000210e+00 8.132198385063524673e-03 9.017870250266148135e-02 9.017870250266148135e-02
3.966165000000000163e+00 8.082866010415631214e-03 8.990476077725600978e-02 8.990476077725600978e-02
3.972207699999999786e+00 8.034130133609287266e-03 8.963330928627642746e-02 8.963330928627642746e-02
3.978246500000000019e+00 7.986054694624031280e-03 8.936472847059979963e-02 8.936472847059979963e-02
3.984289200000000086e+00 7.938569417400852951e-03 8.909864991906921161e-02 8.909864991906921161e-02
3.990331999999999990e+00 7.891688627550135990e-03 8.883517674632125660e-02 8.883517674632125660e-02
3.996370699999999943e+00 7.845420833306559691e-03 8.857438023100448754e-02 8.857438023100448754e-02
4.002413500000000290e+00 7.799673166568073593e-03 8.831575831395024889e-02 8.831575831395024889e-02
4.008452199999999799e+00 7.754472088445994553e-03 8.805948040072683614e-02 8.805948040072683614e-02
4.014495000000000147e+00 7.709716015071338413e-03 8.780498855458805652e-02 8.780498855458805652e-02
4.020533699999999655e+00 7.665422101732809537e-03 8.755239632204711575e-02 8.755239632204711575e-02
4.026576500000000003e+00 7.621484374568129536e-03 8.730111324930586725e-02 8.730111324930586725e-02
4.032619200000000070e+00 7.577886943564169329e-03 8.705105940517995911e-02 8.705105940517995911e-02
4.038657899999999579e+00 7.534611113496321802e-03 8.680213772423074625e-02 8.680213772423074625e-02
4.044700699999999927e+00 7.491553835406303784e-03 8.655376268774399307e-02 8.655376268774399307e-02
4.050739400000000323e+00 7.448731272233511877e-03 8.630603265261074797e-02 8.630603265261074797e-02
4.056782199999999783e+00 7.406046805488702110e-03 8.605839183652401470e-02 8.605839183652401470e-02
4.062820900000000179e+00 7.363524791281440308e-03 8.581098292923487747e-02 8.581098292923487747e-02
4.068863699999999639e+00 7.321079687897181359e-03 8.556330807009031314e-02 8.556330807009031314e-02
4.074902400000000036e+00 7.278747888376687659e-03 8.531557822799237800e-02 8.531557822799237800e-02
4.080932899999999641e+00 7.236543892900389706e-03 8.506787814974810236e-02 8.506787814974810236e-02
4.087004199999999976e+00 7.194118891130823860e-03 8.481815189645919295e-02 8.481815189645919295e-02
4.093034799999999862e+00 7.152043811869155526e-03 8.456975707585516477e-02 8.456975707585516477e-02
4.099065300000000356e+00 7.110043937022078771e-03 8.432107646977758664e-02 8.432107646977758664e-02
4.105095900000000242e+00 7.068134587192920378e-03 8.407219865801607295e-02 8.407219865801607295e-02
4.111167199999999688e+00 7.026058582203301150e-03 8.382158780531004383e-02 8.382158780531004383e-02
4.117197700000000182e+00 6.984410951604850398e-03 8.357278834408272961e-02 8.357278834408272961e-02
4.123228300000000068e+00 6.942943222354301669e-03 8.332432551394761133e-02 8.332432551394761133e-02
4.129258899999999954e+00 6.901695640861145627e-03 8.307644456078476514e-02 8.307644456078476514e-02
4.135330200000000289e+00 6.860434971546417425e-03 8.282774276500849686e-02 8.282774276500849686e-02
4.141360699999999895e+00 6.819759053730757581e-03 8.258183246774533637e-02 8.258183246774533637e-02
4.147391299999999781e+00 6.779432501248709372e-03 8.233730929079909056e-02 8.233730929079909056e-02
4.153421800000000275e+00 6.739498310670105977e-03 8.209444750206987274e-02 8.209444750206987274e-02
4.159493099999999721e+00 6.699728323268143437e-03 8.185186817213241373e-02 8.185186817213241373e-02
4.165523699999999607e+00 6.660689904659860931e-03 8.161304984290111697e-02 8.161304984290111697e-02
4.171554200000000101e+00 6.622142592016862749e-03 8.137654816970835148e-02 8.137654816970835148e-02
4.177584799999999987e+00 6.584104664384872116e-03 8.114249604482766387e-02 8.114249604482766387e-02
4.183656100000000322e+00 6.546336562644631228e-03 8.090943432409246350e-02 8.090943432409246350e-02
4.189686599999999927e+00 6.509347509037375148e-03 8.068052744645001773e-02 8.068052744645001773e-02
4.195717199999999814e+00 6.472874294968727384e-03 8.045417512453115205e-02 8.045417512453115205e-02
4.201747700000000307e+00 6.436901942600806517e-03 8.023030563696492701e-02 8.023030563696492701e-02
4.207818999999999754e+00 6.401166314816844269e-03 8.000728913553342703e-02 8.000728913553342703e-02
4.213849599999999640e+00 6.366114045449415906e-03 7.978793170304275539e-02 7.978793170304275539e-02
4.219880200000000414e+00 6.331464219208197790e-03 7.957049842251961991e-02 7.957049842251961991e-02
4.225910700000000020e+00 6.297172136256638970e-03 7.935472346531514953e-02 7.935472346531514953e-02
4.231982000000000355e+00 6.262959089797505603e-03 7.913885954319474503e-02 7.913885954319474503e-02
4.238012600000000241e+00 6.229232820836051385e-03 7.892548904400942256e-02 7.892548904400942256e-02
4.244043099999999846e+00 6.195712072394843513e-03 7.871284566317522657e-02 7.871284566317522657e-02
4.250073699999999732e+00 6.162345919914504443e-03 7.850061095249198651e-02 7.850061095249198651e-02
4.256145000000000067e+00 6.128864419505867037e-03 7.828706419010657280e-02 7.828706419010657280e-02
4.262175499999999673e+00 6.095675667605004316e-03 7.807480814965224447e-02 7.807480814965224447e-02
4.268206099999999559e+00 6.062519374394407558e-03 7.786218192675059546e-02 7.786218192675059546e-02
4.274277399999999894e+00 6.029145811534801676e-03 7.764757440857249227e-02 7.764757440857249227e-02
4.280307900000000387e+00 5.995985171410782820e-03 7.743374698031074699e-02 7.743374698031074699e-02
4.286338500000000273e+00 5.962804289372612178e-03 7.721919637870243436e-02 7.721919637870243436e-02
4.292368999999999879e+00 5.929605421943241750e-03 7.700393121096638094e-02 7.700393121096638094e-02
4.298440300000000214e+00 5.896173804102173947e-03 7.678654702551857003e-02 7.678654702551857003e-02
4.304470900000000100e+00 5.862977490013708548e-03 7.657008221240009516e-02 7.657008221240009516e-02
4.310501499999999986e+00 5.829819340695032923e-03 7.635325363529070486e-02 7.635325363529070486e-02
4.316531999999999591e+00 5.796733418629543451e-03 7.613628188077969927e-02 7.613628188077969927e-02
4.322603299999999926e+00 5.763535143566115779e-03 7.591795007484142266e-02 7.591795007484142266e-02
4.328633899999999812e+00 5.730712461727259510e-03 7.570146934985647058e-02 7.570146934985647058e-02
4.334664400000000306e+00 5.698086707330056282e-03 7.548567219896804015e-02 7.548567219896804015e-02
4.340695000000000192e+00 5.665700482353614592e-03 7.527084749326005964e-02 7.527084749326005964e-02
4.346766299999999639e+00 5.633380582810228361e-03 7.505584975743215259e-02 7.505584975743215259e-02
4.352796800000000133e+00 5.601599505290859142e-03 7.484383411671838293e-02 7.484383411671838293e-02
4.358827400000000019e+00 5.570172077170021212e-03 7.463358545031868740e-02 7.463358545031868740e-02
4.364857899999999624e+00 5.539126794283391782e-03 7.442531017257093817e-02 7.442531017257093817e-02
4.370929199999999959e+00 5.508277644971915077e-03 7.421777175967973761e-02 7.421777175967973761e-02
4.376959799999999845e+00 5.478051568636585142e-03 7.401386065215477539e-02 7.401386065215477539e-02
4.382990300000000339e+00 5.448245615704472647e-03 7.381223215500580526e-02 7.381223215500580526e-02
4.389020900000000225e+00 5.418855555388620709e-03 7.361287628797437421e-02 7.361287628797437421e-02
4.395092199999999671e+00 5.389676693209550888e-03 7.341441747510873972e-02 7.341441747510873972e-02
4.401122799999999557e+00 5.361082107327950000e-03 7.321941072781144866e-02 7.321941072781144866e-02
4.407153300000000051e+00 5.332850996004384961e-03 7.302637192141195333e-02 7.302637192141195333e-02
4.413183899999999937e+00 5.304952889756020529e-03 7.283510753583069541e-02 7.283510753583069541e-02
4.419255200000000272e+00 5.277169364875464001e-03 7.264412822021794336e-02 7.264412822021794336e-02
4.425285699999999878e+00 5.249836831312529144e-03 7.245575775128246243e-02 7.245575775128246243e-02
4.431316299999999764e+00 5.222729386777465697e-03 7.226845360721001477e-02 7.226845360721001477e-02
4.437346800000000258e+00 5.195810050855250925e-03 7.208196758451625163e-02 7.208196758451625163e-02
4.443418099999999704e+00 5.168860974845857631e-03 7.189479101329843136e-02 7.189479101329843136e-02
4.449448699999999590e+00 5.142209321911136652e-03 7.170919970206847405e-02 7.170919970206847405e-02
4.455479200000000084e+00 5.115643350201611213e-03 7.152372578523584490e-02 7.152372578523584490e-02
4.461509799999999970e+00 5.089135323415060197e-03 7.133817577857637371e-02 7.133817577857637371e-02
4.467581100000000305e+00 5.062485128893519370e-03 7.115114285022777763e-02 7.115114285022777763e-02
4.473611599999999910e+00 5.036033809241060102e-03 7.096501820785407200e-02 7.096501820785407200e-02
4.479642199999999796e+00 5.009590773972331934e-03 7.077846264205187032e-02 7.077846264205187032e-02
4.485672700000000290e+00 4.983151660543812256e-03 7.059144183641394288e-02 7.059144183641394288e-02
4.491743999999999737e+00 4.956537584208001862e-03 7.040268165494835417e-02 7.040268165494835417e-02
4.497774599999999623e+00 4.930111593633401158e-03 7.021475339010599392e-02 7.021475339010599392e-02
4.503805200000000397e+00 4.903705971806143760e-03 7.002646622389382958e-02 7.002646622389382958e-02
4.509876499999999844e+00 4.877158024635424270e-03 6.983665244436780550e-02 6.983665244436780550e-02
4.515907000000000338e+00 4.850843121275404297e-03 6.964799438085352012e-02 6.964799438085352012e-02
4.521937600000000224e+00 4.824604227152811883e-03 6.945937105353612584e-02 6.945937105353612584e-02
4.527968099999999829e+00 4.798466435670793208e-03 6.927096387138548250e-02 6.927096387138548250e-02
4.534039400000000164e+00 4.772279521424611752e-03 6.908168730875507979e-02 6.908168730875507979e-02
4.540070000000000050e+00 4.746421542674171892e-03 6.889427801112492367e-02 6.889427801112492367e-02
4.546100499999999656e+00 4.720743169899078648e-03 6.870766456443617998e-02 6.870766456443617998e-02
4.552131100000000430e+00 4.695268902820507427e-03 6.852203224380103153e-02 6.852203224380103153e-02
4.558202399999999876e+00 4.669853334455926347e-03 6.833632514597141883e-02 6.833632514597141883e-02
4.564232900000000370e+00 4.644859164116926960e-03 6.815320362328484982e-02 6.815320362328484982e-02
4.570263500000000256e+00 4.620132878028790184e-03 6.797155933203820333e-02 6.797155933203820333e-02
4.576293999999999862e+00 4.595690342788744803e-03 6.779152117181576342e-02 6.779152117181576342e-02
4.582365300000000197e+00 4.571379955899576922e-03 6.761198086064020008e-02 6.761198086064020008e-02
4.588395900000000083e+00 4.547535028167813687e-03 6.743541375396026882e-02 6.743541375396026882e-02
4.594426499999999969e+00 4.523994037889987087e-03 6.726064256227401450e-02 6.726064256227401450e-02
4.600456999999999574e+00 4.500755238421277893e-03 6.708766830365531231e-02 6.708766830365531231e-02
4.606528299999999909e+00 4.477657281023688166e-03 6.691529930459616526e-02 6.691529930459616526e-02
4.612558899999999795e+00 4.454998993290296312e-03 6.674577884248783510e-02 6.674577884248783510e-02
4.618589400000000289e+00 4.432609523373333936e-03 6.657784558975556044e-02 6.657784558975556044e-02
4.624620000000000175e+00 4.410468915200546278e-03 6.641136134126861268e-02 6.641136134126861268e-02
4.630691299999999622e+00 4.388407831035303491e-03 6.624505891789442269e-02 6.624505891789442269e-02
4.636721800000000115e+00 4.366697030881053904e-03 6.608098842239766568e-02 6.608098842239766568e-02
4.642752400000000002e+00 4.345159947096916865e-03 6.591782723282767209e-02 6.591782723282767209e-02
4.648782899999999607e+00 4.323768904580999918e-03 6.575537167852524290e-02 6.575537167852524290e-02
4.654854199999999942e+00 4.302351255340222322e-03 6.559231094678874552e-02 6.559231094678874552e-02
4.660884799999999828e+00 4.281166265380827868e-03 6.543062177131460377e-02 6.543062177131460377e-02
4.666915300000000322e+00 4.260043786810405707e-03 6.526901092256880144e-02 6.526901092256880144e-02
4.672945900000000208e+00 4.238958976062870421e-03 6.510728819466274353e-02 6.510728819466274353e-02
4.679017199999999654e+00 4.217749124751522284e-03 6.494420008554668833e-02 6.494420008554668833e-02
4.685047800000000429e+00 4.196681626040106756e-03 6.478180011423043116e-02 6.478180011423043116e-02
4.691078300000000034e+00 4.175602372294997394e-03 6.461890104524370404e-02 6.461890104524370404e-02
4.697108899999999920e+00 4.154503531334540097e-03 6.445543833792878596e-02 6.445543833792878596e-02
4.703180200000000255e+00 4.133241124857408438e-03 6.429028795127152140e-02 6.429028795127152140e-02
4.709210699999999861e+00 4.112104407627499569e-03 6.412569225846610765e-02 6.412569225846610765e-02
4.715241299999999747e+00 4.090959465825104099e-03 6.396060870430411716e-02 6.396060870430411716e-02
4.721271800000000241e+00 4.069821379937068294e-03 6.379515169616785386e-02 6.379515169616785386e-02
4.727343099999999687e+00 4.048566101971328920e-03 6.362834354257015934e-02 6.362834354257015934e-02
4.733373699999999573e+00 4.027502045559587865e-03 6.346260352018019690e-02 6.346260352018019690e-02
4.739404200000000067e+00 4.006513012367515607e-03 6.329702214454890896e-02 6.329702214454890896e-02
4.745475500000000402e+00 3.985485912011708758e-03 6.313070498586015322e-02 6.313070498586015322e-02
4.751506100000000288e+00 3.964732346855175983e-03 6.296612062732764858e-02 6.296612062732764858e-02
4.757536599999999893e+00 3.944140368895125877e-03 6.280239142656214579e-02 6.280239142656214579e-02
4.763567199999999779e+00 3.923737079408967307e-03 6.263974041620037903e-02 6.263974041620037903e-02
4.769638500000000114e+00 3.903412763751906104e-03 6.247729798696408099e-02 6.247729798696408099e-02
4.775669100000000000e+00 3.883462052356233783e-03 6.231742976372046938e-02 6.231742976372046938e-02
4.781699599999999606e+00 3.863765983991438585e-03 6.215919870776519945e-02 6.215919870776519945e-02
4.787730200000000380e+00 3.844336607802704715e-03 6.200271451962974245e-02 6.200271451962974245e-02
4.793801499999999827e+00 3.825053079426452961e-03 6.184701350450523549e-02 6.184701350450523549e-02
4.799832000000000320e+00 3.806175560644991553e-03 6.169421010633811125e-02 6.169421010633811125e-02
4.805862600000000207e+00 3.787568592924460235e-03 6.154322540235001443e-02 6.154322540235001443e-02
4.811893099999999812e+00 3.769222413171912939e-03 6.139399329879034056e-02 6.139399329879034056e-02
4.817964400000000147e+00 3.750999300669115126e-03 6.124540228187839302e-02 6.124540228187839302e-02
4.823995000000000033e+00 3.733123279517010749e-03 6.109929033562509770e-02 6.109929033562509770e-02
4.830025499999999639e+00 3.715447226627038944e-03 6.095446847136835877e-02 6.095446847136835877e-02
4.836056100000000413e+00 3.697943114083058948e-03 6.081071545445801418e-02 6.081071545445801418e-02
4.842127399999999859e+00 3.680465106131828538e-03 6.066683695505995649e-02 6.066683695505995649e-02
4.848157900000000353e+00 3.663217462572183111e-03 6.052451951541774205e-02 6.052451951541774205e-02
4.854188500000000239e+00 3.646052144710975728e-03 6.038254834561866680e-02 6.038254834561866680e-02
4.860218999999999845e+00 3.628941320382858375e-03 6.024069488628810976e-02 6.024069488628810976e-02
4.866290300000000180e+00 3.611743258247492126e-03 6.009778080967292935e-02 6.009778080967292935e-02
4.872320900000000066e+00 3.594666197473472304e-03 5.995553516960275275e-02 5.995553516960275275e-02
4.878351499999999952e+00 3.577576469075855695e-03 5.981284535177920636e-02 5.981284535177920636e-02
4.884381999999999557e+00 3.560460804680751386e-03 5.966959698775207294e-02 5.966959698775207294e-02
4.890453299999999892e+00 3.543194350412697501e-03 5.952473729814099224e-02 5.952473729814099224e-02
4.896483899999999778e+00 3.526005790378529143e-03 5.938018011406271529e-02 5.938018011406271529e-02
4.902514400000000272e+00 3.508781996400705313e-03 5.923497274753070779e-02 5.923497274753070779e-02
4.908545000000000158e+00 3.491529635628108901e-03 5.908916682123813158e-02 5.908916682123813158e-02
4.914616299999999605e+00 3.474144259119175092e-03 5.894187186643443793e-02 5.894187186643443793e-02
4.920646800000000098e+00 3.456875178530522709e-03 5.879519690017648292e-02 5.879519690017648292e-02
4.926677399999999984e+00 3.439624436841592914e-03 5.864831145771882276e-02 5.864831145771882276e-02
4.932707899999999590e+00 3.422414164086219363e-03 5.850140309502174091e-02 5.850140309502174091e-02
4.938779199999999925e+00 3.405151437320244612e-03 5.835367543968626725e-02 5.835367543968626725e-02
4.944809799999999811e+00 3.388091859372523423e-03 5.820731791942077710e-02 5.820731791942077710e-02
4.950840300000000305e+00 3.371143206914072304e-03 5.806154671479284851e-02 5.806154671479284851e-02
4.956870900000000191e+00 3.354327247407141478e-03 5.791655417414904444e-02 5.791655417414904444e-02
4.962942199999999637e+00 3.337552794267419770e-03 5.777155696592761736e-02 5.777155696592761736e-02
4.968972800000000412e+00 3.321062679870050507e-03 5.762866196494632193e-02 5.762866196494632193e-02
4.975003300000000017e+00 3.304758870045688361e-03 5.748703219027477551e-02 5.748703219027477551e-02
4.981074600000000352e+00 3.288543948137410706e-03 5.734582764366916857e-02 5.734582764366916857e-02
4.987105200000000238e+00 3.272642936347316608e-03 5.720701824380743095e-02 5.720701824380743095e-02
4.993135699999999844e+00 3.256950074248905411e-03 5.706969488484150976e-02 5.706969488484150976e-02
4.999166299999999730e+00 3.241464274952106112e-03 5.693385877447712518e-02 5.693385877447712518e-02
5.005237600000000064e+00 3.226078990617199226e-03 5.679858264619989244e-02 5.679858264619989244e-02
5.011268099999999670e+00 3.210992840358058067e-03 5.666562309158929694e-02 5.666562309158929694e-02
5.017298699999999556e+00 3.196090495554151489e-03 5.653397647038594515e-02 5.653397647038594515e-02
5.023329200000000050e+00 3.181358746346423915e-03 5.640353487456636200e-02 5.640353487456636200e-02
5.029400500000000385e+00 3.166683320815086734e-03 5.627329136291111394e-02 5.627329136291111394e-02
5.035431100000000271e+00 3.152243602579860460e-03 5.614484484420506627e-02 5.614484484420506627e-02
5.041461599999999876e+00 3.137922366525126242e-03 5.601716135725842011e-02 5.601716135725842011e-02
5.047492199999999762e+00 3.123700081091667757e-03 5.589007139995141871e-02 5.589007139995141871e-02
5.053563500000000097e+00 3.109462802856099647e-03 5.576255735577502481e-02 5.576255735577502481e-02
5.059594099999999983e+00 3.095382973597819373e-03 5.563616605768067352e-02 5.563616605768067352e-02
5.065624599999999589e+00 3.081347926627466503e-03 5.550989034962568180e-02 5.550989034962568180e-02
5.071655200000000363e+00 3.067341567527709194e-03 5.538358572291712106e-02 5.538358572291712106e-02
5.077726499999999810e+00 3.053256072315234815e-03 5.525627631604607820e-02 5.525627631604607820e-02
5.083757000000000303e+00 3.039269112790090894e-03 5.512956659352666322e-02 5.512956659352666322e-02
5.089787600000000189e+00 3.025276995195723493e-03 5.500251808049994723e-02 5.500251808049994723e-02
5.095818099999999795e+00 3.011274178250240071e-03 5.487507793388762128e-02 5.487507793388762128e-02
5.101889400000000130e+00 2.997162426551996679e-03 5.474634623928793797e-02 5.474634623928793797e-02
5.107920000000000016e+00 2.983130994307831019e-03 5.461804641606866212e-02 5.461804641606866212e-02
5.113950499999999622e+00 2.969088302955489624e-03 5.448934118665309939e-02 5.448934118665309939e-02
5.119981100000000396e+00 2.955039435621807740e-03 5.436027442555645822e-02 5.436027442555645822e-02
5.126052399999999842e+00 2.940898043459349784e-03 5.423004742261756245e-02 5.423004742261756245e-02
5.132082900000000336e+00 2.926864609854398693e-03 5.410050470979359261e-02 5.410050470979359261e-02
5.138113500000000222e+00 2.912856540574087789e-03 5.397088604584964616e-02 5.397088604584964616e-02
5.144143999999999828e+00 2.898888707695037193e-03 5.384132899265244715e-02 5.384132899265244715e-02
5.150215300000000163e+00 2.884882683409901224e-03 5.371110391166710601e-02 5.371110391166710601e-02
5.156245900000000049e+00 2.871043103190988946e-03 5.358211551619615487e-02 5.358211551619615487e-02
5.162276499999999935e+00 2.857292708979171370e-03 5.345365009968142123e-02 5.345365009968142123e-02
5.168307000000000428e+00 2.843648344844718588e-03 5.332586937729865556e-02 5.332586937729865556e-02
5.174378299999999875e+00 2.830034595399011713e-03 5.319806947060214120e-02 5.319806947060214120e-02
5.180408899999999761e+00 2.816648843947491907e-03 5.307210985016039273e-02 5.307210985016039273e-02
5.186439400000000255e+00 2.803412348441767978e-03 5.294726006548183816e-02 5.294726006548183816e-02
5.192470000000000141e+00 2.790335114052663705e-03 5.282362268959469448e-02 5.282362268959469448e-02
5.198541299999999588e+00 2.777338561886021507e-03 5.270046073694253236e-02 5.270046073694253236e-02
5.204571800000000081e+00 2.764601885215394687e-03 5.257948159896020518e-02 5.257948159896020518e-02
5.210602399999999967e+00 2.752038391211701109e-03 5.245987410594597777e-02 5.245987410594597777e-02
5.216673700000000302e+00 2.739563251551595507e-03 5.234083732184264398e-02 5.234083732184264398e-02
5.222704199999999908e+00 2.727338480798837967e-03 5.222392632499817805e-02 5.222392632499817805e-02
5.228734799999999794e+00 2.715270725394115965e-03 5.210825966575851481e-02 5.210825966575851481e-02
5.234765300000000288e+00 2.703348550641913525e-03 5.199373568654125366e-02 5.199373568654125366e-02
5.240836599999999734e+00 2.691477809929113639e-03 5.187945460323492575e-02 5.187945460323492575e-02
5.246867199999999620e+00 2.679800892788326751e-03 5.176679334079258010e-02 5.176679334079258010e-02
5.252897800000000395e+00 2.668219196292993898e-03 5.165480806559050175e-02 5.165480806559050175e-02
5.258928300000000000e+00 2.656713217306090873e-03 5.154331399227343735e-02 5.154331399227343735e-02
5.264999600000000335e+00 2.645185342190149898e-03 5.143136535413141835e-02 5.143136535413141835e-02
5.271030200000000221e+00 2.633770434071651140e-03 5.132027312935552588e-02 5.132027312935552588e-02
5.277060699999999827e+00 2.622372508347272681e-03 5.120910571712097847e-02 5.120910571712097847e-02
5.283091299999999713e+00 2.610974192679705805e-03 5.109769263557509961e-02 5.109769263557509961e-02
5.289162600000000047e+00 2.599483948609793236e-03 5.098513458460018216e-02 5.098513458460018216e-02
5.295193099999999653e+00 2.588044267153256396e-03 5.087282444639039392e-02 5.087282444639039392e-02
5.301223700000000427e+00 2.576569503114106274e-03 5.075992024337810243e-02 5.075992024337810243e-02
5.307254200000000033e+00 2.565055421334437504e-03 5.064637619153454506e-02 5.064637619153454506e-02
5.313325500000000368e+00 2.553422773548611087e-03 5.053140383512624151e-02 5.053140383512624151e-02
5.319356100000000254e+00 2.541830873729659067e-03 5.041657340329327996e-02 5.041657340329327996e-02
5.325386599999999859e+00 2.530208974490242343e-03 5.030118263510553051e-02 5.030118263510553051e-02
5.331417199999999745e+00 2.518567065607124102e-03 5.018532719438147105e-02 5.018532719438147105e-02
5.337488500000000080e+00 2.506840163000374679e-03 5.006835490607190742e-02 5.006835490607190742e-02
5.343519099999999966e+00 2.495201519945379129e-03 4.995199215191901965e-02 4.995199215191901965e-02
5.349549599999999572e+00 2.483590525902053172e-03 4.983563510081970294e-02 4.983563510081970294e-02
5.355580200000000346e+00 2.472025749318630672e-03 4.971947052532468825e-02 4.971947052532468825e-02
5.361651499999999793e+00 2.460449390711675222e-03 4.960291715929291551e-02 4.960291715929291551e-02
5.367682000000000286e+00 2.449035924631033211e-03 4.948773509296049145e-02 4.948773509296049145e-02
5.373712600000000172e+00 2.437724972225993776e-03 4.937332247505725469e-02 4.937332247505725469e-02
5.379743099999999778e+00 2.426532944126044613e-03 4.925985123938200066e-02 4.925985123938200066e-02
5.385814400000000113e+00 2.415398916892213220e-03 4.914670809822579978e-02 4.914670809822579978e-02
5.391844999999999999e+00 2.404483091658249361e-03 4.903552887099566632e-02 4.903552887099566632e-02
5.397875499999999604e+00 2.393717903227789070e-03 4.892563646216356588e-02 4.892563646216356588e-02
5.403906100000000379e+00 2.383106800754054497e-03 4.881707488936688072e-02 4.881707488936688072e-02
5.409977399999999825e+00 2.372580071126447615e-03 4.870913745003546680e-02 4.870913745003546680e-02
5.416007900000000319e+00 2.362275551569236083e-03 4.860324630690048692e-02 4.860324630690048692e-02
5.422038500000000205e+00 2.352114949928347121e-03 4.849860771123586795e-02 4.849860771123586795e-02
5.428069100000000091e+00 2.342088493448739751e-03 4.839512881942499567e-02 4.839512881942499567e-02
5.434140400000000426e+00 2.332117123746751865e-03 4.829199854786248025e-02 4.829199854786248025e-02
5.440170900000000032e+00 2.322319891576783094e-03 4.819045436159305473e-02 4.819045436159305473e-02
5.446201499999999918e+00 2.312612986765793556e-03 4.808963492027978903e-02 4.808963492027978903e-02
5.452272800000000252e+00 2.302914633574724024e-03 4.798869276792944866e-02 4.798869276792944866e-02
5.458303299999999858e+00 2.293337552931136534e-03 4.788880404573846172e-02 4.788880404573846172e-02
5.464333899999999744e+00 2.283799220759539974e-03 4.778911194780187388e-02 4.778911194780187388e-02
5.470364400000000238e+00 2.274283993757221685e-03 4.768945369531110007e-02 4.768945369531110007e-02
5.476435699999999684e+00 2.264712979049696671e-03 4.758900060990665926e-02 4.758900060990665926e-02
5.482466299999999571e+00 2.255202183998087154e-03 4.748896907701921632e-02 4.748896907701921632e-02
