6.126431699999999869e-02 1.073745235062386894e-01
6.746437800000000540e-02 1.074593936345063089e-01
7.366443899999999823e-02 1.075522490188885322e-01
7.986490799999999834e-02 1.076533494796581419e-01
8.606497000000000452e-02 1.077631043393446758e-01
9.226543900000000464e-02 1.078821636022217201e-01
9.846549999999999747e-02 1.080114078531035637e-01
1.046659699999999971e-01 1.081520630092810409e-01
1.108660300000000043e-01 1.083056869840737513e-01
1.170665000000000039e-01 1.084743019583873230e-01
1.232665599999999972e-01 1.086603709426210151e-01
1.294666200000000045e-01 1.088669310843504157e-01
1.356670899999999902e-01 1.090976215399796084e-01
1.418671499999999974e-01 1.093566820529756067e-01
1.480676200000000109e-01 1.096491081873448986e-01
1.542676799999999904e-01 1.099805471676558732e-01
1.604681500000000038e-01 1.103574774806953956e-01
1.666682100000000111e-01 1.107870415990787616e-01
1.728686799999999968e-01 1.112772431380432414e-01
1.790687400000000040e-01 1.118366973781015905e-01
1.852688100000000060e-01 1.124748141442379612e-01
1.914692699999999970e-01 1.132016686388125776e-01
1.976693399999999989e-01 1.140277831388253477e-01
2.038697999999999899e-01 1.149643882534709394e-01
2.100698699999999919e-01 1.160229224208399190e-01
2.162703400000000054e-01 1.172154230752652238e-01
2.224704000000000126e-01 1.185538947324773912e-01
2.286704599999999921e-01 1.200507495637157251e-01
2.348709300000000055e-01 1.217185461192400453e-01
2.410709900000000128e-01 1.235695493483616320e-01
2.472714599999999985e-01 1.256164854024012512e-01
2.534715200000000057e-01 1.278715269539925370e-01
2.596719900000000192e-01 1.303473653198323479e-01
2.658720500000000264e-01 1.330560160878037357e-01
2.720725199999999844e-01 1.360101509084253868e-01
2.782725799999999916e-01 1.392216928750677207e-01
2.844726399999999988e-01 1.427031868429876338e-01
2.906731100000000123e-01 1.464673447578644372e-01
2.968731700000000195e-01 1.505262737135591722e-01
3.030736399999999775e-01 1.548933226825868481e-01
3.092736999999999847e-01 1.595809830210278002e-01
3.154741699999999982e-01 1.646032470969688299e-01
3.216742300000000054e-01 1.699731580411662502e-01
3.278747000000000189e-01 1.757054908035466934e-01
3.340747600000000261e-01 1.818139108189012476e-01
3.402752299999999841e-01 1.883139963312658316e-01
3.464752899999999913e-01 1.952199679683663536e-01
3.526753499999999986e-01 2.025475778213794431e-01
3.588758200000000120e-01 2.103128689600170242e-01
3.650758800000000193e-01 2.185304117786120992e-01
3.712763499999999772e-01 2.272168552053175639e-01
3.774764199999999792e-01 2.363864521937024676e-01
3.836768799999999979e-01 2.460554284889299170e-01
3.898769499999999999e-01 2.562371254947377608e-01
3.960770100000000071e-01 2.669459927047225789e-01
4.022774800000000206e-01 2.781958091899587870e-01
4.084763100000000091e-01 2.899946211469122126e-01
4.146780099999999858e-01 3.023618405102921347e-01
4.208797000000000232e-01 3.153013108816540844e-01
4.270773099999999878e-01 3.288115018538610990e-01
4.332790100000000200e-01 3.429159097958752178e-01
4.394807000000000019e-01 3.576094503234534261e-01
4.456783100000000220e-01 3.728833676977429956e-01
4.518800000000000039e-01 3.887568942111029879e-01
4.580776200000000187e-01 4.052057963725737566e-01
4.642793100000000006e-01 4.222456530817622067e-01
4.704809999999999826e-01 4.398570269728437898e-01
4.766786199999999973e-01 4.580160288327586038e-01
4.828803099999999793e-01 4.767316085583592766e-01
4.890820000000000167e-01 4.959738022913350863e-01
4.952796199999999760e-01 5.157077458645897838e-01
5.014813099999999579e-01 5.359338715202848213e-01
5.076829999999999954e-01 5.566098710675673189e-01
5.138806200000000102e-01 5.776879773372788351e-01
5.200823100000000476e-01 5.991575380149917196e-01
5.262839999999999741e-01 6.209616585596668958e-01
5.324816199999999888e-01 6.430375096376438337e-01
5.386833100000000263e-01 6.653606255459514340e-01
5.448849999999999527e-01 6.878577783493717845e-01
5.510826199999999675e-01 7.104499907224978150e-01
5.572843100000000049e-01 7.330977373818201581e-01
5.634819300000000197e-01 7.556974099653798183e-01
5.696836199999999462e-01 7.782005662262179158e-01
5.758853099999999836e-01 8.005107911385277442e-01
5.820829299999999984e-01 8.225298119573286604e-01
5.882846200000000358e-01 8.442015432925134011e-01
5.944863099999999623e-01 8.654266735654208009e-01
6.006839200000000378e-01 8.861089107185413649e-01
6.068856200000000145e-01 9.061962544747933501e-01
6.130873100000000520e-01 9.256008055260791512e-01
6.192849200000000165e-01 9.442434839393548662e-01
6.254866199999999932e-01 9.620902665703644496e-01
6.316883100000000306e-01 9.790797469064067560e-01
6.378859199999999952e-01 9.951637192823221678e-01
6.440876100000000326e-01 1.010337037645240965e+00
6.502852300000000474e-01 1.024565429314825860e+00
6.564869199999999738e-01 1.037865215227790516e+00
6.626886100000000113e-01 1.050235978624081579e+00
6.688862300000000261e-01 1.061690600146654173e+00
6.750879199999999525e-01 1.072274050158234404e+00
6.812896099999999899e-01 1.082016989394717577e+00
6.874872300000000047e-01 1.090959327578403526e+00
6.936889200000000422e-01 1.099163759119071271e+00
6.998906099999999686e-01 1.106678919221721680e+00
7.060882299999999834e-01 1.113557387886263461e+00
7.122899200000000208e-01 1.119865630034838411e+00
7.184916099999999473e-01 1.125655489174880231e+00
7.246892299999999620e-01 1.130977969103911684e+00
7.308909199999999995e-01 1.135891071852602519e+00
7.370885400000000143e-01 1.140435093295438129e+00
7.432902300000000517e-01 1.144657869221191948e+00
7.494919199999999782e-01 1.148592798014190342e+00
7.556895399999999929e-01 1.152268391051254559e+00
7.618912300000000304e-01 1.155714608407964805e+00
7.680929199999999568e-01 1.158948539875932937e+00
7.742905300000000324e-01 1.161982581573430817e+00
7.804922300000000090e-01 1.164830261330860317e+00
7.866939200000000465e-01 1.167494821667264482e+00
7.928915300000000110e-01 1.169976451584949340e+00
7.990932299999999877e-01 1.172277356669009452e+00
8.052949200000000252e-01 1.174392706961006505e+00
8.114925299999999897e-01 1.176316873026146181e+00
8.176942200000000271e-01 1.178047396503574262e+00
8.238959200000000038e-01 1.179578074838528723e+00
8.300935299999999684e-01 1.180903951401337970e+00
8.362952200000000058e-01 1.182023873221765831e+00
8.424928400000000206e-01 1.182935119394036061e+00
8.486945299999999470e-01 1.183639581900837401e+00
8.548962199999999845e-01 1.184139410686873894e+00
8.610938399999999993e-01 1.184439470412506745e+00
8.672955300000000367e-01 1.184547278925193403e+00
8.734972199999999631e-01 1.184471683381574048e+00
8.796948399999999779e-01 1.184223758974839447e+00
8.858965300000000154e-01 1.183815480474195603e+00
8.920982200000000528e-01 1.183260361901232516e+00
8.982958399999999566e-01 1.182573021305840966e+00
9.044975299999999940e-01 1.181767001518330140e+00
9.106992200000000315e-01 1.180857105302082211e+00
9.168968400000000463e-01 1.179857981723339888e+00
9.230985299999999727e-01 1.178781518337779000e+00
9.292961499999999875e-01 1.177641271489558328e+00
9.354978400000000249e-01 1.176446619292812468e+00
9.416995299999999514e-01 1.175207720900355524e+00
9.478971499999999661e-01 1.173933293551079338e+00
9.540988400000000036e-01 1.172627926148646749e+00
9.603005300000000410e-01 1.171297126402115696e+00
9.664981400000000056e-01 1.169944967305187600e+00
9.726998399999999823e-01 1.168571467901547534e+00
9.789015300000000197e-01 1.167178122405808871e+00
9.850991399999999842e-01 1.165765489646834130e+00
9.913008399999999609e-01 1.164330589510464309e+00
9.975025299999999984e-01 1.162872742920657565e+00
1.003700100000000095e+00 1.161391103434076921e+00
1.009901799999999961e+00 1.159881881442359930e+00
1.016099499999999933e+00 1.158345490722550997e+00
1.022301099999999963e+00 1.156778866447201182e+00
1.028502800000000050e+00 1.155182463248986213e+00
1.034700500000000023e+00 1.153557650450860672e+00
1.040902100000000052e+00 1.151903496366765145e+00
1.047103799999999918e+00 1.150223024281783024e+00
1.053301400000000054e+00 1.148520330658711286e+00
1.059503099999999920e+00 1.146796955058040579e+00
1.065704800000000008e+00 1.145058589355615997e+00
1.071902399999999922e+00 1.143311629814781405e+00
1.078104100000000010e+00 1.141559525802565700e+00
1.084305800000000097e+00 1.139809558497187014e+00
1.090503400000000012e+00 1.138069192037046706e+00
1.096705100000000099e+00 1.136342443463607799e+00
1.102906799999999965e+00 1.134636613706994757e+00
1.109104400000000101e+00 1.132958594204599656e+00
1.115306099999999967e+00 1.131311432812729389e+00
1.121503799999999940e+00 1.129701876999519516e+00
1.127705399999999969e+00 1.128131677987406212e+00
1.133907100000000057e+00 1.126604745480523695e+00
1.140104800000000029e+00 1.125123987077041532e+00
1.146306400000000059e+00 1.123688447347190644e+00
1.152508099999999924e+00 1.122298970315813715e+00
1.158705799999999897e+00 1.120955365472925402e+00
1.164907399999999926e+00 1.119653926180174563e+00
1.171109100000000014e+00 1.118392661054300907e+00
1.177306799999999987e+00 1.117168819243776534e+00
1.183508400000000016e+00 1.115976710781454884e+00
1.189710100000000104e+00 1.114812543416981327e+00
1.195907800000000076e+00 1.113672254798127703e+00
1.202109400000000106e+00 1.112549498067108011e+00
1.208307100000000078e+00 1.111440881864975916e+00
1.214508799999999944e+00 1.110340431594557975e+00
1.220710399999999973e+00 1.109244711808476724e+00
1.226908099999999946e+00 1.108150739092944592e+00
1.233109800000000034e+00 1.107054085675503341e+00
1.239311400000000063e+00 1.105953134681973316e+00
1.245509100000000036e+00 1.104846966599847269e+00
1.251710799999999901e+00 1.103733329133368413e+00
1.257912399999999931e+00 1.102612856054726809e+00
1.264110099999999903e+00 1.101486852805679595e+00
1.270311799999999991e+00 1.100355144808447649e+00
1.276513400000000020e+00 1.099220304716848062e+00
1.282711099999999993e+00 1.098085329562280110e+00
1.288912700000000022e+00 1.096951454856995412e+00
1.295110399999999995e+00 1.095823017179953007e+00
1.301312100000000083e+00 1.094701622547515463e+00
1.307513699999999890e+00 1.093591079623702722e+00
1.313711400000000085e+00 1.092495018699838782e+00
1.319913099999999950e+00 1.091414805079251149e+00
1.326114699999999980e+00 1.090353639201053104e+00
1.332312399999999952e+00 1.089314251275791845e+00
1.338514100000000040e+00 1.088296984347638219e+00
1.344715700000000069e+00 1.087303723313713277e+00
1.350913400000000042e+00 1.086335740978057185e+00
1.357115099999999908e+00 1.085391982459782412e+00
1.363316699999999937e+00 1.084472776254391091e+00
1.369514399999999910e+00 1.083577877050316163e+00
1.375716099999999997e+00 1.082704940072647837e+00
1.381913699999999912e+00 1.081853544363433395e+00
1.388115399999999999e+00 1.081020718235733424e+00
1.394317100000000087e+00 1.080204984893806008e+00
1.400514700000000001e+00 1.079404710214207253e+00
1.406716400000000089e+00 1.078616655189974960e+00
1.412918099999999955e+00 1.077839238291873336e+00
1.419115700000000091e+00 1.077070997919387318e+00
1.425317399999999957e+00 1.076309173281003062e+00
1.431519100000000044e+00 1.075552814461868456e+00
1.437716699999999959e+00 1.074801290116636832e+00
1.443918400000000046e+00 1.074052846442786535e+00
1.450120099999999912e+00 1.073307607653694262e+00
1.456317700000000048e+00 1.072566076994330597e+00
1.462519399999999914e+00 1.071827661989995129e+00
1.468721100000000002e+00 1.071093590995735978e+00
1.474918699999999916e+00 1.070365388485748692e+00
1.481120400000000004e+00 1.069643392334060694e+00
1.487317999999999918e+00 1.068930055013177061e+00
1.493519700000000006e+00 1.068226063969581308e+00
1.499721400000000093e+00 1.067533588604574035e+00
1.505919000000000008e+00 1.066854759058019964e+00
1.512120700000000095e+00 1.066190282802949696e+00
1.518322399999999961e+00 1.065542073413496826e+00
1.524520000000000097e+00 1.064911793256595685e+00
1.530721699999999963e+00 1.064299596453054830e+00
1.536923400000000051e+00 1.063706586610143390e+00
1.543120999999999965e+00 1.063133475213168033e+00
1.549322700000000053e+00 1.062579479438404251e+00
1.555524399999999918e+00 1.062044588732409700e+00
1.561722000000000055e+00 1.061528376445702859e+00
1.567923699999999920e+00 1.061029051220267583e+00
1.574121300000000057e+00 1.060545852229182850e+00
1.580322999999999922e+00 1.060076448489122303e+00
1.586524700000000010e+00 1.059619257537280479e+00
1.592722299999999924e+00 1.059172513360739032e+00
1.598924000000000012e+00 1.058733484731601671e+00
1.605125700000000100e+00 1.058300317988593031e+00
1.611323300000000014e+00 1.057871204501325879e+00
1.617525000000000102e+00 1.057443615186925978e+00
1.623726699999999967e+00 1.057016064929660049e+00
1.629924300000000104e+00 1.056587315710874719e+00
1.636125999999999969e+00 1.056155571162403772e+00
1.642327700000000057e+00 1.055720210925937597e+00
1.648525299999999971e+00 1.055280971610872198e+00
1.654727000000000059e+00 1.054837073281632120e+00
1.660924599999999973e+00 1.054389256391104368e+00
1.667126300000000061e+00 1.053937418695379158e+00
1.673327999999999927e+00 1.053482655617751895e+00
1.679525600000000063e+00 1.053026343590793168e+00
1.685727299999999929e+00 1.052569181551729738e+00
1.691929000000000016e+00 1.052112952705599014e+00
1.698126599999999931e+00 1.051659560768219759e+00
1.704328300000000018e+00 1.051210075042249947e+00
1.710530000000000106e+00 1.050766472778957406e+00
1.716727600000000020e+00 1.050330663821722688e+00
1.722929300000000108e+00 1.049903587578387087e+00
1.729130999999999974e+00 1.049486892924266002e+00
1.735328600000000110e+00 1.049081996815294238e+00
1.741530299999999976e+00 1.048689272772731718e+00
1.747732000000000063e+00 1.048309628639728430e+00
1.753929599999999978e+00 1.047943643530284463e+00
1.760131300000000065e+00 1.047590869622864185e+00
1.766328899999999980e+00 1.047251505432942986e+00
1.772530600000000067e+00 1.046924540439756024e+00
1.778732299999999933e+00 1.046609370041831077e+00
1.784929900000000069e+00 1.046305118997341355e+00
1.791131599999999935e+00 1.046010113102825434e+00
1.797333300000000023e+00 1.045723133443780206e+00
1.803530899999999937e+00 1.045442841906099707e+00
1.809732600000000025e+00 1.045167304963391830e+00
1.815934299999999890e+00 1.044895161812278817e+00
1.822131900000000027e+00 1.044625113548544926e+00
1.828333599999999892e+00 1.044355449250854440e+00
1.834535299999999980e+00 1.044085162682181878e+00
1.840732899999999894e+00 1.043813456675720897e+00
1.846934599999999982e+00 1.043539232058748656e+00
1.853132199999999896e+00 1.043262369667206313e+00
1.859333899999999984e+00 1.042982288419658676e+00
1.865535600000000072e+00 1.042699222819145177e+00
1.871733199999999986e+00 1.042413671895950245e+00
1.877934900000000074e+00 1.042125804383317256e+00
1.884136599999999939e+00 1.041836565034724105e+00
1.890334200000000076e+00 1.041547077219120654e+00
1.896535899999999941e+00 1.041258024226459522e+00
1.902737600000000029e+00 1.040970755008903126e+00
1.908935199999999943e+00 1.040686657369691348e+00
1.915136900000000031e+00 1.040406551506629640e+00
1.921338599999999897e+00 1.040131771400857552e+00
1.927536200000000033e+00 1.039863539845368168e+00
1.933737899999999899e+00 1.039602410031028157e+00
1.939935500000000035e+00 1.039349458808764393e+00
1.946137199999999901e+00 1.039104877279688477e+00
1.952338899999999988e+00 1.038869131858505490e+00
1.958536499999999902e+00 1.038642421449971875e+00
1.964738199999999990e+00 1.038424248000649142e+00
1.970939900000000078e+00 1.038214320122598622e+00
1.977137499999999992e+00 1.038012092329348324e+00
1.983339200000000080e+00 1.037816410732809169e+00
1.989540899999999946e+00 1.037626346013208689e+00
1.995738500000000082e+00 1.037440813864751510e+00
2.001940199999999948e+00 1.037258267480343221e+00
2.008141900000000035e+00 1.037077480723813894e+00
2.014339500000000172e+00 1.036897224586250221e+00
2.020541199999999815e+00 1.036715964378435384e+00
2.026742899999999903e+00 1.036532621370926721e+00
2.032940500000000039e+00 1.036346264319046639e+00
2.039142200000000127e+00 1.036155770785930130e+00
2.045339799999999819e+00 1.035960726595913872e+00
2.051541499999999907e+00 1.035760437838397330e+00
2.057743199999999995e+00 1.035554839346950917e+00
2.063940800000000131e+00 1.035344126588420455e+00
2.070142500000000219e+00 1.035128316262053705e+00
2.076344199999999862e+00 1.034908068852096408e+00
2.082541799999999999e+00 1.034684261678656680e+00
2.088743500000000086e+00 1.034457503260632683e+00
2.094945200000000174e+00 1.034228988664917415e+00
2.101142799999999866e+00 1.034000022408734898e+00
2.107344499999999954e+00 1.033771517996289857e+00
2.113546200000000042e+00 1.033544865494832043e+00
2.119743800000000178e+00 1.033321428952971521e+00
2.125945499999999821e+00 1.033102066804251207e+00
2.132143099999999958e+00 1.032888120059695325e+00
2.138344800000000046e+00 1.032680219406832522e+00
2.144546500000000133e+00 1.032479252848551798e+00
2.150744099999999825e+00 1.032285894801750148e+00
2.156945799999999913e+00 1.032100223530006966e+00
2.163147500000000001e+00 1.031922477019806994e+00
2.169345100000000137e+00 1.031752641854779551e+00
2.175546799999999781e+00 1.031590143825733108e+00
2.181748499999999868e+00 1.031434534325536001e+00
2.187946100000000005e+00 1.031285153583183956e+00
2.194147800000000093e+00 1.031140882495084066e+00
2.200349500000000180e+00 1.031000768941408019e+00
2.206547099999999872e+00 1.030863758274537467e+00
2.212748799999999960e+00 1.030728476298315099e+00
2.218946400000000096e+00 1.030593905196043325e+00
2.225148100000000184e+00 1.030458708228126685e+00
2.231349799999999828e+00 1.030321896014104066e+00
2.237547399999999964e+00 1.030182602070759179e+00
2.243749100000000052e+00 1.030039834210739302e+00
2.249950800000000140e+00 1.029893052635417972e+00
2.256148399999999832e+00 1.029741923809212922e+00
2.262350099999999919e+00 1.029586019347272341e+00
2.268551800000000007e+00 1.029425418187660757e+00
2.274749400000000144e+00 1.029260415127011274e+00
2.280951099999999787e+00 1.029091166892459830e+00
2.287152799999999875e+00 1.028918328259505355e+00
2.293350400000000011e+00 1.028742710400360805e+00
2.299552100000000099e+00 1.028564892613400117e+00
2.305749699999999791e+00 1.028386006290429533e+00
2.311951399999999879e+00 1.028206762758975046e+00
2.318153099999999966e+00 1.028028244218182952e+00
2.324350700000000103e+00 1.027851511495060599e+00
2.330552400000000191e+00 1.027677221691468246e+00
2.336754099999999834e+00 1.027506299149542057e+00
2.342951699999999970e+00 1.027339546639745915e+00
2.349153400000000058e+00 1.027177300321356457e+00
2.355355100000000146e+00 1.027020073038913406e+00
2.361552699999999838e+00 1.026868194998745487e+00
2.367754399999999926e+00 1.026721519612961764e+00
2.373956100000000013e+00 1.026580025301164545e+00
2.380153700000000150e+00 1.026443504275013963e+00
2.386355399999999793e+00 1.026311318823200036e+00
2.392557099999999881e+00 1.026182960849292503e+00
2.398754700000000017e+00 1.026057793238922766e+00
2.404956400000000105e+00 1.025934840950111893e+00
2.411153999999999797e+00 1.025813398825784262e+00
2.417355699999999885e+00 1.025692412533488085e+00
2.423557399999999973e+00 1.025571078151586324e+00
2.429755000000000109e+00 1.025448636126550239e+00
2.435956700000000197e+00 1.025324159124945123e+00
2.442158399999999840e+00 1.025197065716533018e+00
2.448355999999999977e+00 1.025066908914373132e+00
2.454557700000000064e+00 1.024933128609597954e+00
2.460759400000000152e+00 1.024795580202820577e+00
2.466956999999999844e+00 1.024654293392500026e+00
2.473158699999999932e+00 1.024509180365098304e+00
2.479360400000000020e+00 1.024360590261202963e+00
2.485558000000000156e+00 1.024209026957280111e+00
2.491759699999999800e+00 1.024054821097980517e+00
2.497957299999999936e+00 1.023898814862875595e+00
2.504159000000000024e+00 1.023741524173195971e+00
2.510360700000000111e+00 1.023583831518815490e+00
2.516558299999999804e+00 1.023426649824398460e+00
2.522759999999999891e+00 1.023270581266213730e+00
2.528961699999999979e+00 1.023116514373735964e+00
2.535159300000000115e+00 1.022965279845740483e+00
2.541361000000000203e+00 1.022817331979147815e+00
2.547562699999999847e+00 1.022673327920889941e+00
2.553760299999999983e+00 1.022533797478329065e+00
2.559962000000000071e+00 1.022398863253256796e+00
2.566163700000000158e+00 1.022268784509720030e+00
2.572361299999999851e+00 1.022143660385651076e+00
2.578562999999999938e+00 1.022023195344048174e+00
2.584760600000000075e+00 1.021907275595875575e+00
2.590962300000000162e+00 1.021795340853526302e+00
2.597163999999999806e+00 1.021686943038526474e+00
2.603361599999999942e+00 1.021581524830220467e+00
2.609563300000000030e+00 1.021478243713455081e+00
2.615765000000000118e+00 1.021376415482572186e+00
2.621962599999999810e+00 1.021275328394296578e+00
2.628164299999999898e+00 1.021174075314703833e+00
2.634365999999999985e+00 1.021071982293933145e+00
2.640563600000000122e+00 1.020968436938631152e+00
2.646765300000000209e+00 1.020862704380707475e+00
2.652966999999999853e+00 1.020754358037774923e+00
2.659164599999999989e+00 1.020643097794909693e+00
2.665366300000000077e+00 1.020528532642827280e+00
2.671568000000000165e+00 1.020410628005040676e+00
2.677765599999999857e+00 1.020289495449977712e+00
2.683967299999999945e+00 1.020165138105241898e+00
2.690164900000000081e+00 1.020038007544306513e+00
2.696366600000000169e+00 1.019908333786793131e+00
2.702568299999999812e+00 1.019776692719885247e+00
2.708765899999999949e+00 1.019643740246554575e+00
2.714967600000000036e+00 1.019509921393579877e+00
2.721169300000000124e+00 1.019375976288209751e+00
2.727366899999999816e+00 1.019242653952481259e+00
2.733568599999999904e+00 1.019110424974437601e+00
2.739770299999999992e+00 1.018979989959620136e+00
2.745967900000000128e+00 1.018851989836138339e+00
2.752169600000000216e+00 1.018726739386311753e+00
2.758371299999999859e+00 1.018604720605714276e+00
2.764568899999999996e+00 1.018486306908693129e+00
2.770770600000000083e+00 1.018371528728541309e+00
2.776968200000000220e+00 1.018260610530691057e+00
2.783169899999999863e+00 1.018153362502396408e+00
2.789371599999999951e+00 1.018049702772069187e+00
2.795569200000000087e+00 1.017949433121766667e+00
2.801770900000000175e+00 1.017852060836780037e+00
2.807972599999999819e+00 1.017757210164169868e+00
2.814170199999999955e+00 1.017664432780021500e+00
2.820371900000000043e+00 1.017573050518684852e+00
2.826573600000000130e+00 1.017482544266939959e+00
2.832771199999999823e+00 1.017392389329888180e+00
2.838972899999999910e+00 1.017301901226694616e+00
2.845174599999999998e+00 1.017210614209390629e+00
2.851372200000000134e+00 1.017118124106353605e+00
2.857573899999999778e+00 1.017023919304417712e+00
2.863775599999999866e+00 1.016927761119801321e+00
2.869973200000000002e+00 1.016829515860086186e+00
2.876174900000000090e+00 1.016728959954782630e+00
2.882372600000000062e+00 1.016626238487899014e+00
2.888574199999999870e+00 1.016521339349597319e+00
2.894775899999999957e+00 1.016414542293826884e+00
2.900973500000000094e+00 1.016306227628569259e+00
2.907175200000000181e+00 1.016196634587392733e+00
2.913376899999999825e+00 1.016086278217029459e+00
2.919574499999999961e+00 1.015975719815950029e+00
2.925776200000000049e+00 1.015865327353249414e+00
2.931977900000000137e+00 1.015755696403548125e+00
2.938175499999999829e+00 1.015647410181030885e+00
2.944377199999999917e+00 1.015540809251776810e+00
2.950578900000000004e+00 1.015436405338984382e+00
2.956776500000000141e+00 1.015334645040496753e+00
2.962978199999999784e+00 1.015235701474393792e+00
2.969175900000000201e+00 1.015139928758096888e+00
2.975377500000000008e+00 1.015047339189263154e+00
2.981579200000000096e+00 1.014958031704300101e+00
2.987776900000000069e+00 1.014872004323717158e+00
2.993978499999999876e+00 1.014788994044410364e+00
3.000180199999999964e+00 1.014708811151808332e+00
3.006377899999999936e+00 1.014631180957825896e+00
3.012579500000000188e+00 1.014555608962821154e+00
3.018781199999999831e+00 1.014481691885105397e+00
3.024978899999999804e+00 1.014408986391377221e+00
3.031180500000000055e+00 1.014336887492380157e+00
3.037382200000000143e+00 1.014264925229428238e+00
3.043579900000000116e+00 1.014192649595726081e+00
3.049781499999999923e+00 1.014119505995515036e+00
3.055979199999999896e+00 1.014045176539019710e+00
3.062180899999999983e+00 1.013969223235314354e+00
3.068382499999999791e+00 1.013891430542925853e+00
3.074580200000000207e+00 1.013811671589425867e+00
3.080781899999999851e+00 1.013729761192176726e+00
3.086983500000000102e+00 1.013645762561465880e+00
3.093181200000000075e+00 1.013559832575016584e+00
3.099382900000000163e+00 1.013472052071656249e+00
3.105584499999999970e+00 1.013382746335868223e+00
3.111782199999999943e+00 1.013292307535843539e+00
3.117983800000000194e+00 1.013201012184328675e+00
3.124185499999999838e+00 1.013109345397826822e+00
3.130383199999999810e+00 1.013017821500633353e+00
3.136584800000000062e+00 1.012926785348501113e+00
3.142782500000000034e+00 1.012836804596930040e+00
3.148984200000000122e+00 1.012748194910679800e+00
3.155185799999999929e+00 1.012661409259808298e+00
3.161383499999999902e+00 1.012576841574750475e+00
3.167585199999999990e+00 1.012494665630539137e+00
3.173786799999999797e+00 1.012415149440879292e+00
3.179984500000000214e+00 1.012338473525618232e+00
3.186186199999999857e+00 1.012264593665085144e+00
3.192387800000000109e+00 1.012193532392681616e+00
3.198585500000000081e+00 1.012125220581510554e+00
3.204787200000000169e+00 1.012059384399030648e+00
3.210988799999999976e+00 1.011995813054433979e+00
3.217186499999999949e+00 1.011934226725542230e+00
3.223388200000000037e+00 1.011874181879069301e+00
3.229589799999999844e+00 1.011815319994425089e+00
3.235787499999999817e+00 1.011757257293910639e+00
3.241989199999999904e+00 1.011699497283713223e+00
3.248186800000000041e+00 1.011641705671161962e+00
3.254388500000000128e+00 1.011583423667741677e+00
3.260590200000000216e+00 1.011524348777602000e+00
3.266787799999999908e+00 1.011464234667695195e+00
3.272989499999999996e+00 1.011402779457666545e+00
3.279191200000000084e+00 1.011339871299390847e+00
3.285388800000000220e+00 1.011275477558538416e+00
3.291590499999999864e+00 1.011209513930885429e+00
3.297792199999999951e+00 1.011142098212288065e+00
3.303989800000000088e+00 1.011073422117779730e+00
3.310191500000000175e+00 1.011003603558076058e+00
3.316393199999999819e+00 1.010932950134798780e+00
3.322590799999999955e+00 1.010861814295279881e+00
3.328792500000000043e+00 1.010790437491070115e+00
3.334990100000000179e+00 1.010719266863638888e+00
3.341191799999999823e+00 1.010648565616220518e+00
3.347393499999999911e+00 1.010578729736937964e+00
3.353591100000000047e+00 1.010510131733060479e+00
3.359792800000000135e+00 1.010442975530132292e+00
3.365994499999999778e+00 1.010377558801305531e+00
3.372192099999999915e+00 1.010314123011772480e+00
3.378393800000000002e+00 1.010252725784594796e+00
3.384595500000000090e+00 1.010193487992370853e+00
3.390793099999999782e+00 1.010136458849390406e+00
3.396994799999999870e+00 1.010081508774633319e+00
3.403196499999999958e+00 1.010028557754046652e+00
3.409394100000000094e+00 1.009977460665343330e+00
3.415595800000000182e+00 1.009927918414661896e+00
3.421793399999999874e+00 1.009879720738647402e+00
3.427995099999999962e+00 1.009832493762767403e+00
3.434196800000000049e+00 1.009785937179033422e+00
3.440394400000000186e+00 1.009739739281031667e+00
3.446596099999999829e+00 1.009693500308356251e+00
3.452797799999999917e+00 1.009646928353345574e+00
3.458995400000000053e+00 1.009599760780043765e+00
3.465197100000000141e+00 1.009551680545251129e+00
3.471398799999999785e+00 1.009502512379437000e+00
3.477596399999999921e+00 1.009452139519127378e+00
3.483798100000000009e+00 1.009400405383082733e+00
3.489999800000000096e+00 1.009347315807844980e+00
3.496197399999999789e+00 1.009292942951440564e+00
3.502399099999999876e+00 1.009237310902023399e+00
3.508600799999999964e+00 1.009180606882564613e+00
3.514798400000000100e+00 1.009123069841814768e+00
3.521000100000000188e+00 1.009064864864848587e+00
3.527197699999999880e+00 1.009006341076398749e+00
3.533399399999999968e+00 1.008947714320453715e+00
3.539601100000000056e+00 1.008889326768219963e+00
3.545798700000000192e+00 1.008831519206070393e+00
3.552000399999999836e+00 1.008774506437671858e+00
3.558202099999999923e+00 1.008718597029143460e+00
3.564399700000000060e+00 1.008664066204030041e+00
3.570601400000000147e+00 1.008611042879767217e+00
3.576803099999999791e+00 1.008559719661827669e+00
3.583000699999999927e+00 1.008510234491131863e+00
3.589202400000000015e+00 1.008462574032698678e+00
3.595404100000000103e+00 1.008416768548959785e+00
3.601601699999999795e+00 1.008372788515936813e+00
3.607803399999999883e+00 1.008330465031465062e+00
3.614001000000000019e+00 1.008289694889436650e+00
3.620202700000000107e+00 1.008250222123008966e+00
3.626404400000000194e+00 1.008211836785556370e+00
3.632601999999999887e+00 1.008174299627436099e+00
3.638803699999999974e+00 1.008137280621026477e+00
3.645005400000000062e+00 1.008100518116409772e+00
3.651203000000000198e+00 1.008063754212607632e+00
3.657404699999999842e+00 1.008026672960032011e+00
3.663606399999999930e+00 1.007989055756003838e+00
3.669804000000000066e+00 1.007950718607716345e+00
3.676005700000000154e+00 1.007911441719189005e+00
3.682207399999999797e+00 1.007871127037248904e+00
3.688404999999999934e+00 1.007829728859168217e+00
3.694606700000000021e+00 1.007787170277439026e+00
3.700804300000000158e+00 1.007743536340625079e+00
3.707005999999999801e+00 1.007698846774680357e+00
3.713207699999999889e+00 1.007653252217217243e+00
3.719405300000000025e+00 1.007606944682494454e+00
3.725607000000000113e+00 1.007560056125085701e+00
3.731808700000000201e+00 1.007512834589592066e+00
3.738006299999999893e+00 1.007465544783543221e+00
3.744207999999999981e+00 1.007418364409943035e+00
3.750409700000000068e+00 1.007371563243062429e+00
3.756607300000000205e+00 1.007325399552148726e+00
3.762808999999999848e+00 1.007280021524843638e+00
3.769010699999999936e+00 1.007235643395325564e+00
3.775208300000000072e+00 1.007192444542499121e+00
3.781410000000000160e+00 1.007150481528536590e+00
3.787611699999999804e+00 1.007109855820265576e+00
3.793809299999999940e+00 1.007070621697690793e+00
3.800011000000000028e+00 1.007032711447525708e+00
3.806208600000000164e+00 1.006996115582408313e+00
3.812410299999999808e+00 1.006960684439036857e+00
3.818611999999999895e+00 1.006926303564887881e+00
3.824809600000000032e+00 1.006892823233966894e+00
3.831011300000000119e+00 1.006860001593177012e+00
3.837213000000000207e+00 1.006827644881353345e+00
3.843410599999999899e+00 1.006795547868016172e+00
3.849612299999999987e+00 1.006763440203030990e+00
3.855814000000000075e+00 1.006731122337746642e+00
3.862011600000000211e+00 1.006698410881370576e+00
3.868213299999999855e+00 1.006665080865218442e+00
3.874414999999999942e+00 1.006631002232186267e+00
3.880612600000000079e+00 1.006596082690200511e+00
3.886814300000000166e+00 1.006560200322579313e+00
3.893011899999999859e+00 1.006523369303686133e+00
3.899213599999999946e+00 1.006485550831535125e+00
3.905415300000000034e+00 1.006446821268559777e+00
3.911612900000000170e+00 1.006407299255743348e+00
3.917814599999999814e+00 1.006367060672824110e+00
3.924016299999999902e+00 1.006326290446357241e+00
3.930213900000000038e+00 1.006285199451745660e+00
3.936415600000000126e+00 1.006243934405852025e+00
3.942617300000000213e+00 1.006202733665738425e+00
3.948814899999999906e+00 1.006161837752551413e+00
3.955016599999999993e+00 1.006121400677093547e+00
3.961218300000000081e+00 1.006081645040443062e+00
3.967415900000000217e+00 1.006042771931802804e+00
3.973617599999999861e+00 1.006004879571090527e+00
3.979815199999999997e+00 1.005968136343955877e+00
3.986016900000000085e+00 1.005932576494329656e+00
3.992218600000000173e+00 1.005898269001071377e+00
3.998416199999999865e+00 1.005865239212023532e+00
4.004617900000000397e+00 1.005833406628384274e+00
4.010819599999999596e+00 1.005802717059612217e+00
4.017017199999999733e+00 1.005773076230200846e+00
4.023218899999999820e+00 1.005744298241323387e+00
4.029420599999999908e+00 1.005716228281782865e+00
4.035618200000000044e+00 1.005688688031644462e+00
4.041819900000000132e+00 1.005661430306105997e+00
4.048021600000000220e+00 1.005634256001802118e+00
4.054219200000000356e+00 1.005606967340478164e+00
4.060420900000000444e+00 1.005579322090500272e+00
4.066618499999999692e+00 1.005551168288421726e+00
4.072820199999999780e+00 1.005522304522258770e+00
4.079017799999999916e+00 1.005492635520185862e+00
4.085211400000000381e+00 1.005462064541480682e+00
4.091404899999999678e+00 1.005430514170462697e+00
4.097639199999999704e+00 1.005397747698243194e+00
4.103832699999999889e+00 1.005364216514397890e+00
4.110026300000000354e+00 1.005329770865737160e+00
4.116219799999999651e+00 1.005294510445088108e+00
4.122413400000000117e+00 1.005258565164057316e+00
4.128606900000000302e+00 1.005222094416722056e+00
4.134841200000000327e+00 1.005185033603819278e+00
4.141034699999999624e+00 1.005148062333111936e+00
4.147228300000000090e+00 1.005111138844374086e+00
4.153421800000000275e+00 1.005074464401387591e+00
4.159615399999999852e+00 1.005038230330548288e+00
4.165808900000000037e+00 1.005002615910984165e+00
4.172043200000000063e+00 1.004967551382528912e+00
4.178236700000000248e+00 1.004933627594062129e+00
4.184430299999999825e+00 1.004900712114241701e+00
4.190623800000000010e+00 1.004868871980284961e+00
4.196817399999999587e+00 1.004838135483432593e+00
4.203010899999999772e+00 1.004808495213358688e+00
4.209245199999999798e+00 1.004779719786902392e+00
4.215438699999999983e+00 1.004752103596971091e+00
4.221632299999999560e+00 1.004725339756385116e+00
4.227825799999999745e+00 1.004699285757697291e+00
4.234019400000000211e+00 1.004673774137272879e+00
4.240212900000000396e+00 1.004648622176696149e+00
4.246447200000000421e+00 1.004623471562523296e+00
4.252640699999999718e+00 1.004598454631423721e+00
4.258834300000000184e+00 1.004573215585976120e+00
4.265027800000000369e+00 1.004547577559436800e+00
4.271221399999999946e+00 1.004521381787201184e+00
4.277414900000000131e+00 1.004494497094301719e+00
4.283649200000000157e+00 1.004466636955403391e+00
4.289842700000000342e+00 1.004438099604725743e+00
4.296036299999999919e+00 1.004408676210688300e+00
4.302229800000000104e+00 1.004378377097999264e+00
4.308423399999999681e+00 1.004347248100975420e+00
4.314616899999999866e+00 1.004315372358999925e+00
4.320810400000000051e+00 1.004282863379863722e+00
4.327044700000000077e+00 1.004249643750180221e+00
4.333238299999999654e+00 1.004216311651014992e+00
4.339431799999999839e+00 1.004182830677087468e+00
4.345625400000000305e+00 1.004149386884597872e+00
4.351818899999999601e+00 1.004116170217127069e+00
4.358012399999999786e+00 1.004083363832197318e+00
4.364246699999999812e+00 1.004050929639862755e+00
4.370440300000000278e+00 1.004019446388857872e+00
4.376633799999999574e+00 1.003988831045992569e+00
4.382827400000000040e+00 1.003959184748160594e+00
4.389020900000000225e+00 1.003930578653485339e+00
4.395214400000000410e+00 1.003903047900292611e+00
4.401448700000000436e+00 1.003876421287188458e+00
4.407642300000000013e+00 1.003851009905159186e+00
4.413835800000000198e+00 1.003826564662603671e+00
4.420029399999999775e+00 1.003802979795484163e+00
4.426222899999999960e+00 1.003780121866827191e+00
4.432416400000000145e+00 1.003757831827657432e+00
4.438650700000000171e+00 1.003735788930283146e+00
4.444844299999999748e+00 1.003714090779012968e+00
4.451037799999999933e+00 1.003692398213543724e+00
4.457231400000000399e+00 1.003670518435996861e+00
4.463424899999999695e+00 1.003648269844322760e+00
4.469618399999999880e+00 1.003625486569396319e+00
4.475852699999999906e+00 1.003601869168642358e+00
4.482046300000000372e+00 1.003577612019332044e+00
4.488239799999999669e+00 1.003552482921351130e+00
4.494433299999999853e+00 1.003526436439628577e+00
4.500626900000000319e+00 1.003499464292298526e+00
4.506820399999999616e+00 1.003471596712547154e+00
4.513054699999999642e+00 1.003442706774108295e+00
4.519248300000000107e+00 1.003413270823922510e+00
4.525441800000000292e+00 1.003383230567197248e+00
4.531635299999999589e+00 1.003352736637597165e+00
4.537828900000000054e+00 1.003321957805985321e+00
4.544022400000000239e+00 1.003291076218892020e+00
4.550256700000000265e+00 1.003260075650928229e+00
4.556450299999999842e+00 1.003229547545726241e+00
4.562643800000000027e+00 1.003199466898379022e+00
4.568837300000000212e+00 1.003169996749681880e+00
4.575030899999999789e+00 1.003141280827887893e+00
4.581224399999999974e+00 1.003113440074285601e+00
4.587458700000000000e+00 1.003086392184420417e+00
4.593652299999999578e+00 1.003060551616496543e+00
4.599845799999999763e+00 1.003035766055561107e+00
4.606039299999999947e+00 1.003012028014173440e+00
4.612232900000000413e+00 1.002989296103501182e+00
4.618426399999999710e+00 1.002967497456860535e+00
4.624660699999999736e+00 1.002946392423930799e+00
4.630854300000000201e+00 1.002926126169894738e+00
4.637047800000000386e+00 1.002906406860080590e+00
4.643241299999999683e+00 1.002887066290864437e+00
4.649434900000000148e+00 1.002867926386909359e+00
4.655628400000000333e+00 1.002848806748266597e+00
4.661862700000000359e+00 1.002829401733148718e+00
4.668056299999999936e+00 1.002809796989502455e+00
4.674249800000000121e+00 1.002789716457791913e+00
4.680443300000000306e+00 1.002769031732355431e+00
4.686636899999999883e+00 1.002747641440086213e+00
4.692830400000000068e+00 1.002725475972939817e+00
4.699064700000000094e+00 1.002702343734281687e+00
4.705258299999999672e+00 1.002678544245225067e+00
4.711451799999999857e+00 1.002653960782742271e+00
4.717645300000000042e+00 1.002628656515046845e+00
4.723838899999999619e+00 1.002602724131709033e+00
4.730032399999999804e+00 1.002576283318248551e+00
4.736266699999999830e+00 1.002549296047261063e+00
4.742460300000000295e+00 1.002522271573448753e+00
4.748653799999999592e+00 1.002495200710180834e+00
4.754847299999999777e+00 1.002468252380458669e+00
4.761040900000000242e+00 1.002441593360174021e+00
4.767234400000000427e+00 1.002415383741206423e+00
4.773428000000000004e+00 1.002389768478098908e+00
4.779662300000000030e+00 1.002364714473560792e+00
4.785855800000000215e+00 1.002340654458466984e+00
4.792049300000000400e+00 1.002317500269069850e+00
4.798242899999999977e+00 1.002295300912766196e+00
4.804436400000000162e+00 1.002274075752610738e+00
4.810629999999999740e+00 1.002253811274543160e+00
4.816864299999999766e+00 1.002234339553650377e+00
4.823057799999999951e+00 1.002215840753010179e+00
4.829251300000000136e+00 1.002198083010650054e+00
4.835444899999999713e+00 1.002180940577921842e+00
4.841638399999999898e+00 1.002164268875764153e+00
4.847832000000000363e+00 1.002147907713839992e+00
4.854066300000000389e+00 1.002131582467441273e+00
4.860259799999999686e+00 1.002115334625407694e+00
4.866453299999999871e+00 1.002098889875285614e+00
4.872646900000000336e+00 1.002082090788543267e+00
4.878840399999999633e+00 1.002064796688042048e+00
4.885034000000000098e+00 1.002046887021307287e+00
4.891268300000000124e+00 1.002028142899109353e+00
4.897461800000000309e+00 1.002008743960746795e+00
4.903655299999999606e+00 1.001988536446664302e+00
4.909848900000000071e+00 1.001967518991117245e+00
4.916042400000000256e+00 1.001945723546774358e+00
4.922235999999999834e+00 1.001923211558186866e+00
4.928470199999999579e+00 1.001899920352509854e+00
4.934663800000000045e+00 1.001876269259101226e+00
4.940857300000000230e+00 1.001852244724300567e+00
4.947050899999999807e+00 1.001827997174896012e+00
4.953244399999999992e+00 1.001803688578898788e+00
4.959437999999999569e+00 1.001779483690848904e+00
4.965672200000000203e+00 1.001755391464927092e+00
4.971865799999999780e+00 1.001731883937609036e+00
4.978059299999999965e+00 1.001708948808600175e+00
4.984252900000000430e+00 1.001686713821464458e+00
4.990446399999999727e+00 1.001665287183465702e+00
4.996640000000000192e+00 1.001644751185538862e+00
5.002874199999999938e+00 1.001625036686284220e+00
5.009067800000000403e+00 1.001606427046432879e+00
5.015261299999999700e+00 1.001588787144312764e+00
5.021454900000000166e+00 1.001572082304945432e+00
5.027648400000000350e+00 1.001556249665644938e+00
5.033841999999999928e+00 1.001541197963160101e+00
5.040076199999999673e+00 1.001526719894233919e+00
5.046269800000000139e+00 1.001512867489314784e+00
5.052463300000000324e+00 1.001499392889989126e+00
5.058656899999999901e+00 1.001486133378020282e+00
5.064850400000000086e+00 1.001472922374545327e+00
5.071043999999999663e+00 1.001459593789295388e+00
5.077278200000000297e+00 1.001445899191224065e+00
5.083471799999999874e+00 1.001431871275556329e+00
5.089665300000000059e+00 1.001417296019709857e+00
5.095858899999999636e+00 1.001402070125964272e+00
5.102052399999999821e+00 1.001386118297770134e+00
5.108246000000000286e+00 1.001369393909492311e+00
5.114480200000000032e+00 1.001351764878422035e+00
5.120673799999999609e+00 1.001333477443473896e+00
5.126867299999999794e+00 1.001314466751016541e+00
5.133060900000000260e+00 1.001294807580450863e+00
5.139254399999999556e+00 1.001274601175347723e+00
5.145448000000000022e+00 1.001253968738645694e+00
5.151682199999999767e+00 1.001232911290842909e+00
5.157875800000000233e+00 1.001211853865020318e+00
5.164069300000000418e+00 1.001190816437069087e+00
5.170262899999999995e+00 1.001169954841875986e+00
5.176456400000000180e+00 1.001149421388717320e+00
5.182649999999999757e+00 1.001129357035839496e+00
5.188884200000000391e+00 1.001109763580470879e+00
5.195077799999999968e+00 1.001091004622667757e+00
5.201271300000000153e+00 1.001073035899794350e+00
5.207464899999999730e+00 1.001055916501609078e+00
5.213658399999999915e+00 1.001039679112021297e+00
5.219851900000000100e+00 1.001024326843195755e+00
5.226045499999999677e+00 1.001009833857501752e+00
5.232279799999999703e+00 1.000996059041664443e+00
5.238473299999999888e+00 1.000983101368145389e+00
5.244666900000000354e+00 1.000970763214577230e+00
5.250860399999999650e+00 1.000958919860871932e+00
5.257053899999999835e+00 1.000947429949158307e+00
5.263247500000000301e+00 1.000936141167890758e+00
5.269481800000000327e+00 1.000924822057570163e+00
5.275675299999999623e+00 1.000913462647737839e+00
5.281868900000000089e+00 1.000901838030115565e+00
5.288062400000000274e+00 1.000889810017526305e+00
5.294255899999999571e+00 1.000877257243493634e+00
5.300449500000000036e+00 1.000864080277005685e+00
5.306683800000000062e+00 1.000850112182515073e+00
5.312877300000000247e+00 1.000835490248668247e+00
5.319070899999999824e+00 1.000820110075482550e+00
5.325264400000000009e+00 1.000803987288992225e+00
5.331457900000000194e+00 1.000787166154956109e+00
5.337651499999999771e+00 1.000769718312526368e+00
5.343885799999999797e+00 1.000751620771477501e+00
5.350079299999999982e+00 1.000733227860004515e+00
5.356272899999999559e+00 1.000714555747778123e+00
5.362466399999999744e+00 1.000695749506250509e+00
5.368659899999999929e+00 1.000676959255357268e+00
5.374853500000000395e+00 1.000658335756804185e+00
5.381087800000000421e+00 1.000639906829818182e+00
5.387281299999999717e+00 1.000622051030468418e+00
5.393474900000000183e+00 1.000604768985004833e+00
5.399668400000000368e+00 1.000588165720945222e+00
5.405861899999999665e+00 1.000572323725198221e+00
5.412055500000000130e+00 1.000557301062160453e+00
5.418289800000000156e+00 1.000543039536538892e+00
5.424483300000000341e+00 1.000529729673311552e+00
5.430676899999999918e+00 1.000517251181428424e+00
5.436870400000000103e+00 1.000505553239392720e+00
5.443063900000000288e+00 1.000494558713027393e+00
5.449257499999999865e+00 1.000484167318050455e+00
5.455491799999999891e+00 1.000474195495473229e+00
5.461685300000000076e+00 1.000464637228752229e+00
5.467878899999999653e+00 1.000455279205215930e+00
5.474072399999999838e+00 1.000445969794653278e+00
5.480265900000000023e+00 1.000436557028866469e+00
5.486459499999999601e+00 1.000426894691210267e+00
5.492693799999999626e+00 1.000416780519094440e+00
5.498887299999999811e+00 1.000406227555428851e+00
5.505080900000000277e+00 1.000395073008953251e+00
5.511274399999999574e+00 1.000383243612512407e+00
5.517467899999999759e+00 1.000370692312962495e+00
5.523661500000000224e+00 1.000357400225748927e+00
5.529895800000000250e+00 1.000343282938217726e+00
5.536089300000000435e+00 1.000328562970147273e+00
5.542282900000000012e+00 1.000313213806413470e+00
5.548476400000000197e+00 1.000297322821860790e+00
5.554669900000000382e+00 1.000280996202900230e+00
5.560863499999999959e+00 1.000264355459098420e+00
5.567097799999999985e+00 1.000247422515265772e+00
5.573291300000000170e+00 1.000230557840478873e+00
5.579484899999999747e+00 1.000213790015285209e+00
5.585678399999999932e+00 1.000197254835145877e+00
5.591871900000000117e+00 1.000181078734168727e+00
5.598065499999999695e+00 1.000165375428851755e+00
5.604299799999999721e+00 1.000150145339548935e+00
5.610493299999999905e+00 1.000135665865161005e+00
5.616686900000000371e+00 1.000121890904929867e+00
5.622880399999999668e+00 1.000108852869832976e+00
5.629073899999999853e+00 1.000096558714379524e+00
5.635267500000000318e+00 1.000084990477474900e+00
5.641501800000000344e+00 1.000074036871444916e+00
5.647695299999999641e+00 1.000063775706331981e+00
5.653888799999999826e+00 1.000054047476151897e+00
5.660082400000000291e+00 1.000044748903170078e+00
5.666275899999999588e+00 1.000035763365348718e+00
5.672469500000000053e+00 1.000026964122004092e+00
5.678703800000000079e+00 1.000018162439372693e+00
5.684897300000000264e+00 1.000009341395506679e+00
5.691090799999999561e+00 1.000000317078904466e+00
5.697284400000000026e+00 9.999909727783137248e-01
5.703477900000000211e+00 9.999812063079024371e-01
