3.577503900000000153e-02 1.020330551194752076e+02 1.010114127806730622e+01 1.010114127806730622e+01
4.190623799999999843e-02 9.267198228864977239e+01 9.626628812240022981e+00 9.626628812240022981e+00
4.803784500000000263e-02 8.732452308873450875e+01 9.344759124168717790e+00 9.344759124168717790e+00
5.416904399999999953e-02 8.619944287012377515e+01 9.284365507137456675e+00 9.284365507137456675e+00
6.030024300000000337e-02 9.103771792440507227e+01 9.541368765769671967e+00 9.541368765769671967e+00
6.643184900000000115e-02 9.299186948265570152e+01 9.643229204092149232e+00 9.643229204092149232e+00
7.256304800000000499e-02 9.100283559600649141e+01 9.539540638626499813e+00 9.539540638626499813e+00
7.869424699999999495e-02 9.213588182309283070e+01 9.598743762758376263e+00 9.598743762758376263e+00
8.482544599999999879e-02 9.525302388429315670e+01 9.759765565027326062e+00 9.759765565027326062e+00
9.095705299999999605e-02 9.472356324850825615e+01 9.732603107520015229e+00 9.732603107520015229e+00
9.708825199999999989e-02 9.122639943775016036e+01 9.551251197500260304e+00 9.551251197500260304e+00
1.032198599999999966e-01 8.970413279254995587e+01 9.471226572759727347e+00 9.471226572759727347e+00
1.093510599999999999e-01 9.032897186394615119e+01 9.504155505038106355e+00 9.504155505038106355e+00
1.154822600000000032e-01 9.046605228358662032e+01 9.511364375502949997e+00 9.511364375502949997e+00
1.216134600000000066e-01 8.920825464280159167e+01 9.445012156837151451e+00 9.445012156837151451e+00
1.277450599999999936e-01 8.670710010317175431e+01 9.311664733181267195e+00 9.311664733181267195e+00
1.338762599999999969e-01 8.332789800542539638e+01 9.128411581727972290e+00 9.128411581727972290e+00
1.400074600000000002e-01 7.963937921838402190e+01 8.924089825768453110e+00 8.924089825768453110e+00
1.461390700000000098e-01 7.630575322609431055e+01 8.735316435372808996e+00 8.735316435372808996e+00
1.522702700000000131e-01 7.395691483469353500e+01 8.599820628053445049e+00 8.599820628053445049e+00
1.584014599999999939e-01 7.271786799028430437e+01 8.527477234814778484e+00 8.527477234814778484e+00
1.645330700000000035e-01 7.236758896942096442e+01 8.506914186085396068e+00 8.506914186085396068e+00
1.706642700000000068e-01 7.258182872647716977e+01 8.519496976141089917e+00 8.519496976141089917e+00
1.767954700000000101e-01 7.302628119275182428e+01 8.545541597391697053e+00 8.545541597391697053e+00
1.829270799999999919e-01 7.341944697886324889e+01 8.568514864249419105e+00 8.568514864249419105e+00
1.890582799999999952e-01 7.357075831932188237e+01 8.577339816010665530e+00 8.577339816010665530e+00
1.951894700000000038e-01 7.333994258240829822e+01 8.563874274089286587e+00 8.563874274089286587e+00
2.013210800000000134e-01 7.263679624970579596e+01 8.522722349678288012e+00 8.522722349678288012e+00
2.074522799999999889e-01 7.154292743837285684e+01 8.458305234405582240e+00 8.458305234405582240e+00
2.135834799999999922e-01 7.021257264057655334e+01 8.379294280580946719e+00 8.379294280580946719e+00
2.197146799999999955e-01 6.879533992450173230e+01 8.294295625579168885e+00 8.294295625579168885e+00
2.258462800000000104e-01 6.740486928403073819e+01 8.210046850294505205e+00 8.210046850294505205e+00
2.319774800000000137e-01 6.608434870671659667e+01 8.129228051095417129e+00 8.129228051095417129e+00
2.381086799999999892e-01 6.483695002024219889e+01 8.052139468504144304e+00 8.052139468504144304e+00
2.442402899999999988e-01 6.363934105134170949e+01 7.977426969351816943e+00 7.977426969351816943e+00
2.503714899999999743e-01 6.246814533097367672e+01 7.903679227484733616e+00 7.903679227484733616e+00
2.565026899999999777e-01 6.130628740819824429e+01 7.829833166051384019e+00 7.829833166051384019e+00
2.626342899999999925e-01 6.013398941721220581e+01 7.754610848857097949e+00 7.754610848857097949e+00
2.687654899999999958e-01 5.892933020885354978e+01 7.676544157943308910e+00 7.676544157943308910e+00
2.748966899999999991e-01 5.768061914338114349e+01 7.594775779664673543e+00 7.594775779664673543e+00
2.810283000000000087e-01 5.638341850421421242e+01 7.508889298971866744e+00 7.508889298971866744e+00
2.871595000000000120e-01 5.504570694327115632e+01 7.419279408626632488e+00 7.419279408626632488e+00
2.932907000000000153e-01 5.367802465126024458e+01 7.326528826890688073e+00 7.326528826890688073e+00
2.994222999999999746e-01 5.229125708899537273e+01 7.231269396793026161e+00 7.231269396793026161e+00
3.055534999999999779e-01 5.089816179283396025e+01 7.134294764924838717e+00 7.134294764924838717e+00
3.116846999999999812e-01 4.951315218504137761e+01 7.036558262747589332e+00 7.036558262747589332e+00
3.178163099999999908e-01 4.814076953201339393e+01 6.938354958634891823e+00 6.938354958634891823e+00
3.239475099999999941e-01 4.677723962492328269e+01 6.839388834166637565e+00 6.839388834166637565e+00
3.300787099999999974e-01 4.541810085724219448e+01 6.739295278977038173e+00 6.739295278977038173e+00
3.362103100000000122e-01 4.405951422311409971e+01 6.637734118139570150e+00 6.637734118139570150e+00
3.423415100000000155e-01 4.269831947252212956e+01 6.534395111448505489e+00 6.534395111448505489e+00
3.484727100000000188e-01 4.133124240147313344e+01 6.428937890621835294e+00 6.428937890621835294e+00
3.546039100000000222e-01 3.995992788922738015e+01 6.321386547999368943e+00 6.321386547999368943e+00
3.607355199999999762e-01 3.859335176538113643e+01 6.212354768152019702e+00 6.212354768152019702e+00
3.668667099999999848e-01 3.724006589869818384e+01 6.102463920311056000e+00 6.102463920311056000e+00
3.729979099999999881e-01 3.590777035749583490e+01 5.992309267510801618e+00 5.992309267510801618e+00
3.791295199999999976e-01 3.460323742177703821e+01 5.882451650611081995e+00 5.882451650611081995e+00
3.852607200000000010e-01 3.333292396059142249e+01 5.773467239067995749e+00 5.773467239067995749e+00
3.913919200000000043e-01 3.210290421031649544e+01 5.665942482086849807e+00 5.665942482086849807e+00
3.975235200000000191e-01 3.091564436894146084e+01 5.560183843088415401e+00 5.560183843088415401e+00
4.036547200000000224e-01 2.976928748336312225e+01 5.456123851541780923e+00 5.456123851541780923e+00
4.097842899999999955e-01 2.866188234747145458e+01 5.353679328038937868e+00 5.353679328038937868e+00
4.159167100000000228e-01 2.759097234203991178e+01 5.252710951693412511e+00 5.252710951693412511e+00
4.220491399999999893e-01 2.655393215223818970e+01 5.153050761659367929e+00 5.153050761659367929e+00
4.281815600000000166e-01 2.554762835775687080e+01 5.054466179306858820e+00 5.054466179306858820e+00
4.343099000000000265e-01 2.456929169652421052e+01 4.956742044581724294e+00 4.956742044581724294e+00
4.404423299999999930e-01 2.361608998713066043e+01 4.859638874148022758e+00 4.859638874148022758e+00
4.465747500000000203e-01 2.268748277076552355e+01 4.763137912213494474e+00 4.763137912213494474e+00
4.527071699999999921e-01 2.178407980920541931e+01 4.667341835478243439e+00 4.667341835478243439e+00
4.588355199999999967e-01 2.090647743929495306e+01 4.572360160715136956e+00 4.572360160715136956e+00
4.649679400000000240e-01 2.005516661975668669e+01 4.478299523229401835e+00 4.478299523229401835e+00
4.711003599999999958e-01 1.923066221251721686e+01 4.385277894560071665e+00 4.385277894560071665e+00
4.772287100000000004e-01 1.843346246065068783e+01 4.293420834329041647e+00 4.293420834329041647e+00
4.833611300000000277e-01 1.766399300024865227e+01 4.202855338962864451e+00 4.202855338962864451e+00
4.894935499999999995e-01 1.692285497952117979e+01 4.113739780239043853e+00 4.113739780239043853e+00
4.956259700000000268e-01 1.621026625952854516e+01 4.026197493855529608e+00 4.026197493855529608e+00
5.017543199999999759e-01 1.552606440938808241e+01 3.940312729896966459e+00 3.940312729896966459e+00
5.078867400000000032e-01 1.486997190912515343e+01 3.856160254595904835e+00 3.856160254595904835e+00
5.140191600000000305e-01 1.424163985668962340e+01 3.773809727144390891e+00 3.773809727144390891e+00
5.201515799999999468e-01 1.364048318480386257e+01 3.693302476754897867e+00 3.693302476754897867e+00
5.262799299999999514e-01 1.306606745834911543e+01 3.614701572515926831e+00 3.614701572515926831e+00
5.324123499999999787e-01 1.251779592433594424e+01 3.538049734576373062e+00 3.538049734576373062e+00
5.385447700000000060e-01 1.199497738734624797e+01 3.463376587572631671e+00 3.463376587572631671e+00
5.446771900000000333e-01 1.149712957662508650e+01 3.390741744312752548e+00 3.390741744312752548e+00
5.508055400000000379e-01 1.102330294856875170e+01 3.320135983445369643e+00 3.320135983445369643e+00
5.569379599999999542e-01 1.057243817904741512e+01 3.251528591147156977e+00 3.251528591147156977e+00
5.630703799999999815e-01 1.014308775584859568e+01 3.184821463732087299e+00 3.184821463732087299e+00
5.691987299999999861e-01 9.733942597321432189e+00 3.119926697427590767e+00 3.119926697427590767e+00
5.753311500000000134e-01 9.343671537198353860e+00 3.056741980802166747e+00 3.056741980802166747e+00
5.814635700000000407e-01 8.971041067768474875e+00 2.995169622537006582e+00 2.995169622537006582e+00
5.875959899999999569e-01 8.614814897487374168e+00 2.935100491889055085e+00 2.935100491889055085e+00
5.937243399999999616e-01 8.273822515202054362e+00 2.876425301516111865e+00 2.876425301516111865e+00
5.998567599999999889e-01 7.946867882821630147e+00 2.819018957513700574e+00 2.819018957513700574e+00
6.059891800000000162e-01 7.632851579301949130e+00 2.762761585678711551e+00 2.762761585678711551e+00
6.121216000000000435e-01 7.330657438403435755e+00 2.707518686621282811e+00 2.707518686621282811e+00
6.182499500000000481e-01 7.039273003986514787e+00 2.653162830281344586e+00 2.653162830281344586e+00
6.243823699999999643e-01 6.758008798599012046e+00 2.599617048451369872e+00 2.599617048451369872e+00
6.305147899999999916e-01 6.486623429633074700e+00 2.546885044448035984e+00 2.546885044448035984e+00
6.366472100000000189e-01 6.224987445813484399e+00 2.494992474099568369e+00 2.494992474099568369e+00
6.427755600000000236e-01 5.973048365513424329e+00 2.443982071438623560e+00 2.443982071438623560e+00
6.489079800000000509e-01 5.730704991849779439e+00 2.393889093473166696e+00 2.393889093473166696e+00
6.550403999999999671e-01 5.497914501304773438e+00 2.344763207939081884e+00 2.344763207939081884e+00
6.611687499999999718e-01 5.274619487737949974e+00 2.296653976492311955e+00 2.296653976492311955e+00
6.673011699999999990e-01 5.060770246270315020e+00 2.249615577442135805e+00 2.249615577442135805e+00
6.734335900000000263e-01 4.856307595265238142e+00 2.203703154979190337e+00 2.203703154979190337e+00
6.795660199999999929e-01 4.661191856421801560e+00 2.158979355256043675e+00 2.158979355256043675e+00
6.856943599999999472e-01 4.475386253151031113e+00 2.115510872851054547e+00 2.115510872851054547e+00
6.918267799999999745e-01 4.298870139889170439e+00 2.073371683970139046e+00 2.073371683970139046e+00
6.979592100000000521e-01 4.131548489211319009e+00 2.032621088449915625e+00 2.032621088449915625e+00
7.040916299999999683e-01 3.973055625010350145e+00 1.993252524144984106e+00 1.993252524144984106e+00
7.102199700000000337e-01 3.822997928308941251e+00 1.955248814936078938e+00 1.955248814936078938e+00
7.163523899999999500e-01 3.680980567721749974e+00 1.918588170432036666e+00 1.918588170432036666e+00
7.224848200000000276e-01 3.546612770459560693e+00 1.883245276234500665e+00 1.883245276234500665e+00
7.286131599999999819e-01 3.419445034407871731e+00 1.849174149291480829e+00 1.849174149291480829e+00
7.347455800000000092e-01 3.299028499046043450e+00 1.816322795938553281e+00 1.816322795938553281e+00
7.408780099999999758e-01 3.184908074386431309e+00 1.784631075148707335e+00 1.784631075148707335e+00
7.470104300000000030e-01 3.076640440298768375e+00 1.754035472930570050e+00 1.754035472930570050e+00
7.531387699999999574e-01 2.973785155708433603e+00 1.724466629340339896e+00 1.724466629340339896e+00
7.592712000000000350e-01 2.875963473446672136e+00 1.695866584801608790e+00 1.695866584801608790e+00
7.654036199999999512e-01 2.782780606837615966e+00 1.668166840228403558e+00 1.668166840228403558e+00
7.715360399999999785e-01 2.693844249803400981e+00 1.641293468519082754e+00 1.641293468519082754e+00
7.776643899999999832e-01 2.608775082526142430e+00 1.615170295209190199e+00 1.615170295209190199e+00
7.837968100000000105e-01 2.527285650592764110e+00 1.589743894654973788e+00 1.589743894654973788e+00
7.899292300000000377e-01 2.449191435135055439e+00 1.564989276364236126e+00 1.564989276364236126e+00
7.960616499999999540e-01 2.374319683774750001e+00 1.540882761203703710e+00 1.540882761203703710e+00
8.021899999999999586e-01 2.302510304631235183e+00 1.517402486036989240e+00 1.517402486036989240e+00
8.083224199999999859e-01 2.233583903962849337e+00 1.494517950364882442e+00 1.494517950364882442e+00
8.144548400000000132e-01 2.167393142560368968e+00 1.472206895297114571e+00 1.472206895297114571e+00
8.205831900000000179e-01 2.103751960117910436e+00 1.450431646137766206e+00 1.450431646137766206e+00
8.267156100000000452e-01 2.042503925738970771e+00 1.429161966237196824e+00 1.429161966237196824e+00
8.328480299999999614e-01 1.983493666988635828e+00 1.408365601322552729e+00 1.408365601322552729e+00
8.389804499999999887e-01 1.926595273931779317e+00 1.388018470313626462e+00 1.388018470313626462e+00
8.451087999999999933e-01 1.871712684658375592e+00 1.368105509329735625e+00 1.368105509329735625e+00
8.512412200000000206e-01 1.818778376357326865e+00 1.348620916476282128e+00 1.348620916476282128e+00
8.573736400000000479e-01 1.767685087635294083e+00 1.329543187578084762e+00 1.329543187578084762e+00
8.635060599999999642e-01 1.718334412317473081e+00 1.310852551707274660e+00 1.310852551707274660e+00
8.696344099999999688e-01 1.670656994664351025e+00 1.292538972203295389e+00 1.292538972203295389e+00
8.757668299999999961e-01 1.624552602094847087e+00 1.274579382421843210e+00 1.274579382421843210e+00
8.818992500000000234e-01 1.579970197107248175e+00 1.256968653987539986e+00 1.256968653987539986e+00
8.880316700000000507e-01 1.536857788642029821e+00 1.239700685101863487e+00 1.239700685101863487e+00
8.941600200000000553e-01 1.495182857968935020e+00 1.222776699961581226e+00 1.222776699961581226e+00
9.002924399999999716e-01 1.454872456780467838e+00 1.206180938657408719e+00 1.206180938657408719e+00
9.064248599999999989e-01 1.415893050954009302e+00 1.189913043442254681e+00 1.189913043442254681e+00
9.125532100000000035e-01 1.378191108204010140e+00 1.173963844504595455e+00 1.173963844504595455e+00
9.186856300000000308e-01 1.341713147147429286e+00 1.158323420788610836e+00 1.158323420788610836e+00
9.248180499999999471e-01 1.306405819688489789e+00 1.142981110818761525e+00 1.142981110818761525e+00
9.309504699999999744e-01 1.272235576542155355e+00 1.127934207541448464e+00 1.127934207541448464e+00
9.370788199999999790e-01 1.239139828862020787e+00 1.113166577319864015e+00 1.113166577319864015e+00
9.432112400000000063e-01 1.207066208647045391e+00 1.098665649161311153e+00 1.098665649161311153e+00
9.493436600000000336e-01 1.175992641000429551e+00 1.084431943922913755e+00 1.084431943922913755e+00
9.554760799999999499e-01 1.145887702478682657e+00 1.070461443714196825e+00 1.070461443714196825e+00
9.616044299999999545e-01 1.116710826866327499e+00 1.056745393586519199e+00 1.056745393586519199e+00
9.677368499999999818e-01 1.088451505030237909e+00 1.043288792727228520e+00 1.043288792727228520e+00
9.738692700000000091e-01 1.061060332489675018e+00 1.030077828365252746e+00 1.030077828365252746e+00
9.799976200000000137e-01 1.034517881018697905e+00 1.017112521316446028e+00 1.017112521316446028e+00
9.861300400000000410e-01 1.008795323032579461e+00 1.004388034094681581e+00 1.004388034094681581e+00
9.922624599999999573e-01 9.838781255742443665e-01 9.919063088690606156e-01 9.919063088690606156e-01
9.983948900000000348e-01 9.597418017417136404e-01 9.796641270056353212e-01 9.796641270056353212e-01
1.004523199999999949e+00 9.363671037210795633e-01 9.676606345827444278e-01 9.676606345827444278e-01
1.010655700000000046e+00 9.137356042051367755e-01 9.558951847379171252e-01 9.558951847379171252e-01
1.016788100000000084e+00 8.918249538829640111e-01 9.443648415114594963e-01 9.443648415114594963e-01
1.022920499999999899e+00 8.706165681861753880e-01 9.330683620111526189e-01 9.330683620111526189e-01
1.029048799999999986e+00 8.500896791583192336e-01 9.220030797987169846e-01 9.220030797987169846e-01
1.035181300000000082e+00 8.302241966557069031e-01 9.111663935065356101e-01 9.111663935065356101e-01
1.041313699999999898e+00 8.109978263839490165e-01 9.005541773729934807e-01 9.005541773729934807e-01
1.047446099999999936e+00 7.923899669146758917e-01 8.901628878551811619e-01 8.901628878551811619e-01
1.053574500000000080e+00 7.743787215931942081e-01 8.799879099130818449e-01 8.799879099130818449e-01
1.059706899999999896e+00 7.569409341402663083e-01 8.700235250499070982e-01 8.700235250499070982e-01
1.065839299999999934e+00 7.400562009744738878e-01 8.602651922369484172e-01 8.602651922369484172e-01
1.071967600000000020e+00 7.236999205196643636e-01 8.507055427817925564e-01 8.507055427817925564e-01
1.078100099999999895e+00 7.078493722377551256e-01 8.413378466690745183e-01 8.413378466690745183e-01
1.084232499999999932e+00 6.924826558275599675e-01 8.321554276861744537e-01 8.321554276861744537e-01
1.090364899999999970e+00 6.775758813728101071e-01 8.231499750184106956e-01 8.231499750184106956e-01
1.096493299999999893e+00 6.631060771981246438e-01 8.143132549566687306e-01 8.143132549566687306e-01
1.102625699999999931e+00 6.490513792176237917e-01 8.056372503910328442e-01 8.056372503910328442e-01
1.108758099999999969e+00 6.353939449188071853e-01 7.971160172263552779e-01 7.971160172263552779e-01
1.114890500000000007e+00 6.221160414587668663e-01 7.887433305320349364e-01 7.887433305320349364e-01
1.121018899999999929e+00 6.092060688087894693e-01 7.805165397406960137e-01 7.805165397406960137e-01
1.127151299999999967e+00 5.966546192594514020e-01 7.724342167844789886e-01 7.724342167844789886e-01
1.133283700000000005e+00 5.844484580557040010e-01 7.644922877673155925e-01 7.644922877673155925e-01
1.139416100000000043e+00 5.725805361773534941e-01 7.566905154535462641e-01 7.566905154535462641e-01
1.145544499999999966e+00 5.610370277185628973e-01 7.490240501603155909e-01 7.490240501603155909e-01
1.151676900000000003e+00 5.498112392509253432e-01 7.414925753174642642e-01 7.414925753174642642e-01
1.157809300000000041e+00 5.388916446837110907e-01 7.340923951953943760e-01 7.340923951953943760e-01
1.163937699999999964e+00 5.282678334581656365e-01 7.268203584505360526e-01 7.268203584505360526e-01
1.170070100000000002e+00 5.179314678780131409e-01 7.196745569200102555e-01 7.196745569200102555e-01
1.176202500000000040e+00 5.078722633424268551e-01 7.126515721882796806e-01 7.126515721882796806e-01
1.182334900000000077e+00 4.980809383304717897e-01 7.057484950961439019e-01 7.057484950961439019e-01
1.188463300000000000e+00 4.885472087882121728e-01 6.989615216792782748e-01 6.989615216792782748e-01
1.194595700000000038e+00 4.792626949147240079e-01 6.922880144237107958e-01 6.922880144237107958e-01
1.200728100000000076e+00 4.702179871810025502e-01 6.857244251016603176e-01 6.857244251016603176e-01
1.206860499999999892e+00 4.614045497506343851e-01 6.792676569296041134e-01 6.792676569296041134e-01
1.212988900000000037e+00 4.528157219018275614e-01 6.729158356747354519e-01 6.729158356747354519e-01
1.219121300000000074e+00 4.444407662530182046e-01 6.666639080173893950e-01 6.666639080173893950e-01
1.225253699999999890e+00 4.362717945982583778e-01 6.605087392292841031e-01 6.605087392292841031e-01
1.231382100000000035e+00 4.283008070693530289e-01 6.544469474826458688e-01 6.544469474826458688e-01
1.237514500000000073e+00 4.205187201165849209e-01 6.484741476085109646e-01 6.484741476085109646e-01
1.243646900000000111e+00 4.129163204912937868e-01 6.425856522606879784e-01 6.425856522606879784e-01
1.249779299999999926e+00 4.054873294760391600e-01 6.367788701551262420e-01 6.367788701551262420e-01
1.255907700000000071e+00 3.982253879020375420e-01 6.310510184620872209e-01 6.310510184620872209e-01
1.262040100000000109e+00 3.911251015233166428e-01 6.253999532485724488e-01 6.253999532485724488e-01
1.268172499999999925e+00 3.841800646976716860e-01 6.198226074431875121e-01 6.198226074431875121e-01
1.274305000000000021e+00 3.773858621129519975e-01 6.143173952550521344e-01 6.143173952550521344e-01
1.280433300000000107e+00 3.707360947061392187e-01 6.088810185135837827e-01 6.088810185135837827e-01
1.286565699999999923e+00 3.642274213746867773e-01 6.035125693593189622e-01 6.035125693593189622e-01
1.292698099999999961e+00 3.578565561116399674e-01 5.982111300466081971e-01 5.982111300466081971e-01
1.298830600000000057e+00 3.516192537053561273e-01 5.929749182767818372e-01 5.929749182767818372e-01
1.304958899999999922e+00 3.455123842770446707e-01 5.878030148587575221e-01 5.878030148587575221e-01
1.311091299999999960e+00 3.395328974390843801e-01 5.826945146807925857e-01 5.826945146807925857e-01
1.317223800000000056e+00 3.336768079182921287e-01 5.776476503183338718e-01 5.776476503183338718e-01
1.323352099999999920e+00 3.279422301294776521e-01 5.726624050254021103e-01 5.726624050254021103e-01
1.329484499999999958e+00 3.223253265674078660e-01 5.677370223681100780e-01 5.677370223681100780e-01
1.335616899999999996e+00 3.168223522465087871e-01 5.628697471409427333e-01 5.628697471409427333e-01
1.341749400000000092e+00 3.114315691724462432e-01 5.580605425690354782e-01 5.580605425690354782e-01
1.347877699999999956e+00 3.061492889073921808e-01 5.533075897793127140e-01 5.533075897793127140e-01
1.354010099999999994e+00 3.009728247478321572e-01 5.486099021598427328e-01 5.486099021598427328e-01
1.360142600000000090e+00 2.958985078165115024e-01 5.439655391810326313e-01 5.439655391810326313e-01
1.366274999999999906e+00 2.909246315510237713e-01 5.393742963388445943e-01 5.393742963388445943e-01
1.372403299999999993e+00 2.860474511559419897e-01 5.348340407602548696e-01 5.348340407602548696e-01
1.378535700000000030e+00 2.812642207537334738e-01 5.303434931756337845e-01 5.303434931756337845e-01
1.384668199999999905e+00 2.765721129201810791e-01 5.259012387513277709e-01 5.259012387513277709e-01
1.390800599999999942e+00 2.719682595689748572e-01 5.215057617792682176e-01 5.215057617792682176e-01
1.396928900000000029e+00 2.674527157071013850e-01 5.171583081679161920e-01 5.171583081679161920e-01
1.403061399999999903e+00 2.630205157958792062e-01 5.128552581341827565e-01 5.128552581341827565e-01
1.409193799999999941e+00 2.586716205826055659e-01 5.085977001349942794e-01 5.085977001349942794e-01
1.415322100000000027e+00 2.544039454436876624e-01 5.043847196770414598e-01 5.043847196770414598e-01
1.421454500000000065e+00 2.502143794779461139e-01 5.002143335390801804e-01 5.002143335390801804e-01
1.427586999999999939e+00 2.461027558500939738e-01 4.960874477852609266e-01 4.960874477852609266e-01
1.433719399999999977e+00 2.420659092519505118e-01 4.920019402928716978e-01 4.920019402928716978e-01
1.439847700000000064e+00 2.381026538360355715e-01 4.879576352881831447e-01 4.879576352881831447e-01
1.445980199999999938e+00 2.342127867147716369e-01 4.839553561174539387e-01 4.839553561174539387e-01
1.452112599999999976e+00 2.303951384481030262e-01 4.799949358567265345e-01 4.799949358567265345e-01
1.458245000000000013e+00 2.266475404458152543e-01 4.760751415961720356e-01 4.760751415961720356e-01
1.464373300000000100e+00 2.229688376992174925e-01 4.721957620513101417e-01 4.721957620513101417e-01
1.470505799999999974e+00 2.193569608081133993e-01 4.683555922673641181e-01 4.683555922673641181e-01
1.476638200000000012e+00 2.158118068357198494e-01 4.645554938171755910e-01 4.645554938171755910e-01
1.482766500000000098e+00 2.123313558726049599e-01 4.607942663191513244e-01 4.607942663191513244e-01
1.488898999999999972e+00 2.089136205402589985e-01 4.570706953418245400e-01 4.570706953418245400e-01
1.495031400000000010e+00 2.055586454422203280e-01 4.533857578731607108e-01 4.533857578731607108e-01
1.501163800000000048e+00 2.022645158126299969e-01 4.497382747917170742e-01 4.497382747917170742e-01
1.507292099999999913e+00 1.990283289638534736e-01 4.461259115584449986e-01 4.461259115584449986e-01
1.513424600000000009e+00 1.958522327559417686e-01 4.425519548662527058e-01 4.425519548662527058e-01
1.519557000000000047e+00 1.927333611452541895e-01 4.390140785273909385e-01 4.390140785273909385e-01
1.525689400000000084e+00 1.896728554101694553e-01 4.355144721018687770e-01 4.355144721018687770e-01
1.531817800000000007e+00 1.866698665169158611e-01 4.320530829850839916e-01 4.320530829850839916e-01
1.537950200000000045e+00 1.837225583556155450e-01 4.286286952078868229e-01 4.286286952078868229e-01
1.544082600000000083e+00 1.808320302722217776e-01 4.252434952732631612e-01 4.252434952732631612e-01
1.550214999999999899e+00 1.779974158039501486e-01 4.218973996174308350e-01 4.218973996174308350e-01
1.556343400000000043e+00 1.752167997326289361e-01 4.185890583049549085e-01 4.185890583049549085e-01
1.562475800000000081e+00 1.724912410684464881e-01 4.153206484975752733e-01 4.153206484975752733e-01
1.568608199999999897e+00 1.698177988246077352e-01 4.120895519478839364e-01 4.120895519478839364e-01
1.574736600000000042e+00 1.671954632869232515e-01 4.088954185203390601e-01 4.088954185203390601e-01
1.580869000000000080e+00 1.646242322818155801e-01 4.057391185008115131e-01 4.057391185008115131e-01
1.587001399999999895e+00 1.621030674505613833e-01 4.026202521614646312e-01 4.026202521614646312e-01
1.593133799999999933e+00 1.596299182097983271e-01 3.995371299513955643e-01 3.995371299513955643e-01
1.599262200000000078e+00 1.572037080327019776e-01 3.964892281420794862e-01 3.964892281420794862e-01
1.605394599999999894e+00 1.548233598655174847e-01 3.934759965557206307e-01 3.934759965557206307e-01
1.611526999999999932e+00 1.524877680279375924e-01 3.904968220458875927e-01 3.904968220458875927e-01
1.617659399999999970e+00 1.501958582001529652e-01 3.875511039852073125e-01 3.875511039852073125e-01
1.623787799999999892e+00 1.479455204362632448e-01 3.846368682748226298e-01 3.846368682748226298e-01
1.629920199999999930e+00 1.457376682685802838e-01 3.817560323931768473e-01 3.817560323931768473e-01
1.636052599999999968e+00 1.435692559760717857e-01 3.789053390704223978e-01 3.789053390704223978e-01
1.642180999999999891e+00 1.414392036015391929e-01 3.760840379510132503e-01 3.760840379510132503e-01
1.648313399999999929e+00 1.393484788885798742e-01 3.732940916872109494e-01 3.732940916872109494e-01
1.654445799999999966e+00 1.372930745156611676e-01 3.705308010350302217e-01 3.705308010350302217e-01
1.660578200000000004e+00 1.352739714359116330e-01 3.677961003544105711e-01 3.677961003544105711e-01
1.666706599999999927e+00 1.332891933211930724e-01 3.650879254661718587e-01 3.650879254661718587e-01
1.672838999999999965e+00 1.313378033032457370e-01 3.624055784659581114e-01 3.624055784659581114e-01
1.678971400000000003e+00 1.294178385002213438e-01 3.597469089515868967e-01 3.597469089515868967e-01
1.685103800000000041e+00 1.275303559582523227e-01 3.571139257411454215e-01 3.571139257411454215e-01
1.691232199999999963e+00 1.256734451909977679e-01 3.545045065877128754e-01 3.545045065877128754e-01
1.697364600000000001e+00 1.238451846947206531e-01 3.519164456156044229e-01 3.519164456156044229e-01
1.703497000000000039e+00 1.220456600969839628e-01 3.493503400556294824e-01 3.493503400556294824e-01
1.709629499999999913e+00 1.202739409089420008e-01 3.468053357561587391e-01 3.468053357561587391e-01
1.715757800000000000e+00 1.185291092808795493e-01 3.442805676782811908e-01 3.442805676782811908e-01
1.721890200000000037e+00 1.168112174262187081e-01 3.417765606741028361e-01 3.417765606741028361e-01
1.728022600000000075e+00 1.151183325117794976e-01 3.392909260675556204e-01 3.392909260675556204e-01
1.734150999999999998e+00 1.134514642613995844e-01 3.368255694887185570e-01 3.368255694887185570e-01
1.740283400000000036e+00 1.118086773208935708e-01 3.343780455127004503e-01 3.343780455127004503e-01
1.746415800000000074e+00 1.101899587142432108e-01 3.319487290444764205e-01 3.319487290444764205e-01
1.752548299999999948e+00 1.085953032130317769e-01 3.295380148223142069e-01 3.295380148223142069e-01
1.758676600000000034e+00 1.070236954235177784e-01 3.271447621826120145e-01 3.271447621826120145e-01
1.764809000000000072e+00 1.054761156300726144e-01 3.247708663505281534e-01 3.247708663505281534e-01
1.770941400000000110e+00 1.039515182775748448e-01 3.224151334499899546e-01 3.224151334499899546e-01
1.777073899999999984e+00 1.024488627239201755e-01 3.200763389004569470e-01 3.200763389004569470e-01
1.783202200000000071e+00 1.009681066358506935e-01 3.177547901068537572e-01 3.177547901068537572e-01
1.789334600000000108e+00 9.951018971828780313e-02 3.154523572875748694e-01 3.154523572875748694e-01
1.795467099999999983e+00 9.807326928510592956e-02 3.131665200577896102e-01 3.131665200577896102e-01
1.801599500000000020e+00 9.665849169480639214e-02 3.108994880902932190e-01 3.108994880902932190e-01
1.807727800000000107e+00 9.526442197634774067e-02 3.086493511678709556e-01 3.086493511678709556e-01
1.813860299999999981e+00 9.389182447069700788e-02 3.064177287147351048e-01 3.064177287147351048e-01
1.819992700000000019e+00 9.253928199652015907e-02 3.042026988646224228e-01 3.042026988646224228e-01
1.826121000000000105e+00 9.120757371525634039e-02 3.020059166891541635e-01 3.020059166891541635e-01
1.832253399999999921e+00 8.989670101817223702e-02 2.998277856006214548e-01 2.998277856006214548e-01
1.838385900000000017e+00 8.860567300303671956e-02 2.976670505834274061e-01 2.976670505834274061e-01
1.844518300000000055e+00 8.733490614015229636e-02 2.955247978430106115e-01 2.955247978430106115e-01
1.850646599999999919e+00 8.608442427488743887e-02 2.934014728573928754e-01 2.934014728573928754e-01
1.856779100000000016e+00 8.485346573663103686e-02 2.912961821525147377e-01 2.912961821525147377e-01
1.862911500000000053e+00 8.364286465404051352e-02 2.892107616497707756e-01 2.892107616497707756e-01
1.869043900000000091e+00 8.245206229905396866e-02 2.871446713749951640e-01 2.871446713749951640e-01
1.875172199999999956e+00 8.128110144034822460e-02 2.850984065903354181e-01 2.850984065903354181e-01
1.881304700000000052e+00 8.012922637056749120e-02 2.830710624040675416e-01 2.830710624040675416e-01
1.887437100000000090e+00 7.899746946774584277e-02 2.810648848001931488e-01 2.810648848001931488e-01
1.893569499999999906e+00 7.788506594968666596e-02 2.790789600627153200e-01 2.790789600627153200e-01
1.899697900000000050e+00 7.679164560790475991e-02 2.771130556431882774e-01 2.771130556431882774e-01
1.905830300000000088e+00 7.571782588325674801e-02 2.751687225744538501e-01 2.751687225744538501e-01
1.911962699999999904e+00 7.466282421230009680e-02 2.732449893635747751e-01 2.732449893635747751e-01
1.918090999999999990e+00 7.362704125475463823e-02 2.713430324418790729e-01 2.713430324418790729e-01
1.924223500000000087e+00 7.260968049584362594e-02 2.694618349522685530e-01 2.694618349522685530e-01
1.930355899999999902e+00 7.161172986377731253e-02 2.676036805871274127e-01 2.676036805871274127e-01
1.936488299999999940e+00 7.063197716106854596e-02 2.657667721162081942e-01 2.657667721162081942e-01
1.942616700000000085e+00 6.967079912901659455e-02 2.639522667624140673e-01 2.639522667624140673e-01
1.948749099999999901e+00 6.872797590015471136e-02 2.621602103679250284e-01 2.621602103679250284e-01
1.954881499999999939e+00 6.780308077973559722e-02 2.603902470902771937e-01 2.603902470902771937e-01
1.961013899999999976e+00 6.689628376918976826e-02 2.586431591385895401e-01 2.586431591385895401e-01
1.967142299999999899e+00 6.600655943683578220e-02 2.569174175427500484e-01 2.569174175427500484e-01
1.973274699999999937e+00 6.513408433121854746e-02 2.552138012161931369e-01 2.552138012161931369e-01
1.979407099999999975e+00 6.427843423440200710e-02 2.535319195572857121e-01 2.535319195572857121e-01
1.985535499999999898e+00 6.343939045620852757e-02 2.518717738378171700e-01 2.518717738378171700e-01
1.991667899999999936e+00 6.261634132086248139e-02 2.502325744599661062e-01 2.502325744599661062e-01
1.997800299999999973e+00 6.180888038183129235e-02 2.486139183188087187e-01 2.486139183188087187e-01
2.003932700000000011e+00 6.101720310856904861e-02 2.470166049247884965e-01 2.470166049247884965e-01
2.010061100000000156e+00 6.024071505225975925e-02 2.454398399858094826e-01 2.454398399858094826e-01
2.016193499999999972e+00 5.947882676377035799e-02 2.438828135883509829e-01 2.438828135883509829e-01
2.022325899999999788e+00 5.873115345091575734e-02 2.423451122901300880e-01 2.423451122901300880e-01
2.028458300000000047e+00 5.799811141585351631e-02 2.408279705845098040e-01 2.408279705845098040e-01
2.034586700000000192e+00 5.727892490142642845e-02 2.393301587795119978e-01 2.393301587795119978e-01
2.040719100000000008e+00 5.657341655342049136e-02 2.378516692256341658e-01 2.378516692256341658e-01
2.046851499999999824e+00 5.588121188470353967e-02 2.363920723812529545e-01 2.363920723812529545e-01
2.052983900000000084e+00 5.520213593054673629e-02 2.349513480075114125e-01 2.349513480075114125e-01
2.059112299999999784e+00 5.453580958361394643e-02 2.335290337059054977e-01 2.335290337059054977e-01
2.065244700000000044e+00 5.388165551432975292e-02 2.321242243160540064e-01 2.321242243160540064e-01
2.071377099999999860e+00 5.323989104511599874e-02 2.307377104963902470e-01 2.307377104963902470e-01
2.077505500000000005e+00 5.261012884603488010e-02 2.293689796943668702e-01 2.293689796943668702e-01
2.083637899999999821e+00 5.199177984781756801e-02 2.280170604314895599e-01 2.280170604314895599e-01
2.089770300000000081e+00 5.138445034461805450e-02 2.266813850862440249e-01 2.266813850862440249e-01
2.095902699999999896e+00 5.078814047994015257e-02 2.253622428002085565e-01 2.253622428002085565e-01
2.102031100000000041e+00 5.020224663517609126e-02 2.240585785797457319e-01 2.240585785797457319e-01
2.108163499999999857e+00 4.962676355463564032e-02 2.227706523638956493e-01 2.227706523638956493e-01
2.114295900000000117e+00 4.906148030984180952e-02 2.214982625436186237e-01 2.214982625436186237e-01
2.120428400000000213e+00 4.850538680206871456e-02 2.202393852199663049e-01 2.202393852199663049e-01
2.126556700000000077e+00 4.795906378310005325e-02 2.189955793688540542e-01 2.189955793688540542e-01
2.132689099999999893e+00 4.742130063368037163e-02 2.177643236016413575e-01 2.177643236016413575e-01
2.138821500000000153e+00 4.689267900971887115e-02 2.165471750213308066e-01 2.165471750213308066e-01
2.144949899999999854e+00 4.637238496428701395e-02 2.153424829528233497e-01 2.153424829528233497e-01
2.151082300000000114e+00 4.586060414424617676e-02 2.141508910657300424e-01 2.141508910657300424e-01
2.157214699999999930e+00 4.535612851997510020e-02 2.129697831148238407e-01 2.129697831148238407e-01
2.163347200000000026e+00 4.485974623245506110e-02 2.118011950685242395e-01 2.118011950685242395e-01
2.169475499999999890e+00 4.437104986524068734e-02 2.106443682257863881e-01 2.106443682257863881e-01
2.175607900000000150e+00 4.388924365976348829e-02 2.094975982195583231e-01 2.094975982195583231e-01
2.181740299999999966e+00 4.341432486549696990e-02 2.083610445008782508e-01 2.083610445008782508e-01
2.187872800000000062e+00 4.294650017629503963e-02 2.072353738537295043e-01 2.072353738537295043e-01
2.194001099999999926e+00 4.248477664838262030e-02 2.061183559229566031e-01 2.061183559229566031e-01
2.200133500000000186e+00 4.202976529014302437e-02 2.050116223294255746e-01 2.050116223294255746e-01
2.206265999999999838e+00 4.158087950547985356e-02 2.039139021878593194e-01 2.039139021878593194e-01
2.212398400000000098e+00 4.113813164404343803e-02 2.028253722886844412e-01 2.028253722886844412e-01
2.218526699999999963e+00 4.070173481640702862e-02 2.017467095553407697e-01 2.017467095553407697e-01
2.224659099999999778e+00 4.027050729872151680e-02 2.006751287497320069e-01 2.006751287497320069e-01
2.230791599999999875e+00 3.984565941316011578e-02 1.996137756097011440e-01 1.996137756097011440e-01
2.236919900000000183e+00 3.942640522532587372e-02 1.985608350741048800e-01 1.985608350741048800e-01
2.243052299999999999e+00 3.901275360429798389e-02 1.975164641347601224e-01 1.975164641347601224e-01
2.249184800000000095e+00 3.860431543034475999e-02 1.964798092180078393e-01 1.964798092180078393e-01
2.255317199999999911e+00 3.820109621589346666e-02 1.954510072010207655e-01 1.954510072010207655e-01
2.261445500000000219e+00 3.780349526910136565e-02 1.944312096066404816e-01 1.944312096066404816e-01
2.267577900000000035e+00 3.741031922295746937e-02 1.934174739338653248e-01 1.934174739338653248e-01
2.273710400000000131e+00 3.702216358735952589e-02 1.924114434937785334e-01 1.924114434937785334e-01
2.279842799999999947e+00 3.663922108432507430e-02 1.914137431960544200e-01 1.914137431960544200e-01
2.285971099999999812e+00 3.626108759055653163e-02 1.904234428597396389e-01 1.904234428597396389e-01
2.292103599999999908e+00 3.588715644113630449e-02 1.894390573275118173e-01 1.894390573275118173e-01
2.298236000000000168e+00 3.551801669103193254e-02 1.884622420832139378e-01 1.884622420832139378e-01
2.304368399999999983e+00 3.515325709425296680e-02 1.874920187481402267e-01 1.874920187481402267e-01
2.310496699999999848e+00 3.479286851848560624e-02 1.865284657056011097e-01 1.865284657056011097e-01
2.316629199999999944e+00 3.443644195444923312e-02 1.855705848308110417e-01 1.855705848308110417e-01
2.322761600000000204e+00 3.408456682249156461e-02 1.846200607260531923e-01 1.846200607260531923e-01
2.328889900000000068e+00 3.373663530782400333e-02 1.836753530221842401e-01 1.836753530221842401e-01
2.335022400000000165e+00 3.339264212416750977e-02 1.827365374635502582e-01 1.827365374635502582e-01
2.341154799999999980e+00 3.305298143264223665e-02 1.818047893556224148e-01 1.818047893556224148e-01
2.347287199999999796e+00 3.271685334098004688e-02 1.808780067918154821e-01 1.808780067918154821e-01
2.353415500000000105e+00 3.238485712725952537e-02 1.799579315486247999e-01 1.799579315486247999e-01
2.359548000000000201e+00 3.205639550767504231e-02 1.790429990468073163e-01 1.790429990468073163e-01
2.365680400000000017e+00 3.173167396871276469e-02 1.781338653055975219e-01 1.781338653055975219e-01
2.371812799999999832e+00 3.141109762140723710e-02 1.772317624507730172e-01 1.772317624507730172e-01
2.377941199999999977e+00 3.109367433333117339e-02 1.763339851909755118e-01 1.763339851909755118e-01
2.384073599999999793e+00 3.078001345679314341e-02 1.754423365576084082e-01 1.754423365576084082e-01
2.390206000000000053e+00 3.047012169496065431e-02 1.745569296675461568e-01 1.745569296675461568e-01
2.396338399999999869e+00 3.016361105664051162e-02 1.736767429929537698e-01 1.736767429929537698e-01
2.402466800000000013e+00 2.986048994011314059e-02 1.728018806035198918e-01 1.728018806035198918e-01
2.408599199999999829e+00 2.956096409034639216e-02 1.719330221055466457e-01 1.719330221055466457e-01
2.414731600000000089e+00 2.926464304743753991e-02 1.710691177490476778e-01 1.710691177490476778e-01
2.420859999999999790e+00 2.897212843961952111e-02 1.702120102684282488e-01 1.702120102684282488e-01
2.426992400000000050e+00 2.868222954197610294e-02 1.693582874912712977e-01 1.693582874912712977e-01
2.433124799999999865e+00 2.839654328852050935e-02 1.685127392469795149e-01 1.685127392469795149e-01
2.439257200000000125e+00 2.811387310581556914e-02 1.676719210417044470e-01 1.676719210417044470e-01
2.445385599999999826e+00 2.783421844549780269e-02 1.668359027472738065e-01 1.668359027472738065e-01
2.451518000000000086e+00 2.755837320390046308e-02 1.660071480506199737e-01 1.660071480506199737e-01
2.457650399999999902e+00 2.728533738676084189e-02 1.651827393729769777e-01 1.651827393729769777e-01
2.463782800000000162e+00 2.701630186076187101e-02 1.643663647488800283e-01 1.643663647488800283e-01
2.469911199999999862e+00 2.674986354678475856e-02 1.635538551877783187e-01 1.635538551877783187e-01
2.476043600000000122e+00 2.648661510469712058e-02 1.627470893893255555e-01 1.627470893893255555e-01
2.482175999999999938e+00 2.622674895850839183e-02 1.619467472921527762e-01 1.619467472921527762e-01
2.488304400000000083e+00 2.596946004488515439e-02 1.611504267598604656e-01 1.611504267598604656e-01
2.494436799999999899e+00 2.571554211366748610e-02 1.603606626129596979e-01 1.603606626129596979e-01
2.500569200000000158e+00 2.546458849930361909e-02 1.595762779967737632e-01 1.595762779967737632e-01
2.506701599999999974e+00 2.521639747337569432e-02 1.587967174515131363e-01 1.587967174515131363e-01
2.512830000000000119e+00 2.497116442368992051e-02 1.580226706004234094e-01 1.580226706004234094e-01
2.518962399999999935e+00 2.472848929976310256e-02 1.572529468714755074e-01 1.572529468714755074e-01
2.525094800000000195e+00 2.448877088174128761e-02 1.564888842114393885e-01 1.564888842114393885e-01
2.531227200000000011e+00 2.425161142891800112e-02 1.557292889244601963e-01 1.557292889244601963e-01
2.537355600000000155e+00 2.401701443653552273e-02 1.549742379769473988e-01 1.549742379769473988e-01
2.543487999999999971e+00 2.378498211094818779e-02 1.542238052667233017e-01 1.542238052667233017e-01
2.549620399999999787e+00 2.355592011552708545e-02 1.534793800988493995e-01 1.534793800988493995e-01
2.555752899999999883e+00 2.332923313360735912e-02 1.527391015215401882e-01 1.527391015215401882e-01
2.561881200000000192e+00 2.310512831216743682e-02 1.520037115078688994e-01 1.520037115078688994e-01
2.568013600000000007e+00 2.288321160161510201e-02 1.512719789042739349e-01 1.512719789042739349e-01
2.574145999999999823e+00 2.266428673975830546e-02 1.505466264642230656e-01 1.505466264642230656e-01
2.580274399999999968e+00 2.244716124320669456e-02 1.498237672841218338e-01 1.498237672841218338e-01
2.586406799999999784e+00 2.223263812780869320e-02 1.491061304165884893e-01 1.491061304165884893e-01
2.592539200000000044e+00 2.202052223041781401e-02 1.483931340406887400e-01 1.483931340406887400e-01
2.598671700000000140e+00 2.181061452926440561e-02 1.476841715596644566e-01 1.476841715596644566e-01
2.604800000000000004e+00 2.160291728715192650e-02 1.469793090443410888e-01 1.469793090443410888e-01
2.610932399999999820e+00 2.139763181880427467e-02 1.462792938826417699e-01 1.462792938826417699e-01
2.617064800000000080e+00 2.119455562456517769e-02 1.455835005231196355e-01 1.455835005231196355e-01
2.623197300000000176e+00 2.099348934680491177e-02 1.448913018328046864e-01 1.448913018328046864e-01
2.629325600000000041e+00 2.079442906194117063e-02 1.442027359724536162e-01 1.442027359724536162e-01
2.635457999999999856e+00 2.059757139858996861e-02 1.435185402607968563e-01 1.435185402607968563e-01
2.641590499999999953e+00 2.040271252949866360e-02 1.428380640078080188e-01 1.428380640078080188e-01
2.647722900000000212e+00 2.020984806932364999e-02 1.421613452008795853e-01 1.421613452008795853e-01
2.653851200000000077e+00 2.001897327742640370e-02 1.414884210012480326e-01 1.414884210012480326e-01
2.659983599999999893e+00 1.983008422130269274e-02 1.408193318451081699e-01 1.408193318451081699e-01
2.666116099999999989e+00 1.964317657266447317e-02 1.401541172162433235e-01 1.401541172162433235e-01
2.672244399999999853e+00 1.945804691953044452e-02 1.394921034307334828e-01 1.394921034307334828e-01
2.678376800000000113e+00 1.927489345553178024e-02 1.388340500580883541e-01 1.388340500580883541e-01
2.684509300000000209e+00 1.909331268479712990e-02 1.381785536354941391e-01 1.381785536354941391e-01
2.690641700000000025e+00 1.891350511947397645e-02 1.375263797221245032e-01 1.375263797221245032e-01
2.696769999999999889e+00 1.873546848485833569e-02 1.368775675005160786e-01 1.368775675005160786e-01
2.702902400000000149e+00 1.855940556112552209e-02 1.362329092441526002e-01 1.362329092441526002e-01
2.709034899999999801e+00 1.838471798243425034e-02 1.355902576973517237e-01 1.355902576973517237e-01
2.715167300000000061e+00 1.821180650311058496e-02 1.349511263499144909e-01 1.349511263499144909e-01
2.721295599999999926e+00 1.804047648757307540e-02 1.343148409058845527e-01 1.343148409058845527e-01
2.727428100000000022e+00 1.787073072323926148e-02 1.336814524279238414e-01 1.336814524279238414e-01
2.733560499999999838e+00 1.770257291421697271e-02 1.330510162088849868e-01 1.330510162088849868e-01
2.739688800000000146e+00 1.753600686013846374e-02 1.324235887602298045e-01 1.324235887602298045e-01
2.745821199999999962e+00 1.737123617118751379e-02 1.317999854749138944e-01 1.317999854749138944e-01
2.751953700000000058e+00 1.720746562419649128e-02 1.311772298236111300e-01 1.311772298236111300e-01
2.758086099999999874e+00 1.704549684158997852e-02 1.305584039485393755e-01 1.305584039485393755e-01
2.764214400000000182e+00 1.688473320808158568e-02 1.299412683025742421e-01 1.299412683025742421e-01
2.770346899999999835e+00 1.672557603773949450e-02 1.293273986351673732e-01 1.293273986351673732e-01
2.776479300000000094e+00 1.656782762988881497e-02 1.287160737044477088e-01 1.287160737044477088e-01
2.782611699999999910e+00 1.641188563519573387e-02 1.281088819527972100e-01 1.281088819527972100e-01
2.788740000000000219e+00 1.625695184872969976e-02 1.275027523182527267e-01 1.275027523182527267e-01
2.794872499999999871e+00 1.610362543142401445e-02 1.269000608014984877e-01 1.269000608014984877e-01
2.801004900000000131e+00 1.595170285534512275e-02 1.263000508920923692e-01 1.263000508920923692e-01
2.807137299999999946e+00 1.580118387433524993e-02 1.257027600108098220e-01 1.257027600108098220e-01
2.813265700000000091e+00 1.565206369034397374e-02 1.251082079255552704e-01 1.251082079255552704e-01
2.819398099999999907e+00 1.550454139218494960e-02 1.245172333140475429e-01 1.245172333140475429e-01
2.825530500000000167e+00 1.535821246207361504e-02 1.239282553014994098e-01 1.239282553014994098e-01
2.831658899999999868e+00 1.521347514542275604e-02 1.233429168838760526e-01 1.233429168838760526e-01
2.837791300000000128e+00 1.506972693178345278e-02 1.227588161061495958e-01 1.227588161061495958e-01
2.843923699999999943e+00 1.492796268317707342e-02 1.221800420820727678e-01 1.221800420820727678e-01
2.850056100000000203e+00 1.478698428889527877e-02 1.216017445964295285e-01 1.216017445964295285e-01
2.856184499999999904e+00 1.464738828411267686e-02 1.210263949893273377e-01 1.210263949893273377e-01
2.862316900000000164e+00 1.450897442748409760e-02 1.204532043055895479e-01 1.204532043055895479e-01
2.868449299999999980e+00 1.437274094252223924e-02 1.198863667917342418e-01 1.198863667917342418e-01
2.874581699999999795e+00 1.423669130594036256e-02 1.193176068564080899e-01 1.193176068564080899e-01
2.880710099999999940e+00 1.410282354403794881e-02 1.187553095404072778e-01 1.187553095404072778e-01
2.886842500000000200e+00 1.396974151719081354e-02 1.181936610702571250e-01 1.181936610702571250e-01
2.892974900000000016e+00 1.383864541557013397e-02 1.176377720614009831e-01 1.176377720614009831e-01
2.899103300000000161e+00 1.370833927699328936e-02 1.170826173135589288e-01 1.170826173135589288e-01
2.905235699999999976e+00 1.357902547997935118e-02 1.165290756849094306e-01 1.165290756849094306e-01
2.911368099999999792e+00 1.345130568338162927e-02 1.159797641115967726e-01 1.159797641115967726e-01
2.917500500000000052e+00 1.332518241825378716e-02 1.154347539446149151e-01 1.154347539446149151e-01
2.923628900000000197e+00 1.319986009179117958e-02 1.148906440568211729e-01 1.148906440568211729e-01
2.929761300000000013e+00 1.307593802361618936e-02 1.143500678776195045e-01 1.143500678776195045e-01
2.935893699999999829e+00 1.295381825714002864e-02 1.138148419896984620e-01 1.138148419896984620e-01
2.942026100000000088e+00 1.283210397982982760e-02 1.132788770240499288e-01 1.132788770240499288e-01
2.948154499999999789e+00 1.271219489270351138e-02 1.127483698006472856e-01 1.127483698006472856e-01
2.954286900000000049e+00 1.259368997172456706e-02 1.122216109834668490e-01 1.122216109834668490e-01
2.960419299999999865e+00 1.247619043615418033e-02 1.116968685154341306e-01 1.116968685154341306e-01
2.966551700000000125e+00 1.235949682869399470e-02 1.111732738957254690e-01 1.111732738957254690e-01
2.972680099999999825e+00 1.224440482671413678e-02 1.106544388025809678e-01 1.106544388025809678e-01
2.978812500000000085e+00 1.213051567975490137e-02 1.101386202916801588e-01 1.101386202916801588e-01
2.984944899999999901e+00 1.201782552158920866e-02 1.096258433107322044e-01 1.096258433107322044e-01
2.991073300000000046e+00 1.190673377361795883e-02 1.091179809821367502e-01 1.091179809821367502e-01
2.997205699999999862e+00 1.179663740710070775e-02 1.086123262208332774e-01 1.086123262208332774e-01
3.003338100000000122e+00 1.168753629614105796e-02 1.081089094207367263e-01 1.081089094207367263e-01
3.009470600000000218e+00 1.157962730418847508e-02 1.076086767142337558e-01 1.076086767142337558e-01
3.015598900000000082e+00 1.147330717462083198e-02 1.071135247044967265e-01 1.071135247044967265e-01
3.021731299999999898e+00 1.136777775045880526e-02 1.066197812343413348e-01 1.066197812343413348e-01
3.027863700000000158e+00 1.126343644601267638e-02 1.061293382906568217e-01 1.061293382906568217e-01
3.033996199999999810e+00 1.116048145593168811e-02 1.056431798836616198e-01 1.056431798836616198e-01
3.040124500000000118e+00 1.105871481815007447e-02 1.051604242010751589e-01 1.051604242010751589e-01
3.046256899999999934e+00 1.095793622867309060e-02 1.046801615812331943e-01 1.046801615812331943e-01
3.052389400000000030e+00 1.085814632136495456e-02 1.042024295367672965e-01 1.042024295367672965e-01
3.058521799999999846e+00 1.075974470114074606e-02 1.037291892436297130e-01 1.037291892436297130e-01
3.064650100000000155e+00 1.066273470026691747e-02 1.032605185938309938e-01 1.032605185938309938e-01
3.070782499999999970e+00 1.056651772015205354e-02 1.027935684765931973e-01 1.027935684765931973e-01
3.076915000000000067e+00 1.047169474555153038e-02 1.023312989537000367e-01 1.023312989537000367e-01
3.083043299999999931e+00 1.037766820257972691e-02 1.018708407866536075e-01 1.018708407866536075e-01
3.089175700000000191e+00 1.028483946141194733e-02 1.014141975337375934e-01 1.014141975337375934e-01
3.095308199999999843e+00 1.019360964927149178e-02 1.009634074765283079e-01 1.009634074765283079e-01
3.101440600000000103e+00 1.010298032801962807e-02 1.005135828036172879e-01 1.005135828036172879e-01
3.107568899999999967e+00 1.001375372072594618e-02 1.000687449742722890e-01 1.000687449742722890e-01
3.113701299999999783e+00 9.925330881415951947e-03 9.962595485823938501e-02 9.962595485823938501e-02
3.119833799999999879e+00 9.838710414418465333e-03 9.919027378941175366e-02 9.919027378941175366e-02
3.125966200000000139e+00 9.752494478180946669e-03 9.875471876412258987e-02 9.875471876412258987e-02
3.132094500000000004e+00 9.667681885321346633e-03 9.832437075985457631e-02 9.832437075985457631e-02
3.138227000000000100e+00 9.583872557712300178e-03 9.789725510816071896e-02 9.789725510816071896e-02
3.144359399999999916e+00 9.501065887459499495e-03 9.747341118202183796e-02 9.747341118202183796e-02
3.150487699999999780e+00 9.419460500055151092e-03 9.705390512521971935e-02 9.705390512521971935e-02
3.156620100000000040e+00 9.338655774023854952e-03 9.663672062949908714e-02 9.663672062949908714e-02
3.162752600000000136e+00 9.259049898565858971e-03 9.622395698871388792e-02 9.622395698871388792e-02
3.168884999999999952e+00 9.180241891262531234e-03 9.581357884591583385e-02 9.581357884591583385e-02
3.175013299999999816e+00 9.103029589451215597e-03 9.540979818368350296e-02 9.540979818368350296e-02
3.181145799999999912e+00 9.026212840572091570e-03 9.500638315698631264e-02 9.500638315698631264e-02
3.187278200000000172e+00 8.950589798331699473e-03 9.460755677181235945e-02 9.460755677181235945e-02
3.193410599999999988e+00 8.876159406412195349e-03 9.421337169644336540e-02 9.421337169644336540e-02
3.199538899999999852e+00 8.802721086287039476e-03 9.382281751411561399e-02 9.382281751411561399e-02
3.205671399999999949e+00 8.729874905886007147e-03 9.343379959033029647e-02 9.343379959033029647e-02
3.211803800000000209e+00 8.658420005582109433e-03 9.305063140883090833e-02 9.305063140883090833e-02
3.217936200000000024e+00 8.587956735822660503e-03 9.267122927760622353e-02 9.267122927760622353e-02
3.224064600000000169e+00 8.518285893228344161e-03 9.229456047475573244e-02 9.229456047475573244e-02
3.230196999999999985e+00 8.449408169049654749e-03 9.192066236189584683e-02 9.192066236189584683e-02
3.236329399999999801e+00 8.381524258337432615e-03 9.155066498031258493e-02 9.155066498031258493e-02
3.242457700000000109e+00 8.314435394951441571e-03 9.118352589668510255e-02 9.118352589668510255e-02
3.248590200000000205e+00 8.248342656241218138e-03 9.082038678755567640e-02 9.082038678755567640e-02
3.254722600000000021e+00 8.183447061492101285e-03 9.046240689641250887e-02 9.046240689641250887e-02
3.260854999999999837e+00 8.119150460208611128e-03 9.010632863572132223e-02 9.010632863572132223e-02
3.266983399999999982e+00 8.056053229478429833e-03 8.975551921457772253e-02 8.975551921457772253e-02
3.273115799999999798e+00 7.993557172747996556e-03 8.940669534631059956e-02 8.940669534631059956e-02
3.279248200000000057e+00 7.932062653932940924e-03 8.906212805639072971e-02 8.906212805639072971e-02
3.285380599999999873e+00 7.871770047705292997e-03 8.872299616055182025e-02 8.872299616055182025e-02
3.291509000000000018e+00 7.811680787738970941e-03 8.838371336246837739e-02 8.838371336246837739e-02
3.297641399999999834e+00 7.752794276693723841e-03 8.804995330318877989e-02 8.804995330318877989e-02
3.303773800000000094e+00 7.694910393217599225e-03 8.772063835391076536e-02 8.772063835391076536e-02
3.309906199999999910e+00 7.637629281736652183e-03 8.739353112065362250e-02 8.739353112065362250e-02
3.316034600000000054e+00 7.580950385539414992e-03 8.706865328888126199e-02 8.706865328888126199e-02
3.322166999999999870e+00 7.525472732198803388e-03 8.674948260479023454e-02 8.674948260479023454e-02
3.328299400000000130e+00 7.470995514732977835e-03 8.643492069026834090e-02 8.643492069026834090e-02
3.334427799999999831e+00 7.416918122568953026e-03 8.612153112067244543e-02 8.612153112067244543e-02
3.340560200000000091e+00 7.363839398421211449e-03 8.581281604994216161e-02 8.581281604994216161e-02
3.346692599999999906e+00 7.311558355333428599e-03 8.550765085846662172e-02 8.550765085846662172e-02
3.352825000000000166e+00 7.259674345711017787e-03 8.520372260477249160e-02 8.520372260477249160e-02
3.358953399999999867e+00 7.209185719443802175e-03 8.490692386044734752e-02 8.490692386044734752e-02
3.365085800000000127e+00 7.159092605369784396e-03 8.461142124660112063e-02 8.461142124660112063e-02
3.371218199999999943e+00 7.109794213457926691e-03 8.431959566706856424e-02 8.431959566706856424e-02
3.377350600000000203e+00 7.061090144479123878e-03 8.403029301673964335e-02 8.403029301673964335e-02
3.383478999999999903e+00 7.013380150637393666e-03 8.374592617338107170e-02 8.374592617338107170e-02
3.389611400000000163e+00 6.966264480150793047e-03 8.346415086820684059e-02 8.346415086820684059e-02
3.395743799999999979e+00 6.920143316000575660e-03 8.318739878130927690e-02 8.318739878130927690e-02
3.401876300000000075e+00 6.874417363134888333e-03 8.291210625195145900e-02 8.291210625195145900e-02
3.408004599999999940e+00 6.829287304636168579e-03 8.263950208366559191e-02 8.263950208366559191e-02
3.414137000000000199e+00 6.785353466017742669e-03 8.237325698318442857e-02 8.237325698318442857e-02
3.420269400000000015e+00 6.741617352196114382e-03 8.210735260740120722e-02 8.210735260740120722e-02
3.426397800000000160e+00 6.698479568215729915e-03 8.184423967644717524e-02 8.184423967644717524e-02
3.432530199999999976e+00 6.656340788607704485e-03 8.158640075777154332e-02 8.158640075777154332e-02
3.438662599999999792e+00 6.614802102918808380e-03 8.133143367062213580e-02 8.133143367062213580e-02
3.444795099999999888e+00 6.574064143665247356e-03 8.108060275839867881e-02 8.108060275839867881e-02
3.450923400000000196e+00 6.533927757448503362e-03 8.083271464851655985e-02 8.083271464851655985e-02
3.457055800000000012e+00 6.493793674325940013e-03 8.058407829296020120e-02 8.058407829296020120e-02
3.463188199999999828e+00 6.455061417809814309e-03 8.034339685257160801e-02 8.034339685257160801e-02
3.469320699999999924e+00 6.416731885969725706e-03 8.010450602787415331e-02 8.010450602787415331e-02
3.475448999999999788e+00 6.379204579706252050e-03 7.986992287279519320e-02 7.986992287279519320e-02
3.481581400000000048e+00 6.342079825571552559e-03 7.963717615267101868e-02 7.963717615267101868e-02
3.487713900000000145e+00 6.305357040228527256e-03 7.940627834263816465e-02 7.940627834263816465e-02
3.493842200000000009e+00 6.269235772363376119e-03 7.917850574722520851e-02 7.917850574722520851e-02
3.499974599999999825e+00 6.234115167385105051e-03 7.895641308586089091e-02 7.895641308586089091e-02
3.506107000000000085e+00 6.198995076684517790e-03 7.873369721208650640e-02 7.873369721208650640e-02
3.512239500000000181e+00 6.164474413882233689e-03 7.851416696292608244e-02 7.851416696292608244e-02
3.518367800000000045e+00 6.130752279868954130e-03 7.829912055616559952e-02 7.829912055616559952e-02
3.524500199999999861e+00 6.097628146540811506e-03 7.808731104693522607e-02 7.808731104693522607e-02
3.530632699999999957e+00 6.065101315608667498e-03 7.787876036255757251e-02 7.787876036255757251e-02
3.536765100000000217e+00 6.032971326640728174e-03 7.767220433746378772e-02 7.767220433746378772e-02
3.542893400000000081e+00 6.001037807983377118e-03 7.746636565622126713e-02 7.746636565622126713e-02
3.549025799999999897e+00 5.969900226735136081e-03 7.726512943582723725e-02 7.726512943582723725e-02
3.555158299999999993e+00 5.939358523187254421e-03 7.706723378445118344e-02 7.706723378445118344e-02
3.561290699999999809e+00 5.909412731625935354e-03 7.687270472427736034e-02 7.687270472427736034e-02
3.567419000000000118e+00 5.879663318510796113e-03 7.667896268541193883e-02 7.667896268541193883e-02
3.573551500000000214e+00 5.850510279668268317e-03 7.648862843369770570e-02 7.648862843369770570e-02
3.579683900000000030e+00 5.821754354627116032e-03 7.630042171985103316e-02 7.630042171985103316e-02
3.585812199999999894e+00 5.793595802345966918e-03 7.611567382836446904e-02 7.611567382836446904e-02
3.591944600000000154e+00 5.765835596272168330e-03 7.593309947758071499e-02 7.593309947758071499e-02
3.598077099999999806e+00 5.738074377769750503e-03 7.575007840107988999e-02 7.575007840107988999e-02
3.604209500000000066e+00 5.711312569696107636e-03 7.557322654019812957e-02 7.557322654019812957e-02
3.610337799999999930e+00 5.685150793765401424e-03 7.539993895067423346e-02 7.539993895067423346e-02
3.616470300000000027e+00 5.658990147041839669e-03 7.522625969062823881e-02 7.522625969062823881e-02
3.622602699999999842e+00 5.633030924636081918e-03 7.505352040135147840e-02 7.505352040135147840e-02
3.628735100000000102e+00 5.608073078101460072e-03 7.488706883101688139e-02 7.488706883101688139e-02
3.634863399999999967e+00 5.583317411496683917e-03 7.472159936388329815e-02 7.472159936388329815e-02
3.640995900000000063e+00 5.558963926820502388e-03 7.455845979377861976e-02 7.455845979377861976e-02
3.647128299999999879e+00 5.534612772074178413e-03 7.439497813746689947e-02 7.439497813746689947e-02
3.653260700000000138e+00 5.510663648068645469e-03 7.423384435733236530e-02 7.423384435733236530e-02
3.659389099999999839e+00 5.487316090017561009e-03 7.407642060748859114e-02 7.407642060748859114e-02
3.665521500000000099e+00 5.464170145218425791e-03 7.392002533291250344e-02 7.392002533291250344e-02
3.671653899999999915e+00 5.441625065142037011e-03 7.376737127715773945e-02 7.376737127715773945e-02
3.677782199999999779e+00 5.419080511213938099e-03 7.361440423730900018e-02 7.361440423730900018e-02
3.683914699999999876e+00 5.396935813361860776e-03 7.346384017570727065e-02 7.346384017570727065e-02
3.690047100000000135e+00 5.375390274438285321e-03 7.331705309434009832e-02 7.331705309434009832e-02
3.696179499999999951e+00 5.353843629595698116e-03 7.316996398520159151e-02 7.316996398520159151e-02
3.702307900000000096e+00 5.332495040426960854e-03 7.302393470929213759e-02 7.302393470929213759e-02
3.708440299999999912e+00 5.311344200281438964e-03 7.287896953361401586e-02 7.287896953361401586e-02
3.714572700000000172e+00 5.290590647299834789e-03 7.273644648523761025e-02 7.273644648523761025e-02
3.720705099999999987e+00 5.270234132750465511e-03 7.259637823438896964e-02 7.259637823438896964e-02
3.726833500000000132e+00 5.250074574572861918e-03 7.245739834256306744e-02 7.245739834256306744e-02
3.732965899999999948e+00 5.230112123390806556e-03 7.231951412579322447e-02 7.231951412579322447e-02
3.739098300000000208e+00 5.210146750996048903e-03 7.218134628140465692e-02 7.218134628140465692e-02
3.745226699999999909e+00 5.190578678038916191e-03 7.204567077929746599e-02 7.204567077929746599e-02
3.751359100000000169e+00 5.171208361372294122e-03 7.191111431046173785e-02 7.191111431046173785e-02
3.757491499999999984e+00 5.152036330270430391e-03 7.177768685511139168e-02 7.177768685511139168e-02
3.763623899999999800e+00 5.132862948494893926e-03 7.164400148299153448e-02 7.164400148299153448e-02
3.769752299999999945e+00 5.113888787631957512e-03 7.151145913510614793e-02 7.151145913510614793e-02
3.775884700000000205e+00 5.095314469770933184e-03 7.138147147384209246e-02 7.138147147384209246e-02
3.782017100000000021e+00 5.076740419475915533e-03 7.125124854678628605e-02 7.125124854678628605e-02
3.788149499999999836e+00 5.058367266655162606e-03 7.112219953471041189e-02 7.112219953471041189e-02
3.794277899999999981e+00 5.039795316494448396e-03 7.099151580642892867e-02 7.099151580642892867e-02
3.800410299999999797e+00 5.021624875865418960e-03 7.086342410486116961e-02 7.086342410486116961e-02
3.806542700000000057e+00 5.003656317113414943e-03 7.073652746009953529e-02 7.073652746009953529e-02
3.812675099999999873e+00 4.985889567633195081e-03 7.061083180102890877e-02 7.061083180102890877e-02
3.818803500000000017e+00 4.967924915794266240e-03 7.048350811214114386e-02 7.048350811214114386e-02
3.824935899999999833e+00 4.950162008304309635e-03 7.035738773081551267e-02 7.035738773081551267e-02
3.831068300000000093e+00 4.932400869215509444e-03 7.023105345369318186e-02 7.023105345369318186e-02
3.837196699999999794e+00 4.915040990015323054e-03 7.010735332342338255e-02 7.010735332342338255e-02
3.843329100000000054e+00 4.897282113343558695e-03 6.998058383111388503e-02 6.998058383111388503e-02
3.849461499999999869e+00 4.879723848431733596e-03 6.985502020922858268e-02 6.985502020922858268e-02
3.855593900000000129e+00 4.861965597368557608e-03 6.972779644710248859e-02 6.972779644710248859e-02
3.861722299999999830e+00 4.844806891571453063e-03 6.960464705442771793e-02 6.960464705442771793e-02
3.867854700000000090e+00 4.827447350875884238e-03 6.947983413103318850e-02 6.947983413103318850e-02
3.873987099999999906e+00 4.809886396367030539e-03 6.935334452185439036e-02 6.935334452185439036e-02
3.880119600000000002e+00 4.792523768681815170e-03 6.922805622492816946e-02 6.922805622492816946e-02
3.886247899999999866e+00 4.775558904968552412e-03 6.910541878151489625e-02 6.910541878151489625e-02
3.892380300000000126e+00 4.757792011436993984e-03 6.897674978887446962e-02 6.897674978887446962e-02
3.898512699999999942e+00 4.740422664799038080e-03 6.885072740936756808e-02 6.885072740936756808e-02
3.904641100000000087e+00 4.723250773768715785e-03 6.872591049792439732e-02 6.872591049792439732e-02
3.910773499999999903e+00 4.705876725097494530e-03 6.859939303738404881e-02 6.859939303738404881e-02
3.916905900000000162e+00 4.688700546369563814e-03 6.847408667787810432e-02 6.847408667787810432e-02
3.923038399999999815e+00 4.671722526843603146e-03 6.835000019636870705e-02 6.835000019636870705e-02
3.929166700000000123e+00 4.654542960661030120e-03 6.822421095667600965e-02 6.822421095667600965e-02
3.935299099999999939e+00 4.637362457255569254e-03 6.809818248129365093e-02 6.809818248129365093e-02
3.941431500000000199e+00 4.620581299491948943e-03 6.797485784826584609e-02 6.797485784826584609e-02
3.947563999999999851e+00 4.603400023466893906e-03 6.784836050684565911e-02 6.784836050684565911e-02
3.953692300000000159e+00 4.586618863084456973e-03 6.772458093694236347e-02 6.772458093694236347e-02
3.959824699999999975e+00 4.569638501860561787e-03 6.759910133914918962e-02 6.759910133914918962e-02
3.965957200000000071e+00 4.552859132199051431e-03 6.747487778572890116e-02 6.747487778572890116e-02
3.972089599999999887e+00 4.536481012889679969e-03 6.735340387010652075e-02 6.735340387010652075e-02
3.978217900000000196e+00 4.519704396613237300e-03 6.722874680234071365e-02 6.722874680234071365e-02
3.984350300000000011e+00 4.503529233949386812e-03 6.710833952609307484e-02 6.710833952609307484e-02
3.990482800000000108e+00 4.486755823826761407e-03 6.698325032294835668e-02 6.698325032294835668e-02
3.996611099999999972e+00 4.470783865236718085e-03 6.686392050453456026e-02 6.686392050453456026e-02
4.002743500000000232e+00 4.454613307525636529e-03 6.674288956529854377e-02 6.674288956529854377e-02
4.008875999999999884e+00 4.438443877639039817e-03 6.662164721499341802e-02 6.662164721499341802e-02
4.015008400000000144e+00 4.422675248135297076e-03 6.650319727753919996e-02 6.650319727753919996e-02
4.021136699999999564e+00 4.406707072867107472e-03 6.638303301949306789e-02 6.638303301949306789e-02
4.027269200000000104e+00 4.391138978825786209e-03 6.626566968518303458e-02 6.626566968518303458e-02
4.033401600000000364e+00 4.375970548019672904e-03 6.615111902318564219e-02 6.615111902318564219e-02
4.039533999999999736e+00 4.360201410648886604e-03 6.603182119742637135e-02 6.603182119742637135e-02
4.045662300000000045e+00 4.345031149430581691e-03 6.591685026933995217e-02 6.591685026933995217e-02
4.051794799999999697e+00 4.329659496737045185e-03 6.580014815133052031e-02 6.580014815133052031e-02
4.057927199999999957e+00 4.314486165917771898e-03 6.568474835087496910e-02 6.568474835087496910e-02
4.064059600000000216e+00 4.299510975107098676e-03 6.557065635714727503e-02 6.557065635714727503e-02
4.070187999999999917e+00 4.284733812016776507e-03 6.545787815089010309e-02 6.545787815089010309e-02
