4.173085900000000209e-02 3.227910248756184486e-01
4.372891599999999962e-02 3.441286292055218965e-01
4.582263899999999834e-02 3.684489875284699956e-01
4.801661100000000071e-02 3.960951954967741884e-01
5.031562600000000218e-02 4.273761075575275292e-01
5.272471799999999681e-02 4.625137315340036026e-01
5.524915700000000013e-02 5.015672697399981006e-01
5.789446300000000017e-02 5.443355882128463330e-01
6.066642800000000141e-02 5.902496522215798791e-01
6.357111299999999854e-02 6.382825693109976939e-01
6.661487300000000500e-02 6.869246070034988882e-01
6.980436700000000605e-02 7.342764444535340163e-01
7.314657400000000587e-02 7.782937038092671012e-01
7.664880200000000199e-02 8.171570964548066085e-01
8.031871599999999833e-02 8.496693249541926729e-01
8.416434700000000046e-02 8.755398040685813399e-01
8.819410199999999644e-02 8.954519640989927476e-01
9.241680200000000622e-02 9.108936750371458002e-01
9.684167999999999943e-02 9.238102391781007894e-01
1.014784199999999997e-01 9.361768176647939921e-01
1.063371699999999948e-01 9.495941232013338507e-01
1.114285500000000012e-01 9.650061186086660303e-01
1.167637100000000067e-01 9.826033814198653626e-01
1.223543099999999939e-01 1.001901779495861788e+00
1.282125799999999927e-01 1.021914399391412820e+00
1.343513500000000083e-01 1.041322255155917587e+00
1.407840399999999992e-01 1.058622961793494577e+00
1.475247299999999928e-01 1.072342398310827560e+00
1.545881500000000075e-01 1.081403474538394471e+00
1.619897700000000051e-01 1.085569991300848081e+00
1.697457800000000128e-01 1.085645300927002399e+00
1.778731400000000129e-01 1.083121741565978624e+00
1.863896399999999953e-01 1.079366626081901037e+00
1.953139000000000125e-01 1.074920624087971843e+00
2.046654499999999988e-01 1.069603223533962533e+00
2.144647500000000095e-01 1.063406071473169456e+00
2.247332400000000008e-01 1.057086719855030887e+00
2.354933800000000022e-01 1.051598703052005757e+00
2.467687100000000022e-01 1.047012001862117403e+00
2.585838999999999777e-01 1.042559122444000286e+00
2.709647900000000109e-01 1.038065714448927368e+00
2.839384799999999931e-01 1.034299287454481631e+00
2.975333499999999742e-01 1.031409556990005694e+00
3.117791200000000207e-01 1.028489075387297058e+00
3.267069899999999749e-01 1.025578179947424617e+00
3.423495899999999814e-01 1.023474705477881219e+00
3.587411500000000086e-01 1.021531353378180906e+00
3.759175399999999945e-01 1.019345302301953193e+00
3.939163199999999865e-01 1.017843025181333516e+00
4.127768700000000179e-01 1.016328617008720903e+00
4.325404700000000102e-01 1.014702993374096973e+00
4.532503299999999791e-01 1.013679487374712807e+00
4.749517999999999796e-01 1.012264293781076629e+00
4.976922899999999816e-01 1.011338374317936495e+00
5.215216200000000191e-01 1.010256835942198395e+00
5.464918600000000515e-01 1.009378960245355339e+00
5.726576599999999573e-01 1.008547708483652494e+00
6.000763099999999461e-01 1.007761590533968521e+00
6.288076999999999694e-01 1.007083249922824608e+00
6.589147899999999725e-01 1.006436127199892949e+00
6.904633500000000312e-01 1.005818995988071674e+00
7.235224799999999679e-01 1.005337378474234322e+00
7.581644699999999792e-01 1.004807680819719717e+00
7.944650599999999452e-01 1.004351332944304120e+00
8.325037600000000371e-01 1.003990901078696485e+00
8.723636799999999747e-01 1.003634022357069222e+00
9.141321100000000532e-01 1.003272079291164243e+00
9.579004100000000355e-01 1.002936399614382079e+00
1.003764300000000054e+00 1.002641029419027552e+00
1.051824099999999929e+00 1.002383529031928955e+00
1.102185100000000029e+00 1.002156683262654946e+00
1.154957299999999965e+00 1.001953446031323303e+00
1.210256199999999893e+00 1.001767027817265232e+00
1.268202800000000074e+00 1.001591923303362108e+00
1.328923800000000099e+00 1.001428721454209692e+00
1.392552100000000070e+00 1.001283169998753664e+00
1.459227000000000052e+00 1.001152100342083573e+00
1.529094200000000070e+00 1.001031320021456006e+00
1.602306699999999973e+00 1.000925193904705468e+00
1.679024400000000083e+00 1.000824693141229904e+00
1.759415500000000021e+00 1.000733835382913384e+00
1.843655599999999950e+00 1.000649946812813385e+00
1.931929100000000066e+00 1.000573669977452340e+00
2.024429099999999870e+00 1.000505939158486290e+00
2.121357999999999855e+00 1.000445282772950417e+00
2.222927799999999898e+00 1.000389752757686601e+00
2.329360700000000062e+00 1.000338424768016266e+00
2.440889499999999934e+00 1.000291229685210226e+00
2.557758399999999988e+00 1.000248120530264462e+00
2.680222899999999964e+00 1.000208834683468107e+00
2.808550900000000183e+00 1.000172272687549713e+00
2.943023199999999839e+00 1.000139862093551990e+00
3.083934000000000175e+00 1.000111557501988546e+00
3.231591499999999950e+00 1.000084975662806741e+00
3.386318900000000021e+00 1.000059810648320946e+00
3.548454500000000067e+00 1.000038210053130872e+00
3.718353099999999856e+00 1.000017261831021687e+00
3.896386399999999917e+00 9.999991256701059594e-01
4.082943799999999790e+00 9.999806350115656439e-01
4.278433599999999615e+00 9.999647674341765047e-01
