6.367979799999999579e-02 5.246849286686353480e+03
6.972053899999999804e-02 5.147390231782598676e+03
7.576168699999999423e-02 5.043103883598006178e+03
8.180283500000000430e-02 4.934867095230773884e+03
8.784357600000000654e-02 4.823551863841757040e+03
9.388472400000000273e-02 4.709989128655582135e+03
9.992587199999999892e-02 4.595002299975285496e+03
1.059666100000000027e-01 4.479374858606962334e+03
1.120077599999999979e-01 4.363817224918142529e+03
1.180485000000000007e-01 4.249014201058563231e+03
1.240896499999999958e-01 4.135556296836494766e+03
1.301307999999999909e-01 4.023989985607634935e+03
1.361715400000000076e-01 3.914790924625163825e+03
1.422126900000000027e-01 3.808341014624166746e+03
1.482538399999999978e-01 3.704973105791772468e+03
1.542945799999999867e-01 3.604949381691232702e+03
1.603357199999999871e-01 3.508444853876388606e+03
1.663768700000000100e-01 3.415591300316189518e+03
1.724176099999999989e-01 3.326461435763327245e+03
1.784587599999999941e-01 3.241056596175574214e+03
1.844999099999999892e-01 3.159349055176567617e+03
1.905406500000000058e-01 3.081268904286423549e+03
1.965818000000000010e-01 3.006695554090526002e+03
2.026229499999999961e-01 2.935495748799825378e+03
2.086636900000000128e-01 2.867512675379221491e+03
2.147048400000000079e-01 2.802558866985081295e+03
2.207455799999999968e-01 2.740453290077533438e+03
2.267867199999999972e-01 2.680990912155795741e+03
2.328278699999999923e-01 2.623976550801967733e+03
2.388686100000000090e-01 2.569215733300823558e+03
2.449097600000000041e-01 2.516506969595714054e+03
2.509509100000000270e-01 2.465666629274424849e+03
2.569916500000000159e-01 2.416519167179277702e+03
2.630328000000000110e-01 2.368889129513053831e+03
2.690739500000000062e-01 2.322622141694455422e+03
2.751146899999999951e-01 2.277575083122848355e+03
2.811558399999999902e-01 2.233607604260159405e+03
2.871965799999999791e-01 2.190603355885095880e+03
2.932377299999999742e-01 2.148445886979768602e+03
2.992788699999999746e-01 2.107038975883140210e+03
3.053196100000000190e-01 2.066296941467926899e+03
3.113607600000000142e-01 2.026136507341702327e+03
3.174019100000000093e-01 1.986492610389113679e+03
3.234426499999999982e-01 1.947309520946530256e+03
3.294837999999999933e-01 1.908532548643119526e+03
3.355245399999999822e-01 1.870126141824843899e+03
3.415656899999999774e-01 1.832052400384621478e+03
3.476068399999999725e-01 1.794288987239505104e+03
3.536475800000000169e-01 1.756820822863992589e+03
3.596887300000000121e-01 1.719632158723296470e+03
3.657298700000000125e-01 1.682721485531955523e+03
3.717706100000000013e-01 1.646093134202021702e+03
3.778117599999999965e-01 1.609749786631956795e+03
3.838529099999999916e-01 1.573706613561559379e+03
3.898936499999999805e-01 1.537983194893565496e+03
3.959347999999999757e-01 1.502595689936695408e+03
4.019755400000000201e-01 1.467573050331837067e+03
4.080158700000000027e-01 1.432941741831427635e+03
4.140586499999999726e-01 1.398713739080006690e+03
4.200973599999999752e-01 1.364954775554624121e+03
4.261401300000000059e-01 1.331648421410037145e+03
4.321788400000000085e-01 1.298867684298792483e+03
4.382216099999999837e-01 1.266595289531154094e+03
4.442643900000000090e-01 1.234878075483923794e+03
4.503031000000000117e-01 1.203758823664524016e+03
4.563458699999999868e-01 1.173214366448056353e+03
4.623845799999999895e-01 1.143300879437601452e+03
4.684273600000000148e-01 1.113989396032776085e+03
4.744660600000000228e-01 1.085326775635246577e+03
4.805088399999999926e-01 1.057277646327875573e+03
4.865516200000000180e-01 1.029861086464540222e+03
4.925903200000000259e-01 1.003090836517529283e+03
4.986330999999999958e-01 9.769232830995073300e+02
5.046718000000000037e-01 9.513834367653379331e+02
5.107145800000000291e-01 9.264240306664963782e+02
5.167532799999999815e-01 9.020641262239079197e+02
5.227960600000000069e-01 8.782547924522627909e+02
5.288388400000000322e-01 8.549958484460429418e+02
5.348775399999999847e-01 8.322853450648547096e+02
5.409203200000000100e-01 8.100756979443339105e+02
5.469590199999999625e-01 7.883806707258253255e+02
5.530017999999999878e-01 7.671557366986617126e+02
5.590405000000000513e-01 7.464156948696622749e+02
5.650832799999999656e-01 7.261202036419524575e+02
5.711219899999999683e-01 7.062860304720018121e+02
5.771647600000000544e-01 6.868776136491231910e+02
5.832075399999999687e-01 6.679012842564992525e+02
5.892462499999999714e-01 6.493639537074792543e+02
5.952890199999999465e-01 6.312366911462780763e+02
6.013277299999999492e-01 6.135411781915159963e+02
6.073705000000000354e-01 5.962519928162554379e+02
6.134092100000000380e-01 5.793915251583968029e+02
6.194519899999999524e-01 5.629367383408981595e+02
6.254947600000000385e-01 5.468990485955388294e+02
6.315334700000000412e-01 5.312886243453042425e+02
6.375762499999999555e-01 5.160839971947565346e+02
6.436149500000000190e-01 5.013047077789963168e+02
6.496577300000000443e-01 4.869291220062981438e+02
6.556964299999999968e-01 4.729741498188219566e+02
6.617392100000000221e-01 4.594174850253761520e+02
6.677779099999999746e-01 4.462729840985569467e+02
6.738206899999999999e-01 4.335174059083789757e+02
6.798634700000000253e-01 4.211532766568035413e+02
6.859021699999999777e-01 4.091811094619494042e+02
6.919449500000000031e-01 3.975764051392183660e+02
6.979836499999999555e-01 3.863457451419685640e+02
7.040264299999999809e-01 3.754641983075278517e+02
7.100651300000000443e-01 3.649361832919299786e+02
7.161079099999999587e-01 3.547367930348126492e+02
7.221506899999999840e-01 3.448623067051504449e+02
7.281893900000000475e-01 3.353079915388691461e+02
7.342321699999999618e-01 3.260498435844524465e+02
7.402708799999999645e-01 3.170893601092953986e+02
7.463136500000000506e-01 3.084036652301160757e+02
7.523523600000000533e-01 2.999938972904382695e+02
7.583951399999999676e-01 2.918385269145522329e+02
7.644338400000000311e-01 2.839387395793497149e+02
7.704766199999999454e-01 2.762744616128476309e+02
7.765193999999999708e-01 2.688421579053189134e+02
7.825581000000000342e-01 2.616381280167533419e+02
7.886008799999999486e-01 2.546446130697923422e+02
7.946395800000000120e-01 2.478635004743378829e+02
8.006823600000000374e-01 2.412785138338410320e+02
8.067210599999999898e-01 2.348918720486740881e+02
8.127638400000000152e-01 2.286886792436382905e+02
8.188066200000000405e-01 2.226674363513124888e+02
8.248453199999999930e-01 2.168265167928366850e+02
8.308881000000000183e-01 2.111528524391168560e+02
8.369267999999999708e-01 2.056492403855684472e+02
8.429695799999999961e-01 2.003036505663310436e+02
8.490082799999999486e-01 1.951189561709868201e+02
8.550510599999999739e-01 1.900840131392434387e+02
8.610938399999999993e-01 1.851984148619816608e+02
8.671325399999999517e-01 1.804614960331472560e+02
8.731753199999999770e-01 1.758631520570417024e+02
8.792140200000000405e-01 1.714059715425095192e+02
8.852567999999999548e-01 1.670803564578168050e+02
8.912955099999999575e-01 1.628885900766742623e+02
8.973382800000000437e-01 1.588214701764314896e+02
9.033769900000000463e-01 1.548808814750505576e+02
9.094197699999999607e-01 1.510578937325157369e+02
9.154625400000000468e-01 1.473515303783109403e+02
9.215012500000000495e-01 1.437604249284332525e+02
9.275440299999999638e-01 1.402759512601424490e+02
9.335827300000000273e-01 1.368989716030070554e+02
9.396255100000000526e-01 1.336210468478744247e+02
9.456642100000000051e-01 1.304427149251931723e+02
9.517069900000000304e-01 1.273557969784273354e+02
9.577497699999999448e-01 1.243586227195373510e+02
9.637884700000000082e-01 1.214493463455375775e+02
9.698312500000000336e-01 1.186203546470512720e+02
9.758699499999999860e-01 1.158719205755562314e+02
9.819127300000000114e-01 1.131969422316269487e+02
9.879514299999999638e-01 1.105958372885438763e+02
9.939942099999999892e-01 1.080621080509508261e+02
1.000032899999999891e+00 1.055964329336533183e+02
1.006075700000000017e+00 1.031929604109081851e+02
1.012118499999999921e+00 1.008511376710607692e+02
1.018157200000000095e+00 9.857049073579429432e+01
1.024199999999999999e+00 9.634616327355143994e+01
1.030238699999999952e+00 9.417964254028990467e+01
1.036281400000000019e+00 9.206669421898800465e+01
1.042320099999999972e+00 9.000896888940465601e+01
1.048362900000000097e+00 8.800270832401001542e+01
1.054405700000000001e+00 8.604844269948948465e+01
1.060444399999999954e+00 8.414664093528884337e+01
1.066487200000000080e+00 8.229396078373972045e+01
1.072525900000000032e+00 8.049216849844177091e+01
1.078568699999999936e+00 7.873804930400655167e+01
1.084607400000000110e+00 7.703316946651258945e+01
1.090650099999999956e+00 7.537435724635041367e+01
1.096692900000000082e+00 7.376176151677394444e+01
1.102731600000000034e+00 7.219539193099278407e+01
1.108774399999999938e+00 7.067195424813442628e+01
1.114813099999999890e+00 6.919224967435965823e+01
1.120855900000000016e+00 6.775290860742103405e+01
1.126894599999999969e+00 6.635444405445397820e+01
1.132937400000000094e+00 6.499345053356330482e+01
1.138976100000000047e+00 6.367022418109859672e+01
1.145018799999999892e+00 6.238141313726121950e+01
1.151061600000000018e+00 6.112630738718408452e+01
1.157100299999999971e+00 5.990419140619852101e+01
1.163143100000000096e+00 5.871189400076035270e+01
1.169181800000000049e+00 5.754958671311684526e+01
1.175224599999999953e+00 5.641432512244377051e+01
1.181263299999999905e+00 5.530638081138957318e+01
1.187306100000000031e+00 5.422308603538792227e+01
1.193348800000000098e+00 5.316416923525407157e+01
1.199387500000000051e+00 5.212935727921512807e+01
1.205430299999999955e+00 5.111644666672829374e+01
1.211468999999999907e+00 5.012610878683658200e+01
1.217511800000000033e+00 4.915640027232346654e+01
1.223550499999999985e+00 4.820813440627127022e+01
1.229593299999999889e+00 4.727960439205988763e+01
1.235632000000000064e+00 4.637172236039445750e+01
1.241674799999999967e+00 4.548296454084881191e+01
1.247717500000000035e+00 4.461372059202082596e+01
1.253756199999999987e+00 4.376431406369586341e+01
1.259798999999999891e+00 4.293340539541918588e+01
1.265837700000000066e+00 4.212192712310576326e+01
1.271880499999999969e+00 4.132857755205174044e+01
1.277919199999999922e+00 4.055422054094965034e+01
1.283962000000000048e+00 3.979757176384785566e+01
1.290004799999999952e+00 3.905890523484631416e+01
1.296043499999999904e+00 3.833841773192261826e+01
1.302086300000000030e+00 3.763481421775632185e+01
1.308124999999999982e+00 3.694870218408329521e+01
1.314167700000000050e+00 3.627878302391833643e+01
1.320206400000000002e+00 3.562553750980686118e+01
1.326249199999999906e+00 3.498765712441387876e+01
1.332287900000000080e+00 3.436555209621322149e+01
1.338330699999999984e+00 3.375790237688008233e+01
1.344373500000000110e+00 3.316464436719812880e+01
1.350412200000000063e+00 3.258566403912336540e+01
1.356454999999999966e+00 3.201966592017927837e+01
1.362493699999999919e+00 3.146690670752160202e+01
1.368536399999999986e+00 3.092613482980895867e+01
1.374575099999999939e+00 3.039756341571298037e+01
1.380617900000000065e+00 2.987999160145385957e+01
1.386660699999999968e+00 2.937330538463926644e+01
1.392699399999999921e+00 2.887738115929768767e+01
1.398742200000000047e+00 2.839111299681353273e+01
1.404780899999999999e+00 2.791475659722597413e+01
1.410823699999999903e+00 2.744729205305651831e+01
1.416862400000000077e+00 2.698901539630534430e+01
1.422905099999999923e+00 2.653900988038392228e+01
1.428947900000000049e+00 2.609731115844437710e+01
1.434986600000000001e+00 2.566399384822826946e+01
1.441029399999999905e+00 2.523828422003626315e+01
1.447068100000000079e+00 2.482061251434781113e+01
1.453110899999999983e+00 2.441029950883129374e+01
1.459149599999999936e+00 2.400782225656434576e+01
1.465192400000000061e+00 2.361258245070385442e+01
1.471231100000000014e+00 2.322508761368630559e+01
1.477273800000000081e+00 2.284480609200288015e+01
1.483316599999999985e+00 2.247199002829731995e+01
1.489355299999999938e+00 2.210689439452029603e+01
1.495398100000000063e+00 2.174902415991073923e+01
1.501436800000000016e+00 2.139885666318023993e+01
1.507479599999999920e+00 2.105589305121850785e+01
1.513518300000000094e+00 2.072055501868574723e+01
1.519561099999999998e+00 2.039231869940503117e+01
1.525603800000000065e+00 2.007132294931125571e+01
1.531642500000000018e+00 1.975764113970861757e+01
1.537685299999999922e+00 1.945069554617993290e+01
1.543724000000000096e+00 1.915071587679374332e+01
1.549766800000000000e+00 1.885708010208735175e+01
1.555805499999999952e+00 1.856994790981627119e+01
1.561848300000000078e+00 1.828867062062642290e+01
1.567887000000000031e+00 1.801335702032065456e+01
1.573929799999999934e+00 1.774335182582724002e+01
1.579972500000000002e+00 1.747856484086214124e+01
1.586011300000000013e+00 1.721887914879879844e+01
1.592054000000000080e+00 1.696369209468909744e+01
1.598092700000000033e+00 1.671308731629749289e+01
1.604135499999999936e+00 1.646650104922651181e+01
1.610174200000000111e+00 1.622406702744106255e+01
1.616217000000000015e+00 1.598528484430593544e+01
1.622259799999999919e+00 1.575018098581142922e+01
1.628298500000000093e+00 1.551880446990465146e+01
1.634341299999999997e+00 1.529076624802269713e+01
1.640379999999999949e+00 1.506633112103861905e+01
1.646422700000000017e+00 1.484518056365103433e+01
1.652461399999999969e+00 1.462761342417897836e+01
1.658504200000000095e+00 1.441336292089053117e+01
1.664546999999999999e+00 1.420261673826780680e+01
1.670585699999999951e+00 1.399556148732274607e+01
1.676628500000000077e+00 1.379196626008685911e+01
1.682667200000000030e+00 1.359215536499503685e+01
1.688709999999999933e+00 1.339589856893604392e+01
1.694748700000000108e+00 1.320349205613356780e+01
1.700791399999999953e+00 1.301469286938363368e+01
1.706830099999999906e+00 1.282974888152940451e+01
1.712872900000000032e+00 1.264839100651515480e+01
1.718915699999999935e+00 1.247070513619641474e+01
1.724954400000000110e+00 1.229674750762077196e+01
1.730997200000000014e+00 1.212620251827982010e+01
1.737035899999999966e+00 1.195920523670546842e+01
1.743078700000000092e+00 1.179541769994544609e+01
1.749117400000000044e+00 1.163493912067528413e+01
1.755160099999999890e+00 1.147742216559927186e+01
1.761202900000000016e+00 1.132283401873480244e+01
1.767241599999999968e+00 1.117113951143296902e+01
1.773284400000000094e+00 1.102199381367347186e+01
1.779323100000000046e+00 1.087546451810752579e+01
1.785365899999999950e+00 1.073122429738184636e+01
1.791404599999999903e+00 1.058934943932322170e+01
1.797447400000000028e+00 1.044953832856657350e+01
1.803486099999999981e+00 1.031188371817209593e+01
1.809528800000000048e+00 1.017611660893393122e+01
1.815571599999999952e+00 1.004225544994349839e+01
1.821610299999999905e+00 9.910333370530754138e+00
1.827653100000000030e+00 9.780125894933847874e+00
1.833691799999999983e+00 9.651776411743325568e+00
1.839734600000000109e+00 9.525088346460332644e+00
1.845773300000000061e+00 9.400221223851826124e+00
1.851816099999999965e+00 9.277001677832711124e+00
1.857858800000000032e+00 9.155520475557018756e+00
1.863897499999999985e+00 9.035863433939962164e+00
1.869940300000000111e+00 8.917883624478445626e+00
1.875979000000000063e+00 8.801757581744336534e+00
1.882021799999999967e+00 8.687345606405624920e+00
1.888060499999999919e+00 8.574821128037791951e+00
1.894103300000000045e+00 8.464048464952050210e+00
1.900146099999999949e+00 8.355119475615534697e+00
1.906184799999999901e+00 8.248117604664505720e+00
1.912227600000000027e+00 8.142904513928465704e+00
1.918266299999999980e+00 8.039624527325848646e+00
1.924309000000000047e+00 7.938134373515191911e+00
1.930347700000000000e+00 7.838556790041547373e+00
1.936390499999999903e+00 7.740739122493767610e+00
1.942429200000000078e+00 7.644787135083596752e+00
1.948471999999999982e+00 7.550535502937890442e+00
1.954514800000000108e+00 7.458006948617035725e+00
1.960553500000000060e+00 7.367211846965705746e+00
1.966596299999999964e+00 7.277969095688187728e+00
1.972634999999999916e+00 7.190335731551865450e+00
1.978677699999999984e+00 7.104124799977965310e+00
1.984716399999999936e+00 7.019377178779718562e+00
1.990759200000000062e+00 6.935903445632243702e+00
1.996801999999999966e+00 6.853684985372128224e+00
2.002840700000000140e+00 6.772700741378269385e+00
2.008883500000000044e+00 6.692767904327176609e+00
2.014922199999999997e+00 6.613926723858194023e+00
2.020964999999999900e+00 6.536008110509056834e+00
2.027003699999999853e+00 6.459063587544921603e+00
2.033046399999999920e+00 6.382944716821841169e+00
2.039085099999999873e+00 6.307717134960032723e+00
2.045127900000000221e+00 6.233255456931129146e+00
2.051170700000000124e+00 6.159597450738346858e+00
2.057209400000000077e+00 6.086789451701532627e+00
2.063252199999999981e+00 6.014739952001939116e+00
2.069290899999999933e+00 5.943563279293433865e+00
2.075333699999999837e+00 5.873187237857491638e+00
2.081372399999999789e+00 5.803737997447415253e+00
2.087415099999999857e+00 5.735157434845019608e+00
2.093457900000000205e+00 5.667528116998777676e+00
2.099496600000000157e+00 5.600933614250488191e+00
2.105539400000000061e+00 5.535319088839762536e+00
2.111578100000000013e+00 5.470805180480812879e+00
2.117620899999999917e+00 5.407330126584346530e+00
2.123659599999999870e+00 5.344998536976643067e+00
2.129702400000000218e+00 5.283735684405019839e+00
2.135741100000000170e+00 5.223625189509736089e+00
2.141783799999999793e+00 5.164577026108794655e+00
2.147826600000000141e+00 5.106611184332098929e+00
2.153865300000000094e+00 5.049738211079735528e+00
2.159908099999999997e+00 4.993843547609669642e+00
2.165946799999999950e+00 4.938958267271752689e+00
2.171989599999999854e+00 4.884956990309328617e+00
2.178028299999999806e+00 4.831857831316401786e+00
2.184071100000000154e+00 4.779530922724371855e+00
2.190113800000000222e+00 4.727954979453990347e+00
2.196152600000000010e+00 4.677104465351398233e+00
2.202195300000000078e+00 4.626859361695398576e+00
2.208234000000000030e+00 4.577235545133044425e+00
2.214276799999999934e+00 4.528122461152987555e+00
2.220315499999999886e+00 4.479549671072744488e+00
2.226358299999999790e+00 4.431421724377843319e+00
2.232401100000000138e+00 4.383750289743000295e+00
2.238439800000000091e+00 4.336553884608091991e+00
2.244482599999999994e+00 4.289762887243560918e+00
2.250521299999999947e+00 4.243442544677579420e+00
2.256564000000000014e+00 4.197538950197644780e+00
2.262602699999999967e+00 4.152126570954356666e+00
2.268645499999999871e+00 4.107162520526791205e+00
2.274684199999999823e+00 4.062728864077898017e+00
2.280727000000000171e+00 4.018788094359431184e+00
2.286769800000000075e+00 3.975393884500901809e+00
2.292808500000000027e+00 3.932597714054187676e+00
2.298851299999999931e+00 3.890362280331349787e+00
2.304889999999999883e+00 3.848762955372707406e+00
2.310932699999999951e+00 3.807758501135421358e+00
2.316971399999999903e+00 3.767413697697213237e+00
2.323014199999999807e+00 3.727680494717776405e+00
2.329057000000000155e+00 3.688587909784606822e+00
2.335095700000000107e+00 3.650158574952297119e+00
2.341138500000000011e+00 3.612332566701581982e+00
2.347177199999999964e+00 3.575149281561773584e+00
2.353219999999999867e+00 3.538542488254920571e+00
2.359258699999999820e+00 3.502542838074269138e+00
2.365301399999999887e+00 3.467080243456635458e+00
2.371340099999999840e+00 3.432177737654374727e+00
2.377382900000000188e+00 3.397763033880255357e+00
2.383425700000000091e+00 3.363833566003752829e+00
2.389464400000000044e+00 3.330385089418866684e+00
2.395507199999999948e+00 3.297345582793848706e+00
2.401545899999999900e+00 3.264734002255525347e+00
2.407588699999999804e+00 3.232481329761860422e+00
2.413627400000000200e+00 3.200608205212865709e+00
2.419670099999999824e+00 3.169050678869169246e+00
2.425712900000000172e+00 3.137810548838511515e+00
2.431751600000000124e+00 3.106892874397292559e+00
2.437794400000000028e+00 3.076242103523875837e+00
2.443833099999999980e+00 3.045889222071432645e+00
2.449875899999999884e+00 3.015785465918068731e+00
2.455914599999999837e+00 2.985967267570029726e+00
2.461957400000000185e+00 2.956392833229841699e+00
2.468000099999999808e+00 2.927084719713608507e+00
2.474038800000000204e+00 2.898066197894495488e+00
2.480081600000000108e+00 2.869305640898960341e+00
2.486120300000000061e+00 2.840851710275752229e+00
2.492163099999999964e+00 2.812677375495584275e+00
2.498201799999999917e+00 2.784833967272848376e+00
2.504244599999999821e+00 2.757297762426857979e+00
2.510283300000000217e+00 2.730120593166672105e+00
2.516326100000000121e+00 2.703279807915952127e+00
2.522368900000000025e+00 2.676807371104714228e+00
2.528407599999999977e+00 2.650732749252560971e+00
2.534450300000000045e+00 2.625030739791584189e+00
2.540488999999999997e+00 2.599742488354177983e+00
2.546531799999999901e+00 2.574838079133720647e+00
2.552570499999999853e+00 2.550351800570349603e+00
2.558613300000000201e+00 2.526247147830379625e+00
2.564656100000000105e+00 2.502533765521843367e+00
2.570694800000000058e+00 2.479216421334407450e+00
2.576737599999999961e+00 2.456248896537466031e+00
2.582776299999999914e+00 2.433644537920762740e+00
2.588818999999999981e+00 2.411352386567202633e+00
2.594857699999999934e+00 2.389379161005104280e+00
2.600900499999999838e+00 2.367671107052803592e+00
2.606939199999999790e+00 2.346232729111996651e+00
2.612982000000000138e+00 2.325010079035078725e+00
2.619024800000000042e+00 2.303993917550260839e+00
2.625063499999999994e+00 2.283176218344066477e+00
2.631106299999999898e+00 2.262509134963941015e+00
2.637144999999999850e+00 2.242004301287622958e+00
2.643187699999999918e+00 2.221621449255784864e+00
2.649226399999999870e+00 2.201378840435900930e+00
2.655269200000000218e+00 2.181244821297722680e+00
2.661312000000000122e+00 2.161232924457451965e+00
2.667350700000000074e+00 2.141360448137761718e+00
2.673393499999999978e+00 2.121608036122321295e+00
2.679432199999999931e+00 2.102013420844895286e+00
2.685474999999999834e+00 2.082563641342877858e+00
2.691513699999999787e+00 2.063300727292785020e+00
2.697556399999999854e+00 2.044215715639976061e+00
2.703599200000000202e+00 2.025338422873301791e+00
2.709637900000000155e+00 2.006698659846324340e+00
2.715680700000000058e+00 1.988286858724325867e+00
2.721719400000000011e+00 1.970141864038274404e+00
2.727762199999999915e+00 1.952250429885960203e+00
2.733800899999999867e+00 1.934645253871997372e+00
2.739843700000000215e+00 1.917307541021442407e+00
2.745882400000000167e+00 1.900262412673239698e+00
2.751925099999999791e+00 1.883485031183150138e+00
2.757967900000000139e+00 1.866981077515741161e+00
2.764006600000000091e+00 1.850753105577040536e+00
2.770049399999999995e+00 1.834767568321863607e+00
2.776088099999999947e+00 1.819032264445257008e+00
2.782130899999999851e+00 1.803510066980974713e+00
2.788169599999999804e+00 1.788205032644363257e+00
2.794212400000000152e+00 1.773078708760666533e+00
2.800255100000000219e+00 1.758124083729824427e+00
2.806293900000000008e+00 1.743333238989254186e+00
2.812336600000000075e+00 1.728670978681488224e+00
2.818375300000000028e+00 1.714141920680972264e+00
2.824418099999999932e+00 1.699713923532437887e+00
2.830456799999999884e+00 1.685396104159543107e+00
2.836499599999999788e+00 1.671160915822131221e+00
2.842538300000000184e+00 1.657022026399583403e+00
2.848581100000000088e+00 1.642957022477093076e+00
2.854623899999999992e+00 1.628974662355682224e+00
2.860662599999999944e+00 1.615085652558465812e+00
2.866705300000000012e+00 1.601274607916940207e+00
2.872743999999999964e+00 1.587564718712803247e+00
2.878786799999999868e+00 1.573943859438801995e+00
2.884825499999999820e+00 1.560437791090099058e+00
2.890868300000000168e+00 1.547036145688474917e+00
2.896911100000000072e+00 1.533756466582685274e+00
2.902949800000000025e+00 1.520616014451670939e+00
2.908992599999999928e+00 1.507605086619119295e+00
2.915031299999999881e+00 1.494748974797749597e+00
2.921073999999999948e+00 1.482037349858241759e+00
2.927112699999999901e+00 1.469493039254279987e+00
2.933155499999999805e+00 1.457104152005839648e+00
2.939198300000000152e+00 1.444882997132936442e+00
2.945237000000000105e+00 1.432840141888808816e+00
2.951279800000000009e+00 1.420960332123082148e+00
2.957318499999999961e+00 1.409259407244507489e+00
2.963361299999999865e+00 1.397719811821112490e+00
2.969399999999999817e+00 1.386354178165847273e+00
2.975442699999999885e+00 1.375142913257008992e+00
2.981481399999999837e+00 1.364095282014907040e+00
2.987524200000000185e+00 1.353189749410120157e+00
2.993567000000000089e+00 1.342426135725581116e+00
2.999605700000000041e+00 1.331803024536571289e+00
3.005648499999999945e+00 1.321296740066656428e+00
3.011687199999999898e+00 1.310911835407342130e+00
3.017729999999999801e+00 1.300624263941023040e+00
3.023768700000000198e+00 1.290438065310544946e+00
3.029811399999999821e+00 1.280329920368322494e+00
3.035854200000000169e+00 1.270297323621677243e+00
3.041892900000000122e+00 1.260338869436088860e+00
3.047935700000000026e+00 1.250433779544242396e+00
3.053974399999999978e+00 1.240589525787137104e+00
3.060017199999999882e+00 1.230788241743579814e+00
3.066055899999999834e+00 1.221040359598863034e+00
3.072098700000000182e+00 1.211331501369531827e+00
3.078137400000000135e+00 1.201675472042009307e+00
3.084180100000000202e+00 1.192061700028769877e+00
3.090222900000000106e+00 1.182500486532509276e+00
3.096261600000000058e+00 1.173003976403196091e+00
3.102304399999999962e+00 1.163566123453148915e+00
3.108343099999999914e+00 1.154207597108414030e+00
3.114385899999999818e+00 1.144924258617453727e+00
3.120424600000000215e+00 1.135737610305740830e+00
3.126467400000000119e+00 1.126644056730392585e+00
3.132510200000000022e+00 1.117658333466833298e+00
3.138548899999999975e+00 1.108794093347060139e+00
3.144591600000000042e+00 1.100045976859984176e+00
3.150630299999999995e+00 1.091430653161066022e+00
3.156673099999999899e+00 1.082939971856319517e+00
3.162711799999999851e+00 1.074586986414667322e+00
3.168754600000000199e+00 1.066359914473426151e+00
3.174797400000000103e+00 1.058262036776257631e+00
3.180836100000000055e+00 1.050294352734545411e+00
3.186878899999999959e+00 1.042439887628538120e+00
3.192917599999999911e+00 1.034701581660036451e+00
3.198960299999999979e+00 1.027060041952092551e+00
3.204998999999999931e+00 1.019515435724062780e+00
3.211041799999999835e+00 1.012047114201651388e+00
3.217080499999999788e+00 1.004654514509353502e+00
3.223123300000000135e+00 9.973171158267247760e-01
3.229166100000000039e+00 9.900300833104006548e-01
3.235204799999999992e+00 9.827894115581066181e-01
3.241247599999999895e+00 9.755776407559670904e-01
3.247286299999999848e+00 9.683984626608517221e-01
3.253328999999999915e+00 9.612378570167990910e-01
3.259367699999999868e+00 9.541027338481863351e-01
3.265410500000000216e+00 9.469827977594095225e-01
3.271453300000000119e+00 9.398839748773577529e-01
3.277492000000000072e+00 9.328138118149258418e-01
3.283534799999999976e+00 9.257669545698121727e-01
3.289573499999999928e+00 9.187584589973945004e-01
3.295616299999999832e+00 9.117852741984844300e-01
3.301654999999999784e+00 9.048639769204340766e-01
3.307697699999999852e+00 8.979927298449872364e-01
3.313736399999999804e+00 8.911880711971544855e-01
3.319779200000000152e+00 8.844480104566858625e-01
3.325822000000000056e+00 8.777837297964703467e-01
3.331860700000000008e+00 8.712053588632581169e-01
3.337903499999999912e+00 8.647086035470568088e-01
3.343942199999999865e+00 8.583057147343691184e-01
3.349985000000000213e+00 8.519901395902171881e-01
3.356023700000000165e+00 8.457712530595243861e-01
3.362066399999999788e+00 8.396401943056934769e-01
3.368109200000000136e+00 8.335992371813424340e-01
3.374147900000000089e+00 8.276495642602008651e-01
3.380190699999999993e+00 8.217791578732682733e-01
3.386229399999999945e+00 8.159912102207025342e-01
3.392272199999999849e+00 8.102724328358082984e-01
3.398310899999999801e+00 8.046247102977567289e-01
3.404353700000000149e+00 7.990342406574764134e-01
3.410392400000000102e+00 7.935024253054882015e-01
3.416435200000000005e+00 7.880156865249121623e-01
3.422477900000000073e+00 7.825721073770340874e-01
3.428516600000000025e+00 7.771698159013069596e-01
3.434559399999999929e+00 7.717967731984299862e-01
3.440598099999999882e+00 7.664561270465690690e-01
3.446640899999999785e+00 7.611371947039005104e-01
3.452679600000000182e+00 7.558445284357404592e-01
3.458722400000000086e+00 7.505690602411927426e-01
3.464765199999999989e+00 7.453133000272109676e-01
3.470803899999999942e+00 7.400804801578264591e-01
3.476846600000000009e+00 7.348640138514017650e-01
3.482885299999999962e+00 7.296719414763033207e-01
3.488928099999999866e+00 7.244990809413686117e-01
3.494966799999999818e+00 7.193548111442329418e-01
3.501009600000000166e+00 7.142350114952240592e-01
3.507052400000000070e+00 7.091464682864898617e-01
3.513091100000000022e+00 7.040962073388021825e-01
3.519133899999999926e+00 6.990812019911634145e-01
3.525172599999999878e+00 6.941122009415310323e-01
3.531215299999999946e+00 6.891864873278887860e-01
3.537253999999999898e+00 6.843144134101553089e-01
3.543296799999999802e+00 6.794930454734029457e-01
3.549335500000000199e+00 6.747321700722475057e-01
3.555378300000000102e+00 6.700281009614035277e-01
3.561421100000000006e+00 6.653862941016391863e-01
3.567459799999999959e+00 6.608113646780661155e-01
3.573502599999999862e+00 6.562978775745695881e-01
3.579541299999999815e+00 6.518519213629131448e-01
3.585583999999999882e+00 6.474666444175274371e-01
3.591622699999999835e+00 6.431461075476598843e-01
3.597665500000000183e+00 6.388819302082935359e-01
3.603708300000000087e+00 6.346736884833555914e-01
3.609747000000000039e+00 6.305200996069800778e-01
3.615789799999999943e+00 6.264108436333524210e-01
3.621828499999999895e+00 6.223463648267226755e-01
3.627871299999999799e+00 6.183157125004516974e-01
3.633910000000000196e+00 6.143188142054480938e-01
3.639952699999999819e+00 6.103448358669965046e-01
3.645991400000000215e+00 6.063938395990636776e-01
3.652034200000000119e+00 6.024557797151648408e-01
3.658077000000000023e+00 5.985292295260487005e-01
3.664115699999999975e+00 5.946135190014674166e-01
3.670158499999999879e+00 5.907009217361189890e-01
3.676197199999999832e+00 5.867953468656410543e-01
3.682240000000000180e+00 5.828911503379790027e-01
3.688278700000000132e+00 5.789943601844143029e-01
3.694321400000000200e+00 5.751015181554630651e-01
3.700364200000000103e+00 5.712178750529794957e-01
3.706402900000000056e+00 5.673496943483100630e-01
3.712445699999999960e+00 5.634959918704198767e-01
3.718484399999999912e+00 5.596667718313730333e-01
3.724527199999999816e+00 5.558619207603254786e-01
3.730565900000000212e+00 5.520917742558564267e-01
3.736608700000000116e+00 5.483562612398091840e-01
3.742651500000000020e+00 5.446626620636041416e-01
3.748690199999999972e+00 5.410176040813829967e-01
3.754732900000000040e+00 5.374196503694186333e-01
3.760771599999999992e+00 5.338761608048543383e-01
3.766814399999999896e+00 5.303840236341631487e-01
3.772853099999999849e+00 5.269485957461625958e-01
3.778895900000000196e+00 5.235647907700244907e-01
3.784934600000000149e+00 5.202357655636793421e-01
3.790977400000000053e+00 5.169546156962858685e-01
3.797020199999999956e+00 5.137203908484819781e-01
3.803058899999999909e+00 5.105313093200396501e-01
3.809101599999999976e+00 5.073786205655705928e-01
3.815140299999999929e+00 5.042616717662616876e-01
3.821183099999999833e+00 5.011712837124164821e-01
3.827221799999999785e+00 4.981066794237494766e-01
3.833264600000000133e+00 4.950589311493745481e-01
3.839307400000000037e+00 4.920257367958464911e-01
3.845346099999999989e+00 4.890052808563419839e-01
3.851388899999999893e+00 4.859902478836510276e-01
3.857427599999999845e+00 4.829822545808536427e-01
3.863470299999999913e+00 4.799755826636293854e-01
3.869508999999999865e+00 4.769733458400436388e-01
3.875551800000000213e+00 4.739714544000944718e-01
3.881590500000000166e+00 4.709746817038103495e-01
3.887633300000000069e+00 4.679803529901449544e-01
3.893676099999999973e+00 4.649925020398267272e-01
3.899714799999999926e+00 4.620156374965533330e-01
3.905757599999999830e+00 4.590485781800316412e-01
3.911796299999999782e+00 4.560984524291412101e-01
3.917838999999999849e+00 4.531645229540609554e-01
3.923877699999999802e+00 4.502538829012404653e-01
3.929920500000000150e+00 4.473657167912323263e-01
3.935963300000000054e+00 4.445048718481830474e-01
3.942002000000000006e+00 4.416758073637574444e-01
3.948044799999999910e+00 4.388768446890931596e-01
3.954083499999999862e+00 4.361135056984180580e-01
3.960126300000000210e+00 4.333832904756552695e-01
3.966165000000000163e+00 4.306906647584995418e-01
3.972207699999999786e+00 4.280322843548151068e-01
3.978246500000000019e+00 4.254114130604605970e-01
3.984289200000000086e+00 4.228239957715198005e-01
3.990331999999999990e+00 4.202706012861644469e-01
3.996370699999999943e+00 4.177514980675197664e-01
4.002413500000000290e+00 4.152614599060426293e-01
4.008452199999999799e+00 4.128017833435888573e-01
4.014495000000000147e+00 4.103668217394962348e-01
4.020533699999999655e+00 4.079574111935998504e-01
4.026576500000000003e+00 4.055677058169451787e-01
4.032619200000000070e+00 4.031967696054784556e-01
4.038657899999999579e+00 4.008435156943419564e-01
4.044700699999999927e+00 3.985022659652953658e-01
4.050739400000000323e+00 3.961738147738944615e-01
4.056782199999999783e+00 3.938528102802048014e-01
4.062820900000000179e+00 3.915404637406462163e-01
4.068863699999999639e+00 3.892319965329936182e-01
4.074902400000000036e+00 3.869292515602962834e-01
4.080932899999999641e+00 3.846328796601460320e-01
4.087004199999999976e+00 3.823237612716353651e-01
4.093034799999999862e+00 3.800328513119276552e-01
4.099065300000000356e+00 3.777451064031184247e-01
4.105095900000000242e+00 3.754613027761460886e-01
4.111167199999999688e+00 3.731674018493571499e-01
4.117197700000000182e+00 3.708958822185078330e-01
4.123228300000000068e+00 3.686332973670705115e-01
4.129258899999999954e+00 3.663819973982118672e-01
4.135330200000000289e+00 3.641294586673904932e-01
4.141360699999999895e+00 3.619085832656985802e-01
4.147391299999999781e+00 3.597068281607256335e-01
4.153421800000000275e+00 3.575268768916724516e-01
4.159493099999999721e+00 3.553566342790771548e-01
4.165523699999999607e+00 3.532274130285119607e-01
4.171554200000000101e+00 3.511264168511487593e-01
4.177584799999999987e+00 3.490549327589481665e-01
4.183656100000000322e+00 3.470001698149610680e-01
4.189686599999999927e+00 3.449899946752047475e-01
4.195717199999999814e+00 3.430101572413807864e-01
4.201747700000000307e+00 3.410598267818520379e-01
4.207818999999999754e+00 3.391245888632853922e-01
4.213849599999999640e+00 3.372284162835429422e-01
4.219880200000000414e+00 3.353557871688398473e-01
4.225910700000000020e+00 3.335039031330961912e-01
4.231982000000000355e+00 3.316572774715923488e-01
4.238012600000000241e+00 3.298374291049152029e-01
4.244043099999999846e+00 3.280286715694047395e-01
4.250073699999999732e+00 3.262277603445866703e-01
4.256145000000000067e+00 3.244196498713966537e-01
4.262175499999999673e+00 3.226259669218016213e-01
4.268206099999999559e+00 3.208323234541687885e-01
4.274277399999999894e+00 3.190249475029420800e-01
4.280307900000000387e+00 3.172269967704282045e-01
4.286338500000000273e+00 3.154258201320875865e-01
4.292368999999999879e+00 3.136216185925755351e-01
4.298440300000000214e+00 3.118028840573219274e-01
4.304470900000000100e+00 3.099953557241974522e-01
4.310501499999999986e+00 3.081886692584155929e-01
4.316531999999999591e+00 3.063850934028440887e-01
4.322603299999999926e+00 3.045750154932092002e-01
4.328633899999999812e+00 3.027855116423957549e-01
4.334664400000000306e+00 3.010073048890510305e-01
4.340695000000000192e+00 2.992431543842291042e-01
4.346766299999999639e+00 2.974840311781080660e-01
4.352796800000000133e+00 2.957559815455826913e-01
4.358827400000000019e+00 2.940491696723963599e-01
4.364857899999999624e+00 2.923653061274938403e-01
4.370929199999999959e+00 2.906943958861692989e-01
4.376959799999999845e+00 2.890595410965935419e-01
4.382990300000000339e+00 2.874496288632827357e-01
4.389020900000000225e+00 2.858642373655918556e-01
4.395092199999999671e+00 2.842920797631714458e-01
4.401122799999999557e+00 2.827529380107678403e-01
4.407153300000000051e+00 2.812345551901836993e-01
4.413183899999999937e+00 2.797349177498290596e-01
4.419255200000000272e+00 2.782419128034497868e-01
4.425285699999999878e+00 2.767732570940335535e-01
4.431316299999999764e+00 2.753164838900657996e-01
4.437346800000000258e+00 2.738693248769215050e-01
4.443418099999999704e+00 2.724198350544749792e-01
4.449448699999999590e+00 2.709854457071445011e-01
4.455479200000000084e+00 2.695546684486286315e-01
4.461509799999999970e+00 2.681259698667394220e-01
4.467581100000000305e+00 2.666885714810928176e-01
4.473611599999999910e+00 2.652609349555546947e-01
4.479642199999999796e+00 2.638328906713780508e-01
4.485672700000000290e+00 2.624043395393336198e-01
4.491743999999999737e+00 2.609657658734798602e-01
4.497774599999999623e+00 2.595369577491612456e-01
4.503805200000000397e+00 2.581090133627872429e-01
4.509876499999999844e+00 2.566732868914394228e-01
4.515907000000000338e+00 2.552502168894831280e-01
4.521937600000000224e+00 2.538314295849805058e-01
4.527968099999999829e+00 2.524183798973339554e-01
4.534039400000000164e+00 2.510030278744997401e-01
4.540070000000000050e+00 2.496058665696979650e-01
4.546100499999999656e+00 2.482188675915076304e-01
4.552131100000000430e+00 2.468433875629109653e-01
4.558202399999999876e+00 2.454716072950783590e-01
4.564232900000000370e+00 2.441231274001414153e-01
4.570263500000000256e+00 2.427896850331214273e-01
4.576293999999999862e+00 2.414721642999951567e-01
4.582365300000000197e+00 2.401624329481079900e-01
4.588395900000000083e+00 2.388784850065003296e-01
4.594426499999999969e+00 2.376116543025800776e-01
4.600456999999999574e+00 2.363618831935942188e-01
4.606528299999999909e+00 2.351205327913671594e-01
4.612558899999999795e+00 2.339036808177352711e-01
4.618589400000000289e+00 2.327021427667233244e-01
4.624620000000000175e+00 2.315148242833821590e-01
4.630691299999999622e+00 2.303326012119121802e-01
4.636721800000000115e+00 2.291698998546673471e-01
4.642752400000000002e+00 2.280171405307545029e-01
4.648782899999999607e+00 2.268726936893575297e-01
4.654854199999999942e+00 2.257271475197207833e-01
4.660884799999999828e+00 2.245941659041526817e-01
4.666915300000000322e+00 2.234644284814664983e-01
4.672945900000000208e+00 2.223363796262691205e-01
4.679017199999999654e+00 2.212010840649563381e-01
4.685047800000000429e+00 2.200726429921897320e-01
4.691078300000000034e+00 2.189426239934113283e-01
4.697108899999999920e+00 2.178104574967291152e-01
4.703180200000000255e+00 2.166683002200939512e-01
4.709210699999999861e+00 2.155316369727492409e-01
4.715241299999999747e+00 2.143932830785397758e-01
4.721271800000000241e+00 2.132541135659106746e-01
4.727343099999999687e+00 2.121075542742642817e-01
4.733373699999999573e+00 2.109704189159839482e-01
4.739404200000000067e+00 2.098366684694337181e-01
4.745475500000000402e+00 2.087004541855387307e-01
4.751506100000000288e+00 2.075789066113353787e-01
4.757536599999999893e+00 2.064662838794550925e-01
4.763567199999999779e+00 2.053643571943698232e-01
4.769638500000000114e+00 2.042675030791199220e-01
4.775669100000000000e+00 2.031918886555399151e-01
4.781699599999999606e+00 2.021313135736090283e-01
4.787730200000000380e+00 2.010865974890664321e-01
4.793801499999999827e+00 2.000513678825748820e-01
4.799832000000000320e+00 1.990396312202836748e-01
4.805862600000000207e+00 1.980440776399232383e-01
4.811893099999999812e+00 1.970640805556005126e-01
4.817964400000000147e+00 1.960921258912511345e-01
4.823995000000000033e+00 1.951399292965433629e-01
4.830025499999999639e+00 1.941993599675841398e-01
4.836056100000000413e+00 1.932686106307348051e-01
4.842127399999999859e+00 1.923395940045799224e-01
4.848157900000000353e+00 1.914228269188931186e-01
4.854188500000000239e+00 1.905101152635612360e-01
4.860218999999999845e+00 1.895996840574238895e-01
4.866290300000000180e+00 1.886837309156893239e-01
4.872320900000000066e+00 1.877731480928117036e-01
4.878351499999999952e+00 1.868606838304021078e-01
4.884381999999999557e+00 1.859455616527456723e-01
4.890453299999999892e+00 1.850210924504088750e-01
4.896483899999999778e+00 1.840995845539135645e-01
4.902514400000000272e+00 1.831751080341286197e-01
4.908545000000000158e+00 1.822481932995775877e-01
4.914616299999999605e+00 1.813134339719499333e-01
4.920646800000000098e+00 1.803844753769093257e-01
4.926677399999999984e+00 1.794563071606576909e-01
4.932707899999999590e+00 1.785303759992114547e-01
4.938779199999999925e+00 1.776019322367522468e-01
4.944809799999999811e+00 1.766849495483561461e-01
4.950840300000000305e+00 1.757746610716554025e-01
4.956870900000000191e+00 1.748723940579666736e-01
4.962942199999999637e+00 1.739733824291842534e-01
4.968972800000000412e+00 1.730907120462208404e-01
4.975003300000000017e+00 1.722191499810225290e-01
4.981074600000000352e+00 1.713534822642630018e-01
4.987105200000000238e+00 1.705056644238700236e-01
4.993135699999999844e+00 1.696699542931254245e-01
4.999166299999999730e+00 1.688461745511820877e-01
5.005237600000000064e+00 1.680285252313034050e-01
5.011268099999999670e+00 1.672274089853633128e-01
5.017298699999999556e+00 1.664365378381046923e-01
5.023329200000000050e+00 1.656550561994227511e-01
5.029400500000000385e+00 1.648767577624746239e-01
5.035431100000000271e+00 1.641110224543420870e-01
5.041461599999999876e+00 1.633515169580492810e-01
5.047492199999999762e+00 1.625971082120759026e-01
5.053563500000000097e+00 1.618416717114108117e-01
5.059594099999999983e+00 1.610942974851264919e-01
5.065624599999999589e+00 1.603489650893226148e-01
5.071655200000000363e+00 1.596047910236313427e-01
5.077726499999999810e+00 1.588560247502761036e-01
5.083757000000000303e+00 1.581121012040702101e-01
5.089787600000000189e+00 1.573675045864453004e-01
5.095818099999999795e+00 1.566219383424190537e-01
5.101889400000000130e+00 1.558701677924920204e-01
5.107920000000000016e+00 1.551222757665588203e-01
5.113950499999999622e+00 1.543733871146559244e-01
5.119981100000000396e+00 1.536237774282318558e-01
5.126052399999999842e+00 1.528688443779894490e-01
5.132082900000000336e+00 1.521193064271307016e-01
5.138113500000000222e+00 1.513707808973788760e-01
5.144143999999999828e+00 1.506240992791681443e-01
5.150215300000000163e+00 1.498751172740291349e-01
5.156245900000000049e+00 1.491348443153334147e-01
5.162276499999999935e+00 1.483992318609181904e-01
5.168307000000000428e+00 1.476692779655349175e-01
5.174378299999999875e+00 1.469410593748450844e-01
5.180408899999999761e+00 1.462252552249790893e-01
5.186439400000000255e+00 1.455177785891501041e-01
5.192470000000000141e+00 1.448192901864330528e-01
5.198541299999999588e+00 1.441257192068527981e-01
5.204571800000000081e+00 1.434467361726722012e-01
5.210602399999999967e+00 1.427778000033368411e-01
5.216673700000000302e+00 1.421144648803345234e-01
5.222704199999999908e+00 1.414653758083589952e-01
5.228734799999999794e+00 1.408255607748943872e-01
5.234765300000000288e+00 1.401943693213907327e-01
5.240836599999999734e+00 1.395667419549160293e-01
5.246867199999999620e+00 1.389500853464525898e-01
5.252897800000000395e+00 1.383390295643988355e-01
5.258928300000000000e+00 1.377323625711964761e-01
5.264999600000000335e+00 1.371247357776141651e-01
5.271030200000000221e+00 1.365230422411370659e-01
5.277060699999999827e+00 1.359220071611292602e-01
5.283091299999999713e+00 1.353205091629905155e-01
5.289162600000000047e+00 1.347135256515131219e-01
5.295193099999999653e+00 1.341084271854636190e-01
5.301223700000000427e+00 1.335005727829298994e-01
5.307254200000000033e+00 1.328896629916553329e-01
5.313325500000000368e+00 1.322714549906540138e-01
5.319356100000000254e+00 1.316544362043311767e-01
5.325386599999999859e+00 1.310349192573258270e-01
5.331417199999999745e+00 1.304135494383404648e-01
5.337488500000000080e+00 1.297870040022998661e-01
5.343519099999999966e+00 1.291647241715855043e-01
5.349549599999999572e+00 1.285436811290105452e-01
5.355580200000000346e+00 1.279250884155412049e-01
5.361651499999999793e+00 1.273060806199965977e-01
5.367682000000000286e+00 1.266962050995810163e-01
5.373712600000000172e+00 1.260924313913563133e-01
5.379743099999999778e+00 1.254958090366431467e-01
5.385814400000000113e+00 1.249032397105359626e-01
5.391844999999999999e+00 1.243233489917784373e-01
5.397875499999999604e+00 1.237525905343548477e-01
5.403906100000000379e+00 1.231911535625469650e-01
5.409977399999999825e+00 1.226353196949650087e-01
5.416007900000000319e+00 1.220922799187955654e-01
5.422038500000000205e+00 1.215577695406493408e-01
5.428069100000000091e+00 1.210311123083844809e-01
5.434140400000000426e+00 1.205079727335081341e-01
5.440170900000000032e+00 1.199943897263649611e-01
5.446201499999999918e+00 1.194857521105668341e-01
5.452272800000000252e+00 1.189775644616778427e-01
5.458303299999999858e+00 1.184755348750483467e-01
5.464333899999999744e+00 1.179751630109219518e-01
5.470364400000000238e+00 1.174754805498878646e-01
5.476435699999999684e+00 1.169722236588875558e-01
5.482466299999999571e+00 1.164714142903270910e-01
